Sýra	Kod	Nota53	NotaAE	Koma53	KomaAE	Pay	Payda	Ms	LNS	VelOn	Söz-1
1	9	Mi5	E5	336	336	1	4	714	99	96	Ah 
2	9	Fa5	F5	340	340	3	4	2143	95	96	
3	9	Do5	C5	318	318	1	2	1429	95	96	bî
4	9	Fa5	F5	340	340	1	8	357	99	96	dil 
5	9	Mi5	E5	336	336	1	8	357	99	96	
6	9	Fa5	F5	340	340	2	4	1428	95	96	
7	9	Sol5	G5	349	349	1	8	357	99	96	þü
8	9	La5b4	A5b4	354	354	1	8	357	99	96	
9	9	Sol5	G5	349	349	1	8	357	99	96	
10	9	Fa5	F5	340	340	1	8	357	99	96	
11	9	Si5b1	B5b1	366	366	1	4	714	99	96	
12	9	La5b4	A5b4	354	354	1	8	357	95	96	
13	9	Sol5	G5	349	349	1	8	357	95	96	de
14	9	Sol5	G5	349	349	3	16	536	99	96	em 
15	9	Fa5	F5	340	340	1	16	179	99	96	
16	9	Mi5	E5	336	336	1	8	357	99	96	
17	9	Fa5	F5	340	340	1	8	357	99	96	
18	9	Mi5	E5	336	336	1	8	357	99	96	
19	9	Sol5	G5	349	349	1	8	357	99	96	
20	9	Fa5	F5	340	340	2	4	1428	95	96	
21	9	Do5	C5	318	318	1	4	714	95	96	SAZ 
22	9	Fa5	F5	340	340	1	8	357	95	96	.
23	9	Fa5	F5	340	340	1	8	357	95	96	.
24	9	Fa5	F5	340	340	1	16	179	95	96	.
25	9	Sol5	G5	349	349	1	16	179	95	96	.
26	9	Fa5	F5	340	340	1	16	179	95	96	.
27	9	Mi5	E5	336	336	1	16	179	95	96	.
28	9	Fa5	F5	340	340	1	4	714	95	96	behr_
29	9	Do5	C5	318	318	1	2	1429	99	96	i 
30	9	Fa5	F5	340	340	1	8	357	99	96	
31	9	Mi5	E5	336	336	1	8	357	99	96	
32	9	Fa5	F5	340	340	2	4	1428	95	96	
33	9	Sol5	G5	349	349	1	8	357	99	96	dil_
34	9	La5b4	A5b4	354	354	1	8	357	99	96	
35	9	Sol5	G5	349	349	1	8	357	99	96	
36	9	Fa5	F5	340	340	1	8	357	99	96	
37	9	Si5b1	B5b1	366	366	1	4	714	99	96	
38	9	La5b4	A5b4	354	354	1	8	357	99	96	
39	9	Sol5	G5	349	349	1	8	357	95	96	
40	9	Sol5	G5	349	349	3	16	536	95	96	i 
41	9	Fa5	F5	340	340	1	16	179	99	96	tû  
42	9	Mi5	E5	336	336	1	8	357	99	96	
43	9	Fa5	F5	340	340	1	8	357	99	96	
44	9	Mi5	E5	336	336	1	8	357	99	96	
45	9	Fa5	F5	340	340	1	8	357	99	96	
46	9	Mi5	E5	336	336	1	8	357	99	96	
47	9	Fa5	F5	340	340	1	8	357	99	96	
48	9	Mi5	E5	336	336	1	8	357	99	96	
49	9	Re5	D5	327	327	1	8	357	99	96	
50	9	Fa5	F5	340	340	3	16	536	99	96	
51	9	Mi5	E5	336	336	1	16	179	99	96	
52	9	Re5	D5	327	327	1	8	357	99	96	
53	9	Mi5	E5	336	336	1	8	357	99	96	
54	9	Re5	D5	327	327	1	8	357	99	96	
55	9	Mi5	E5	336	336	1	8	357	99	96	
56	9	Re5	D5	327	327	1	8	357	99	96	
57	9	Do5	C5	318	318	1	8	357	95	96	
58	9	Re5	D5	327	327	3	8	1071	99	96	Sâ
59	9	Fa5	F5	340	340	1	8	357	95	96	
60	9	Mi5	E5	336	336	3	16	536	99	96	kin 
61	9	Re5	D5	327	327	1	16	179	99	96	
62	9	Do5	C5	318	318	1	2	1429	95	96	
63	9	Re5	D5	327	327	1	8	357	99	96	þü
64	9	Mi5b4	E5b4	332	332	1	8	357	99	96	
65	9	Re5	D5	327	327	1	8	357	99	96	
66	9	Do5	C5	318	318	1	8	357	99	96	
67	9	Sol5	G5	349	349	3	16	536	99	96	
68	9	Fa5#4	F5#4	344	344	1	16	179	99	96	
69	9	Mi5b4	E5b4	332	332	1	8	357	95	96	
70	9	Re5	D5	327	327	1	8	357	95	96	de
71	9	Re5	D5	327	327	3	16	536	99	96	em 
72	9	Do5	C5	318	318	1	16	179	99	96	
73	9	Si4b1	B4b1	313	313	1	8	357	99	96	
74	9	Do5	C5	318	318	1	8	357	99	96	
75	9	Si4b1	B4b1	313	313	1	8	357	99	96	
76	9	Re5	D5	327	327	1	8	357	99	96	
77	9	Do5	C5	318	318	4	8	1428	95	96	
78	9	Do5	C5	318	318	1	8	357	99	96	em 
79	9	Si4b1	B4b1	313	313	1	8	357	99	96	
80	9	Do5	C5	318	318	1	8	357	99	96	
81	9	Mi5	E5	336	336	1	8	357	99	96	
82	9	Re5	D5	327	327	1	4	714	99	96	
83	9	Do5	C5	318	318	1	8	357	99	96	
84	9	Si4b1	B4b1	313	313	1	8	357	95	96	
85	9	Do5	C5	318	318	3	8	1071	99	96	der 
86	9	Si4b1	B4b1	313	313	1	8	357	95	96	
87	9	Do5	C5	318	318	3	16	536	99	96	men
88	9	Si4b2	B4b1	312	313	1	16	179	99	96	
89	9	La4	A4	305	305	2	4	1428	95	96	
90	9	La4	A4	305	305	1	4	714	99	96	zîl_
91	9	Sol4	G4	296	296	1	8	357	99	96	
92	9	Fa4	F4	287	287	1	8	357	99	96	
93	9	La4	A4	305	305	1	8	357	99	96	
94	9	Sol4	G4	296	296	1	4	714	95	96	
95	9	La4	A4	305	305	1	8	357	95	96	i 
96	9	Sol4	G4	296	296	3	16	536	99	96	tû  
97	9	Fa4	F4	287	287	1	16	179	99	96	
98	9	Mi4	E4	283	283	1	8	357	99	96	
99	9	Fa4	F4	287	287	1	8	357	99	96	
100	9	Mi4	E4	283	283	1	8	357	99	96	
101	9	Sol4	G4	296	296	1	8	357	99	96	
102	9	Fa4	F4	287	287	2	4	1428	95	96	
103	9	Mi5	E5	336	336	1	4	714	99	96	Ah 
104	9	Fa5	F5	340	340	3	4	2143	95	96	
105	9	Do5	C5	318	318	1	2	1429	95	96	bî
106	9	Fa5	F5	340	340	1	8	357	99	96	dil 
107	9	Mi5	E5	336	336	1	8	357	99	96	
108	9	Fa5	F5	340	340	2	4	1428	95	96	
109	9	Sol5	G5	349	349	1	8	357	99	96	þü
110	9	La5b4	A5b4	354	354	1	8	357	99	96	
111	9	Sol5	G5	349	349	1	8	357	99	96	
112	9	Fa5	F5	340	340	1	8	357	99	96	
113	9	Si5b1	B5b1	366	366	1	4	714	99	96	
114	9	La5b4	A5b4	354	354	1	8	357	95	96	
115	9	Sol5	G5	349	349	1	8	357	95	96	de
116	9	Sol5	G5	349	349	3	16	536	99	96	em 
117	9	Fa5	F5	340	340	1	16	179	99	96	
118	9	Mi5	E5	336	336	1	8	357	99	96	
119	9	Fa5	F5	340	340	1	8	357	99	96	
120	9	Mi5	E5	336	336	1	8	357	99	96	
121	9	Sol5	G5	349	349	1	8	357	99	96	
122	9	Fa5	F5	340	340	2	4	1428	95	96	
123	9	Do5	C5	318	318	1	4	714	95	96	SAZ 
124	9	Fa5	F5	340	340	1	8	357	95	96	.
125	9	Fa5	F5	340	340	1	8	357	95	96	.
126	9	Fa5	F5	340	340	1	16	179	95	96	.
127	9	Sol5	G5	349	349	1	16	179	95	96	.
128	9	Fa5	F5	340	340	1	16	179	95	96	.
129	9	Mi5	E5	336	336	1	16	179	95	96	.
130	9	Fa5	F5	340	340	1	4	714	95	96	behr_
131	9	Do5	C5	318	318	1	2	1429	99	96	i 
132	9	Fa5	F5	340	340	1	8	357	99	96	
133	9	Mi5	E5	336	336	1	8	357	99	96	
134	9	Fa5	F5	340	340	2	4	1428	95	96	
135	9	Sol5	G5	349	349	1	8	357	99	96	dil_
136	9	La5b4	A5b4	354	354	1	8	357	99	96	
137	9	Sol5	G5	349	349	1	8	357	99	96	
138	9	Fa5	F5	340	340	1	8	357	99	96	
139	9	Si5b1	B5b1	366	366	1	4	714	99	96	
140	9	La5b4	A5b4	354	354	1	8	357	99	96	
141	9	Sol5	G5	349	349	1	8	357	95	96	
142	9	Sol5	G5	349	349	3	16	536	95	96	i 
143	9	Fa5	F5	340	340	1	16	179	99	96	tû  
144	9	Mi5	E5	336	336	1	8	357	99	96	
145	9	Fa5	F5	340	340	1	8	357	99	96	
146	9	Mi5	E5	336	336	1	8	357	99	96	
147	9	Fa5	F5	340	340	1	8	357	99	96	
148	9	Mi5	E5	336	336	1	8	357	99	96	
149	9	Fa5	F5	340	340	1	8	357	99	96	
150	9	Mi5	E5	336	336	1	8	357	99	96	
151	9	Re5	D5	327	327	1	8	357	99	96	
152	9	Fa5	F5	340	340	3	16	536	99	96	
153	9	Mi5	E5	336	336	1	16	179	99	96	
154	9	Re5	D5	327	327	1	8	357	99	96	
155	9	Mi5	E5	336	336	1	8	357	99	96	
156	9	Re5	D5	327	327	1	8	357	99	96	
157	9	Mi5	E5	336	336	1	8	357	99	96	
158	9	Re5	D5	327	327	1	8	357	99	96	
159	9	Do5	C5	318	318	1	8	357	95	96	
160	9	Re5	D5	327	327	3	8	1071	99	96	Sâ
161	9	Fa5	F5	340	340	1	8	357	95	96	
162	9	Mi5	E5	336	336	3	16	536	99	96	kin 
163	9	Re5	D5	327	327	1	16	179	99	96	
164	9	Do5	C5	318	318	1	2	1429	95	96	
165	9	Re5	D5	327	327	1	8	357	99	96	þü
166	9	Mi5b4	E5b4	332	332	1	8	357	99	96	
167	9	Re5	D5	327	327	1	8	357	99	96	
168	9	Do5	C5	318	318	1	8	357	99	96	
169	9	Sol5	G5	349	349	3	16	536	99	96	
170	9	Fa5#4	F5#4	344	344	1	16	179	99	96	
171	9	Mi5b4	E5b4	332	332	1	8	357	95	96	
172	9	Re5	D5	327	327	1	8	357	95	96	de
173	9	Re5	D5	327	327	3	16	536	99	96	em 
174	9	Do5	C5	318	318	1	16	179	99	96	
175	9	Si4b1	B4b1	313	313	1	8	357	99	96	
176	9	Do5	C5	318	318	1	8	357	99	96	
177	9	Si4b1	B4b1	313	313	1	8	357	99	96	
178	9	Re5	D5	327	327	1	8	357	99	96	
179	9	Do5	C5	318	318	4	8	1428	95	96	
180	9	Do5	C5	318	318	1	8	357	99	96	em 
181	9	Si4b1	B4b1	313	313	1	8	357	99	96	
182	9	Do5	C5	318	318	1	8	357	99	96	
183	9	Mi5	E5	336	336	1	8	357	99	96	
184	9	Re5	D5	327	327	1	4	714	99	96	
185	9	Do5	C5	318	318	1	8	357	99	96	
186	9	Si4b1	B4b1	313	313	1	8	357	95	96	
187	9	Do5	C5	318	318	3	8	1071	99	96	der 
188	9	Si4b1	B4b1	313	313	1	8	357	95	96	
189	9	Do5	C5	318	318	3	16	536	99	96	men
190	9	Si4b2	B4b1	312	313	1	16	179	99	96	
191	9	La4	A4	305	305	2	4	1428	95	96	
192	9	La4	A4	305	305	1	4	714	99	96	zîl_
193	9	Sol4	G4	296	296	1	8	357	99	96	
194	9	Fa4	F4	287	287	1	8	357	99	96	
195	9	La4	A4	305	305	1	8	357	99	96	
196	9	Sol4	G4	296	296	1	4	714	95	96	
197	9	La4	A4	305	305	1	8	357	95	96	i 
198	9	Sol4	G4	296	296	3	16	536	99	96	tû  
199	9	Fa4	F4	287	287	1	16	179	99	96	
200	9	Mi4	E4	283	283	1	8	357	99	96	
201	9	Fa4	F4	287	287	1	8	357	99	96	
202	9	Mi4	E4	283	283	1	8	357	99	96	
203	9	Sol4	G4	296	296	1	8	357	99	96	
204	9	Fa4	F4	287	287	2	4	1428	95	96	
205	9	Do5	C5	318	318	1	4	714	95	96	SAZ 
206	9	Fa5	F5	340	340	1	8	357	95	96	.
207	9	Mi5	E5	336	336	1	8	357	95	96	.
208	9	Fa5	F5	340	340	1	4	714	95	96	.
209	9	Sol5	G5	349	349	1	8	357	95	96	.
210	9	La5	A5	358	358	1	8	357	95	96	.
211	9	Sol5	G5	349	349	3	16	536	95	96	.
212	9	Fa5	F5	340	340	1	16	179	95	96	.
213	9	Mi5	E5	336	336	1	8	357	95	96	.
214	9	Fa5	F5	340	340	1	8	357	95	96	.
215	9	Mi5	E5	336	336	1	8	357	95	96	.
216	9	Sol5	G5	349	349	1	8	357	95	96	.
217	9	Fa5	F5	340	340	2	4	1428	95	96	.
218	9	Fa5	F5	340	340	3	16	536	95	96	.
219	9	Mi5	E5	336	336	1	16	179	95	96	.
220	9	Re5	D5	327	327	1	8	357	95	96	.
221	9	Mi5	E5	336	336	1	8	357	95	96	.
222	9	Re5	D5	327	327	1	8	357	95	96	.
223	9	Mi5	E5	336	336	1	8	357	95	96	.
224	9	Re5	D5	327	327	1	8	357	95	96	.
225	9	Do5	C5	318	318	1	8	357	95	96	.
226	9	Re5	D5	327	327	1	8	357	95	96	.
227	9	Mi5	E5	336	336	1	16	179	95	96	.
228	9	Fa5	F5	340	340	1	16	179	95	96	.
229	9	Mi5	E5	336	336	1	8	357	95	96	.
230	9	Re5	D5	327	327	1	8	357	95	96	.
231	9	Do5	C5	318	318	1	8	357	95	96	.
232	9	Si4b1	B4b1	313	313	1	8	357	95	96	.
233	9	Do5	C5	318	318	3	4	2142	95	96	.
234	9	Re5	D5	327	327	1	8	357	95	96	.
235	9	Re5	D5	327	327	1	8	357	95	96	.
236	9	Re5	D5	327	327	1	4	714	95	96	.
237	9	Sol5	G5	349	349	1	8	357	95	96	.
238	9	Fa5	F5	340	340	1	8	357	95	96	.
239	9	Fa5	F5	340	340	1	8	357	95	96	.
240	9	Mi5	E5	336	336	1	4	714	95	96	.
241	9	Re5	D5	327	327	1	8	357	95	96	.
242	9	Do5	C5	318	318	3	16	536	95	96	.
243	9	Si4b2	B4b1	312	313	1	16	179	95	96	.
244	9	La4	A4	305	305	2	4	1428	95	96	.
245	9	La4	A4	305	305	1	8	357	95	96	.
246	9	Si4b5	B4b5	309	309	1	8	357	95	96	.
247	9	La4	A4	305	305	1	8	357	95	96	.
248	9	Si4b5	B4b5	309	309	1	8	357	95	96	.
249	9	Do5	C5	318	318	1	8	357	95	96	.
250	9	Re5	D5	327	327	1	8	357	95	96	.
251	9	Do5	C5	318	318	1	8	357	95	96	.
252	9	Si4b5	B4b5	309	309	1	8	357	95	96	.
253	9	Si4b5	B4b5	309	309	1	8	357	95	96	.
254	9	La4	A4	305	305	1	4	714	95	96	.
255	9	Sol4	G4	296	296	1	8	357	95	96	.
256	9	La4	A4	305	305	3	16	536	95	96	.
257	9	Sol4	G4	296	296	1	16	179	95	96	.
258	9	Fa4	F4	287	287	3	4	2142	95	96	.
259	9	Re5	D5	327	327	1	8	357	95	96	.
260	9	Re5	D5	327	327	1	8	357	95	96	.
261	9	Re5	D5	327	327	1	4	714	95	96	.
262	9	Sol5	G5	349	349	1	8	357	95	96	.
263	9	Fa5	F5	340	340	1	8	357	95	96	.
264	9	Fa5	F5	340	340	1	8	357	95	96	.
265	9	Mi5	E5	336	336	1	4	714	95	96	.
266	9	Re5	D5	327	327	1	8	357	95	96	.
267	9	Do5	C5	318	318	3	16	536	95	96	.
268	9	Si4b2	B4b1	312	313	1	16	179	95	96	.
269	9	La4	A4	305	305	2	4	1428	95	96	.
270	9	La4	A4	305	305	1	8	357	95	96	.
271	9	Si4b5	B4b5	309	309	1	8	357	95	96	.
272	9	La4	A4	305	305	1	8	357	95	96	.
273	9	Si4b5	B4b5	309	309	1	8	357	95	96	.
274	9	Do5	C5	318	318	1	8	357	95	96	.
275	9	Re5	D5	327	327	1	8	357	95	96	.
276	9	Do5	C5	318	318	1	8	357	95	96	.
277	9	Si4b5	B4b5	309	309	1	8	357	95	96	.
278	9	Si4b5	B4b5	309	309	1	8	357	95	96	.
279	9	La4	A4	305	305	1	4	714	95	96	.
280	9	Sol4	G4	296	296	1	8	357	95	96	.
281	9	La4	A4	305	305	3	16	536	95	96	.
282	9	Sol4	G4	296	296	1	16	179	95	96	.
283	9	Fa4	F4	287	287	2	4	1428	95	96	.
284	9	Sol4	G4	296	296	1	8	357	95	96	.
285	9	La4	A4	305	305	1	8	357	95	96	.
286	9	Sol4	G4	296	296	1	8	357	95	96	.
287	9	Fa4	F4	287	287	1	8	357	95	96	.
288	9	Sol4	G4	296	296	1	8	357	95	96	.
289	9	La4	A4	305	305	1	16	179	95	96	.
290	9	Si4b5	B4b5	309	309	1	16	179	95	96	.
291	9	La4	A4	305	305	1	8	357	95	96	.
292	9	Sol4	G4	296	296	1	8	357	95	96	.
293	9	Sol4	G4	296	296	3	16	536	95	96	.
294	9	Fa4	F4	287	287	1	16	179	95	96	.
295	9	Mi4	E4	283	283	1	8	357	95	96	.
296	9	Fa4	F4	287	287	1	8	357	95	96	.
297	9	Mi4	E4	283	283	1	8	357	95	96	.
298	9	Sol4	G4	296	296	1	8	357	95	96	.
299	9	Fa4	F4	287	287	2	4	1428	95	96	.
300	9	Sol5	G5	349	349	1	4	714	95	96	.
301	9	La5	A5	358	358	1	8	357	95	96	.
302	9	La5	A5	358	358	1	8	357	95	96	.
303	9	La5	A5	358	358	1	4	714	95	96	.
304	9	La5	A5	358	358	1	8	357	95	96	.
305	9	Si5b5	B5b5	362	362	1	8	357	95	96	.
306	9	La5	A5	358	358	3	16	536	95	96	.
307	9	Sol5	G5	349	349	1	16	179	95	96	.
308	9	Fa5	F5	340	340	1	8	357	95	96	.
309	9	Sol5	G5	349	349	1	8	357	95	96	.
310	9	Fa5	F5	340	340	1	8	357	95	96	.
311	9	Sol5	G5	349	349	1	8	357	95	96	.
312	9	La5	A5	358	358	2	4	1428	95	96	.
313	9	Sol5	G5	349	349	1	8	357	95	96	.
314	9	La5b4	A5b4	354	354	1	8	357	95	96	.
315	9	Sol5	G5	349	349	1	8	357	95	96	.
316	9	La5b4	A5b4	354	354	1	8	357	95	96	.
317	9	Sol5	G5	349	349	1	8	357	95	96	.
318	9	La5b4	A5b4	354	354	1	8	357	95	96	.
319	9	Sol5	G5	349	349	1	8	357	95	96	.
320	9	Fa5	F5	340	340	1	8	357	95	96	.
321	9	Sol5	G5	349	349	1	8	357	95	96	.
322	9	La5b4	A5b4	354	354	1	16	179	95	96	.
323	9	Si5b1	B5b1	366	366	1	16	179	95	96	.
324	9	La5b4	A5b4	354	354	1	8	357	95	96	.
325	9	Sol5	G5	349	349	1	8	357	95	96	.
326	9	Fa5	F5	340	340	1	8	357	95	96	.
327	9	Mi5	E5	336	336	1	8	357	95	96	.
328	9	Fa5	F5	340	340	6	8	2142	95	96	.
329	9	Do5	C5	318	318	1	8	357	95	96	.
330	9	Fa5	F5	340	340	1	8	357	95	96	.
331	9	Fa5	F5	340	340	1	4	714	95	96	.
332	9	La5	A5	358	358	1	8	357	95	96	.
333	9	Sol5	G5	349	349	1	8	357	95	96	.
334	9	Sol5	G5	349	349	1	8	357	95	96	.
335	9	Fa5	F5	340	340	1	8	357	95	96	.
336	9	Fa5	F5	340	340	1	8	357	95	96	.
337	9	Mi5	E5	336	336	1	8	357	95	96	.
338	9	Mi5	E5	336	336	3	16	536	95	96	.
339	9	Re5	D5	327	327	1	16	179	95	96	.
340	9	Do5	C5	318	318	2	4	1428	95	96	.
341	9	Re5	D5	327	327	1	4	714	95	96	.
342	9	Do5	C5	318	318	1	8	357	95	96	.
343	9	Si4b1	B4b1	313	313	1	8	357	95	96	.
344	9	Mi5b4	E5b4	332	332	1	4	714	95	96	.
345	9	Re5	D5	327	327	1	8	357	95	96	.
346	9	Do5	C5	318	318	1	8	357	95	96	.
347	9	Do5	C5	318	318	1	16	179	95	96	.
348	9	Si4b5	B4b5	309	309	1	16	179	95	96	.
349	9	Do5	C5	318	318	1	16	179	95	96	.
350	9	Re5	D5	327	327	1	16	179	95	96	.
351	9	Do5	C5	318	318	1	8	357	95	96	.
352	9	Si4b5	B4b5	309	309	1	8	357	95	96	.
353	9	La4	A4	305	305	1	8	357	95	96	.
354	9	Sol4	G4	296	296	1	8	357	95	96	.
355	9	La4	A4	305	305	2	4	1428	95	96	.
356	9	Sol4	G4	296	296	1	8	357	95	96	.
357	9	La4	A4	305	305	1	8	357	95	96	.
358	9	Sol4	G4	296	296	1	8	357	95	96	.
359	9	Fa4	F4	287	287	1	8	357	95	96	.
360	9	Sol4	G4	296	296	1	8	357	95	96	.
361	9	La4	A4	305	305	1	16	179	95	96	.
362	9	Si4b5	B4b5	309	309	1	16	179	95	96	.
363	9	La4	A4	305	305	1	8	357	95	96	.
364	9	Sol4	G4	296	296	1	8	357	95	96	.
365	9	Sol4	G4	296	296	3	16	536	95	96	.
366	9	Fa4	F4	287	287	1	16	179	95	96	.
367	9	Mi4	E4	283	283	1	8	357	95	96	.
368	9	Fa4	F4	287	287	1	8	357	95	96	.
369	9	Mi4	E4	283	283	1	8	357	95	96	.
370	9	Sol4	G4	296	296	1	8	357	95	96	.
371	9	Fa4	F4	287	287	4	8	1428	95	96	.
