Sira	Kod	Nota53	NotaAE	Koma53	KomaAE	Pay	Payda	Ms	LNS	Bas	Soz1	Offset
1	9	Fa5	F5	340	340	1	4	1111	95	96	Ey 	0.2857143
2	9	La5	A5	358	358	1	8	556	95	96		0.4285714
3	9	Sol5	G5	349	349	1	8	556	99	96	gül_	0.5714286
4	9	Fa5	F5	340	340	1	16	278	99	96		0.6428571
5	9	Mi5	E5	336	336	1	16	278	95	96		0.7142857
6	9	Fa5	F5	340	340	1	4	1111	95	96	i 	1
7	9	Mi5	E5	336	336	1	16	278	99	96	ra	1.071429
8	9	Fa5	F5	340	340	1	16	278	99	96		1.142857
9	9	Mi5	E5	336	336	1	16	278	99	96		1.214286
10	9	Fa5	F5	340	340	1	16	278	99	96		1.285714
11	9	Mi5	E5	336	336	1	16	278	99	96		1.357143
12	9	Re5	D5	327	327	1	16	278	95	96		1.428571
13	9	Mi5	E5	336	336	1	16	278	99	96	na 	1.5
14	9	Sol5	G5	349	349	1	16	278	99	96		1.571429
15	9	Fa5	F5	340	340	1	16	278	99	96		1.642857
16	9	Mi5	E5	336	336	1	16	278	95	96		1.714286
17	9	Mi5	E5	336	336	1	16	278	99	96	se	1.785714
18	9	Re5	D5	327	327	1	16	278	99	96		1.857143
19	9	Re5	D5	327	327	1	16	278	99	96		1.928571
20	9	Do5#4	C5#4	322	322	1	16	278	95	96		2
21	9	Re5	D5	327	327	1	4	1111	99	96	ni 	2.285714
22	9	Re5	D5	327	327	1	16	278	99	96		2.357143
23	9	Mi5	E5	336	336	1	16	278	95	96		2.428571
24	9	Do5	C5	318	318	1	4	1111	95	96	bir 	2.714286
25	9			-1	-1	1	8	556	100	0		2.857143
26	9	Re5	D5	327	327	1	16	278	99	96	gül 	2.928571
27	9	Mi5	E5	336	336	1	16	278	99	96		3
28	9	Fa5	F5	340	340	1	4	1111	99	96		3.285714
29	9	Sol5	G5	349	349	1	16	278	99	96		3.357143
30	9	La5	A5	358	358	1	16	278	99	96		3.428571
31	9	Si5b5	B5b5	362	362	1	4	1111	99	96		3.714286
32	9	Si5b5	B5b5	362	362	1	8	556	99	96		3.857143
33	9	Si5b5	B5b5	362	362	1	16	278	99	96		3.928571
34	9	La5	A5	358	358	1	16	278	99	96		4
35	9	La5	A5	358	358	3	16	833	99	96		4.214286
36	9	Sol5	G5	349	349	1	16	278	99	96		4.285714
37	9	Fa5	F5	340	340	1	8	556	95	96		4.428571
38	9	La5	A5	358	358	1	8	556	95	96	di	4.571429
39	9	Sol5	G5	349	349	3	8	1667	95	96	ye 	5
40	9	Do5	C5	318	318	1	4	1111	99	96	sev	5.285714
41	9	Mi5	E5	336	336	1	8	556	95	96		5.428571
42	9	Fa5	F5	340	340	1	2	2222	95	96	dim 	6
43	9	Sol5	G5	349	349	3	16	833	99	96	ah  	6.214286
44	9	Fa5	F5	340	340	1	16	278	99	96		6.285714
45	9	La5	A5	358	358	1	8	556	99	96		6.428571
46	9	Sol5	G5	349	349	1	8	556	99	96		6.571429
47	9	Fa5	F5	340	340	1	4	1111	95	96		6.857143
48	9			-1	-1	1	8	556	100	0		7
49	9	Fa5	F5	340	340	1	8	556	95	96	SAZ 	7.142857
50	9	Mi5	E5	336	336	1	8	556	95	96	.	7.285714
51	9	Re5	D5	327	327	1	8	556	95	96	.	7.428571
52	9	Do5	C5	318	318	1	8	556	95	96	.	7.571429
53	9	Si4b5	B4b5	309	309	1	8	556	95	96	.	7.714286
54	9	La4	A4	305	305	1	8	556	95	96	.	7.857143
55	9	Sol4	G4	296	296	1	8	556	95	96	.	8
56	9	Fa4	F4	287	287	7	8	3889	95	96	.	9
57	9	Fa5	F5	340	340	1	4	1111	95	96	Kok	9.285714
58	9	Fa5	F5	340	340	1	8	556	95	96	la	9.428572
59	9	Fa5	F5	340	340	3	32	417	99	96	dı	9.535714
60	9	Mi5	E5	336	336	1	32	139	99	96		9.571428
61	9	Re5	D5	327	327	1	16	278	99	96		9.642858
62	9	Mi5	E5	336	336	1	16	278	95	96		9.714286
63	9	Fa5	F5	340	340	1	4	1111	95	96	ğım 	10
64	9			-1	-1	1	8	556	100	0		10.14286
65	10	Do5	C5	318	318	1	8	556	99	96	zül	10.28571
66	8	Re5	D5	327	327	0	0	0	95	96		10.28571
67	9	Do5	C5	318	318	1	16	278	99	96	fü	10.35714
68	9	Re5	D5	327	327	1	16	278	95	96		10.42857
69	9	Do5	C5	318	318	3	32	417	99	96	nü 	10.53571
70	9	Si4b5	B4b5	309	309	1	32	139	99	96		10.57143
71	9	La4	A4	305	305	1	16	278	99	96		10.64286
72	9	Sol4	G4	296	296	1	16	278	99	96		10.71429
73	9	Fa4	F4	287	287	1	4	1111	95	96		11
74	9	Do4	C4	265	265	1	4	1111	99	96	sün	11.28571
75	9	Re4	D4	274	274	1	16	278	99	96		11.35714
76	9	Mi4	E4	283	283	1	16	278	95	96		11.42857
77	9	Fa4	F4	287	287	3	8	1667	99	96	bül 	11.85714
78	9	Sol4	G4	296	296	1	16	278	99	96		11.92857
79	9	La4	A4	305	305	1	16	278	99	96		12
80	9	Si4b5	B4b5	309	309	1	4	1111	99	96		12.28571
81	9	Si4b5	B4b5	309	309	1	16	278	99	96		12.35714
82	9	La4	A4	305	305	1	16	278	99	96		12.42857
83	9	La4	A4	305	305	3	16	833	99	96		12.64286
84	9	Sol4	G4	296	296	1	16	278	99	96		12.71429
85	9	Fa4	F4	287	287	1	8	556	95	96		12.85714
86	9	La4	A4	305	305	1	8	556	95	96	di	13
87	9	Sol4	G4	296	296	3	8	1667	95	96	ye 	13.42857
88	9	Mi4	E4	283	283	1	16	278	99	96	sev	13.5
89	9	Fa4	F4	287	287	1	16	278	99	96		13.57143
90	9	Mi4	E4	283	283	1	16	278	99	96		13.64286
91	9	Fa4	F4	287	287	1	16	278	99	96		13.71429
92	9	Mi4	E4	283	283	1	16	278	99	96		13.78571
93	9	Re4	D4	274	274	1	16	278	99	96		13.85714
94	9	Mi4	E4	283	283	1	16	278	99	96		13.92857
95	9	Fa4	F4	287	287	1	16	278	99	96		14
96	9	Sol4	G4	296	296	1	16	278	99	96		14.07143
97	9	Mi4	E4	283	283	1	16	278	95	96		14.14286
98	9	Fa4	F4	287	287	1	4	1111	101	96	dim  	14.42857
99	9	Mi4	E4	283	283	1	16	278	95	96	SAZ 	14.5
100	9	Fa4	F4	287	287	1	16	278	95	96	.	14.57143
101	9	Mi4	E4	283	283	1	16	278	95	96	.	14.64286
102	9	Fa4	F4	287	287	1	16	278	95	96	.	14.71429
103	9	Mi4	E4	283	283	1	16	278	95	96	.	14.78571
104	9	Re4	D4	274	274	1	16	278	95	96	.	14.85714
105	9	Mi4	E4	283	283	1	16	278	95	96	.	14.92857
106	9	Fa4	F4	287	287	1	16	278	95	96	.	15
107	9	Sol4	G4	296	296	1	16	278	95	96	.	15.07143
108	9	Mi4	E4	283	283	1	16	278	95	96	.	15.14286
109	9	Fa4	F4	287	287	3	8	1667	99	96	Din	15.57143
110	9	Fa5	F5	340	340	1	4	1111	95	96		15.85714
111	9	Sol5	G5	349	349	1	8	556	95	96	le	16
112	9	Do6	C6	371	371	3	8	1667	95	96	di	16.42857
113	9	Fa6	F6	393	393	1	8	556	99	96	ğım 	16.57143
114	9	Mi6b4	E6b4	385	385	1	8	556	99	96		16.71428
115	9	Re6	D6	380	380	1	8	556	99	96		16.85714
116	9	Do6	C6	371	371	1	8	556	95	96		17
117	9	Si5b5	B5b5	362	362	1	4	1111	95	96	nağ	17.28572
118	9	Si5b5	B5b5	362	362	1	8	556	95	96	me	17.42857
119	9	Si5b5	B5b5	362	362	1	8	556	99	96	ni 	17.57143
120	9	Si5b5	B5b5	362	362	1	4	1111	99	96		17.85714
121	9	La5	A5	358	358	1	8	556	95	96		18
122	9	Do6	C6	371	371	1	4	1111	99	96	bül	18.28572
123	9	Re6	D6	380	380	1	8	556	95	96		18.42857
124	9	La5	A5	358	358	1	8	556	99	96	bül 	18.57143
125	9	Si5b5	B5b5	362	362	1	8	556	99	96		18.71428
126	9	La5	A5	358	358	1	8	556	99	96		18.85714
127	9	Sol5	G5	349	349	1	8	556	95	96		19
128	9	Sol5	G5	349	349	1	4	1111	95	96	di	19.28572
129	9	Sol5	G5	349	349	1	4	1112	95	96	ye 	19.57143
130	9	Si5b5	B5b5	362	362	1	8	556	99	96	sev	19.71428
131	9	La5b5	A5b5	353	353	1	8	556	99	96		19.85714
132	9	Sol5	G5	349	349	1	8	556	95	96		20
133	9	Fa5	F5	340	340	1	8	556	99	96	dim 	20.14286
134	9	Mi5	E5	336	336	1	8	556	99	96		20.28572
135	9	Fa5	F5	340	340	1	8	556	99	96		20.42857
136	9	Fa5	F5	340	340	1	4	1111	99	96		20.71428
137	9	Sol5	G5	349	349	1	4	1111	95	96		21
138	9	Fa5	F5	340	340	1	4	1111	95	96	ah  	21.28572
139	9	Sol5	G5	349	349	5	8	2778	95	96		22
140	9	Fa5	F5	340	340	1	4	1111	95	96	Kok	22.28572
141	9	Fa5	F5	340	340	1	8	556	95	96	la	22.42857
142	9	Fa5	F5	340	340	3	32	417	99	96	dı	22.53572
143	9	Mi5	E5	336	336	1	32	139	99	96		22.57143
144	9	Re5	D5	327	327	1	16	278	99	96		22.64286
145	9	Mi5	E5	336	336	1	16	278	95	96		22.71428
146	9	Fa5	F5	340	340	1	4	1111	95	96	ğım 	23
147	9			-1	-1	1	8	556	100	0		23.14286
148	10	Do5	C5	318	318	1	8	556	99	96	zül	23.28572
149	8	Re5	D5	327	327	0	0	0	95	96		23.28572
150	9	Do5	C5	318	318	1	16	278	99	96	fü	23.35714
151	9	Re5	D5	327	327	1	16	278	95	96		23.42857
152	9	Do5	C5	318	318	3	32	417	99	96	nü 	23.53572
153	9	Si4b5	B4b5	309	309	1	32	139	99	96		23.57143
154	9	La4	A4	305	305	1	16	278	99	96		23.64286
155	9	Sol4	G4	296	296	1	16	278	99	96		23.71428
156	9	Fa4	F4	287	287	1	4	1111	95	96		24
157	9	Do4	C4	265	265	1	4	1111	99	96	sün	24.28572
158	9	Re4	D4	274	274	1	16	278	99	96		24.35714
159	9	Mi4	E4	283	283	1	16	278	95	96		24.42857
160	9	Fa4	F4	287	287	3	8	1667	99	96	bül 	24.85714
161	9	Sol4	G4	296	296	1	16	278	99	96		24.92857
162	9	La4	A4	305	305	1	16	278	99	96		25
163	9	Si4b5	B4b5	309	309	1	4	1111	99	96		25.28572
164	9	Si4b5	B4b5	309	309	1	16	278	99	96		25.35714
165	9	La4	A4	305	305	1	16	278	99	96		25.42857
166	9	La4	A4	305	305	3	16	833	99	96		25.64286
167	9	Sol4	G4	296	296	1	16	278	99	96		25.71428
168	9	Fa4	F4	287	287	1	8	556	95	96		25.85714
169	9	La4	A4	305	305	1	8	556	95	96	di	26
170	9	Sol4	G4	296	296	3	8	1667	95	96	ye 	26.42857
171	9	Mi4	E4	283	283	1	16	278	99	96	sev	26.5
172	9	Fa4	F4	287	287	1	16	278	99	96		26.57143
173	9	Mi4	E4	283	283	1	16	278	99	96		26.64286
174	9	Fa4	F4	287	287	1	16	278	99	96		26.71428
175	9	Mi4	E4	283	283	1	16	278	99	96		26.78572
176	9	Re4	D4	274	274	1	16	278	99	96		26.85714
177	9	Mi4	E4	283	283	1	16	278	99	96		26.92857
178	9	Fa4	F4	287	287	1	16	278	99	96		27
179	9	Sol4	G4	296	296	1	16	278	99	96		27.07143
180	9	Mi4	E4	283	283	1	16	278	95	96		27.14286
181	9	Fa4	F4	287	287	1	4	1111	101	96	dim  	27.42857
182	9	Mi4	E4	283	283	1	16	278	95	96	SAZ 	27.5
183	9	Fa4	F4	287	287	1	16	278	95	96	.	27.57143
184	9	Mi4	E4	283	283	1	16	278	95	96	.	27.64286
185	9	Fa4	F4	287	287	1	16	278	95	96	.	27.71428
186	9	Mi4	E4	283	283	1	16	278	95	96	.	27.78572
187	9	Re4	D4	274	274	1	16	278	95	96	.	27.85714
188	9	Mi4	E4	283	283	1	16	278	95	96	.	27.92857
189	9	Fa4	F4	287	287	1	16	278	95	96	.	28
190	9	Sol4	G4	296	296	1	16	278	95	96	.	28.07143
191	9	Mi4	E4	283	283	1	16	278	95	96	.	28.14286
192	9	Fa4	F4	287	287	3	8	1667	99	96	Din	28.57143
193	9	Fa5	F5	340	340	1	4	1111	95	96		28.85714
194	9	Sol5	G5	349	349	1	8	556	95	96	le	29
195	9	Do6	C6	371	371	3	8	1667	95	96	di	29.42857
196	9	Fa6	F6	393	393	1	8	556	99	96	ğım 	29.57143
197	9	Mi6b4	E6b4	385	385	1	8	556	99	96		29.71428
198	9	Re6	D6	380	380	1	8	556	99	96		29.85714
199	9	Do6	C6	371	371	1	8	556	95	96		30
200	9	Si5b5	B5b5	362	362	1	4	1111	95	96	nağ	30.28572
201	9	Si5b5	B5b5	362	362	1	8	556	95	96	me	30.42857
202	9	Si5b5	B5b5	362	362	1	8	556	99	96	ni 	30.57143
203	9	Si5b5	B5b5	362	362	1	4	1111	99	96		30.85714
204	9	La5	A5	358	358	1	8	556	95	96		31
205	9	Do6	C6	371	371	1	4	1111	99	96	bül	31.28572
206	9	Re6	D6	380	380	1	8	556	95	96		31.42857
207	9	La5	A5	358	358	1	8	556	99	96	bül 	31.57143
208	9	Si5b5	B5b5	362	362	1	8	556	99	96		31.71428
209	9	La5	A5	358	358	1	8	556	99	96		31.85714
210	9	Sol5	G5	349	349	1	8	556	95	96		32
211	9	Sol5	G5	349	349	1	4	1111	95	96	di	32.28571
212	9	Sol5	G5	349	349	1	4	1112	95	96	ye 	32.57143
213	9	Si5b5	B5b5	362	362	1	8	556	99	96	sev	32.71429
214	9	La5b5	A5b5	353	353	1	8	556	99	96		32.85714
215	9	Sol5	G5	349	349	1	8	556	95	96		33
216	9	Fa5	F5	340	340	1	8	556	99	96	dim 	33.14286
217	9	Mi5	E5	336	336	1	8	556	99	96		33.28571
218	9	Fa5	F5	340	340	1	8	556	99	96		33.42857
219	9	Fa5	F5	340	340	1	4	1111	99	96		33.71429
220	9	Sol5	G5	349	349	1	4	1111	95	96		34
221	9	Fa5	F5	340	340	1	4	1111	95	96	ah  	34.28571
222	9	Sol5	G5	349	349	5	8	2778	95	96		35
223	51			0	0	6	8	0	87	0		35
224	9	Fa4	F4	287	287	3	8	1250	95	96	Gel 	35.5
225	9	Do5	C5	318	318	3	8	1250	95	96	yü	36
226	9	Si4b5	B4b5	309	309	1	8	417	99	96	zü 	36.16667
227	9	La4	A4	305	305	1	8	417	99	96		36.33333
228	9	Sol4	G4	296	296	1	8	417	95	96		36.5
229	9	Fa4	F4	287	287	3	8	1250	95	96	gül 	37
230	9	Do5	C5	318	318	3	8	1250	95	96	nağ	37.5
231	9	Re5	D5	327	327	1	4	833	95	96	me	37.83333
232	9	Mi5	E5	336	336	1	8	417	95	96	si 	38
233	9	Fa5	F5	340	340	3	8	1250	95	96	bül	38.5
234	9	Do5	C5	318	318	3	8	1250	95	96	bül 	39
235	9	Re5	D5	327	327	1	4	833	99	96	sa	39.33333
236	9	Do5	C5	318	318	1	8	417	95	96		39.5
237	9	Si4b5	B4b5	309	309	1	8	417	99	96	çı 	39.66667
238	9	La4	A4	305	305	1	8	417	95	96		39.83333
239	9	Re5	D5	327	327	1	8	417	95	96	sün	40
240	9	Do5	C5	318	318	3	4	2500	95	96	bül  	41
241	9	Fa5	F5	340	340	1	8	417	99	96	Fasl_	41.16667
242	9	Mi5	E5	336	336	1	8	417	99	96		41.33333
243	9	Re5	D5	327	327	1	8	417	95	96		41.5
244	9	Do5	C5	318	318	1	8	417	99	96	ı 	41.66667
245	9	Si4b5	B4b5	309	309	1	8	417	95	96		41.83333
246	9	La4	A4	305	305	1	8	417	95	96	ba	42
247	9	Re5	D5	327	327	3	4	2500	95	96	har 	43
248	9	Mi5b5	E5b5	331	331	1	8	417	99	96	gel	43.16667
249	9	Re5	D5	327	327	1	8	417	99	96		43.33333
250	9	Do5	C5	318	318	1	8	417	95	96		43.5
251	9	Si4b5	B4b5	309	309	1	8	417	99	96	di 	43.66667
252	9	La4	A4	305	305	1	8	417	95	96		43.83333
253	9	Do5	C5	318	318	1	8	417	95	96	ca	44
254	9	Sol4	G4	296	296	3	8	1250	99	96	nım 	44.5
255	9	Do4	C4	265	265	3	8	1250	95	96		45
256	9	Fa4	F4	287	287	3	8	1250	99	96	sen 	45.5
257	9	Sol4	G4	296	296	1	4	833	99	96		45.83333
258	9	La4	A4	305	305	1	8	417	95	96		46
259	9	Fa4	F4	287	287	3	8	1250	95	96	de 	46.5
260	9	Do5	C5	318	318	1	4	833	99	96	bi	46.83333
261	9	Si4b5	B4b5	309	309	1	8	417	95	96		47
262	9	La4	A4	305	305	1	4	833	99	96	raz 	47.33333
263	9	Fa4	F4	287	287	1	8	417	99	96		47.5
264	9	Sol4	G4	296	296	1	4	833	99	96		47.83333
265	9	Mi4	E4	283	283	1	8	417	95	96		48
266	9	Fa4	F4	287	287	3	4	2500	95	96	gül  	49
267	51			0	0	7	8	0	14	0		49
268	9	Fa5	F5	340	340	1	4	1111	95	96	Kok	49.28571
269	9	Fa5	F5	340	340	1	8	556	95	96	la	49.42857
270	9	Fa5	F5	340	340	3	32	417	99	96	dı	49.53571
271	9	Mi5	E5	336	336	1	32	139	99	96		49.57143
272	9	Re5	D5	327	327	1	16	278	99	96		49.64286
273	9	Mi5	E5	336	336	1	16	278	95	96		49.71429
274	9	Fa5	F5	340	340	1	4	1111	95	96	ğım 	50
275	9			-1	-1	1	8	556	100	0		50.14286
276	10	Do5	C5	318	318	1	8	556	99	96	zül	50.28571
277	8	Re5	D5	327	327	0	0	0	95	96		50.28571
278	9	Do5	C5	318	318	1	16	278	99	96	fü	50.35714
279	9	Re5	D5	327	327	1	16	278	95	96		50.42857
280	9	Do5	C5	318	318	3	32	417	99	96	nü 	50.53571
281	9	Si4b5	B4b5	309	309	1	32	139	99	96		50.57143
282	9	La4	A4	305	305	1	16	278	99	96		50.64286
283	9	Sol4	G4	296	296	1	16	278	99	96		50.71429
284	9	Fa4	F4	287	287	1	4	1111	95	96		51
285	9	Do4	C4	265	265	1	4	1111	99	96	sün	51.28571
286	9	Re4	D4	274	274	1	16	278	99	96		51.35714
287	9	Mi4	E4	283	283	1	16	278	95	96		51.42857
288	9	Fa4	F4	287	287	3	8	1667	99	96	bül 	51.85714
289	9	Sol4	G4	296	296	1	16	278	99	96		51.92857
290	9	La4	A4	305	305	1	16	278	99	96		52
291	9	Si4b5	B4b5	309	309	1	4	1111	99	96		52.28571
292	9	Si4b5	B4b5	309	309	1	16	278	99	96		52.35714
293	9	La4	A4	305	305	1	16	278	99	96		52.42857
294	9	La4	A4	305	305	3	16	833	99	96		52.64286
295	9	Sol4	G4	296	296	1	16	278	99	96		52.71429
296	9	Fa4	F4	287	287	1	8	556	95	96		52.85714
297	9	La4	A4	305	305	1	8	556	95	96	di	53
298	9	Sol4	G4	296	296	3	8	1667	95	96	ye 	53.42857
299	9	Mi4	E4	283	283	1	16	278	99	96	sev	53.5
300	9	Fa4	F4	287	287	1	16	278	99	96		53.57143
301	9	Mi4	E4	283	283	1	16	278	99	96		53.64286
302	9	Fa4	F4	287	287	1	16	278	99	96		53.71429
303	9	Mi4	E4	283	283	1	16	278	99	96		53.78571
304	9	Re4	D4	274	274	1	16	278	99	96		53.85714
305	9	Mi4	E4	283	283	1	16	278	99	96		53.92857
306	9	Fa4	F4	287	287	1	16	278	99	96		54
307	9	Sol4	G4	296	296	1	16	278	99	96		54.07143
308	9	Mi4	E4	283	283	1	16	278	95	96		54.14286
309	9	Fa4	F4	287	287	1	4	1111	101	96	dim  	54.42857
