Sira	Kod	Nota53	NotaAE	Koma53	KomaAE	Pay	Payda	Ms	LNS	Bas	Soz1	Offset
1	9	Fa5	F5	340	340	1	4	588	95	96	ARANAĞME	0.2
2	9	Fa5	F5	340	340	1	8	294	95	96	.	0.3
3	9	Fa5	F5	340	340	1	4	588	95	96	.	0.5
4	9	Fa5	F5	340	340	1	8	294	95	66	.	0.6
5	9	Sol5	G5	349	349	1	8	294	95	76	.	0.7
6	7	Mi5	E5	336	336	1	4	588	95	85	.	0.9
7	9	Re5	D5	327	327	1	8	294	95	95	.	1.0
8	9	Re5	D5	327	327	1	4	588	95	104	.	1.2
9	10	Mi5	E5	336	336	1	8	294	95	114	.	1.3
10	8	Fa5	F5	340	340	0	0	0	95	96	.	1.3
11	11	Mi5	E5	336	336	1	8	294	95	96	.	1.4
12	11	Re5	D5	327	327	1	8	294	95	96	.	1.5
13	11	Do5	C5	318	318	1	8	294	95	96	.	1.6
14	10	Si4b2	B4b1	312	313	1	8	294	95	96	.	1.7
15	8	Re5	D5	327	327	0	0	0	95	96	.	1.7
16	9	Do5	C5	318	318	3	8	882	95	96	.	2.0
17	9	Do5	C5	318	318	1	8	294	95	96	.	2.1
18	9	Si4b2	B4b1	312	313	1	8	294	95	96	.	2.2
19	9	Do5	C5	318	318	1	8	294	95	96	.	2.3
20	9	Re5	D5	327	327	1	8	294	95	96	.	2.4
21	9	Si4b2	B4b1	312	313	1	8	294	95	96	.	2.5
22	9	Do5	C5	318	318	1	8	294	95	96	.	2.6
23	9	Re5	D5	327	327	1	8	294	95	96	.	2.7
24	9	Mi5	E5	336	336	1	8	294	95	96	.	2.8
25	9	Re5	D5	327	327	1	8	294	95	96	.	2.9
26	9	Do5	C5	318	318	1	8	294	95	96	.	3.0
27	9	Fa5	F5	340	340	1	8	294	95	96	.	3.1
28	9	Sol5	G5	349	349	1	8	294	95	96	.	3.2
29	9	La5	A5	358	358	1	8	294	95	96	.	3.3
30	8	Si5b5	B5b5	362	362	0	0	0	95	96	.	3.3
31	9	La5	A5	358	358	1	8	294	95	96	.	3.4
32	9	Sol5	G5	349	349	1	8	294	95	96	.	3.5
33	9	Fa5	F5	340	340	1	8	294	95	96	.	3.6
34	9	Mi5	E5	336	336	1	8	294	95	96	.	3.7
35	9	Fa5	F5	340	340	1	4	588	95	66	.	3.9
36	9	Es	Es	-1	-1	1	8	294	100	87	.	4.0
37	9	Fa5	F5	340	340	1	4	588	95	108	.	4.2
38	9	Mi5	E5	336	336	1	8	294	95	66	.	4.3
39	9	Re5	D5	327	327	1	4	588	95	87	.	4.5
40	9	Mi5	E5	336	336	1	4	588	95	108	.	4.7
41	9	Re5	D5	327	327	1	8	294	95	96	.	4.8
42	9	Do5	C5	318	318	1	4	588	95	96	.	5.0
43	9	Re5	D5	327	327	1	4	588	95	96	.	5.2
44	9	Do5	C5	318	318	1	8	294	95	96	.	5.3
45	9	Si4b5	B4b5	309	309	1	4	588	95	96	.	5.5
46	9	La4	A4	305	305	1	4	588	95	96	.	5.7
47	9	Re5	D5	327	327	3	8	882	95	96	.	6.0
48	9	La4	A4	305	305	1	8	294	95	96	.	6.1
49	9	Si4b5	B4b5	309	309	1	8	294	95	96	.	6.2
50	9	Do5	C5	318	318	1	8	294	95	96	.	6.3
51	7	Re5	D5	327	327	1	4	588	95	66	.	6.5
52	9	Do5	C5	318	318	1	8	294	95	74	.	6.6
53	9	Si4b5	B4b5	309	309	1	8	294	95	82	.	6.7
54	12	La4	A4	305	305	1	4	588	95	90	.	6.9
55	9	Sol4	G4	296	296	1	8	294	95	98	.	7.0
56	9	Sol4	G4	296	296	1	4	588	95	106	.	7.2
57	9	La4	A4	305	305	1	8	294	95	114	.	7.3
58	8	Si4b5	B4b5	309	309	0	0	0	95	96	.	7.3
59	9	La4	A4	305	305	1	8	294	95	96	.	7.4
60	9	Sol4	G4	296	296	1	8	294	95	96	.	7.5
61	9	Fa4	F4	287	287	1	8	294	95	96	.	7.6
62	9	Mi4	E4	283	283	1	8	294	95	96	.	7.7
63	9	Fa4	F4	287	287	1	4	588	95	96	.	7.9
64	9	Es	Es	-1	-1	1	8	294	100	0		8.0
65	9	Fa5	F5	340	340	1	4	588	95	96	ARANAĞME	8.2
66	9	Fa5	F5	340	340	1	8	294	95	96	.	8.3
67	9	Fa5	F5	340	340	1	4	588	95	96	.	8.5
68	9	Fa5	F5	340	340	1	8	294	95	66	.	8.6
69	9	Sol5	G5	349	349	1	8	294	95	76	.	8.7
70	7	Mi5	E5	336	336	1	4	588	95	85	.	8.9
71	9	Re5	D5	327	327	1	8	294	95	95	.	9.0
72	9	Re5	D5	327	327	1	4	588	95	104	.	9.2
73	10	Mi5	E5	336	336	1	8	294	95	114	.	9.3
74	8	Fa5	F5	340	340	0	0	0	95	96	.	9.3
75	11	Mi5	E5	336	336	1	8	294	95	96	.	9.4
76	11	Re5	D5	327	327	1	8	294	95	96	.	9.5
77	11	Do5	C5	318	318	1	8	294	95	96	.	9.6
78	10	Si4b2	B4b1	312	313	1	8	294	95	96	.	9.7
79	8	Re5	D5	327	327	0	0	0	95	96	.	9.7
80	9	Do5	C5	318	318	3	8	882	95	96	.	10.0
81	9	Do5	C5	318	318	1	8	294	95	96	.	10.1
82	9	Si4b2	B4b1	312	313	1	8	294	95	96	.	10.2
83	9	Do5	C5	318	318	1	8	294	95	96	.	10.3
84	9	Re5	D5	327	327	1	8	294	95	96	.	10.4
85	9	Si4b2	B4b1	312	313	1	8	294	95	96	.	10.5
86	9	Do5	C5	318	318	1	8	294	95	96	.	10.6
87	9	Re5	D5	327	327	1	8	294	95	96	.	10.7
88	9	Mi5	E5	336	336	1	8	294	95	96	.	10.8
89	9	Re5	D5	327	327	1	8	294	95	96	.	10.9
90	9	Do5	C5	318	318	1	8	294	95	96	.	11.0
91	9	Fa5	F5	340	340	1	8	294	95	96	.	11.1
92	9	Sol5	G5	349	349	1	8	294	95	96	.	11.2
93	9	La5	A5	358	358	1	8	294	95	96	.	11.3
94	8	Si5b5	B5b5	362	362	0	0	0	95	96	.	11.3
95	9	La5	A5	358	358	1	8	294	95	96	.	11.4
96	9	Sol5	G5	349	349	1	8	294	95	96	.	11.5
97	9	Fa5	F5	340	340	1	8	294	95	96	.	11.6
98	9	Mi5	E5	336	336	1	8	294	95	96	.	11.7
99	9	Fa5	F5	340	340	1	4	588	95	66	.	11.9
100	9	Es	Es	-1	-1	1	8	294	100	87	.	12.0
101	9	Fa5	F5	340	340	1	4	588	95	108	.	12.2
102	9	Mi5	E5	336	336	1	8	294	95	66	.	12.3
103	9	Re5	D5	327	327	1	4	588	95	87	.	12.5
104	9	Mi5	E5	336	336	1	4	588	95	108	.	12.7
105	9	Re5	D5	327	327	1	8	294	95	96	.	12.8
106	9	Do5	C5	318	318	1	4	588	95	96	.	13.0
107	9	Re5	D5	327	327	1	4	588	95	96	.	13.2
108	9	Do5	C5	318	318	1	8	294	95	96	.	13.3
109	9	Si4b5	B4b5	309	309	1	4	588	95	96	.	13.5
110	9	La4	A4	305	305	1	4	588	95	96	.	13.7
111	9	Re5	D5	327	327	3	8	882	95	96	.	14.0
112	9	La4	A4	305	305	1	8	294	95	96	.	14.1
113	9	Si4b5	B4b5	309	309	1	8	294	95	96	.	14.2
114	9	Do5	C5	318	318	1	8	294	95	96	.	14.3
115	7	Re5	D5	327	327	1	4	588	95	66	.	14.5
116	9	Do5	C5	318	318	1	8	294	95	74	.	14.6
117	9	Si4b5	B4b5	309	309	1	8	294	95	82	.	14.7
118	12	La4	A4	305	305	1	4	588	95	90	.	14.9
119	9	Sol4	G4	296	296	1	8	294	95	98	.	15.0
120	9	Sol4	G4	296	296	1	4	588	95	106	.	15.2
121	9	La4	A4	305	305	1	8	294	95	114	.	15.3
122	8	Si4b5	B4b5	309	309	0	0	0	95	96	.	15.3
123	9	La4	A4	305	305	1	8	294	95	96	.	15.4
124	9	Sol4	G4	296	296	1	8	294	95	96	.	15.5
125	9	Fa4	F4	287	287	1	8	294	95	96	.	15.6
126	9	Mi4	E4	283	283	1	8	294	95	96	.	15.7
127	9	Fa4	F4	287	287	1	4	588	95	96	.	15.9
128	9	Es	Es	-1	-1	1	8	294	100	0		16.0
