Sýra	Kod	Nota53	NotaAE	Koma53	KomaAE	Pay	Payda	Ms	LNS	VelOn	Söz-1
1	9			-1	-1	1	8	556	100	0	
2	9	Do5	C5	318	318	1	16	278	95	96	Or
3	9	Re5	D5	327	327	1	16	278	95	96	du
4	9	Mi5	E5	336	336	1	8	556	95	96	nun 
5	9	Mi5	E5	336	336	1	8	556	95	96	de
6	9	Mi5	E5	336	336	1	16	278	99	96	re
7	9	Sol5	G5	349	349	1	16	278	95	96	
8	9	Sol5	G5	349	349	1	16	278	99	96	le
9	9	Mi5	E5	336	336	1	16	278	99	96	
10	12	Fa5	F5	340	340	1	8	556	95	96	
11	9	Mi5	E5	336	336	1	16	278	99	96	ri  
12	9	Re5	D5	327	327	3	16	834	95	96	
13	9	Mi5	E5	336	336	1	16	278	95	96	Ak
14	9	Fa5	F5	340	340	1	16	278	95	96	sa 
15	9	Fa5	F5	340	340	3	32	417	99	96	yu
16	9	Mi5	E5	336	336	1	32	139	95	96	
17	10	Fa5	F5	340	340	7	128	243	99	96	ka
18	8	Sol5	G5	349	349	1	128	35	99	96	
19	9	Mi5	E5	336	336	1	16	278	95	96	
20	9	Mi5	E5	336	336	1	8	556	95	96	rý 
21	9	Mi5	E5	336	336	1	16	278	99	96	ak
22	9	Re5	D5	327	327	1	16	278	99	96	
23	9	Mi5	E5	336	336	1	16	278	99	96	
24	9	Re5	D5	327	327	1	16	278	95	96	
25	9	Re5	D5	327	327	1	16	278	99	96	sa  
26	9	Do5	C5	318	318	3	16	834	95	96	
27	9	Do5	C5	318	318	1	16	278	95	96	Or
28	9	Re5	D5	327	327	1	16	278	95	96	du
29	9	Mi5	E5	336	336	1	8	556	95	96	nun 
30	9	Mi5	E5	336	336	1	8	556	95	96	de
31	9	Mi5	E5	336	336	1	16	278	99	96	re
32	9	Sol5	G5	349	349	1	16	278	95	96	
33	9	Sol5	G5	349	349	1	16	278	99	96	le
34	9	Mi5	E5	336	336	1	16	278	99	96	
35	12	Fa5	F5	340	340	1	8	556	95	96	
36	9	Mi5	E5	336	336	1	16	278	99	96	ri  
37	9	Re5	D5	327	327	3	16	834	95	96	
38	9	Mi5	E5	336	336	1	16	278	95	96	Ak
39	9	Fa5	F5	340	340	1	16	278	95	96	sa 
40	9	Fa5	F5	340	340	3	32	417	99	96	yu
41	9	Mi5	E5	336	336	1	32	139	95	96	
42	10	Fa5	F5	340	340	7	128	243	99	96	ka
43	8	Sol5	G5	349	349	1	128	35	99	96	
44	9	Mi5	E5	336	336	1	16	278	95	96	
45	9	Mi5	E5	336	336	1	8	556	95	96	rý 
46	9	Mi5	E5	336	336	1	16	278	99	96	ak
47	9	Re5	D5	327	327	1	16	278	99	96	
48	9	Mi5	E5	336	336	1	16	278	99	96	
49	9	Re5	D5	327	327	1	16	278	95	96	
50	9	Re5	D5	327	327	1	16	278	99	96	sa  
51	9	Do5	C5	318	318	3	16	834	95	96	
52	9	Do5	C5	318	318	1	16	278	95	96	Ver
53	9	Re5	D5	327	327	1	16	278	95	96	mem 
54	10	Mi5	E5	336	336	7	128	243	99	96	se
55	8	Sol5	G5	349	349	1	128	35	95	96	
56	9	Fa5	F5	340	340	1	16	278	95	96	
57	9	Fa5	F5	340	340	1	16	278	99	96	ni 
58	9	Mi5	E5	336	336	1	16	278	95	96	
59	9	Fa5	F5	340	340	1	16	278	99	96	el
60	9	Mi5	E5	336	336	1	16	278	95	96	
61	9	Mi5	E5	336	336	1	16	278	99	96	le
62	9	Re5	D5	327	327	1	16	278	99	96	
63	9	Mi5	E5	336	336	1	16	278	99	96	
64	9	Re5	D5	327	327	1	16	278	95	96	
65	9	Re5	D5	327	327	1	16	278	99	96	re  
66	9	Do5	C5	318	318	3	16	834	95	96	
67	9	Do5	C5	318	318	1	16	278	95	96	Or
68	9	Re5	D5	327	327	1	16	278	95	96	du 
69	9	Re5	D5	327	327	1	8	556	95	96	üs
70	9	Re5	D5	327	327	1	16	278	99	96	tü
71	9	Do5	C5	318	318	1	16	278	95	96	
72	9	Mi5	E5	336	336	1	16	278	99	96	me 
73	9	Re5	D5	327	327	1	16	278	95	96	
74	9	Re5	D5	327	327	1	16	278	99	96	kalk
75	9	Si4b2	B4b1	312	313	1	16	278	99	96	
76	12	Do5	C5	318	318	1	8	556	95	96	
77	9	Si4b2	B4b1	312	313	1	16	278	99	96	sa  
78	9	La4	A4	305	305	1	16	278	95	96	
79	9	La4	A4	305	305	1	16	278	99	96	Sür
80	9	Do5	C5	318	318	1	16	278	99	96	
81	9	Si4b2	B4b1	312	313	1	16	278	95	96	
82	9	La4	A4	305	305	1	16	278	95	96	me
83	9	Si4b2	B4b1	312	313	1	16	278	95	96	lim_
84	9	La4	A4	305	305	3	16	833	95	96	am
85	9	La4	A4	305	305	5	8	2778	95	96	man  
86	9	Do5	C5	318	318	1	16	278	95	96	Ver
87	9	Re5	D5	327	327	1	16	278	95	96	mem 
88	10	Mi5	E5	336	336	7	128	243	99	96	se
89	8	Sol5	G5	349	349	1	128	35	95	96	
90	9	Fa5	F5	340	340	1	16	278	95	96	
91	9	Fa5	F5	340	340	1	16	278	99	96	ni 
92	9	Mi5	E5	336	336	1	16	278	95	96	
93	9	Fa5	F5	340	340	1	16	278	99	96	el
94	9	Mi5	E5	336	336	1	16	278	95	96	
95	9	Mi5	E5	336	336	1	16	278	99	96	le
96	9	Re5	D5	327	327	1	16	278	99	96	
97	9	Mi5	E5	336	336	1	16	278	99	96	
98	9	Re5	D5	327	327	1	16	278	95	96	
99	9	Re5	D5	327	327	1	16	278	99	96	re  
100	9	Do5	C5	318	318	1	16	278	99	96	
101	9	Do5	C5	318	318	2	16	556	95	96	
102	9	Do5	C5	318	318	1	16	278	95	96	Or
103	9	Re5	D5	327	327	1	16	278	95	96	du 
104	9	Re5	D5	327	327	1	8	556	95	96	üs
105	9	Re5	D5	327	327	1	16	278	99	96	tü
106	9	Do5	C5	318	318	1	16	278	95	96	
107	9	Mi5	E5	336	336	1	16	278	99	96	me 
108	9	Re5	D5	327	327	1	16	278	95	96	
109	9	Re5	D5	327	327	1	16	278	99	96	kalk
110	9	Si4b2	B4b1	312	313	1	16	278	99	96	
111	12	Do5	C5	318	318	1	8	556	95	96	
112	9	Si4b2	B4b1	312	313	1	16	278	99	96	sa  
113	9	La4	A4	305	305	1	16	278	95	96	
114	9	La4	A4	305	305	1	16	278	99	96	Sür
115	9	Do5	C5	318	318	1	16	278	99	96	
116	9	Si4b2	B4b1	312	313	1	16	278	95	96	
117	9	La4	A4	305	305	1	16	278	95	96	me
118	9	Si4b2	B4b1	312	313	1	16	278	95	96	lim_
119	9	La4	A4	305	305	3	16	833	95	96	am
120	9	La4	A4	305	305	5	8	2778	95	96	man  
121	9	Do5	C5	318	318	1	16	278	95	96	Oy 
122	9	Re5	D5	327	327	1	16	278	95	96	Meh
123	9	Mi5	E5	336	336	1	16	278	95	96	me
124	9	Mi5	E5	336	336	3	16	833	95	96	dim 
125	9	Mi5	E5	336	336	1	16	278	99	96	Meh
126	9	Sol5	G5	349	349	1	16	278	95	96	
127	9	Sol5	G5	349	349	1	16	278	99	96	me
128	9	Mi5	E5	336	336	1	16	278	99	96	
129	12	Fa5	F5	340	340	1	8	556	95	96	
130	9	Mi5	E5	336	336	1	16	278	99	96	dim  
131	9	Re5	D5	327	327	3	16	834	95	96	
132	9	Mi5	E5	336	336	1	16	278	95	96	Sa
133	9	Fa5	F5	340	340	1	16	278	95	96	na 
134	9	Fa5	F5	340	340	3	32	417	99	96	küs
135	9	Mi5	E5	336	336	1	32	139	95	96	
136	10	Fa5	F5	340	340	7	128	243	99	96	tüm 
137	8	Sol5	G5	349	349	1	128	35	99	96	
138	9	Mi5	E5	336	336	1	16	278	95	96	
139	9	Mi5	E5	336	336	1	8	556	95	96	de
140	9	Mi5	E5	336	336	1	16	278	99	96	me
141	9	Re5	D5	327	327	1	16	278	99	96	
142	9	Mi5	E5	336	336	1	16	278	99	96	
143	9	Re5	D5	327	327	1	16	278	95	96	
144	9	Re5	D5	327	327	1	16	278	95	96	dim  
145	9	Do5	C5	318	318	3	16	834	95	96	
146	9	Do5	C5	318	318	1	16	278	95	96	Oy 
147	9	Re5	D5	327	327	1	16	278	95	96	Meh
148	9	Mi5	E5	336	336	1	16	278	95	96	me
149	9	Mi5	E5	336	336	3	16	833	95	96	dim 
150	9	Mi5	E5	336	336	1	16	278	99	96	Meh
151	9	Sol5	G5	349	349	1	16	278	95	96	
152	9	Sol5	G5	349	349	1	16	278	99	96	me
153	9	Mi5	E5	336	336	1	16	278	99	96	
154	12	Fa5	F5	340	340	1	8	556	95	96	
155	9	Mi5	E5	336	336	1	16	278	99	96	dim  
156	9	Re5	D5	327	327	3	16	834	95	96	
157	9	Mi5	E5	336	336	1	16	278	95	96	Sa
158	9	Fa5	F5	340	340	1	16	278	95	96	na 
159	9	Fa5	F5	340	340	3	32	417	99	96	küs
160	9	Mi5	E5	336	336	1	32	139	95	96	
161	10	Fa5	F5	340	340	7	128	243	99	96	tüm 
162	8	Sol5	G5	349	349	1	128	35	99	96	
163	9	Mi5	E5	336	336	1	16	278	95	96	
164	9	Mi5	E5	336	336	1	8	556	95	96	de
165	9	Mi5	E5	336	336	1	16	278	99	96	me
166	9	Re5	D5	327	327	1	16	278	99	96	
167	9	Mi5	E5	336	336	1	16	278	99	96	
168	9	Re5	D5	327	327	1	16	278	95	96	
169	9	Re5	D5	327	327	1	16	278	95	96	dim  
170	9	Do5	C5	318	318	3	16	834	95	96	
171	9	Do5	C5	318	318	1	16	278	95	96	Be
172	9	Re5	D5	327	327	1	16	278	95	96	ni 
173	10	Mi5	E5	336	336	7	128	243	99	96	sa
174	8	Sol5	G5	349	349	1	128	35	95	96	
175	9	Fa5	F5	340	340	1	16	278	95	96	
176	9	Fa5	F5	340	340	1	16	278	99	96	na 
177	9	Mi5	E5	336	336	1	16	278	95	96	
178	9	Fa5	F5	340	340	1	16	278	99	96	seç
179	9	Mi5	E5	336	336	1	16	278	95	96	
180	9	Mi5	E5	336	336	1	16	278	99	96	miþ
181	9	Re5	D5	327	327	1	16	278	99	96	
182	9	Mi5	E5	336	336	1	16	278	99	96	
183	9	Re5	D5	327	327	1	16	278	95	96	
184	9	Re5	D5	327	327	1	16	278	99	96	ler  
185	9	Do5	C5	318	318	3	16	834	95	96	
186	9	Do5	C5	318	318	1	16	278	95	96	Val
187	9	Re5	D5	327	327	1	16	278	95	96	la
188	9	Re5	D5	327	327	1	8	556	95	96	hi 
189	9	Re5	D5	327	327	1	16	278	99	96	ben 
190	9	Do5	C5	318	318	1	16	278	95	96	
191	9	Mi5	E5	336	336	1	16	278	99	96	de
192	9	Re5	D5	327	327	1	16	278	95	96	
193	9	Re5	D5	327	327	1	16	278	99	96	me
194	9	Si4b2	B4b1	312	313	1	16	278	99	96	
195	12	Do5	C5	318	318	1	8	556	95	96	
196	9	Si4b2	B4b1	312	313	1	16	278	99	96	dim  
197	9	La4	A4	305	305	1	16	278	95	96	
198	9	La4	A4	305	305	1	16	278	99	96	Sür
199	9	Do5	C5	318	318	1	16	278	99	96	
200	9	Si4b2	B4b1	312	313	1	16	278	95	96	
201	9	La4	A4	305	305	1	16	278	95	96	me
202	9	Si4b2	B4b1	312	313	1	16	278	95	96	lim_
203	9	La4	A4	305	305	3	16	833	95	96	am
204	9	La4	A4	305	305	5	8	2778	95	96	man  
205	9	Do5	C5	318	318	1	16	278	95	96	Be
206	9	Re5	D5	327	327	1	16	278	95	96	ni 
207	10	Mi5	E5	336	336	7	128	243	99	96	sa
208	8	Sol5	G5	349	349	1	128	35	95	96	
209	9	Fa5	F5	340	340	1	16	278	95	96	
210	9	Fa5	F5	340	340	1	16	278	99	96	na 
211	9	Mi5	E5	336	336	1	16	278	95	96	
212	9	Fa5	F5	340	340	1	16	278	99	96	seç
213	9	Mi5	E5	336	336	1	16	278	95	96	
214	9	Mi5	E5	336	336	1	16	278	99	96	miþ
215	9	Re5	D5	327	327	1	16	278	99	96	
216	9	Mi5	E5	336	336	1	16	278	99	96	
217	9	Re5	D5	327	327	1	16	278	95	96	
218	9	Re5	D5	327	327	1	16	278	99	96	ler  
219	9	Do5	C5	318	318	3	16	834	95	96	
220	9	Do5	C5	318	318	1	16	278	95	96	Val
221	9	Re5	D5	327	327	1	16	278	95	96	la
222	9	Re5	D5	327	327	1	8	556	95	96	hi 
223	9	Re5	D5	327	327	1	16	278	99	96	ben 
224	9	Do5	C5	318	318	1	16	278	95	96	
225	9	Mi5	E5	336	336	1	16	278	99	96	de
226	9	Re5	D5	327	327	1	16	278	95	96	
227	9	Re5	D5	327	327	1	16	278	99	96	me
228	9	Si4b2	B4b1	312	313	1	16	278	99	96	
229	12	Do5	C5	318	318	1	8	556	95	96	
230	9	Si4b2	B4b1	312	313	1	16	278	99	96	dim  
231	9	La4	A4	305	305	1	16	278	95	96	
232	9	La4	A4	305	305	1	16	278	99	96	Sür
233	9	Do5	C5	318	318	1	16	278	99	96	
234	9	Si4b2	B4b1	312	313	1	16	278	95	96	
235	9	La4	A4	305	305	1	16	278	95	96	me
236	9	Si4b2	B4b1	312	313	1	16	278	95	96	lim_
237	9	La4	A4	305	305	3	16	833	95	96	am
238	9	La4	A4	305	305	5	8	2778	95	96	man  
239	9	Do5	C5	318	318	1	16	278	95	96	Or
240	9	Re5	D5	327	327	1	16	278	95	96	du
241	9	Mi5	E5	336	336	1	8	556	95	96	nun 
242	9	Mi5	E5	336	336	1	8	556	95	96	de
243	9	Mi5	E5	336	336	1	16	278	99	96	re
244	9	Sol5	G5	349	349	1	16	278	95	96	
245	9	Sol5	G5	349	349	1	16	278	99	96	le
246	9	Mi5	E5	336	336	1	16	278	99	96	
247	12	Fa5	F5	340	340	1	8	556	95	96	
248	9	Mi5	E5	336	336	1	16	278	99	96	ri  
249	9	Re5	D5	327	327	3	16	834	95	96	
250	9	Mi5	E5	336	336	1	16	278	95	96	Ak
251	9	Fa5	F5	340	340	1	16	278	95	96	sa 
252	9	Fa5	F5	340	340	3	32	417	99	96	yu
253	9	Mi5	E5	336	336	1	32	139	95	96	
254	10	Fa5	F5	340	340	7	128	243	99	96	ka
255	8	Sol5	G5	349	349	1	128	35	99	96	
256	9	Mi5	E5	336	336	1	16	278	95	96	
257	9	Mi5	E5	336	336	1	8	556	95	96	rý 
258	9	Mi5	E5	336	336	1	16	278	99	96	ak
259	9	Re5	D5	327	327	1	16	278	99	96	
260	9	Mi5	E5	336	336	1	16	278	99	96	
261	9	Re5	D5	327	327	1	16	278	95	96	
262	9	Re5	D5	327	327	1	16	278	99	96	sa  
263	9	Do5	C5	318	318	3	16	834	95	96	
264	9	Do5	C5	318	318	1	16	278	95	96	Or
265	9	Re5	D5	327	327	1	16	278	95	96	du
266	9	Mi5	E5	336	336	1	8	556	95	96	nun 
267	9	Mi5	E5	336	336	1	8	556	95	96	de
268	9	Mi5	E5	336	336	1	16	278	99	96	re
269	9	Sol5	G5	349	349	1	16	278	95	96	
270	9	Sol5	G5	349	349	1	16	278	99	96	le
271	9	Mi5	E5	336	336	1	16	278	99	96	
272	12	Fa5	F5	340	340	1	8	556	95	96	
273	9	Mi5	E5	336	336	1	16	278	99	96	ri  
274	9	Re5	D5	327	327	3	16	834	95	96	
275	9	Mi5	E5	336	336	1	16	278	95	96	Ak
276	9	Fa5	F5	340	340	1	16	278	95	96	sa 
277	9	Fa5	F5	340	340	3	32	417	99	96	yu
278	9	Mi5	E5	336	336	1	32	139	95	96	
279	10	Fa5	F5	340	340	7	128	243	99	96	ka
280	8	Sol5	G5	349	349	1	128	35	99	96	
281	9	Mi5	E5	336	336	1	16	278	95	96	
282	9	Mi5	E5	336	336	1	8	556	95	96	rý 
283	9	Mi5	E5	336	336	1	16	278	99	96	ak
284	9	Re5	D5	327	327	1	16	278	99	96	
285	9	Mi5	E5	336	336	1	16	278	99	96	
286	9	Re5	D5	327	327	1	16	278	95	96	
287	9	Re5	D5	327	327	1	16	278	99	96	sa  
288	9	Do5	C5	318	318	3	16	834	95	96	
289	9	Do5	C5	318	318	1	16	278	95	96	Ver
290	9	Re5	D5	327	327	1	16	278	95	96	mem 
291	10	Mi5	E5	336	336	7	128	243	99	96	se
292	8	Sol5	G5	349	349	1	128	35	95	96	
293	9	Fa5	F5	340	340	1	16	278	95	96	
294	9	Fa5	F5	340	340	1	16	278	99	96	ni 
295	9	Mi5	E5	336	336	1	16	278	95	96	
296	9	Fa5	F5	340	340	1	16	278	99	96	el
297	9	Mi5	E5	336	336	1	16	278	95	96	
298	9	Mi5	E5	336	336	1	16	278	99	96	le
299	9	Re5	D5	327	327	1	16	278	99	96	
300	9	Mi5	E5	336	336	1	16	278	99	96	
301	9	Re5	D5	327	327	1	16	278	95	96	
302	9	Re5	D5	327	327	1	16	278	99	96	re  
303	9	Do5	C5	318	318	3	16	834	95	96	
304	9	Do5	C5	318	318	1	16	278	95	96	Or
305	9	Re5	D5	327	327	1	16	278	95	96	du 
306	9	Re5	D5	327	327	1	8	556	95	96	üs
307	9	Re5	D5	327	327	1	16	278	99	96	tü
308	9	Do5	C5	318	318	1	16	278	95	96	
309	9	Mi5	E5	336	336	1	16	278	99	96	me 
310	9	Re5	D5	327	327	1	16	278	95	96	
311	9	Re5	D5	327	327	1	16	278	99	96	kalk
312	9	Si4b2	B4b1	312	313	1	16	278	99	96	
313	12	Do5	C5	318	318	1	8	556	95	96	
314	9	Si4b2	B4b1	312	313	1	16	278	99	96	sa  
315	9	La4	A4	305	305	1	16	278	95	96	
316	9	La4	A4	305	305	1	16	278	99	96	Sür
317	9	Do5	C5	318	318	1	16	278	99	96	
318	9	Si4b2	B4b1	312	313	1	16	278	95	96	
319	9	La4	A4	305	305	1	16	278	95	96	me
320	9	Si4b2	B4b1	312	313	1	16	278	95	96	lim_
321	9	La4	A4	305	305	3	16	833	95	96	am
322	9	La4	A4	305	305	5	8	2778	95	96	man  
323	9	Do5	C5	318	318	1	16	278	95	96	Ver
324	9	Re5	D5	327	327	1	16	278	95	96	mem 
325	10	Mi5	E5	336	336	7	128	243	99	96	se
326	8	Sol5	G5	349	349	1	128	35	95	96	
327	9	Fa5	F5	340	340	1	16	278	95	96	
328	9	Fa5	F5	340	340	1	16	278	99	96	ni 
329	9	Mi5	E5	336	336	1	16	278	95	96	
330	9	Fa5	F5	340	340	1	16	278	99	96	el
331	9	Mi5	E5	336	336	1	16	278	95	96	
332	9	Mi5	E5	336	336	1	16	278	99	96	le
333	9	Re5	D5	327	327	1	16	278	99	96	
334	9	Mi5	E5	336	336	1	16	278	99	96	
335	9	Re5	D5	327	327	1	16	278	95	96	
336	9	Re5	D5	327	327	1	16	278	99	96	re  
337	9	Do5	C5	318	318	1	16	278	99	96	
338	9	Do5	C5	318	318	2	16	556	95	96	
339	9	Do5	C5	318	318	1	16	278	95	96	Or
340	9	Re5	D5	327	327	1	16	278	95	96	du 
341	9	Re5	D5	327	327	1	8	556	95	96	üs
342	9	Re5	D5	327	327	1	16	278	99	96	tü
343	9	Do5	C5	318	318	1	16	278	95	96	
344	9	Mi5	E5	336	336	1	16	278	99	96	me 
345	9	Re5	D5	327	327	1	16	278	95	96	
346	9	Re5	D5	327	327	1	16	278	99	96	kalk
347	9	Si4b2	B4b1	312	313	1	16	278	99	96	
348	12	Do5	C5	318	318	1	8	556	95	96	
349	9	Si4b2	B4b1	312	313	1	16	278	99	96	sa  
350	9	La4	A4	305	305	1	16	278	95	96	
351	9	La4	A4	305	305	1	16	278	99	96	Sür
352	9	Do5	C5	318	318	1	16	278	99	96	
353	9	Si4b2	B4b1	312	313	1	16	278	95	96	
354	9	La4	A4	305	305	1	16	278	95	96	me
355	9	Si4b2	B4b1	312	313	1	16	278	95	96	lim_
356	9	La4	A4	305	305	3	16	833	95	96	am
357	9	La4	A4	305	305	5	8	2778	95	96	man  
358	9	Do5	C5	318	318	1	16	278	95	96	Oy 
359	9	Re5	D5	327	327	1	16	278	95	96	Meh
360	9	Mi5	E5	336	336	1	16	278	95	96	me
361	9	Mi5	E5	336	336	3	16	833	95	96	dim 
362	9	Mi5	E5	336	336	1	16	278	99	96	Meh
363	9	Sol5	G5	349	349	1	16	278	95	96	
364	9	Sol5	G5	349	349	1	16	278	99	96	me
365	9	Mi5	E5	336	336	1	16	278	99	96	
366	12	Fa5	F5	340	340	1	8	556	95	96	
367	9	Mi5	E5	336	336	1	16	278	99	96	dim  
368	9	Re5	D5	327	327	3	16	834	95	96	
369	9	Mi5	E5	336	336	1	16	278	95	96	Sa
370	9	Fa5	F5	340	340	1	16	278	95	96	na 
371	9	Fa5	F5	340	340	3	32	417	99	96	küs
372	9	Mi5	E5	336	336	1	32	139	95	96	
373	10	Fa5	F5	340	340	7	128	243	99	96	tüm 
374	8	Sol5	G5	349	349	1	128	35	99	96	
375	9	Mi5	E5	336	336	1	16	278	95	96	
376	9	Mi5	E5	336	336	1	8	556	95	96	de
377	9	Mi5	E5	336	336	1	16	278	99	96	me
378	9	Re5	D5	327	327	1	16	278	99	96	
379	9	Mi5	E5	336	336	1	16	278	99	96	
380	9	Re5	D5	327	327	1	16	278	95	96	
381	9	Re5	D5	327	327	1	16	278	95	96	dim  
382	9	Do5	C5	318	318	3	16	834	95	96	
383	9	Do5	C5	318	318	1	16	278	95	96	Oy 
384	9	Re5	D5	327	327	1	16	278	95	96	Meh
385	9	Mi5	E5	336	336	1	16	278	95	96	me
386	9	Mi5	E5	336	336	3	16	833	95	96	dim 
387	9	Mi5	E5	336	336	1	16	278	99	96	Meh
388	9	Sol5	G5	349	349	1	16	278	95	96	
389	9	Sol5	G5	349	349	1	16	278	99	96	me
390	9	Mi5	E5	336	336	1	16	278	99	96	
391	12	Fa5	F5	340	340	1	8	556	95	96	
392	9	Mi5	E5	336	336	1	16	278	99	96	dim  
393	9	Re5	D5	327	327	3	16	834	95	96	
394	9	Mi5	E5	336	336	1	16	278	95	96	Sa
395	9	Fa5	F5	340	340	1	16	278	95	96	na 
396	9	Fa5	F5	340	340	3	32	417	99	96	küs
397	9	Mi5	E5	336	336	1	32	139	95	96	
398	10	Fa5	F5	340	340	7	128	243	99	96	tüm 
399	8	Sol5	G5	349	349	1	128	35	99	96	
400	9	Mi5	E5	336	336	1	16	278	95	96	
401	9	Mi5	E5	336	336	1	8	556	95	96	de
402	9	Mi5	E5	336	336	1	16	278	99	96	me
403	9	Re5	D5	327	327	1	16	278	99	96	
404	9	Mi5	E5	336	336	1	16	278	99	96	
405	9	Re5	D5	327	327	1	16	278	95	96	
406	9	Re5	D5	327	327	1	16	278	95	96	dim  
407	9	Do5	C5	318	318	3	16	834	95	96	
408	9	Do5	C5	318	318	1	16	278	95	96	Be
409	9	Re5	D5	327	327	1	16	278	95	96	ni 
410	10	Mi5	E5	336	336	7	128	243	99	96	sa
411	8	Sol5	G5	349	349	1	128	35	95	96	
412	9	Fa5	F5	340	340	1	16	278	95	96	
413	9	Fa5	F5	340	340	1	16	278	99	96	na 
414	9	Mi5	E5	336	336	1	16	278	95	96	
415	9	Fa5	F5	340	340	1	16	278	99	96	seç
416	9	Mi5	E5	336	336	1	16	278	95	96	
417	9	Mi5	E5	336	336	1	16	278	99	96	miþ
418	9	Re5	D5	327	327	1	16	278	99	96	
419	9	Mi5	E5	336	336	1	16	278	99	96	
420	9	Re5	D5	327	327	1	16	278	95	96	
421	9	Re5	D5	327	327	1	16	278	99	96	ler  
422	9	Do5	C5	318	318	3	16	834	95	96	
423	9	Do5	C5	318	318	1	16	278	95	96	Val
424	9	Re5	D5	327	327	1	16	278	95	96	la
425	9	Re5	D5	327	327	1	8	556	95	96	hi 
426	9	Re5	D5	327	327	1	16	278	99	96	ben 
427	9	Do5	C5	318	318	1	16	278	95	96	
428	9	Mi5	E5	336	336	1	16	278	99	96	de
429	9	Re5	D5	327	327	1	16	278	95	96	
430	9	Re5	D5	327	327	1	16	278	99	96	me
431	9	Si4b2	B4b1	312	313	1	16	278	99	96	
432	12	Do5	C5	318	318	1	8	556	95	96	
433	9	Si4b2	B4b1	312	313	1	16	278	99	96	dim  
434	9	La4	A4	305	305	1	16	278	95	96	
435	9	La4	A4	305	305	1	16	278	99	96	Sür
436	9	Do5	C5	318	318	1	16	278	99	96	
437	9	Si4b2	B4b1	312	313	1	16	278	95	96	
438	9	La4	A4	305	305	1	16	278	95	96	me
439	9	Si4b2	B4b1	312	313	1	16	278	95	96	lim_
440	9	La4	A4	305	305	3	16	833	95	96	am
441	9	La4	A4	305	305	5	8	2778	95	96	man  
442	9	Do5	C5	318	318	1	16	278	95	96	Be
443	9	Re5	D5	327	327	1	16	278	95	96	ni 
444	10	Mi5	E5	336	336	7	128	243	99	96	sa
445	8	Sol5	G5	349	349	1	128	35	95	96	
446	9	Fa5	F5	340	340	1	16	278	95	96	
447	9	Fa5	F5	340	340	1	16	278	99	96	na 
448	9	Mi5	E5	336	336	1	16	278	95	96	
449	9	Fa5	F5	340	340	1	16	278	99	96	seç
450	9	Mi5	E5	336	336	1	16	278	95	96	
451	9	Mi5	E5	336	336	1	16	278	99	96	miþ
452	9	Re5	D5	327	327	1	16	278	99	96	
453	9	Mi5	E5	336	336	1	16	278	99	96	
454	9	Re5	D5	327	327	1	16	278	95	96	
455	9	Re5	D5	327	327	1	16	278	99	96	ler  
456	9	Do5	C5	318	318	3	16	834	95	96	
457	9	Do5	C5	318	318	1	16	278	95	96	Val
458	9	Re5	D5	327	327	1	16	278	95	96	la
459	9	Re5	D5	327	327	1	8	556	95	96	hi 
460	9	Re5	D5	327	327	1	16	278	99	96	ben 
461	9	Do5	C5	318	318	1	16	278	95	96	
462	9	Mi5	E5	336	336	1	16	278	99	96	de
463	9	Re5	D5	327	327	1	16	278	95	96	
464	9	Re5	D5	327	327	1	16	278	99	96	me
465	9	Si4b2	B4b1	312	313	1	16	278	99	96	
466	12	Do5	C5	318	318	1	8	556	95	96	
467	9	Si4b2	B4b1	312	313	1	16	278	99	96	dim  
468	9	La4	A4	305	305	1	16	278	95	96	
469	9	La4	A4	305	305	1	16	278	99	96	Sür
470	9	Do5	C5	318	318	1	16	278	99	96	
471	9	Si4b2	B4b1	312	313	1	16	278	95	96	
472	9	La4	A4	305	305	1	16	278	95	96	me
473	9	Si4b2	B4b1	312	313	1	16	278	95	96	lim_
474	9	La4	A4	305	305	3	16	833	95	96	am
475	9	La4	A4	305	305	1	2	2222	95	96	man  
