Sira	Kod	Nota53	NotaAE	Koma53	KomaAE	Pay	Payda	Ms	LNS	Bas	Soz1	Offset
1	9	Mi5	E5	336	336	1	8	417	95	96	ARANAĞME	0.055556
2	9	Fa5	F5	340	340	1	4	833	95	96	.	0.166667
3	9	La5	A5	358	358	1	8	417	95	96	.	0.222222
4	9	Sol5	G5	349	349	3	16	625	95	96	.	0.305556
5	9	La5	A5	358	358	1	16	208	95	96	.	0.333333
6	9	Fa5	F5	340	340	3	16	625	95	96	.	0.416667
7	9	Sol5	G5	349	349	1	16	208	95	96	.	0.444444
8	9	Mi5	E5	336	336	3	16	625	95	96	.	0.527778
9	9	Fa5	F5	340	340	1	16	208	95	96	.	0.555556
10	9	Re5	D5	327	327	3	16	625	95	96	.	0.638889
11	9	Mi5	E5	336	336	1	16	208	95	96	.	0.666667
12	9	Do5	C5	318	318	1	8	417	95	96	.	0.722222
13	9	Re5	D5	327	327	1	8	417	95	96	.	0.777778
14	9	Do5	C5	318	318	1	8	417	95	96	.	0.833333
15	9	Si4b5	B4b5	309	309	1	8	417	95	96	.	0.888889
16	9	La4	A4	305	305	1	8	417	95	96	.	0.944444
17	9	Sol4	G4	296	296	1	8	417	95	96	.	1.000000
18	9	La4	A4	305	305	3	16	625	95	96	.	1.083333
19	9	Si4b5	B4b5	309	309	1	16	208	95	96	.	1.111111
20	9	Do5	C5	318	318	1	8	417	95	96	.	1.166667
21	9	Re5	D5	327	327	1	8	417	95	96	.	1.222222
22	9	Do5	C5	318	318	1	8	417	95	96	.	1.277778
23	9	Mi5b5	E5b5	331	331	1	8	417	95	96	.	1.333333
24	9	Re5	D5	327	327	1	8	417	95	96	.	1.388889
25	9	Do5	C5	318	318	1	8	417	95	96	.	1.444444
26	9	Si4b5	B4b5	309	309	3	16	625	95	96	.	1.527778
27	9	La4	A4	305	305	1	16	208	95	96	.	1.555556
28	9	Sol4	G4	296	296	1	8	417	95	96	.	1.611111
29	9	Si4b5	B4b5	309	309	1	8	417	95	96	.	1.666667
30	9	La4	A4	305	305	3	16	625	95	96	.	1.750000
31	9	Si4b5	B4b5	309	309	1	16	208	95	96	.	1.777778
32	9	Do5	C5	318	318	1	8	417	95	96	.	1.833333
33	9	Re5	D5	327	327	1	8	417	95	96	.	1.888889
34	9	Mi5	E5	336	336	1	8	417	95	96	.	1.944444
35	9	Sol5	G5	349	349	1	8	417	95	96	.	2.000000
36	9	Mi5	E5	336	336	1	8	417	95	96	.	2.055556
37	9	Fa5	F5	340	340	1	4	833	95	96	.	2.166667
38	9	La5	A5	358	358	1	8	417	95	96	.	2.222222
39	9	Sol5	G5	349	349	3	16	625	95	96	.	2.305556
40	9	La5	A5	358	358	1	16	208	95	96	.	2.333333
41	9	Fa5	F5	340	340	3	16	625	95	96	.	2.416667
42	9	Sol5	G5	349	349	1	16	208	95	96	.	2.444444
43	9	Mi5	E5	336	336	3	16	625	95	96	.	2.527778
44	9	Fa5	F5	340	340	1	16	208	95	96	.	2.555556
45	9	Re5	D5	327	327	3	16	625	95	96	.	2.638889
46	9	Mi5	E5	336	336	1	16	208	95	96	.	2.666667
47	9	Do5	C5	318	318	1	8	417	95	96	.	2.722222
48	9	Re5	D5	327	327	1	8	417	95	96	.	2.777778
49	9	Do5	C5	318	318	1	8	417	95	96	.	2.833333
50	9	Si4b5	B4b5	309	309	1	8	417	95	96	.	2.888889
51	9	La4	A4	305	305	1	8	417	95	96	.	2.944444
52	9	Sol4	G4	296	296	1	8	417	95	96	.	3.000000
53	9	La4	A4	305	305	3	16	625	95	96	.	3.083333
54	9	Si4b5	B4b5	309	309	1	16	208	95	96	.	3.111111
55	9	Do5	C5	318	318	1	8	417	95	96	.	3.166667
56	9	Re5	D5	327	327	1	8	417	95	96	.	3.222222
57	9	Do5	C5	318	318	1	8	417	95	96	.	3.277778
58	9	Mi5b5	E5b5	331	331	1	8	417	95	96	.	3.333333
59	9	Re5	D5	327	327	1	8	417	95	96	.	3.388889
60	9	Do5	C5	318	318	1	8	417	95	96	.	3.444444
61	9	Si4b5	B4b5	309	309	3	16	625	95	96	.	3.527778
62	9	La4	A4	305	305	1	16	208	95	96	.	3.555556
63	9	Sol4	G4	296	296	1	8	417	95	96	.	3.611111
64	9	Si4b5	B4b5	309	309	1	16	208	95	96	.	3.638889
65	9	La4	A4	305	305	1	16	208	95	96	.	3.666667
66	9	La4	A4	305	305	3	8	1250	95	96	.	3.833333
67	9	Fa5	F5	340	340	1	8	417	95	96	.	3.888889
68	9	Mi5	E5	336	336	1	8	417	95	96	.	3.944444
69	9	Sol5	G5	349	349	1	8	417	95	96	.	4.000000
70	9	Mi5	E5	336	336	1	8	417	95	96	ARANAĞME	4.055555
71	9	Fa5	F5	340	340	1	4	833	95	96	.	4.166667
72	9	La5	A5	358	358	1	8	417	95	96	.	4.222222
73	9	Sol5	G5	349	349	3	16	625	95	96	.	4.305555
74	9	La5	A5	358	358	1	16	208	95	96	.	4.333333
75	9	Fa5	F5	340	340	3	16	625	95	96	.	4.416667
76	9	Sol5	G5	349	349	1	16	208	95	96	.	4.444445
77	9	Mi5	E5	336	336	3	16	625	95	96	.	4.527778
78	9	Fa5	F5	340	340	1	16	208	95	96	.	4.555555
79	9	Re5	D5	327	327	3	16	625	95	96	.	4.638889
80	9	Mi5	E5	336	336	1	16	208	95	96	.	4.666667
81	9	Do5	C5	318	318	1	8	417	95	96	.	4.722222
82	9	Re5	D5	327	327	1	8	417	95	96	.	4.777778
83	9	Do5	C5	318	318	1	8	417	95	96	.	4.833333
84	9	Si4b5	B4b5	309	309	1	8	417	95	96	.	4.888889
85	9	La4	A4	305	305	1	8	417	95	96	.	4.944445
86	9	Sol4	G4	296	296	1	8	417	95	96	.	5.000000
87	9	La4	A4	305	305	3	16	625	95	96	.	5.083333
88	9	Si4b5	B4b5	309	309	1	16	208	95	96	.	5.111111
89	9	Do5	C5	318	318	1	8	417	95	96	.	5.166667
90	9	Re5	D5	327	327	1	8	417	95	96	.	5.222222
91	9	Do5	C5	318	318	1	8	417	95	96	.	5.277778
92	9	Mi5b5	E5b5	331	331	1	8	417	95	96	.	5.333333
93	9	Re5	D5	327	327	1	8	417	95	96	.	5.388889
94	9	Do5	C5	318	318	1	8	417	95	96	.	5.444445
95	9	Si4b5	B4b5	309	309	3	16	625	95	96	.	5.527778
96	9	La4	A4	305	305	1	16	208	95	96	.	5.555555
97	9	Sol4	G4	296	296	1	8	417	95	96	.	5.611111
98	9	Si4b5	B4b5	309	309	1	8	417	95	96	.	5.666667
99	9	La4	A4	305	305	3	16	625	95	96	.	5.750000
100	9	Si4b5	B4b5	309	309	1	16	208	95	96	.	5.777778
101	9	Do5	C5	318	318	1	8	417	95	96	.	5.833333
102	9	Re5	D5	327	327	1	8	417	95	96	.	5.888889
103	9	Mi5	E5	336	336	1	8	417	95	96	.	5.944445
104	9	Sol5	G5	349	349	1	8	417	95	96	.	6.000000
105	9	Mi5	E5	336	336	1	8	417	95	96	.	6.055555
106	9	Fa5	F5	340	340	1	4	833	95	96	.	6.166667
107	9	La5	A5	358	358	1	8	417	95	96	.	6.222222
108	9	Sol5	G5	349	349	3	16	625	95	96	.	6.305555
109	9	La5	A5	358	358	1	16	208	95	96	.	6.333333
110	9	Fa5	F5	340	340	3	16	625	95	96	.	6.416667
111	9	Sol5	G5	349	349	1	16	208	95	96	.	6.444445
112	9	Mi5	E5	336	336	3	16	625	95	96	.	6.527778
113	9	Fa5	F5	340	340	1	16	208	95	96	.	6.555555
114	9	Re5	D5	327	327	3	16	625	95	96	.	6.638889
115	9	Mi5	E5	336	336	1	16	208	95	96	.	6.666667
116	9	Do5	C5	318	318	1	8	417	95	96	.	6.722222
117	9	Re5	D5	327	327	1	8	417	95	96	.	6.777778
118	9	Do5	C5	318	318	1	8	417	95	96	.	6.833333
119	9	Si4b5	B4b5	309	309	1	8	417	95	96	.	6.888889
120	9	La4	A4	305	305	1	8	417	95	96	.	6.944445
121	9	Sol4	G4	296	296	1	8	417	95	96	.	7.000000
122	9	La4	A4	305	305	3	16	625	95	96	.	7.083333
123	9	Si4b5	B4b5	309	309	1	16	208	95	96	.	7.111111
124	9	Do5	C5	318	318	1	8	417	95	96	.	7.166667
125	9	Re5	D5	327	327	1	8	417	95	96	.	7.222222
126	9	Do5	C5	318	318	1	8	417	95	96	.	7.277778
127	9	Mi5b5	E5b5	331	331	1	8	417	95	96	.	7.333333
128	9	Re5	D5	327	327	1	8	417	95	96	.	7.388889
129	9	Do5	C5	318	318	1	8	417	95	96	.	7.444445
130	9	Si4b5	B4b5	309	309	3	16	625	95	96	.	7.527778
131	9	La4	A4	305	305	1	16	208	95	96	.	7.555555
132	9	Sol4	G4	296	296	1	8	417	95	96	.	7.611111
133	9	Si4b5	B4b5	309	309	1	16	208	95	96	.	7.638889
134	9	La4	A4	305	305	1	16	208	95	96	.	7.666667
135	9	La4	A4	305	305	3	8	1250	95	96	.	7.833333
136	9	Do5	C5	318	318	1	8	417	95	96	.	7.888889
137	9	Re5	D5	327	327	1	8	417	95	96	.	7.944445
138	9	Mi5	E5	336	336	1	8	417	95	96	.	8.000000
139	9	Fa5	F5	340	340	3	16	625	95	96	.	8.083333
140	9	Sol5	G5	349	349	1	16	208	95	96	.	8.111111
141	9	Fa5	F5	340	340	1	16	208	95	96	.	8.138889
142	9	Mi5	E5	336	336	1	16	208	95	96	.	8.166667
143	9	Fa5	F5	340	340	1	8	417	95	96	.	8.222222
144	9	Es	Es	-1	-1	1	8	417	100	0		8.277778
145	9	Fa5	F5	340	340	1	4	833	95	96	Sev	8.388889
146	10	Fa5	F5	340	340	1	8	417	95	96	di 	8.444445
147	8	Sol5	G5	349	349	0	0	0	95	96		8.444445
148	10	Fa5	F5	340	340	1	8	417	99	96	gön	8.500000
149	8	Sol5	G5	349	349	0	0	0	99	96		8.500000
150	9	Mi5	E5	336	336	1	8	417	99	96		8.555555
151	9	Mi5	E5	336	336	1	8	417	99	96		8.611111
152	9	Re5	D5	327	327	1	8	417	95	96		8.666667
153	10	Re5	D5	327	327	1	8	417	99	96	lüm 	8.722222
154	8	Fa5	F5	340	340	0	0	0	99	96		8.722222
155	9	Mi5	E5	336	336	1	16	208	99	96		8.750000
156	9	Re5	D5	327	327	1	16	208	99	96		8.777778
157	9	Re5	D5	327	327	1	16	208	99	96		8.805555
158	9	Do5	C5	318	318	1	16	208	99	96		8.833333
159	9	Do5	C5	318	318	1	16	208	99	96		8.861111
160	9	Si4b2	B4b1	312	313	1	16	208	99	96		8.888889
161	9	Do5	C5	318	318	1	4	833	95	96		9.000000
162	9	Re5	D5	327	327	1	8	417	99	96	ey 	9.055555
163	9	Mi5	E5	336	336	1	8	417	99	96		9.111111
164	9	Re5	D5	327	327	1	8	417	99	96		9.166667
165	9	Do5	C5	318	318	1	8	417	95	96		9.222222
166	9	Re5	D5	327	327	1	8	417	99	96	me	9.277778
167	9	Mi5	E5	336	336	1	8	417	99	96		9.333333
168	9	Fa5	F5	340	340	1	8	417	99	96		9.388889
169	9	Sol5	G5	349	349	1	8	417	95	96		9.444445
170	9	La5	A5	358	358	3	16	625	99	96	lek 	9.527778
171	9	Sol5	G5	349	349	1	16	208	99	96		9.555555
172	9	Fa5	F5	340	340	1	8	417	99	96		9.611111
173	9	Sol5	G5	349	349	1	8	417	95	96		9.666667
174	9	Mi5	E5	336	336	1	4	833	99	96	sî 	9.777778
175	9	Fa5	F5	340	340	1	2	1667	95	96		10.000000
176	9	Es	Es	-1	-1	1	8	417	100	0		10.055560
177	9	Mi5	E5	336	336	1	16	208	99	96	sî	10.083330
178	9	Fa5	F5	340	340	1	16	208	99	96		10.111110
179	9	Sol5	G5	349	349	1	8	417	99	96		10.166670
180	9	La5	A5	358	358	1	8	417	99	96		10.222220
181	9	Sol5	G5	349	349	1	8	417	99	96		10.277780
182	9	Si5b5	B5b5	362	362	1	8	417	99	96		10.333330
183	9	La5	A5	358	358	1	8	417	99	96		10.388890
184	9	Sol5	G5	349	349	1	8	417	99	96		10.444440
185	9	Fa5	F5	340	340	1	16	208	99	96		10.472220
186	9	Mi5	E5	336	336	1	16	208	99	96		10.500000
187	9	Fa5	F5	340	340	1	16	208	99	96		10.527780
188	9	Sol5	G5	349	349	1	16	208	99	96		10.555560
189	9	Fa5	F5	340	340	1	8	417	99	96		10.611110
190	9	Mi5	E5	336	336	1	8	417	95	96		10.666670
191	9	Mi5	E5	336	336	3	16	625	99	96	mâ 	10.750000
192	9	Re5	D5	327	327	1	16	208	99	96		10.777780
193	9	Do5#3	C5#4	321	322	1	8	417	99	96		10.833330
194	9	Re5	D5	327	327	1	8	417	95	96		10.888890
195	9	Mi5	E5	336	336	1	16	208	99	96	se	10.916670
196	9	Fa5	F5	340	340	1	16	208	99	96		10.944440
197	9	Mi5	E5	336	336	1	16	208	99	96		10.972220
198	11	Re5	D5	327	327	1	16	208	95	96		11.000000
199	9	Re5	D5	327	327	1	2	1667	95	96	ni 	11.222220
200	9	Es	Es	-1	-1	1	4	833	100	0		11.333330
201	9	La5	A5	358	358	1	4	833	95	96	a 	11.444440
202	9	Sol5	G5	349	349	3	16	625	99	96	ca	11.527780
203	9	Fa5	F5	340	340	1	16	208	99	96		11.555560
204	9	Mi5	E5	336	336	1	8	417	99	96		11.611110
205	8	La5	A5	358	358	0	0	0	95	96		11.611110
206	9	Sol5	G5	349	349	1	16	208	99	96		11.638890
207	9	Fa5	F5	340	340	1	16	208	95	96		11.666670
208	9	Fa5	F5	340	340	3	8	1250	95	96	nım  	11.833330
209	9	Mi5	E5	336	336	1	8	417	95	96	SAZ	11.888890
210	9	La5	A5	358	358	1	8	417	95	96	.	11.944440
211	9	Sol5	G5	349	349	1	16	208	95	96	.	11.972220
212	9	Fa5	F5	340	340	1	16	208	95	96	.	12.000000
213	9	Fa5	F5	340	340	3	16	625	95	96	.	12.083330
214	9	Sol5	G5	349	349	1	16	208	95	96	.	12.111110
215	9	Fa5	F5	340	340	1	16	208	95	96	.	12.138890
216	9	Mi5	E5	336	336	1	16	208	95	96	.	12.166670
217	9	Fa5	F5	340	340	1	8	417	95	96	.	12.222220
218	9	Es	Es	-1	-1	1	8	417	100	0		12.277780
219	9	Fa5	F5	340	340	1	4	833	95	96	Ben 	12.388890
220	10	Fa5	F5	340	340	1	8	417	95	96	ka	12.444440
221	8	Sol5	G5	349	349	0	0	0	95	96		12.444440
222	9	Fa5	F5	340	340	1	8	417	99	96	dar 	12.500000
223	9	Mi5	E5	336	336	1	8	417	99	96		12.555560
224	9	Mi5	E5	336	336	1	8	417	99	96		12.611110
225	9	Re5	D5	327	327	1	8	417	95	96		12.666670
226	9	Re5	D5	327	327	1	8	417	99	90	var 	12.722220
227	9	Mi5	E5	336	336	1	8	417	99	102		12.777780
228	9	Re5	D5	327	327	1	8	417	99	90		12.833330
229	9	Mi5	E5	336	336	1	8	417	99	102		12.888890
230	9	Re5	D5	327	327	1	8	417	99	86		12.944440
231	9	Mi5	E5	336	336	1	16	208	99	92		12.972220
232	9	Fa5	F5	340	340	1	16	208	99	108		13.000000
233	9	Mi5	E5	336	336	1	16	208	99	96		13.027780
234	9	Re5	D5	327	327	1	16	208	99	96		13.055560
235	9	Do5	C5	318	318	1	16	208	99	96		13.083330
236	9	Re5	D5	327	327	1	16	208	99	96		13.111110
237	9	Do5	C5	318	318	1	8	417	99	96		13.166670
238	9	Si4b2	B4b1	312	313	1	8	417	95	96		13.222220
239	9	Es	Es	-1	-1	1	8	417	100	0		13.277780
240	9	Do5	C5	318	318	1	16	208	99	96	mı 	13.305560
241	9	Re5	D5	327	327	1	16	208	99	96		13.333330
242	9	Do5	C5	318	318	1	8	417	95	96		13.388890
243	9	Re5	D5	327	327	1	8	417	95	96	se	13.444440
244	9	Do5	C5	318	318	1	8	417	99	96	ven 	13.500000
245	8	Fa5	F5	340	340	0	0	0	99	108		13.500000
246	9	Mi5b5	E5b5	331	331	1	8	417	99	96		13.555560
247	9	Re5	D5	327	327	1	8	417	99	96		13.611110
248	9	Do5	C5	318	318	1	8	417	95	96		13.666670
249	9	Si4b5	B4b5	309	309	1	4	833	99	96	câ	13.777780
250	9	La4	A4	305	305	1	2	1667	95	96		14.000000
251	9	Es	Es	-1	-1	1	8	417	100	0		14.055560
252	9	La4	A4	305	305	1	4	833	99	96	câ	14.166670
253	9	Si4b3	B4b4	311	310	1	8	417	99	96		14.222220
254	9	Do5	C5	318	318	1	8	417	99	96		14.277780
255	9	Si4b2	B4b1	312	313	1	16	208	99	96		14.305560
256	9	Do5	C5	318	318	1	16	208	99	96		14.333330
257	9	Re5	D5	327	327	1	4	833	99	96		14.444440
258	8	Do5	C5	318	318	0	0	0	99	108		14.444440
259	9	Si4b5	B4b5	309	309	1	16	208	99	96		14.472220
260	9	La4	A4	305	305	1	16	208	99	96		14.500000
261	9	Si4b5	B4b5	309	309	1	16	208	99	96		14.527780
262	9	Do5	C5	318	318	1	16	208	99	96		14.555560
263	9	Si4b5	B4b5	309	309	1	8	417	99	96		14.611110
264	9	La4	A4	305	305	1	8	417	95	96		14.666670
265	9	Sol4	G4	296	296	1	2	1667	95	96	nâ 	14.888890
266	9	Do5	C5	318	318	1	8	417	99	96	se	14.944440
267	9	Si4b5	B4b5	309	309	1	16	208	99	96		14.972220
268	11	La4	A4	305	305	1	16	208	95	96		15.000000
269	9	La4	A4	305	305	1	2	1667	95	96	ni 	15.222220
270	9	Es	Es	-1	-1	1	4	833	100	0		15.333330
271	9	La5	A5	358	358	1	4	833	95	96	a 	15.444440
272	9	Sol5	G5	349	349	3	16	625	99	96	câ	15.527780
273	9	Fa5	F5	340	340	1	16	208	99	96		15.555560
274	9	Mi5	E5	336	336	1	8	417	99	96		15.611110
275	8	La5	A5	358	358	0	0	0	99	108		15.611110
276	9	Sol5	G5	349	349	1	16	208	99	96		15.638890
277	9	Fa5	F5	340	340	1	16	208	95	96		15.666670
278	9	Fa5	F5	340	340	3	8	1250	95	96	nım  	15.833330
279	9	Mi5	E5	336	336	1	8	417	95	96	SAZ	15.888890
280	9	La5	A5	358	358	1	8	417	95	96	.	15.944440
281	9	Sol5	G5	349	349	1	16	208	95	96	.	15.972220
282	9	Fa5	F5	340	340	1	16	208	95	96	.	16.000000
283	9	Fa5	F5	340	340	3	16	625	95	96	.	16.083330
284	9	Sol5	G5	349	349	1	16	208	95	96	.	16.111110
285	9	Fa5	F5	340	340	1	16	208	95	96	.	16.138890
286	9	Mi5	E5	336	336	1	16	208	95	96	.	16.166670
287	9	Fa5	F5	340	340	1	8	417	95	96	.	16.222220
288	9	Es	Es	-1	-1	1	8	417	100	0		16.277780
289	9	Fa5	F5	340	340	1	4	833	95	96	Ben 	16.388890
290	10	Fa5	F5	340	340	1	8	417	95	96	ka	16.444440
291	8	Sol5	G5	349	349	0	0	0	95	96		16.444440
292	9	Fa5	F5	340	340	1	8	417	99	96	dar 	16.500000
293	9	Mi5	E5	336	336	1	8	417	99	96		16.555560
294	9	Mi5	E5	336	336	1	8	417	99	96		16.611110
295	9	Re5	D5	327	327	1	8	417	95	96		16.666670
296	9	Re5	D5	327	327	1	8	417	99	90	var 	16.722220
297	9	Mi5	E5	336	336	1	8	417	99	102		16.777780
298	9	Re5	D5	327	327	1	8	417	99	90		16.833330
299	9	Mi5	E5	336	336	1	8	417	99	102		16.888890
300	9	Re5	D5	327	327	1	8	417	99	86		16.944440
301	9	Mi5	E5	336	336	1	16	208	99	92		16.972220
302	9	Fa5	F5	340	340	1	16	208	99	108		17.000000
303	9	Mi5	E5	336	336	1	16	208	99	96		17.027780
304	9	Re5	D5	327	327	1	16	208	99	96		17.055560
305	9	Do5	C5	318	318	1	16	208	99	96		17.083330
306	9	Re5	D5	327	327	1	16	208	99	96		17.111110
307	9	Do5	C5	318	318	1	8	417	99	96		17.166670
308	9	Si4b2	B4b1	312	313	1	8	417	95	96		17.222220
309	9	Es	Es	-1	-1	1	8	417	100	0		17.277780
310	9	Do5	C5	318	318	1	16	208	99	96	mı 	17.305560
311	9	Re5	D5	327	327	1	16	208	99	96		17.333330
312	9	Do5	C5	318	318	1	8	417	95	96		17.388890
313	9	Re5	D5	327	327	1	8	417	95	96	se	17.444440
314	9	Do5	C5	318	318	1	8	417	99	96	ven 	17.500000
315	8	Fa5	F5	340	340	0	0	0	99	108		17.500000
316	9	Mi5b5	E5b5	331	331	1	8	417	99	96		17.555560
317	9	Re5	D5	327	327	1	8	417	99	96		17.611110
318	9	Do5	C5	318	318	1	8	417	95	96		17.666670
319	9	Si4b5	B4b5	309	309	1	4	833	99	96	câ	17.777780
320	9	La4	A4	305	305	1	2	1667	95	96		18.000000
321	9	Es	Es	-1	-1	1	8	417	100	0		18.055560
322	9	La4	A4	305	305	1	4	833	99	96	câ	18.166670
323	9	Si4b3	B4b4	311	310	1	8	417	99	96		18.222220
324	9	Do5	C5	318	318	1	8	417	99	96		18.277780
325	9	Si4b2	B4b1	312	313	1	16	208	99	96		18.305560
326	9	Do5	C5	318	318	1	16	208	99	96		18.333330
327	9	Re5	D5	327	327	1	4	833	99	96		18.444440
328	8	Do5	C5	318	318	0	0	0	99	108		18.444440
329	9	Si4b5	B4b5	309	309	1	16	208	99	96		18.472220
330	9	La4	A4	305	305	1	16	208	99	96		18.500000
331	9	Si4b5	B4b5	309	309	1	16	208	99	96		18.527780
332	9	Do5	C5	318	318	1	16	208	99	96		18.555560
333	9	Si4b5	B4b5	309	309	1	8	417	99	96		18.611110
334	9	La4	A4	305	305	1	8	417	95	96		18.666670
335	9	Sol4	G4	296	296	1	2	1667	95	96	nâ 	18.888890
336	9	Do5	C5	318	318	1	8	417	99	96	se	18.944440
337	9	Si4b5	B4b5	309	309	1	16	208	99	96		18.972220
338	11	La4	A4	305	305	1	16	208	95	96		19.000000
339	9	La4	A4	305	305	1	2	1667	95	96	ni  	19.222220
340	9	Es	Es	-1	-1	1	4	833	100	0		19.333330
341	9	Fa5#3	F5#4	343	344	1	8	417	95	96	SAZ	19.388890
342	9	Sol5	G5	349	349	1	8	417	95	96	.	19.444440
343	9	La5	A5	358	358	3	16	625	95	96	.	19.527780
344	9	Sol5	G5	349	349	1	16	208	95	96	.	19.555560
345	9	Fa5#3	F5#4	343	344	1	16	208	95	96	.	19.583330
346	9	Sol5	G5	349	349	1	16	208	95	96	.	19.611110
347	9	La5	A5	358	358	1	16	208	95	96	.	19.638890
348	9	Si5b5	B5b5	362	362	1	16	208	95	96	.	19.666670
349	9	Sol5	G5	349	349	1	8	417	95	96	.	19.722220
350	9	La5	A5	358	358	1	4	833	95	96	.	19.833330
351	9	Sol5	G5	349	349	1	8	417	95	96	.	19.888890
352	9	Do6	C6	371	371	1	8	417	95	96	.	19.944440
353	9	Si5b5	B5b5	362	362	1	16	208	95	96	.	19.972220
354	9	La5	A5	358	358	1	16	208	95	96	.	20.000000
355	9	La5	A5	358	358	3	16	625	95	96	SAZ	20.083330
356	9	Si5b5	B5b5	362	362	1	16	208	95	96	.	20.111110
357	9	La5	A5	358	358	1	16	208	95	96	.	20.138890
358	9	Sol5	G5	349	349	1	16	208	95	96	.	20.166670
359	9	La5	A5	358	358	1	8	417	95	96	.	20.222220
360	9	Es	Es	-1	-1	1	8	417	100	0		20.277780
361	9	Sol5	G5	349	349	1	4	833	95	96	İs	20.388890
362	8	La5	A5	358	358	0	0	0	95	96		20.388890
363	9	La5	A5	358	358	1	8	417	95	96	te	20.444440
364	9	La5	A5	358	358	1	8	417	99	96	rim 	20.500000
365	9	Do6	C6	371	371	1	8	417	99	96		20.555560
366	9	Si5b5	B5b5	362	362	1	8	417	99	96		20.611110
367	9	La5	A5	358	358	1	8	417	95	96		20.666670
368	9	La5	A5	358	358	1	8	417	99	96	bir 	20.722220
369	9	Sol5	G5	349	349	1	8	417	99	96		20.777780
370	9	Fa5	F5	340	340	1	8	417	99	96		20.833330
371	9	Mi5	E5	336	336	1	8	417	99	96		20.888890
372	9	Re5	D5	327	327	1	8	417	99	96		20.944440
373	9	Mi5	E5	336	336	1	8	417	99	96		21.000000
374	9	Do5	C5	318	318	1	8	417	99	96		21.055560
375	9	Re5	D5	327	327	1	16	208	99	96		21.083330
376	9	Do5	C5	318	318	1	16	208	99	96		21.111110
377	9	Si4b5	B4b5	309	309	1	8	417	99	96		21.166670
378	9	La4	A4	305	305	1	8	417	95	96		21.222220
379	9	Es	Es	-1	-1	1	8	417	100	0		21.277780
380	9	Sol5	G5	349	349	1	8	417	99	96	lah	21.333330
381	9	Fa5#3	F5#4	343	344	1	8	417	95	96		21.388890
382	9	Sol5	G5	349	349	1	8	417	95	96	za	21.444440
383	9	La5	A5	358	358	1	8	417	99	96	cık	21.500000
384	9	Si5b4	B5b4	363	363	1	16	208	99	96		21.527780
385	9	La5	A5	358	358	1	16	208	99	96		21.555560
386	9	Sol5	G5	349	349	1	8	417	99	96		21.611110
387	9	La5	A5	358	358	1	8	417	95	96		21.666670
388	9	Sol5	G5	349	349	1	4	833	99	96	ten 	21.777780
389	9	La5	A5	358	358	1	2	1667	95	96		22.000000
390	9	Es	Es	-1	-1	1	8	417	100	0		22.055560
391	9	Mi5	E5	336	336	1	16	208	99	96	ten	22.083330
392	9	Fa5	F5	340	340	1	16	208	99	96		22.111110
393	9	Sol5	G5	349	349	1	8	417	99	96		22.166670
394	9	La5	A5	358	358	1	8	417	99	96		22.222220
395	9	Sol5	G5	349	349	1	8	417	99	96		22.277780
396	9	Si5b5	B5b5	362	362	1	8	417	99	96		22.333330
397	9	La5	A5	358	358	1	8	417	99	96		22.388890
398	9	Sol5	G5	349	349	1	8	417	99	96		22.444440
399	9	Fa5	F5	340	340	1	16	208	99	96		22.472220
400	9	Mi5	E5	336	336	1	16	208	99	96		22.500000
401	9	Fa5	F5	340	340	1	16	208	99	96		22.527780
402	9	Sol5	G5	349	349	1	16	208	99	96		22.555560
403	9	Fa5	F5	340	340	1	8	417	99	96		22.611110
404	9	Mi5	E5	336	336	1	8	417	95	96		22.666670
405	9	Mi5	E5	336	336	3	16	625	99	96	ha 	22.750000
406	9	Re5	D5	327	327	1	16	208	99	96		22.777780
407	9	Do5#4	C5#4	322	322	1	8	417	99	96		22.833330
408	9	Re5	D5	327	327	1	8	417	95	96		22.888890
409	9	Mi5	E5	336	336	1	16	208	99	96	se	22.916670
410	9	Fa5	F5	340	340	1	16	208	99	96		22.944440
411	9	Mi5	E5	336	336	1	16	208	99	96		22.972220
412	11	Re5	D5	327	327	1	16	208	95	96		23.000000
413	9	Re5	D5	327	327	1	2	1667	95	96	ni 	23.222220
414	9	Es	Es	-1	-1	1	4	833	100	0		23.333330
415	9	La5	A5	358	358	1	4	833	95	96	a 	23.444440
416	9	Sol5	G5	349	349	3	16	625	99	96	câ	23.527780
417	9	Fa5	F5	340	340	1	16	208	99	96		23.555560
418	9	Mi5	E5	336	336	1	8	417	99	96		23.611110
419	8	La5	A5	358	358	0	0	0	99	96		23.611110
420	9	Sol5	G5	349	349	1	16	208	99	96		23.638890
421	9	Fa5	F5	340	340	1	16	208	95	96		23.666670
422	9	Fa5	F5	340	340	3	8	1250	95	96	nım  	23.833330
423	9	Mi5	E5	336	336	1	8	417	95	96	SAZ	23.888890
424	9	La5	A5	358	358	1	8	417	95	96	.	23.944440
425	9	Sol5	G5	349	349	1	16	208	95	96	.	23.972220
426	9	Fa5	F5	340	340	1	16	208	95	96	.	24.000000
427	9	Fa5	F5	340	340	3	16	625	95	96	.	24.083330
428	9	Sol5	G5	349	349	1	16	208	95	96	.	24.111110
429	9	Fa5	F5	340	340	1	16	208	95	96	.	24.138890
430	9	Mi5	E5	336	336	1	16	208	95	96	.	24.166670
431	9	Fa5	F5	340	340	1	8	417	95	96	.	24.222220
432	9	Es	Es	-1	-1	1	8	417	100	0		24.277780
433	9	Fa5	F5	340	340	1	4	833	95	96	Ben 	24.388890
434	10	Fa5	F5	340	340	1	8	417	95	96	ka	24.444440
435	8	Sol5	G5	349	349	0	0	0	95	96		24.444440
436	9	Fa5	F5	340	340	1	8	417	99	96	dar 	24.500000
437	9	Mi5	E5	336	336	1	8	417	99	96		24.555560
438	9	Mi5	E5	336	336	1	8	417	99	96		24.611110
439	9	Re5	D5	327	327	1	8	417	95	96		24.666670
440	9	Re5	D5	327	327	1	8	417	99	90	var 	24.722220
441	9	Mi5	E5	336	336	1	8	417	99	102		24.777780
442	9	Re5	D5	327	327	1	8	417	99	90		24.833330
443	9	Mi5	E5	336	336	1	8	417	99	102		24.888890
444	9	Re5	D5	327	327	1	8	417	99	86		24.944440
445	9	Mi5	E5	336	336	1	16	208	99	92		24.972220
446	9	Fa5	F5	340	340	1	16	208	99	108		25.000000
447	9	Mi5	E5	336	336	1	16	208	99	96		25.027780
448	9	Re5	D5	327	327	1	16	208	99	96		25.055560
449	9	Do5	C5	318	318	1	16	208	99	96		25.083330
450	9	Re5	D5	327	327	1	16	208	99	96		25.111110
451	9	Do5	C5	318	318	1	8	417	99	96		25.166670
452	9	Si4b2	B4b1	312	313	1	8	417	95	96		25.222220
453	9	Es	Es	-1	-1	1	8	417	100	0		25.277780
454	9	Do5	C5	318	318	1	16	208	99	96	mı 	25.305560
455	9	Re5	D5	327	327	1	16	208	99	96		25.333330
456	9	Do5	C5	318	318	1	8	417	95	96		25.388890
457	9	Re5	D5	327	327	1	8	417	95	96	se	25.444440
458	9	Do5	C5	318	318	1	8	417	99	96	ven 	25.500000
459	8	Fa5	F5	340	340	0	0	0	99	108		25.500000
460	9	Mi5b5	E5b5	331	331	1	8	417	99	96		25.555560
461	9	Re5	D5	327	327	1	8	417	99	96		25.611110
462	9	Do5	C5	318	318	1	8	417	95	96		25.666670
463	9	Si4b5	B4b5	309	309	1	4	833	99	96	câ	25.777780
464	9	La4	A4	305	305	1	2	1667	95	96		26.000000
465	9	Es	Es	-1	-1	1	8	417	100	0		26.055560
466	9	La4	A4	305	305	1	4	833	99	96	câ	26.166670
467	9	Si4b3	B4b4	311	310	1	8	417	99	96		26.222220
468	9	Do5	C5	318	318	1	8	417	99	96		26.277780
469	9	Si4b2	B4b1	312	313	1	16	208	99	96		26.305560
470	9	Do5	C5	318	318	1	16	208	99	96		26.333330
471	9	Re5	D5	327	327	1	4	833	99	96		26.444440
472	8	Do5	C5	318	318	0	0	0	99	108		26.444440
473	9	Si4b5	B4b5	309	309	1	16	208	99	96		26.472220
474	9	La4	A4	305	305	1	16	208	99	96		26.500000
475	9	Si4b5	B4b5	309	309	1	16	208	99	96		26.527780
476	9	Do5	C5	318	318	1	16	208	99	96		26.555560
477	9	Si4b5	B4b5	309	309	1	8	417	99	96		26.611110
478	9	La4	A4	305	305	1	8	417	95	96		26.666670
479	9	Sol4	G4	296	296	1	2	1667	95	96	nâ 	26.888890
480	9	Do5	C5	318	318	1	8	417	99	96	se	26.944440
481	9	Si4b5	B4b5	309	309	1	16	208	99	96		26.972220
482	11	La4	A4	305	305	1	16	208	95	96		27.000000
483	9	La4	A4	305	305	1	2	1667	95	96	ni 	27.222220
484	9	Es	Es	-1	-1	1	4	833	100	0		27.333330
485	9	La5	A5	358	358	1	4	833	95	96	a 	27.444440
486	9	Sol5	G5	349	349	3	16	625	99	96	câ	27.527780
487	9	Fa5	F5	340	340	1	16	208	99	96		27.555560
488	9	Mi5	E5	336	336	1	8	417	99	96		27.611110
489	8	La5	A5	358	358	0	0	0	99	108		27.611110
490	9	Sol5	G5	349	349	1	16	208	99	96		27.638890
491	9	Fa5	F5	340	340	1	16	208	95	96		27.666670
492	9	Fa5	F5	340	340	3	8	1250	95	96	nım  	27.833330
493	9	Mi5	E5	336	336	1	8	417	95	96	SAZ	27.888890
494	9	La5	A5	358	358	1	8	417	95	96	.	27.944440
495	9	Sol5	G5	349	349	1	16	208	95	96	.	27.972220
496	9	Fa5	F5	340	340	1	16	208	95	96	.	28.000000
497	9	Fa5	F5	340	340	3	16	625	95	96	.	28.083330
498	9	Sol5	G5	349	349	1	16	208	95	96	.	28.111110
499	9	Fa5	F5	340	340	1	16	208	95	96	.	28.138890
500	9	Mi5	E5	336	336	1	16	208	95	96	.	28.166670
501	9	Fa5	F5	340	340	1	8	417	95	96	.	28.222220
502	9	Es	Es	-1	-1	1	8	417	100	0		28.277780
503	9	Fa5	F5	340	340	1	4	833	95	96	Ben 	28.388890
504	10	Fa5	F5	340	340	1	8	417	95	96	ka	28.444440
505	8	Sol5	G5	349	349	0	0	0	95	96		28.444440
506	9	Fa5	F5	340	340	1	8	417	99	96	dar 	28.500000
507	9	Mi5	E5	336	336	1	8	417	99	96		28.555560
508	9	Mi5	E5	336	336	1	8	417	99	96		28.611110
509	9	Re5	D5	327	327	1	8	417	95	96		28.666670
510	9	Re5	D5	327	327	1	8	417	99	90	var 	28.722220
511	9	Mi5	E5	336	336	1	8	417	99	102		28.777780
512	9	Re5	D5	327	327	1	8	417	99	90		28.833330
513	9	Mi5	E5	336	336	1	8	417	99	102		28.888890
514	9	Re5	D5	327	327	1	8	417	99	86		28.944440
515	9	Mi5	E5	336	336	1	16	208	99	92		28.972220
516	9	Fa5	F5	340	340	1	16	208	99	108		29.000000
517	9	Mi5	E5	336	336	1	16	208	99	96		29.027780
518	9	Re5	D5	327	327	1	16	208	99	96		29.055560
519	9	Do5	C5	318	318	1	16	208	99	96		29.083330
520	9	Re5	D5	327	327	1	16	208	99	96		29.111110
521	9	Do5	C5	318	318	1	8	417	99	96		29.166670
522	9	Si4b2	B4b1	312	313	1	8	417	95	96		29.222220
523	9	Es	Es	-1	-1	1	8	417	100	0		29.277780
524	9	Do5	C5	318	318	1	16	208	99	96	mı 	29.305560
525	9	Re5	D5	327	327	1	16	208	99	96		29.333330
526	9	Do5	C5	318	318	1	8	417	95	96		29.388890
527	9	Re5	D5	327	327	1	8	417	95	96	se	29.444440
528	9	Do5	C5	318	318	1	8	417	99	96	ven 	29.500000
529	8	Fa5	F5	340	340	0	0	0	99	108		29.500000
530	9	Mi5b5	E5b5	331	331	1	8	417	99	96		29.555560
531	9	Re5	D5	327	327	1	8	417	99	96		29.611110
532	9	Do5	C5	318	318	1	8	417	95	96		29.666670
533	9	Si4b5	B4b5	309	309	1	4	833	99	96	câ	29.777780
534	9	La4	A4	305	305	1	2	1667	95	96		30.000000
535	9	Es	Es	-1	-1	1	8	417	100	0		30.055560
536	9	La4	A4	305	305	1	4	833	99	96	câ	30.166670
537	9	Si4b3	B4b4	311	310	1	8	417	99	96		30.222220
538	9	Do5	C5	318	318	1	8	417	99	96		30.277780
539	9	Si4b2	B4b1	312	313	1	16	208	99	96		30.305560
540	9	Do5	C5	318	318	1	16	208	99	96		30.333330
541	9	Re5	D5	327	327	1	4	833	99	96		30.444440
542	8	Do5	C5	318	318	0	0	0	99	108		30.444440
543	9	Si4b5	B4b5	309	309	1	16	208	99	96		30.472220
544	9	La4	A4	305	305	1	16	208	99	96		30.500000
545	9	Si4b5	B4b5	309	309	1	16	208	99	96		30.527780
546	9	Do5	C5	318	318	1	16	208	99	96		30.555560
547	9	Si4b5	B4b5	309	309	1	8	417	99	96		30.611110
548	9	La4	A4	305	305	1	8	417	95	96		30.666670
549	9	Sol4	G4	296	296	1	2	1667	95	96	nâ 	30.888890
550	9	Do5	C5	318	318	1	8	417	99	96	se	30.944440
551	9	Si4b5	B4b5	309	309	1	16	208	99	96		30.972220
552	11	La4	A4	305	305	1	16	208	95	96		31.000000
553	9	La4	A4	305	305	1	2	1667	95	96		31.222220
554	9	Es	Es	-1	-1	1	4	833	100	0		31.333330
555	9	Re5	D5	327	327	3	16	625	95	96		31.416670
556	9	Do5	C5	318	318	1	16	208	95	96	KARAR	31.444440
557	9	Si4b5	B4b5	309	309	3	16	625	95	96		31.527780
558	9	La4	A4	305	305	1	16	208	95	96		31.555560
559	9	Sol4	G4	296	296	1	8	417	95	96		31.611110
560	9	Si4b5	B4b5	309	309	1	16	208	95	96		31.638890
561	11	La4	A4	305	305	1	16	208	95	96		31.666670
562	9	La4	A4	305	305	4	8	1667	95	96		31.888890
563	9	Es	Es	-1	-1	1	4	833	100	0		32.000000
