Sýra	Kod	Nota53	NotaAE	Koma53	KomaAE	Pay	Payda	Ms	LNS	VelOn	Söz-1
1	9			-1	-1	1	8	417	95	0	
2	9	Fa5	F5	340	340	1	16	208	95	96	ARANAÐME
3	9	Mi5	E5	336	336	1	16	208	95	96	.
4	9	Fa5	F5	340	340	1	8	417	50	96	.
5	9	Sol5	G5	349	349	1	8	417	50	96	.
6	9	La5	A5	358	358	3	16	625	95	114	.
7	9	Sol5	G5	349	349	1	16	208	95	102	.
8	9	Fa5	F5	340	340	1	8	417	95	90	.
9	9	Mi5	E5	336	336	1	8	417	95	78	.
10	9	Sol5	G5	349	349	3	16	625	95	114	.
11	9	Fa5	F5	340	340	1	16	208	95	102	.
12	9	Mi5	E5	336	336	1	8	417	95	90	.
13	9	Re5	D5	327	327	1	8	417	95	78	.
14	9	Mi5	E5	336	336	1	8	417	95	84	.
15	9	Fa5	F5	340	340	1	8	417	95	84	.
16	9	Sol5	G5	349	349	1	16	208	95	114	.
17	9	Fa5	F5	340	340	1	16	208	95	105	.
18	9	Mi5	E5	336	336	1	16	208	95	96	.
19	9	Re5	D5	327	327	1	16	208	95	87	.
20	9	Do5	C5	318	318	3	8	1250	95	78	.
21	8	Mi6	E6	389	389	1	64	52	95	96	.
22	9	Re6	D6	380	380	1	8	417	95	96	.
23	9	Do6	C6	371	371	1	8	417	95	96	.
24	9	Si5b5	B5b5	362	362	1	8	417	95	96	.
25	9	La5	A5	358	358	1	8	417	95	96	.
26	9	Do6	C6	371	371	1	8	417	95	96	.
27	8	Do6	C6	371	371	1	64	52	95	96	.
28	9	Si5b5	B5b5	362	362	1	8	417	95	96	.
29	9	La5	A5	358	358	1	8	417	95	96	.
30	9	Sol5	G5	349	349	1	8	417	95	96	.
31	9	La5	A5	358	358	1	8	417	95	96	.
32	9	Do6	C6	371	371	1	16	208	95	96	.
33	9	Si5b5	B5b5	362	362	1	16	208	95	96	.
34	9	La5	A5	358	358	1	16	208	95	96	.
35	9	Sol5	G5	349	349	1	16	208	95	96	.
36	9	Fa5	F5	340	340	1	2	1667	95	96	.
37	9	Sol5	G5	349	349	1	8	417	95	78	.
38	9	La5	A5	358	358	1	8	417	95	84	.
39	9	Si5b5	B5b5	362	362	3	16	625	95	90	.
40	10	La5	A5	358	358	7	128	182	95	96	.
41	8	Si5b5	B5b5	362	362	1	128	26	95	102	.
42	9	Sol5	G5	349	349	1	8	417	95	108	.
43	9	Si5b5	B5b5	362	362	1	8	417	95	114	.
44	9	La5	A5	358	358	3	16	625	95	96	.
45	9	Sol5	G5	349	349	1	16	208	95	96	.
46	9	Fa5	F5	340	340	1	8	417	95	96	.
47	9	La5	A5	358	358	1	8	417	95	96	.
48	9	Sol5	G5	349	349	3	16	625	95	96	.
49	9	Fa5	F5	340	340	1	16	208	95	96	.
50	9	Mi5	E5	336	336	1	8	417	95	96	.
51	9	Sol5	G5	349	349	1	8	417	95	96	.
52	9	Fa5	F5	340	340	3	16	625	95	96	.
53	9	Mi5	E5	336	336	1	16	208	95	96	.
54	9	Re5	D5	327	327	1	8	417	95	96	.
55	9	Fa5	F5	340	340	1	8	417	95	96	.
56	9	Mi5	E5	336	336	1	8	417	95	96	.
57	9	Re5	D5	327	327	1	8	417	95	96	.
58	9	Do5	C5	318	318	3	16	625	95	96	.
59	9	Si4b5	B4b5	309	309	1	16	208	95	96	.
60	9	La4	A4	305	305	1	8	417	95	96	.
61	9	Fa5	F5	340	340	1	8	417	95	96	.
62	8	Fa5	F5	340	340	1	64	52	95	96	.
63	9	Mi5	E5	336	336	1	8	417	95	96	.
64	9	Re5	D5	327	327	1	8	417	95	96	.
65	9	Do5	C5	318	318	1	8	417	95	96	.
66	9	Si4b5	B4b5	309	309	1	8	417	95	96	.
67	9	La4	A4	305	305	3	16	625	95	96	.
68	9	Sol4	G4	296	296	1	16	208	95	96	.
69	9	La4	A4	305	305	1	16	208	95	96	.
70	9	Sol4	G4	296	296	1	16	208	95	96	.
71	9	Fa4	F4	287	287	1	16	208	95	96	.
72	9	Mi4	E4	283	283	1	16	208	95	96	.
73	9	Fa4	F4	287	287	1	4	833	95	96	.
74	9	Do5	C5	318	318	1	8	417	95	78	.
75	9	Re5	D5	327	327	1	16	208	95	90	.
76	9	Mi5	E5	336	336	1	16	208	95	102	.
77	9	Fa5	F5	340	340	3	8	1250	95	114	.
78	9	Fa5	F5	340	340	1	16	208	95	96	ARANAÐME
79	9	Mi5	E5	336	336	1	16	208	95	96	.
80	9	Fa5	F5	340	340	1	8	417	50	96	.
81	9	Sol5	G5	349	349	1	8	417	50	96	.
82	9	La5	A5	358	358	3	16	625	95	114	.
83	9	Sol5	G5	349	349	1	16	208	95	102	.
84	9	Fa5	F5	340	340	1	8	417	95	90	.
85	9	Mi5	E5	336	336	1	8	417	95	78	.
86	9	Sol5	G5	349	349	3	16	625	95	114	.
87	9	Fa5	F5	340	340	1	16	208	95	102	.
88	9	Mi5	E5	336	336	1	8	417	95	90	.
89	9	Re5	D5	327	327	1	8	417	95	78	.
90	9	Mi5	E5	336	336	1	8	417	95	84	.
91	9	Fa5	F5	340	340	1	8	417	95	84	.
92	9	Sol5	G5	349	349	1	16	208	95	114	.
93	9	Fa5	F5	340	340	1	16	208	95	105	.
94	9	Mi5	E5	336	336	1	16	208	95	96	.
95	9	Re5	D5	327	327	1	16	208	95	87	.
96	9	Do5	C5	318	318	3	8	1250	95	78	.
97	8	Mi6	E6	389	389	1	64	52	95	96	.
98	9	Re6	D6	380	380	1	8	417	95	96	.
99	9	Do6	C6	371	371	1	8	417	95	96	.
100	9	Si5b5	B5b5	362	362	1	8	417	95	96	.
101	9	La5	A5	358	358	1	8	417	95	96	.
102	9	Do6	C6	371	371	1	8	417	95	96	.
103	8	Do6	C6	371	371	1	64	52	95	96	.
104	9	Si5b5	B5b5	362	362	1	8	417	95	96	.
105	9	La5	A5	358	358	1	8	417	95	96	.
106	9	Sol5	G5	349	349	1	8	417	95	96	.
107	9	La5	A5	358	358	1	8	417	95	96	.
108	9	Do6	C6	371	371	1	16	208	95	96	.
109	9	Si5b5	B5b5	362	362	1	16	208	95	96	.
110	9	La5	A5	358	358	1	16	208	95	96	.
111	9	Sol5	G5	349	349	1	16	208	95	96	.
112	9	Fa5	F5	340	340	1	2	1667	95	96	.
113	9	Sol5	G5	349	349	1	8	417	95	78	.
114	9	La5	A5	358	358	1	8	417	95	84	.
115	9	Si5b5	B5b5	362	362	3	16	625	95	90	.
116	10	La5	A5	358	358	7	128	182	95	96	.
117	8	Si5b5	B5b5	362	362	1	128	26	95	102	.
118	9	Sol5	G5	349	349	1	8	417	95	108	.
119	9	Si5b5	B5b5	362	362	1	8	417	95	114	.
120	9	La5	A5	358	358	3	16	625	95	96	.
121	9	Sol5	G5	349	349	1	16	208	95	96	.
122	9	Fa5	F5	340	340	1	8	417	95	96	.
123	9	La5	A5	358	358	1	8	417	95	96	.
124	9	Sol5	G5	349	349	3	16	625	95	96	.
125	9	Fa5	F5	340	340	1	16	208	95	96	.
126	9	Mi5	E5	336	336	1	8	417	95	96	.
127	9	Sol5	G5	349	349	1	8	417	95	96	.
128	9	Fa5	F5	340	340	3	16	625	95	96	.
129	9	Mi5	E5	336	336	1	16	208	95	96	.
130	9	Re5	D5	327	327	1	8	417	95	96	.
131	9	Fa5	F5	340	340	1	8	417	95	96	.
132	9	Mi5	E5	336	336	1	8	417	95	96	.
133	9	Re5	D5	327	327	1	8	417	95	96	.
134	9	Do5	C5	318	318	3	16	625	95	96	.
135	9	Si4b5	B4b5	309	309	1	16	208	95	96	.
136	9	La4	A4	305	305	1	8	417	95	96	.
137	9	Fa5	F5	340	340	1	8	417	95	96	.
138	8	Fa5	F5	340	340	1	64	52	95	96	.
139	9	Mi5	E5	336	336	1	8	417	95	96	.
140	9	Re5	D5	327	327	1	8	417	95	96	.
141	9	Do5	C5	318	318	1	8	417	95	96	.
142	9	Si4b5	B4b5	309	309	1	8	417	95	96	.
143	9	La4	A4	305	305	3	16	625	95	114	.
144	9	Sol4	G4	296	296	1	16	208	95	108	.
145	9	La4	A4	305	305	1	16	208	95	102	.
146	9	Sol4	G4	296	296	1	16	208	95	96	.
147	9	Fa4	F4	287	287	1	16	208	95	90	.
148	9	Mi4	E4	283	283	1	16	208	95	84	.
149	9	Fa4	F4	287	287	1	8	417	95	78	.
150	1	Fa5	F5	340	340	1	16	208	95	96	.
151	1	La5	A5	358	358	1	16	208	95	96	.
152	1	Sol5	G5	349	349	1	16	208	95	96	.
153	1	Fa5	F5	340	340	1	16	208	95	96	.
154	1	Mi5	E5	336	336	1	16	208	95	96	.
155	1	Fa5	F5	340	340	1	16	208	95	96	.
156	1	Mi5	E5	336	336	1	16	208	95	96	.
157	1	Re5	D5	327	327	1	16	208	95	96	.
158	1	Do5	C5	318	318	1	16	208	95	96	.
159	1	Re5	D5	327	327	1	32	104	95	96	.
160	1	Mi5	E5	336	336	1	32	104	95	96	.
161	1	Fa5	F5	340	340	3	32	312	95	96	.
162	1	Mi5	E5	336	336	1	32	104	95	96	.
163	1	Fa5	F5	340	340	1	16	208	95	96	.
164	1	Sol5	G5	349	349	1	16	208	95	96	.
165	1	Fa5	F5	340	340	1	16	208	95	96	.
166	1	Mi5	E5	336	336	1	16	208	95	96	.
167	1	Re5	D5	327	327	1	16	208	95	96	.
168	1	Mi5	E5	336	336	1	16	208	95	96	.
169	1	Fa5	F5	340	340	1	8	417	95	96	.
170	9	Mi5	E5	336	336	4	16	833	95	84	Bir 
171	9	Fa5	F5	340	340	1	8	417	95	84	ha
172	9	Fa5	F5	340	340	1	2	1667	95	84	ber 
173	9	Mi5	E5	336	336	1	8	417	99	96	ver 
174	9	Fa5	F5	340	340	1	8	417	99	96	
175	9	Sol5	G5	349	349	1	8	417	99	96	
176	9	La5	A5	358	358	1	8	417	99	96	
177	9	Sol5	G5	349	349	1	8	417	99	96	
178	9	Fa5	F5	340	340	1	8	417	99	96	
179	9	Mi5	E5	336	336	3	16	625	99	96	
180	9	Re5	D5	327	327	1	16	208	99	96	
181	9	Mi5	E5	336	336	1	16	208	99	96	
182	9	Re5	D5	327	327	1	16	208	99	96	
183	9	Do5	C5	318	318	2	8	834	95	96	
184	9	Do5	C5	318	318	1	4	833	95	96	ey 
185	9	Re5b3	D5b4	324	323	1	8	417	95	84	sa
186	9	Do5	C5	318	318	1	8	417	99	84	bâ
187	9	Si4b2	B4b1	312	313	1	16	208	99	96	
188	9	La4	A4	305	305	1	16	208	99	96	
189	9	Si4b2	B4b1	312	313	1	8	417	99	96	
190	9	Do5	C5	318	318	1	8	417	95	96	
191	9	Si4b2	B4b1	312	313	1	8	417	99	108	n'ol
192	9	Do5	C5	318	318	1	8	417	99	96	
193	9	Do5	C5	318	318	1	8	417	99	96	
194	9	Si4b2	B4b1	312	313	1	8	417	99	96	
195	9	Mi5	E5	336	336	1	8	417	99	96	
196	9	Re5b3	D5b4	324	323	1	16	208	99	96	
197	9	Do5	C5	318	318	11	16	2292	95	96	
198	9	Do5	C5	318	318	1	4	833	50	84	du 
199	9	Sol5	G5	349	349	1	8	417	95	78	gü
200	9	Sol5	G5	349	349	1	2	1667	95	81	lis
201	9	Fa5	F5	340	340	1	8	417	99	84	tâ
202	9	Sol5	G5	349	349	1	8	417	99	87	
203	9	La5	A5	358	358	1	8	417	99	90	
204	9	Si5b5	B5b5	362	362	1	8	417	99	93	
205	9	La5	A5	358	358	1	8	417	99	96	
206	9	Sol5	G5	349	349	1	8	417	99	99	
207	9	Sol5	G5	349	349	1	8	417	99	102	
208	9	Fa5	F5	340	340	1	4	833	99	105	
209	9	Mi5	E5	336	336	1	16	208	99	108	
210	9	Re5	D5	327	327	1	16	208	99	111	
211	9	Re5	D5	327	327	1	8	417	95	114	
212	8	Sol5	G5	349	349	1	64	52	95	96	
213	9	La5	A5	358	358	1	8	417	99	96	ným 
214	9	Sol5	G5	349	349	1	8	417	99	96	
215	9	Fa5	F5	340	340	1	8	417	99	96	
216	9	Mi5	E5	336	336	1	8	417	99	96	
217	9	Fa5	F5	340	340	1	8	417	99	96	
218	9	Sol5	G5	349	349	1	8	417	95	96	
219	9	Sol5	G5	349	349	1	16	208	99	96	be
220	9	Fa5	F5	340	340	1	16	208	95	84	
221	9	Fa5	F5	340	340	3	8	1250	95	96	nim  
222	9	Do5	C5	318	318	1	8	417	95	96	SAZ
223	9	Re5	D5	327	327	1	8	417	95	96	.
224	9	Mi5	E5	336	336	1	8	417	95	96	.
225	9	Fa5	F5	340	340	1	4	833	95	96	.
226	1	Fa5	F5	340	340	1	16	208	95	96	.
227	1	Mi5	E5	336	336	1	16	208	95	96	.
228	1	Re5	D5	327	327	1	16	208	95	96	.
229	1	Mi5	E5	336	336	1	16	208	95	96	.
230	1	Fa5	F5	340	340	1	8	417	95	96	.
231	9	Fa5	F5	340	340	1	4	833	95	84	Kim
232	9	La5	A5	358	358	1	8	417	95	84	ler_
233	9	Sol5	G5	349	349	1	8	417	99	96	i
234	9	Sol5	G5	349	349	1	16	208	99	96	
235	9	Fa5	F5	340	340	1	16	208	99	96	
236	9	Mi5	E5	336	336	1	4	833	95	96	
237	9	Fa5	F5	340	340	1	8	417	99	96	le 
238	9	Sol5	G5	349	349	1	8	417	99	96	
239	9	Fa5	F5	340	340	1	16	208	99	96	
240	9	Mi5	E5	336	336	1	16	208	99	96	
241	9	Re5	D5	327	327	1	8	417	99	96	
242	9	Mi5	E5	336	336	1	8	417	99	96	
243	9	Fa5	F5	340	340	1	8	417	99	96	
244	9	Mi5	E5	336	336	1	16	208	99	96	
245	9	Re5	D5	327	327	1	16	208	99	96	
246	9	Do5	C5	318	318	1	16	208	99	96	
247	9	Re5	D5	327	327	1	16	208	99	96	
248	9	Do5	C5	318	318	3	8	1250	95	96	
249	9	Re5	D5	327	327	4	16	833	95	96	sa
250	9	Mi5b5	E5b5	331	331	1	8	417	95	96	lý
251	9	Re5	D5	327	327	1	8	417	99	96	nýr 
252	9	Do5	C5	318	318	1	8	417	99	96	
253	9	Si4b5	B4b5	309	309	1	8	417	99	96	
254	9	La4	A4	305	305	1	8	417	95	96	
255	8	Do5	C5	318	318	1	32	104	95	96	
256	9	Re5	D5	327	327	1	4	833	99	114	serv_
257	10	Re5	D5	327	327	7	64	365	99	111	
258	8	Mi5	E5	336	336	1	64	52	99	108	
259	9	Re5	D5	327	327	1	16	208	99	105	
260	9	Do5	C5	318	318	1	16	208	99	102	
261	9	Do5	C5	318	318	3	16	625	99	99	
262	9	Si4b5	B4b5	309	309	1	16	208	99	96	
263	9	La4	A4	305	305	3	16	625	99	93	
264	9	Si4b5	B4b5	309	309	1	16	208	99	90	
265	9	La4	A4	305	305	1	16	208	99	87	
266	9	Sol4#4	G#4	300	300	1	16	208	99	84	
267	9	La4	A4	305	305	1	4	833	95	81	
268	9	Fa4	F4	287	287	1	4	833	50	78	i 
269	9	Sol4	G4	296	296	1	8	417	95	78	hý
270	9	La4	A4	305	305	1	8	417	99	87	râ
271	9	Si4b5	B4b5	309	309	1	8	417	99	96	
272	9	Do5	C5	318	318	1	8	417	99	105	
273	9	Re5	D5	327	327	1	8	417	95	114	
274	9	Fa5	F5	340	340	3	16	625	99	96	mâ
275	9	Mi5b5	E5b5	331	331	1	16	208	99	96	
276	9	Re5	D5	327	327	3	16	625	99	96	
277	9	Do5	C5	318	318	1	16	208	99	96	
278	9	Si4b5	B4b5	309	309	3	16	625	99	96	
279	9	La4	A4	305	305	1	16	208	99	96	
280	9	Sol4	G4	296	296	1	2	1667	95	96	
281	9	Sol4	G4	296	296	1	8	417	95	96	
282	4	La4	A4	305	305	1	8	417	99	84	ným 
283	4	Sol4	G4	296	296	1	8	417	99	96	
284	9	Fa4	F4	287	287	1	8	417	99	96	
285	9	Mi4	E4	283	283	1	8	417	99	96	
286	9	Fa4	F4	287	287	1	8	417	99	96	
287	9	Sol4	G4	296	296	1	8	417	95	96	
288	9	Sol4	G4	296	296	1	16	208	99	96	be
289	9	Fa4	F4	287	287	1	16	208	95	84	
290	9	Fa4	F4	287	287	3	8	1250	95	96	nim  
291	9	Do5	C5	318	318	1	8	417	95	114	SAZ
292	9	Re5	D5	327	327	1	8	417	95	96	.
293	9	Mi5	E5	336	336	1	8	417	95	78	.
294	9	Fa5	F5	340	340	1	4	833	95	96	.
295	1	Fa5	F5	340	340	1	16	208	95	96	.
296	1	Mi5	E5	336	336	1	16	208	95	96	.
297	1	Re5	D5	327	327	1	16	208	95	96	.
298	1	Mi5	E5	336	336	1	16	208	95	96	.
299	1	Fa5	F5	340	340	1	8	417	95	96	.
300	9	Fa5	F5	340	340	1	4	833	95	84	Kim
301	9	La5	A5	358	358	1	8	417	95	84	ler_
302	9	Sol5	G5	349	349	1	8	417	99	96	i
303	9	Sol5	G5	349	349	1	16	208	99	96	
304	9	Fa5	F5	340	340	1	16	208	99	96	
305	9	Mi5	E5	336	336	1	4	833	95	96	
306	9	Fa5	F5	340	340	1	8	417	99	96	le 
307	9	Sol5	G5	349	349	1	8	417	99	96	
308	9	Fa5	F5	340	340	1	16	208	99	96	
309	9	Mi5	E5	336	336	1	16	208	99	96	
310	9	Re5	D5	327	327	1	8	417	99	96	
311	9	Mi5	E5	336	336	1	8	417	99	96	
312	9	Fa5	F5	340	340	1	8	417	99	96	
313	9	Mi5	E5	336	336	1	16	208	99	96	
314	9	Re5	D5	327	327	1	16	208	99	96	
315	9	Do5	C5	318	318	1	16	208	99	96	
316	9	Re5	D5	327	327	1	16	208	99	96	
317	9	Do5	C5	318	318	3	8	1250	95	96	
318	9	Re5	D5	327	327	4	16	833	95	96	sa
319	9	Mi5b5	E5b5	331	331	1	8	417	95	96	lý
320	9	Re5	D5	327	327	1	8	417	99	96	nýr 
321	9	Do5	C5	318	318	1	8	417	99	96	
322	9	Si4b5	B4b5	309	309	1	8	417	99	96	
323	9	La4	A4	305	305	1	8	417	95	96	
324	8	Do5	C5	318	318	1	32	104	95	96	
325	9	Re5	D5	327	327	1	4	833	99	114	serv_
326	10	Re5	D5	327	327	7	64	365	99	111	
327	8	Mi5	E5	336	336	1	64	52	99	108	
328	9	Re5	D5	327	327	1	16	208	99	105	
329	9	Do5	C5	318	318	1	16	208	99	102	
330	9	Do5	C5	318	318	3	16	625	99	99	
331	9	Si4b5	B4b5	309	309	1	16	208	99	96	
332	9	La4	A4	305	305	3	16	625	99	93	
333	9	Si4b5	B4b5	309	309	1	16	208	99	90	
334	9	La4	A4	305	305	1	16	208	99	87	
335	9	Sol4#4	G#4	300	300	1	16	208	99	84	
336	9	La4	A4	305	305	1	4	833	95	81	
337	9	Fa4	F4	287	287	1	4	833	50	78	i 
338	9	Sol4	G4	296	296	1	8	417	95	78	hý
339	9	La4	A4	305	305	1	8	417	99	87	râ
340	9	Si4b5	B4b5	309	309	1	8	417	99	96	
341	9	Do5	C5	318	318	1	8	417	99	105	
342	9	Re5	D5	327	327	1	8	417	95	114	
343	9	Fa5	F5	340	340	3	16	625	99	96	mâ
344	9	Mi5b5	E5b5	331	331	1	16	208	99	96	
345	9	Re5	D5	327	327	3	16	625	99	96	
346	9	Do5	C5	318	318	1	16	208	99	96	
347	9	Si4b5	B4b5	309	309	3	16	625	99	96	
348	9	La4	A4	305	305	1	16	208	99	96	
349	9	Sol4	G4	296	296	1	2	1667	95	96	
350	9	Sol4	G4	296	296	1	8	417	95	96	
351	4	La4	A4	305	305	1	8	417	99	84	ným 
352	4	Sol4	G4	296	296	1	8	417	99	96	
353	9	Fa4	F4	287	287	1	8	417	99	96	
354	9	Mi4	E4	283	283	1	8	417	99	96	
355	9	Fa4	F4	287	287	1	8	417	99	96	
356	9	Sol4	G4	296	296	1	8	417	95	96	
357	9	Sol4	G4	296	296	1	16	208	99	96	be
358	9	Fa4	F4	287	287	1	16	208	95	84	
359	9	Fa4	F4	287	287	3	8	1250	95	96	nim  
360	9	Sol5	G5	349	349	1	8	417	95	96	SAZ
361	9	Fa5	F5	340	340	1	8	417	95	96	.
362	9	Sol5	G5	349	349	1	8	417	95	96	.
363	9	La5	A5	358	358	5	8	2084	95	96	.
364	9	Sol5	G5	349	349	1	4	833	95	84	Bül
365	9	La5	A5	358	358	1	8	417	95	84	bül_
366	9	La5	A5	358	358	8	16	1667	95	84	ü
367	9	La5	A5	358	358	1	8	417	99	78	müþ
368	9	Si5b2	B5b1	365	366	1	8	417	99	82	
369	9	Do6	C6	371	371	1	8	417	99	86	
370	9	Si5b2	B5b1	365	366	1	8	417	99	90	
371	9	Do6	C6	371	371	1	8	417	99	94	
372	9	Si5b3	C6b1	364	370	1	8	417	99	98	
373	9	Do6	C6	371	371	1	8	417	99	102	
374	9	Si5b5	B5b5	362	362	1	16	208	99	106	
375	9	La5	A5	358	358	1	16	208	99	110	
376	9	La5	A5	358	358	3	8	1250	95	114	
377	8	La5	A5	358	358	1	32	104	95	96	
378	9	Si5b5	B5b5	362	362	1	4	833	95	96	tâ
379	9	Si5b5	B5b5	362	362	1	8	417	95	96	ký
380	9	Si5b5	B5b5	362	362	1	8	417	99	96	nýn 
381	9	La5	A5	358	358	4	16	833	99	96	
382	9	Sol5	G5	349	349	1	8	417	95	96	
383	9	Sol5	G5	349	349	1	8	417	99	114	að
384	9	La5	A5	358	358	1	8	417	99	112	
385	9	Sol5	G5	349	349	1	8	417	99	109	
386	9	Fa5	F5	340	340	1	8	417	99	107	
387	9	Mi5	E5	336	336	1	8	417	99	104	
388	9	Re5	D5	327	327	1	8	417	99	102	
389	9	Re5	D5	327	327	1	8	417	99	100	
390	9	Mi5	E5	336	336	1	16	208	99	97	
391	9	Re5	D5	327	327	1	16	208	99	95	
392	9	Do5	C5	318	318	1	16	208	99	92	
393	9	Si4b2	B4b1	312	313	1	16	208	99	90	
394	9	Do5	C5	318	318	1	8	417	99	88	
395	9	Do5	C5	318	318	1	8	417	95	85	
396	9	Do5	C5	318	318	1	4	833	95	83	la
397	9	Sol5	G5	349	349	1	8	417	95	80	dý
398	9	Sol5	G5	349	349	1	2	1667	95	78	ðýn 
399	9	Fa5	F5	340	340	1	8	417	99	96	yâr 
400	9	Sol5	G5	349	349	1	8	417	99	96	
401	9	La5	A5	358	358	1	8	417	99	96	
402	9	Si5b5	B5b5	362	362	1	8	417	99	96	
403	9	La5	A5	358	358	1	8	417	99	96	
404	9	Sol5	G5	349	349	1	8	417	99	96	
405	9	Sol5	G5	349	349	1	8	417	99	96	
406	9	Fa5	F5	340	340	1	4	833	99	96	
407	9	Mi5	E5	336	336	1	16	208	99	96	
408	9	Re5	D5	327	327	1	16	208	99	96	
409	9	Re5	D5	327	327	1	8	417	95	96	
410	8	Sol5	G5	349	349	1	64	52	95	96	
411	9	La5	A5	358	358	1	8	417	99	96	i
412	9	Sol5	G5	349	349	1	8	417	99	96	
413	9	Fa5	F5	340	340	1	8	417	99	96	
414	9	Mi5	E5	336	336	1	8	417	99	96	
415	9	Fa5	F5	340	340	1	8	417	99	96	
416	9	Sol5	G5	349	349	1	8	417	95	96	
417	9	Sol5	G5	349	349	1	16	208	99	96	þi
418	9	Fa5	F5	340	340	1	16	208	95	88	
419	9	Fa5	F5	340	340	3	8	1250	95	96	tip  
420	9	Do5	C5	318	318	1	8	417	95	96	SAZ
421	9	Re5	D5	327	327	1	8	417	95	96	.
422	9	Mi5	E5	336	336	1	8	417	95	96	.
423	9	Fa5	F5	340	340	1	4	833	95	96	.
424	1	Fa5	F5	340	340	1	16	208	95	96	.
425	1	Mi5	E5	336	336	1	16	208	95	96	.
426	1	Re5	D5	327	327	1	16	208	95	96	.
427	1	Mi5	E5	336	336	1	16	208	95	96	.
428	1	Fa5	F5	340	340	1	8	417	95	96	.
429	9	Fa5	F5	340	340	1	4	833	95	84	Kim
430	9	La5	A5	358	358	1	8	417	95	84	ler_
431	9	Sol5	G5	349	349	1	8	417	99	96	i
432	9	Sol5	G5	349	349	1	16	208	99	96	
433	9	Fa5	F5	340	340	1	16	208	99	96	
434	9	Mi5	E5	336	336	1	4	833	95	96	
435	9	Fa5	F5	340	340	1	8	417	99	96	le 
436	9	Sol5	G5	349	349	1	8	417	99	96	
437	9	Fa5	F5	340	340	1	16	208	99	96	
438	9	Mi5	E5	336	336	1	16	208	99	96	
439	9	Re5	D5	327	327	1	8	417	99	96	
440	9	Mi5	E5	336	336	1	8	417	99	96	
441	9	Fa5	F5	340	340	1	8	417	99	96	
442	9	Mi5	E5	336	336	1	16	208	99	96	
443	9	Re5	D5	327	327	1	16	208	99	96	
444	9	Do5	C5	318	318	1	16	208	99	96	
445	9	Re5	D5	327	327	1	16	208	99	96	
446	9	Do5	C5	318	318	3	8	1250	95	96	
447	9	Re5	D5	327	327	4	16	833	95	96	sa
448	9	Mi5b5	E5b5	331	331	1	8	417	95	96	lý
449	9	Re5	D5	327	327	1	8	417	99	96	nýr 
450	9	Do5	C5	318	318	1	8	417	99	96	
451	9	Si4b5	B4b5	309	309	1	8	417	99	96	
452	9	La4	A4	305	305	1	8	417	95	96	
453	8	Do5	C5	318	318	1	32	104	95	96	
454	9	Re5	D5	327	327	1	4	833	99	114	serv_
455	10	Re5	D5	327	327	7	64	365	99	111	
456	8	Mi5	E5	336	336	1	64	52	99	108	
457	9	Re5	D5	327	327	1	16	208	99	105	
458	9	Do5	C5	318	318	1	16	208	99	102	
459	9	Do5	C5	318	318	3	16	625	99	99	
460	9	Si4b5	B4b5	309	309	1	16	208	99	96	
461	9	La4	A4	305	305	3	16	625	99	93	
462	9	Si4b5	B4b5	309	309	1	16	208	99	90	
463	9	La4	A4	305	305	1	16	208	99	87	
464	9	Sol4#4	G#4	300	300	1	16	208	99	84	
465	9	La4	A4	305	305	1	4	833	95	81	
466	9	Fa4	F4	287	287	1	4	833	50	78	i 
467	9	Sol4	G4	296	296	1	8	417	95	78	hý
468	9	La4	A4	305	305	1	8	417	99	87	râ
469	9	Si4b5	B4b5	309	309	1	8	417	99	96	
470	9	Do5	C5	318	318	1	8	417	99	105	
471	9	Re5	D5	327	327	1	8	417	95	114	
472	9	Fa5	F5	340	340	3	16	625	99	96	mâ
473	9	Mi5b5	E5b5	331	331	1	16	208	99	96	
474	9	Re5	D5	327	327	3	16	625	99	96	
475	9	Do5	C5	318	318	1	16	208	99	96	
476	9	Si4b5	B4b5	309	309	3	16	625	99	96	
477	9	La4	A4	305	305	1	16	208	99	96	
478	9	Sol4	G4	296	296	1	2	1667	95	96	
479	9	Sol4	G4	296	296	1	8	417	95	96	
480	4	La4	A4	305	305	1	8	417	99	84	ným 
481	4	Sol4	G4	296	296	1	8	417	99	96	
482	9	Fa4	F4	287	287	1	8	417	99	96	
483	9	Mi4	E4	283	283	1	8	417	99	96	
484	9	Fa4	F4	287	287	1	8	417	99	96	
485	9	Sol4	G4	296	296	1	8	417	95	96	
486	9	Sol4	G4	296	296	1	16	208	99	96	be
487	9	Fa4	F4	287	287	1	16	208	95	84	
488	9	Fa4	F4	287	287	3	8	1250	95	96	nim  
489	9	Do5	C5	318	318	1	8	417	95	114	SAZ
490	9	Re5	D5	327	327	1	8	417	95	96	.
491	9	Mi5	E5	336	336	1	8	417	95	78	.
492	9	Fa5	F5	340	340	1	4	833	95	96	.
493	1	Fa5	F5	340	340	1	16	208	95	96	.
494	1	Mi5	E5	336	336	1	16	208	95	96	.
495	1	Re5	D5	327	327	1	16	208	95	96	.
496	1	Mi5	E5	336	336	1	16	208	95	96	.
497	1	Fa5	F5	340	340	1	8	417	95	96	.
498	9	Fa5	F5	340	340	1	4	833	95	84	Kim
499	9	La5	A5	358	358	1	8	417	95	84	ler_
500	9	Sol5	G5	349	349	1	8	417	99	96	i
501	9	Sol5	G5	349	349	1	16	208	99	96	
502	9	Fa5	F5	340	340	1	16	208	99	96	
503	9	Mi5	E5	336	336	1	4	833	95	96	
504	9	Fa5	F5	340	340	1	8	417	99	96	le 
505	9	Sol5	G5	349	349	1	8	417	99	96	
506	9	Fa5	F5	340	340	1	16	208	99	96	
507	9	Mi5	E5	336	336	1	16	208	99	96	
508	9	Re5	D5	327	327	1	8	417	99	96	
509	9	Mi5	E5	336	336	1	8	417	99	96	
510	9	Fa5	F5	340	340	1	8	417	99	96	
511	9	Mi5	E5	336	336	1	16	208	99	96	
512	9	Re5	D5	327	327	1	16	208	99	96	
513	9	Do5	C5	318	318	1	16	208	99	96	
514	9	Re5	D5	327	327	1	16	208	99	96	
515	9	Do5	C5	318	318	3	8	1250	95	96	
516	9	Re5	D5	327	327	4	16	833	95	96	sa
517	9	Mi5b5	E5b5	331	331	1	8	417	95	96	lý
518	9	Re5	D5	327	327	1	8	417	99	96	nýr 
519	9	Do5	C5	318	318	1	8	417	99	96	
520	9	Si4b5	B4b5	309	309	1	8	417	99	96	
521	9	La4	A4	305	305	1	8	417	95	96	
522	8	Do5	C5	318	318	1	32	104	95	96	
523	9	Re5	D5	327	327	1	4	833	99	114	serv_
524	10	Re5	D5	327	327	7	64	365	99	111	
525	8	Mi5	E5	336	336	1	64	52	99	108	
526	9	Re5	D5	327	327	1	16	208	99	105	
527	9	Do5	C5	318	318	1	16	208	99	102	
528	9	Do5	C5	318	318	3	16	625	99	99	
529	9	Si4b5	B4b5	309	309	1	16	208	99	96	
530	9	La4	A4	305	305	3	16	625	99	93	
531	9	Si4b5	B4b5	309	309	1	16	208	99	90	
532	9	La4	A4	305	305	1	16	208	99	87	
533	9	Sol4#4	G#4	300	300	1	16	208	99	84	
534	9	La4	A4	305	305	1	4	833	95	81	
535	9	Fa4	F4	287	287	1	4	833	50	78	i 
536	9	Sol4	G4	296	296	1	8	417	95	78	hý
537	9	La4	A4	305	305	1	8	417	99	87	râ
538	9	Si4b5	B4b5	309	309	1	8	417	99	96	
539	9	Do5	C5	318	318	1	8	417	99	105	
540	9	Re5	D5	327	327	1	8	417	95	114	
541	9	Fa5	F5	340	340	3	16	625	99	96	mâ
542	9	Mi5b5	E5b5	331	331	1	16	208	99	96	
543	9	Re5	D5	327	327	3	16	625	99	96	
544	9	Do5	C5	318	318	1	16	208	99	96	
545	9	Si4b5	B4b5	309	309	3	16	625	99	96	
546	9	La4	A4	305	305	1	16	208	99	96	
547	9	Sol4	G4	296	296	1	2	1667	95	96	
548	9	Sol4	G4	296	296	1	8	417	95	96	
549	4	La4	A4	305	305	1	8	417	99	84	ným 
550	4	Sol4	G4	296	296	1	8	417	99	96	
551	9	Fa4	F4	287	287	1	8	417	99	96	
552	9	Mi4	E4	283	283	1	8	417	99	96	
553	9	Fa4	F4	287	287	1	8	417	99	96	
554	9	Sol4	G4	296	296	1	8	417	95	96	
555	9	Sol4	G4	296	296	1	16	208	99	96	be
556	9	Fa4	F4	287	287	1	16	208	95	84	
557	9	Fa4	F4	287	287	3	8	1250	95	96	nim  
