Sira	Kod	Nota53	NotaAE	Koma53	KomaAE	Pay	Payda	Ms	LNS	Bas	Soz1	Offset
1	9	Fa5	F5	340	340	3	8	789	95	84	ARANAĞME	0.3
2	9	Fa5	F5	340	340	1	4	526	95	96	.	0.5
3	9	Fa5	F5	340	340	1	4	526	95	96	.	0.7
4	9	Sol5	G5	349	349	1	8	263	95	78	.	0.8
5	9	Fa5	F5	340	340	1	8	263	95	96	.	0.9
6	9	Mi5	E5	336	336	1	8	263	95	96	.	1.0
7	9	Mi5	E5	336	336	5	8	1316	95	66	.	1.5
8	9	Mi5	E5	336	336	1	4	526	95	108	.	1.7
9	9	Fa5	F5	340	340	1	8	263	95	96	.	1.8
10	9	Mi5	E5	336	336	1	8	263	95	96	.	1.9
11	9	Re5	D5	327	327	1	8	263	95	96	.	2.0
12	9	Re5	D5	327	327	3	8	789	95	66	.	2.3
13	9	Re5	D5	327	327	1	4	526	95	66	.	2.5
14	9	Re5	D5	327	327	1	4	526	95	87	.	2.7
15	9	Mi5	E5	336	336	1	8	263	95	108	.	2.8
16	9	Re5	D5	327	327	1	8	263	95	66	.	2.9
17	9	Do5	C5	318	318	1	8	263	95	87	.	3.0
18	9	Do5	C5	318	318	5	4	2631	95	108	.	4.0
19	9	Si5b5	B5b5	362	362	5	8	1315	95	90	.	4.5
20	9	Si5b5	B5b5	362	362	1	4	526	95	96	.	4.7
21	9	La5	A5	358	358	1	8	263	95	84	.	4.8
22	9	Sol5	G5	349	349	1	8	263	95	96	.	4.9
23	9	Fa5	F5	340	340	1	8	263	95	96	.	5.0
24	9	La5	A5	358	358	5	8	1316	95	108	.	5.5
25	9	La5	A5	358	358	1	4	526	95	96	.	5.7
26	9	Sol5	G5	349	349	1	8	263	95	84	.	5.8
27	9	Fa5	F5	340	340	1	8	263	95	96	.	5.9
28	9	Mi5	E5	336	336	1	8	263	95	96	.	6.0
29	9	Sol5	G5	349	349	7	8	1842	95	66	.	6.7
30	9	Do5	C5	318	318	1	8	263	95	96	.	6.8
31	9	Re5	D5	327	327	1	8	263	95	96	.	6.9
32	9	Mi5	E5	336	336	1	8	263	95	96	.	7.0
33	9	Fa5	F5	340	340	1	4	526	95	96	.	7.2
34	9	La5	A5	358	358	1	8	263	95	96	.	7.3
35	9	Sol5	G5	349	349	1	8	263	95	96	.	7.4
36	9	Fa5	F5	340	340	1	8	263	95	96	.	7.5
37	9	Fa5	F5	340	340	1	8	263	95	96	.	7.6
38	9	Mi5	E5	336	336	1	8	263	95	96	.	7.7
39	9	Fa5	F5	340	340	3	8	789	95	66	.	8.0
40	9	Fa5	F5	340	340	1	8	263	95	66	.	8.1
41	9	Mi5	E5	336	336	1	8	263	95	87	.	8.2
42	9	Sol5	G5	349	349	1	8	263	95	108	.	8.3
43	9	Fa5	F5	340	340	1	8	263	95	96	.	8.4
44	9	Mi5	E5	336	336	1	8	263	95	66	.	8.5
45	9	Mi5	E5	336	336	1	8	263	95	66	.	8.6
46	9	Re5	D5	327	327	1	8	263	95	87	.	8.7
47	9	Fa5	F5	340	340	1	8	263	95	108	.	8.8
48	9	Mi5	E5	336	336	1	8	263	95	96	.	8.9
49	9	Re5	D5	327	327	1	8	263	95	66	.	9.0
50	9	Re5	D5	327	327	1	8	263	95	66	.	9.1
51	9	Do5	C5	318	318	1	8	263	95	87	.	9.2
52	9	Mi5	E5	336	336	1	8	263	95	108	.	9.3
53	9	Re5	D5	327	327	1	8	263	95	66	.	9.4
54	9	Do5	C5	318	318	1	8	263	95	75	.	9.5
55	9	Si4b5	B4b5	309	309	1	8	263	95	84	.	9.6
56	9	La4	A4	305	305	1	8	263	95	96	.	9.7
57	9	Re5	D5	327	327	3	8	789	95	66	.	10.0
58	9	Re5	D5	327	327	1	8	263	95	66	.	10.1
59	9	Do5	C5	318	318	1	8	263	95	87	.	10.2
60	9	Mi5	E5	336	336	1	8	263	95	108	.	10.3
61	9	Re5	D5	327	327	1	8	263	95	96	.	10.4
62	9	Do5	C5	318	318	1	8	263	95	66	.	10.5
63	9	Do5	C5	318	318	1	8	263	95	66	.	10.6
64	9	Si4b5	B4b5	309	309	1	8	263	95	87	.	10.7
65	9	Re5	D5	327	327	1	8	263	95	108	.	10.8
66	9	Do5	C5	318	318	1	8	263	95	96	.	10.9
67	9	Si4b5	B4b5	309	309	1	8	263	95	66	.	11.0
68	9	Si4b5	B4b5	309	309	1	8	263	95	66	.	11.1
69	9	La4	A4	305	305	1	8	263	95	87	.	11.2
70	9	Do5	C5	318	318	1	8	263	95	108	.	11.3
71	9	Si4b5	B4b5	309	309	1	8	263	95	96	.	11.4
72	9	La4	A4	305	305	1	8	263	95	96	.	11.5
73	9	Si4b5	B4b5	309	309	3	16	395	95	96	.	11.65
74	9	La4	A4	305	305	1	16	132	95	96	.	11.7
75	9	Sol4	G4	296	296	3	8	789	95	96	.	12.0
76	9	La4	A4	305	305	1	4	526	95	96	.	12.2
77	9	Sol4	G4	296	296	1	8	263	95	96	.	12.3
78	9	Fa4	F4	287	287	1	4	526	95	96	.	12.5
79	9	Mi4	E4	283	283	1	8	263	95	96	.	12.6
80	9	Fa4	F4	287	287	1	8	263	95	96	.	12.7
81	9	Sol4	G4	296	296	1	4	526	95	96	.	12.9
82	9	Fa4	F4	287	287	1	8	263	95	96	.	13.0
83	9	Fa4	F4	287	287	1	4	526	95	96	.	13.2
84	9	La4	A4	305	305	1	8	263	95	96	.	13.3
85	9	Do5	C5	318	318	1	8	263	95	96	.	13.4
86	9	Fa5	F5	340	340	1	8	263	95	96	.	13.5
87	9	La5	A5	358	358	3	16	395	95	96	.	13.65
88	9	Sol5	G5	349	349	1	16	132	95	96	.	13.7
89	9	Fa5	F5	340	340	3	8	789	95	66	.	14.0
90	9	Fa5	F5	340	340	1	8	263	95	66	.	14.1
91	9	Mi5	E5	336	336	1	8	263	95	87	.	14.2
92	9	Sol5	G5	349	349	1	8	263	95	108	.	14.3
93	9	Fa5	F5	340	340	1	8	263	95	96	.	14.4
94	9	Mi5	E5	336	336	1	8	263	95	66	.	14.5
95	9	Mi5	E5	336	336	1	8	263	95	66	.	14.6
96	9	Re5	D5	327	327	1	8	263	95	87	.	14.7
97	9	Fa5	F5	340	340	1	8	263	95	108	.	14.8
98	9	Mi5	E5	336	336	1	8	263	95	96	.	14.9
99	9	Re5	D5	327	327	1	8	263	95	66	.	15.0
100	9	Re5	D5	327	327	1	8	263	95	66	.	15.1
101	9	Do5	C5	318	318	1	8	263	95	87	.	15.2
102	9	Mi5	E5	336	336	1	8	263	95	108	.	15.3
103	9	Re5	D5	327	327	1	8	263	95	66	.	15.4
104	9	Do5	C5	318	318	1	8	263	95	75	.	15.5
105	9	Si4b5	B4b5	309	309	1	8	263	95	84	.	15.6
106	9	La4	A4	305	305	1	8	263	95	96	.	15.7
107	9	Re5	D5	327	327	3	8	789	95	66	.	16.0
108	9	Re5	D5	327	327	1	8	263	95	66	.	16.1
109	9	Do5	C5	318	318	1	8	263	95	87	.	16.2
110	9	Mi5	E5	336	336	1	8	263	95	108	.	16.3
111	9	Re5	D5	327	327	1	8	263	95	96	.	16.4
112	9	Do5	C5	318	318	1	8	263	95	66	.	16.5
113	9	Do5	C5	318	318	1	8	263	95	66	.	16.6
114	9	Si4b5	B4b5	309	309	1	8	263	95	87	.	16.7
115	9	Re5	D5	327	327	1	8	263	95	108	.	16.8
116	9	Do5	C5	318	318	1	8	263	95	96	.	16.9
117	9	Si4b5	B4b5	309	309	1	8	263	95	66	.	17.0
118	9	Si4b5	B4b5	309	309	1	8	263	95	66	.	17.1
119	9	La4	A4	305	305	1	8	263	95	87	.	17.2
120	9	Do5	C5	318	318	1	8	263	95	108	.	17.3
121	9	Si4b5	B4b5	309	309	1	8	263	95	96	.	17.4
122	9	La4	A4	305	305	1	8	263	95	96	.	17.5
123	9	Si4b5	B4b5	309	309	3	16	395	95	96	.	17.65
124	9	La4	A4	305	305	1	16	132	95	96	.	17.7
125	9	Sol4	G4	296	296	3	8	789	95	96	.	18.0
126	9	La4	A4	305	305	1	4	526	95	96	.	18.2
127	9	Sol4	G4	296	296	1	8	263	95	96	.	18.3
128	9	Fa4	F4	287	287	1	4	526	95	96	.	18.5
129	9	Mi4	E4	283	283	1	8	263	95	96	.	18.6
130	9	Fa4	F4	287	287	1	8	263	95	96	.	18.7
131	9	Sol4	G4	296	296	1	4	526	95	96	.	18.9
132	9	Fa4	F4	287	287	1	8	263	95	96	.	19.0
133	9	Fa4	F4	287	287	9	8	2369	95	66	.	19.9
134	9	Es	Es	-1	-1	1	8	263	100	80		20.0
135	9	Fa5	F5	340	340	7	8	1842	99	87	Gam	20.7
136	9	Fa5	F5	340	340	1	4	526	99	100		20.9
137	9	Mi5	E5	336	336	1	8	263	95	107		21.0
138	9	Mi5	E5	336	336	7	8	1842	99	114	çek	21.7
139	9	Mi5	E5	336	336	1	4	526	99	96		21.9
140	9	Re5	D5	327	327	1	8	263	95	96		22.0
141	9	Re5	D5	327	327	7	8	1842	99	96	me	22.7
142	9	Mi5	E5	336	336	1	8	263	99	96		22.8
143	9	Re5	D5	327	327	1	8	263	95	96		22.9
144	9	Do5	C5	318	318	1	8	263	95	96	gü	23.0
145	9	Do5	C5	318	318	9	8	2369	95	96	zel	23.9
146	9	Es	Es	-1	-1	1	8	263	100	0		24.0
147	9	La4	A4	305	305	3	8	789	95	96	n'ol	24.3
148	9	Si4b5	B4b5	309	309	1	4	526	95	96	sa	24.5
149	9	Do5	C5	318	318	1	4	526	95	96	ba	24.7
150	9	Re5	D5	327	327	3	8	789	95	96	ha	25.0
151	9	La4	A4	305	305	3	8	789	95	96	rın	25.3
152	9	Sol4	G4	296	296	1	4	526	95	96	so	25.5
153	9	La4	A4	305	305	1	8	263	99	96	nu	25.6
154	9	Sol4	G4	296	296	1	8	263	95	96		25.7
155	9	Fa4	F4	287	287	1	8	263	99	96	yaz	25.8
156	9	Mi4	E4	283	283	1	8	263	99	96		25.9
157	9	Sol4	G4	296	296	1	8	263	95	96		26.0
158	9	Fa4	F4	287	287	7	8	1842	95	96	dır	26.7
159	9	La4	A4	305	305	1	8	263	95	108	SAZ	26.8
160	9	Do5	C5	318	318	1	8	263	95	96	.	26.9
161	9	Fa5	F5	340	340	1	8	263	95	96	.	27.0
162	9	La5	A5	358	358	7	8	1842	95	66	.	27.7
163	9	Sol5	G5	349	349	1	8	263	95	108	.	27.8
164	9	Fa5	F5	340	340	1	8	263	95	96	.	27.9
165	9	Mi5	E5	336	336	1	8	263	95	66	.	28.0
166	9	Sol5	G5	349	349	7	8	1842	95	84	.	28.7
167	9	Fa5	F5	340	340	1	8	263	95	84	.	28.8
168	9	Mi5	E5	336	336	1	8	263	95	66	.	28.9
169	9	Re5	D5	327	327	1	8	263	95	75	.	29.0
170	9	Fa5	F5	340	340	7	8	1842	95	84	.	29.7
171	9	Mi5	E5	336	336	1	8	263	95	102	.	29.8
172	9	Re5	D5	327	327	1	8	263	95	96	.	29.9
173	9	Do5	C5	318	318	1	8	263	95	96	.	30.0
174	9	Do5	C5	318	318	1	4	526	95	96	.	30.2
175	9	Re5	D5	327	327	1	8	263	95	96	.	30.3
176	9	Mi5	E5	336	336	1	8	263	95	96	.	30.4
177	9	Fa5	F5	340	340	1	8	263	95	96	.	30.5
178	9	Mi5	E5	336	336	1	8	263	95	66	.	30.6
179	9	Sol5	G5	349	349	1	8	263	95	73	.	30.7
180	9	Fa5	F5	340	340	3	8	789	95	80	.	31.0
181	9	Fa5	F5	340	340	7	8	1842	99	87	Gam	31.7
182	9	Fa5	F5	340	340	1	4	526	99	100		31.9
183	9	Mi5	E5	336	336	1	8	263	95	107		32.0
184	9	Mi5	E5	336	336	7	8	1842	99	114	çek	32.7
185	9	Mi5	E5	336	336	1	4	526	99	96		32.9
186	9	Re5	D5	327	327	1	8	263	95	96		33.0
187	9	Re5	D5	327	327	7	8	1842	99	96	me	33.7
188	9	Mi5	E5	336	336	1	8	263	99	96		33.8
189	9	Re5	D5	327	327	1	8	263	95	96		33.9
190	9	Do5	C5	318	318	1	8	263	95	96	gü	34.0
191	9	Do5	C5	318	318	9	8	2369	95	96	zel	34.9
192	9	Es	Es	-1	-1	1	8	263	100	0		35.0
193	9	Do5	C5	318	318	1	4	526	99	96	n'ol	35.2
194	9	Si5b5	B5b5	362	362	1	8	263	95	96		35.3
195	9	Si5b5	B5b5	362	362	1	8	263	99	96	sa	35.4
196	9	La5	A5	358	358	1	8	263	95	96		35.5
197	9	La5	A5	358	358	1	8	263	99	96	ba	35.6
198	9	Sol5	G5	349	349	1	8	263	95	96		35.7
199	9	Sol5	G5	349	349	1	4	526	99	96	ha	35.9
200	9	Fa5	F5	340	340	1	8	263	95	96		36.0
201	9	Mi5	E5	336	336	1	4	526	99	66	rın	36.2
202	9	Fa5	F5	340	340	1	8	263	95	76		36.3
203	9	Mi5	E5	336	336	1	8	263	99	85	so	36.4
204	9	Fa5	F5	340	340	1	8	263	95	95		36.5
205	9	Re5	D5	327	327	1	4	526	95	104	nu	36.7
206	9	La5	A5	358	358	1	8	263	99	114	yaz	36.8
207	9	Sol5	G5	349	349	1	8	263	99	96		36.9
208	9	Fa5	F5	340	340	1	8	263	95	96		37.0
209	9	Mi5	E5	336	336	1	4	526	99	96	dır	37.2
210	9	Fa5	F5	340	340	1	1	2105	95	96		38.0
211	9	La5	A5	358	358	7	8	1842	95	66	.	38.7
212	9	Sol5	G5	349	349	1	8	263	95	108	.	38.8
213	9	Fa5	F5	340	340	1	8	263	95	96	.	38.9
214	9	Mi5	E5	336	336	1	8	263	95	66	.	39.0
215	9	Sol5	G5	349	349	7	8	1842	95	84	.	39.7
216	9	Fa5	F5	340	340	1	8	263	95	69	.	39.8
217	9	Mi5	E5	336	336	1	8	263	95	72	.	39.9
218	9	Re5	D5	327	327	1	8	263	95	75	.	40.0
219	9	Fa5	F5	340	340	7	8	1842	95	78	.	40.7
220	9	Mi5	E5	336	336	1	8	263	95	84	.	40.8
221	9	Re5	D5	327	327	1	8	263	95	87	.	40.9
222	9	Do5	C5	318	318	1	8	263	95	90	.	41.0
223	9	Do5	C5	318	318	1	4	526	95	93	.	41.2
224	9	Re5	D5	327	327	1	8	263	95	96	.	41.3
225	9	Mi5	E5	336	336	1	8	263	95	99	.	41.4
226	9	Fa5	F5	340	340	1	8	263	95	102	.	41.5
227	9	Mi5	E5	336	336	1	8	263	95	105	.	41.6
228	9	Sol5	G5	349	349	1	8	263	95	108	.	41.7
229	9	Fa5	F5	340	340	3	8	789	95	66	.	42.0
230	9	Sol5	G5	349	349	7	8	1842	99	68	Sev	42.7
231	9	Sol5	G5	349	349	1	8	263	99	71		42.8
232	9	Fa5#3	F5#4	343	344	1	8	263	99	73		42.9
233	9	Mi5b4	E5b4	332	332	1	8	263	95	75		43.0
234	9	Re5	D5	327	327	7	8	1842	99	76	da	43.7
235	9	Mi5	E5	336	336	1	8	263	99	80		43.8
236	9	Re5	D5	327	327	1	8	263	95	81		43.9
237	9	Do5	C5	318	318	1	8	263	95	83	la	44.0
238	9	Do5	C5	318	318	7	8	1842	99	85	rın	44.7
239	9	Re5	D5	327	327	1	8	263	99	88		44.8
240	9	Do5	C5	318	318	1	8	263	99	90		44.9
241	9	Si4b5	B4b5	309	309	1	8	263	99	92		45.0
242	9	Si4b5	B4b5	309	309	5	4	2632	95	93		46.0
243	9	La4	A4	305	305	3	8	789	95	97	en	46.3
244	9	Si4b5	B4b5	309	309	1	4	526	95	99	coş	46.5
245	9	Do5	C5	318	318	1	4	526	95	100	tu	46.7
246	9	Re5	D5	327	327	1	4	526	99	102	ğu	46.9
247	9	Sol4	G4	296	296	1	8	263	95	104		47.0
248	9	Sol4	G4	296	296	9	8	2369	95	105	yer	47.9
249	9	Es	Es	-1	-1	1	8	263	100	109		48.0
250	9	La4	A4	305	305	3	8	789	95	111	şim	48.3
251	9	Sol4	G4	296	296	1	4	526	95	112	di	48.5
252	9	La4	A4	305	305	1	8	263	99	114	Bo	48.6
253	9	Sol4	G4	296	296	1	8	263	95	96		48.7
254	9	Fa4	F4	287	287	1	8	263	99	96	ğaz	48.8
255	9	Mi4	E4	283	283	1	8	263	99	96		48.9
256	9	Fa4	F4	287	287	1	8	263	95	96		49.0
257	9	Fa5	F5	340	340	5	8	1316	99	96	dır	49.5
258	9	Fa5	F5	340	340	1	8	263	99	96		49.6
259	9	Mi5	E5	336	336	1	8	263	99	96		49.7
260	9	Sol5	G5	349	349	1	8	263	99	96		49.8
261	9	Mi5	E5	336	336	1	8	263	99	96		49.9
262	9	Re5	D5	327	327	1	8	263	99	96		50.0
263	9	Mi5	E5	336	336	1	8	263	99	96		50.1
264	9	Re5	D5	327	327	1	8	263	99	96		50.2
265	9	Fa5	F5	340	340	1	8	263	99	96		50.3
266	9	Re5	D5	327	327	1	8	263	99	96		50.4
267	9	Do5	C5	318	318	1	8	263	99	96		50.5
268	9	Re5	D5	327	327	1	8	263	99	96		50.6
269	9	Do5	C5	318	318	1	8	263	99	96		50.7
270	9	Mi5	E5	336	336	1	8	263	99	96		50.8
271	9	Do5	C5	318	318	1	8	263	99	96		50.9
272	9	Si4b5	B4b5	309	309	1	8	263	99	96		51.0
273	9	Do5	C5	318	318	1	8	263	99	96		51.1
274	9	Si4b5	B4b5	309	309	1	8	263	99	96		51.2
275	9	Re5	D5	327	327	1	8	263	99	96		51.3
276	9	Si4b5	B4b5	309	309	1	8	263	99	96		51.4
277	9	La4	A4	305	305	1	8	263	99	96		51.5
278	9	Si4b5	B4b5	309	309	3	16	395	99	96		51.65
279	9	La4	A4	305	305	1	16	132	99	96		51.7
280	9	Sol4	G4	296	296	1	4	526	95	96		51.9
281	9	Es	Es	-1	-1	1	8	263	100	0		52.0
282	9	La4	A4	305	305	1	4	526	99	96	şim	52.2
283	9	Sol4	G4	296	296	1	8	263	95	96		52.3
284	9	Sol4	G4	296	296	1	8	263	99	96	di	52.4
285	9	Fa4	F4	287	287	1	8	263	95	96		52.5
286	9	Mi4	E4	283	283	1	8	263	99	96	Bo	52.6
287	9	Fa4	F4	287	287	1	8	263	95	96		52.7
288	9	Sol4	G4	296	296	1	4	526	99	96	ğaz	52.9
289	9	Fa4	F4	287	287	1	8	263	100	96		53.0
290	9	Fa4	F4	287	287	7	8	1842	95	96	dır	53.7
291	9	La4	A4	305	305	1	8	263	95	96	SAZ	53.8
292	9	Do5	C5	318	318	1	8	263	95	96	.	53.9
293	9	Fa5	F5	340	340	1	8	263	95	96	.	54.0
294	9	La5	A5	358	358	7	8	1842	95	66	.	54.7
295	9	Sol5	G5	349	349	1	8	263	95	108	.	54.8
296	9	Fa5	F5	340	340	1	8	263	95	96	.	54.9
297	9	Mi5	E5	336	336	1	8	263	95	66	.	55.0
298	9	Sol5	G5	349	349	7	8	1842	95	84	.	55.7
299	9	Fa5	F5	340	340	1	8	263	95	69	.	55.8
300	9	Mi5	E5	336	336	1	8	263	95	72	.	55.9
301	9	Re5	D5	327	327	1	8	263	95	75	.	56.0
302	9	Fa5	F5	340	340	7	8	1842	95	78	.	56.7
303	9	Mi5	E5	336	336	1	8	263	95	84	.	56.8
304	9	Re5	D5	327	327	1	8	263	95	87	.	56.9
305	9	Do5	C5	318	318	1	8	263	95	90	.	57.0
306	9	Do5	C5	318	318	1	4	526	95	93	.	57.2
307	9	Re5	D5	327	327	1	8	263	95	96	.	57.3
308	9	Mi5	E5	336	336	1	8	263	95	99	.	57.4
309	9	Fa5	F5	340	340	1	8	263	95	102	.	57.5
310	9	Mi5	E5	336	336	1	8	263	95	105	.	57.6
311	9	Sol5	G5	349	349	1	8	263	95	108	.	57.7
312	9	Fa5	F5	340	340	3	8	789	95	66	.	58.0
313	9	Sol5	G5	349	349	7	8	1842	99	68	Sev	58.7
314	9	Sol5	G5	349	349	1	8	263	99	71		58.8
315	9	Fa5#3	F5#4	343	344	1	8	263	99	73		58.9
316	9	Mi5b4	E5b4	332	332	1	8	263	95	75		59.0
317	9	Re5	D5	327	327	7	8	1842	99	76	da	59.7
318	9	Mi5	E5	336	336	1	8	263	99	80		59.8
319	9	Re5	D5	327	327	1	8	263	95	81		59.9
320	9	Do5	C5	318	318	1	8	263	95	83	la	60.0
321	9	Do5	C5	318	318	7	8	1842	99	85	rın	60.7
322	9	Re5	D5	327	327	1	8	263	99	88		60.8
323	9	Do5	C5	318	318	1	8	263	99	90		60.9
324	9	Si4b5	B4b5	309	309	1	8	263	99	92		61.0
325	9	Si4b5	B4b5	309	309	5	4	2632	95	93		62.0
326	9	La4	A4	305	305	3	8	789	95	97	en	62.3
327	9	Si4b5	B4b5	309	309	1	4	526	95	99	coş	62.5
328	9	Do5	C5	318	318	1	4	526	95	100	tu	62.7
329	9	Re5	D5	327	327	1	4	526	99	102	ğu	62.9
330	9	Sol4	G4	296	296	1	8	263	95	104		63.0
331	9	Sol4	G4	296	296	9	8	2369	95	105	yer	63.9
332	9	Es	Es	-1	-1	1	8	263	100	109		64.0
333	9	La4	A4	305	305	3	8	789	95	111	şim	64.3
334	9	Sol4	G4	296	296	1	4	526	95	112	di	64.5
335	9	La4	A4	305	305	1	8	263	99	114	Bo	64.6
336	9	Sol4	G4	296	296	1	8	263	95	96		64.7
337	9	Fa4	F4	287	287	1	8	263	99	96	ğaz	64.8
338	9	Mi4	E4	283	283	1	8	263	99	96		64.9
339	9	Fa4	F4	287	287	1	8	263	95	96		65.0
340	9	Fa5	F5	340	340	5	8	1316	99	96	dır	65.5
341	9	Fa5	F5	340	340	1	8	263	99	96		65.6
342	9	Mi5	E5	336	336	1	8	263	99	96		65.7
343	9	Sol5	G5	349	349	1	8	263	99	96		65.8
344	9	Mi5	E5	336	336	1	8	263	99	96		65.9
345	9	Re5	D5	327	327	1	8	263	99	96		66.0
346	9	Mi5	E5	336	336	1	8	263	99	96		66.1
347	9	Re5	D5	327	327	1	8	263	99	96		66.2
348	9	Fa5	F5	340	340	1	8	263	99	96		66.3
349	9	Re5	D5	327	327	1	8	263	99	96		66.4
350	9	Do5	C5	318	318	1	8	263	99	96		66.5
351	9	Re5	D5	327	327	1	8	263	99	96		66.6
352	9	Do5	C5	318	318	1	8	263	99	96		66.7
353	9	Mi5	E5	336	336	1	8	263	99	96		66.8
354	9	Do5	C5	318	318	1	8	263	99	96		66.9
355	9	Si4b5	B4b5	309	309	1	8	263	99	96		67.0
356	9	Do5	C5	318	318	1	8	263	99	96		67.1
357	9	Si4b5	B4b5	309	309	1	8	263	99	96		67.2
358	9	Re5	D5	327	327	1	8	263	99	96		67.3
359	9	Si4b5	B4b5	309	309	1	8	263	99	96		67.4
360	9	La4	A4	305	305	1	8	263	99	96		67.5
361	9	Si4b5	B4b5	309	309	3	16	395	99	96		67.65
362	9	La4	A4	305	305	1	16	132	99	96		67.7
363	9	Sol4	G4	296	296	1	4	526	95	96		67.9
364	9	Es	Es	-1	-1	1	8	263	100	0		68.0
365	9	La4	A4	305	305	1	4	526	99	96	şim	68.2
366	9	Sol4	G4	296	296	1	8	263	95	96		68.3
367	9	Sol4	G4	296	296	1	8	263	99	96	di	68.4
368	9	Fa4	F4	287	287	1	8	263	95	96		68.5
369	9	Mi4	E4	283	283	1	8	263	99	96	Bo	68.6
370	9	Fa4	F4	287	287	1	8	263	95	96		68.7
371	9	Sol4	G4	296	296	1	4	526	99	96	ğaz	68.9
372	9	Fa4	F4	287	287	1	8	263	100	96		69.0
373	9	Fa4	F4	287	287	9	8	2369	95	96	dır	69.9
374	9	Es	Es	-1	-1	1	8	263	100	0		70.0
375	9	Do5	C5	318	318	3	8	789	95	96	SAZ	70.3
376	9	Re5b3	D5b4	324	323	1	4	526	95	96	.	70.5
377	9	Do5	C5	318	318	1	8	263	95	96	.	70.6
378	9	Re5b3	D5b4	324	323	1	8	263	95	96	.	70.7
379	9	Do5	C5	318	318	1	8	263	95	96	.	70.8
380	9	Si4b2	B4b1	312	313	1	8	263	95	96	.	70.9
381	9	La4	A4	305	305	1	8	263	95	96	.	71.0
382	9	Si4b2	B4b1	312	313	3	8	789	95	96	.	71.3
383	9	Do5	C5	318	318	1	4	526	95	96	.	71.5
384	9	Si4b2	B4b1	312	313	1	8	263	95	66	.	71.6
385	9	Do5	C5	318	318	1	8	263	95	68	.	71.7
386	9	Si4b2	B4b1	312	313	1	8	263	95	71	.	71.8
387	9	La4	A4	305	305	1	8	263	95	73	.	71.9
388	9	Sol4	G4	296	296	1	8	263	95	76	.	72.0
389	9	La4	A4	305	305	1	8	263	95	78	.	72.1
390	9	Si4b2	B4b1	312	313	1	8	263	95	96	.	72.2
391	9	Do5	C5	318	318	1	8	263	95	96	.	72.3
392	9	Re5b3	D5b4	324	323	1	8	263	95	96	.	72.4
393	9	Mi5	E5	336	336	1	8	263	95	96	.	72.5
394	9	Fa5	F5	340	340	1	8	263	95	96	.	72.6
395	9	Mi5	E5	336	336	1	8	263	95	96	.	72.7
396	9	Re5b3	D5b4	324	323	1	8	263	95	96	.	72.8
397	9	Do5	C5	318	318	1	8	263	95	96	.	72.9
398	9	Si4b2	B4b1	312	313	1	8	263	95	96	.	73.0
399	9	Do5	C5	318	318	5	4	2631	95	96	.	74.0
400	9	Si4b2	B4b1	312	313	3	8	789	99	96	Tek	74.3
401	9	Do5	C5	318	318	1	4	526	95	96		74.5
402	9	Do5	C5	318	318	1	16	132	99	96	rar	74.55
403	9	Re5b3	D5b4	324	323	1	16	132	99	96		74.6
404	9	Do5	C5	318	318	1	16	132	99	96		74.65
405	9	Si4b2	B4b1	312	313	1	16	132	99	96		74.7
406	9	Do5	C5	318	318	3	8	789	95	96		75.0
407	9	Do5	C5	318	318	3	8	789	95	96	e	75.3
408	9	Re5b3	D5b4	324	323	1	8	263	99	96	di	75.4
409	9	Mi5	E5	336	336	1	8	263	95	96		75.5
410	9	Re5b3	D5b4	324	323	1	8	263	99	66	yor	75.6
411	9	Do5	C5	318	318	1	8	263	99	70		75.7
412	9	Si4b2	B4b1	312	313	1	4	526	95	74		75.9
413	9	Es	Es	-1	-1	1	8	263	100	78		76.0
414	9	Do5	C5	318	318	3	8	789	95	82	söy	76.3
415	9	Re5b3	D5b4	324	323	1	4	526	95	86	le	76.5
416	9	Mi5	E5	336	336	1	4	526	95	90	di	76.7
417	9	Fa5	F5	340	340	3	8	789	95	94	ğim	77.0
418	9	Sol5	G5	349	349	1	4	526	99	98	şar	77.2
419	9	Fa5	F5	340	340	1	8	263	95	102		77.3
420	9	Mi5	E5	336	336	1	4	526	95	106	kı	77.5
421	9	Fa5	F5	340	340	1	4	526	95	110	yı	77.7
422	9	Mi5	E5	336	336	1	8	263	99	114	dağ	77.8
423	9	Fa5	F5	340	340	1	8	263	99	96		77.9
424	9	Sol5	G5	349	349	1	8	263	95	96		78.0
425	9	Sol5	G5	349	349	5	4	2631	100	96	lar	79.0
426	9	Sol5	G5	349	349	3	8	789	99	96		79.3
427	9	Sol5	G5	349	349	2	8	526	99	96		79.5
428	9	Sol5	G5	349	349	1	8	263	99	96		79.6
429	9	Fa5	F5	340	340	1	8	263	99	96		79.7
430	9	Mi5	E5	336	336	1	8	263	99	96		79.8
431	9	Fa5	F5	340	340	1	8	263	99	96		79.9
432	9	Sol5	G5	349	349	1	8	263	95	96		80.0
433	9	La5b4	A5b4	354	354	7	8	1842	99	96	Ah	80.7
434	9	Sol5	G5	349	349	1	8	263	99	96		80.8
435	9	Fa5	F5	340	340	1	8	263	99	96		80.9
436	9	Mi5	E5	336	336	1	8	263	95	96		81.0
437	9	Sol5	G5	349	349	7	8	1842	99	96	ah	81.7
438	9	Fa5	F5	340	340	1	8	263	99	96		81.8
439	9	Mi5	E5	336	336	1	8	263	99	96		81.9
440	9	Re5b3	D5b4	324	323	1	8	263	95	96		82.0
441	9	Fa5	F5	340	340	7	8	1842	99	96	ah 	82.7
442	9	Mi5	E5	336	336	1	8	263	99	96		82.8
443	9	Re5b3	D5b4	324	323	1	8	263	99	96		82.9
444	9	Do5	C5	318	318	1	8	263	95	96		83.0
445	9	Mi5	E5	336	336	7	8	1842	99	96	ah	83.7
446	9	Re5b3	D5b4	324	323	1	8	263	99	69		83.8
447	9	Do5	C5	318	318	1	8	263	99	72		83.9
448	9	Si4b2	B4b1	312	313	1	8	263	95	75		84.0
449	9	Do5	C5	318	318	3	8	789	95	78	şar	84.3
450	9	Re5b2	D5b1	325	326	1	8	263	99	96	kı	84.4
451	9	Mi5	E5	336	336	1	8	263	95	96		84.5
452	9	Fa5	F5	340	340	1	8	263	99	96	yı	84.6
453	9	Mi5	E5	336	336	1	8	263	95	96		84.7
454	9	Re5b2	D5b1	325	326	1	8	263	99	96	dağ	84.8
455	9	Do5	C5	318	318	1	8	263	99	96		84.9
456	9	Si4b2	B4b1	312	313	1	8	263	95	96		85.0
457	9	Do5	C5	318	318	5	4	2631	95	96	lar	86.0
458	9	La5	A5	358	358	7	8	1842	95	66	.	86.7
459	9	Sol5	G5	349	349	1	8	263	95	108	.	86.8
460	9	Fa5	F5	340	340	1	8	263	95	96	.	86.9
461	9	Mi5	E5	336	336	1	8	263	95	66	.	87.0
462	9	Sol5	G5	349	349	7	8	1842	95	84	.	87.7
463	9	Fa5	F5	340	340	1	8	263	95	69	.	87.8
464	9	Mi5	E5	336	336	1	8	263	95	72	.	87.9
465	9	Re5	D5	327	327	1	8	263	95	75	.	88.0
466	9	Fa5	F5	340	340	7	8	1842	95	78	.	88.7
467	9	Mi5	E5	336	336	1	8	263	95	84	.	88.8
468	9	Re5	D5	327	327	1	8	263	95	87	.	88.9
469	9	Do5	C5	318	318	1	8	263	95	90	.	89.0
470	9	Do5	C5	318	318	1	4	526	95	93	.	89.2
471	9	Re5	D5	327	327	1	8	263	95	96	.	89.3
472	9	Mi5	E5	336	336	1	8	263	95	99	.	89.4
473	9	Fa5	F5	340	340	1	8	263	95	102	.	89.5
474	9	Mi5	E5	336	336	1	8	263	95	105	.	89.6
475	9	Sol5	G5	349	349	1	8	263	95	108	.	89.7
476	9	Fa5	F5	340	340	3	8	789	95	66	.	90.0
477	9	Sol5	G5	349	349	7	8	1842	99	68	Sev	90.7
478	9	Sol5	G5	349	349	1	8	263	99	71		90.8
479	9	Fa5#3	F5#4	343	344	1	8	263	99	73		90.9
480	9	Mi5b4	E5b4	332	332	1	8	263	95	75		91.0
481	9	Re5	D5	327	327	7	8	1842	99	76	da	91.7
482	9	Mi5	E5	336	336	1	8	263	99	80		91.8
483	9	Re5	D5	327	327	1	8	263	95	81		91.9
484	9	Do5	C5	318	318	1	8	263	95	83	la	92.0
485	9	Do5	C5	318	318	7	8	1842	99	85	rın	92.7
486	9	Re5	D5	327	327	1	8	263	99	88		92.8
487	9	Do5	C5	318	318	1	8	263	99	90		92.9
488	9	Si4b5	B4b5	309	309	1	8	263	99	92		93.0
489	9	Si4b5	B4b5	309	309	5	4	2632	95	93		94.0
490	9	La4	A4	305	305	3	8	789	95	97	en	94.3
491	9	Si4b5	B4b5	309	309	1	4	526	95	99	coş	94.5
492	9	Do5	C5	318	318	1	4	526	95	100	tu	94.7
493	9	Re5	D5	327	327	1	4	526	99	102	ğu	94.9
494	9	Sol4	G4	296	296	1	8	263	95	104		95.0
495	9	Sol4	G4	296	296	9	8	2369	95	105	yer	95.9
496	9	Es	Es	-1	-1	1	8	263	100	109		96.0
497	9	La4	A4	305	305	3	8	789	95	111	şim	96.3
498	9	Sol4	G4	296	296	1	4	526	95	112	di	96.5
499	9	La4	A4	305	305	1	8	263	99	114	Bo	96.6
500	9	Sol4	G4	296	296	1	8	263	95	96		96.7
501	9	Fa4	F4	287	287	1	8	263	99	96	ğaz	96.8
502	9	Mi4	E4	283	283	1	8	263	99	96		96.9
503	9	Fa4	F4	287	287	1	8	263	95	96		97.0
504	9	Fa5	F5	340	340	5	8	1316	99	96	dır	97.5
505	9	Fa5	F5	340	340	1	8	263	99	96		97.6
506	9	Mi5	E5	336	336	1	8	263	99	96		97.7
507	9	Sol5	G5	349	349	1	8	263	99	96		97.8
508	9	Mi5	E5	336	336	1	8	263	99	96		97.9
509	9	Re5	D5	327	327	1	8	263	99	96		98.0
510	9	Mi5	E5	336	336	1	8	263	99	96		98.1
511	9	Re5	D5	327	327	1	8	263	99	96		98.2
512	9	Fa5	F5	340	340	1	8	263	99	96		98.3
513	9	Re5	D5	327	327	1	8	263	99	96		98.4
514	9	Do5	C5	318	318	1	8	263	99	96		98.5
515	9	Re5	D5	327	327	1	8	263	99	96		98.6
516	9	Do5	C5	318	318	1	8	263	99	96		98.7
517	9	Mi5	E5	336	336	1	8	263	99	96		98.8
518	9	Do5	C5	318	318	1	8	263	99	96		98.9
519	9	Si4b5	B4b5	309	309	1	8	263	99	96		99.0
520	9	Do5	C5	318	318	1	8	263	99	96		99.1
521	9	Si4b5	B4b5	309	309	1	8	263	99	96		99.2
522	9	Re5	D5	327	327	1	8	263	99	96		99.3
523	9	Si4b5	B4b5	309	309	1	8	263	99	96		99.4
524	9	La4	A4	305	305	1	8	263	99	96		99.5
525	9	Si4b5	B4b5	309	309	3	16	395	99	96		99.65
526	9	La4	A4	305	305	1	16	132	99	96		99.7
527	9	Sol4	G4	296	296	1	4	526	95	96		99.9
528	9	Es	Es	-1	-1	1	8	263	100	0		100.0
529	9	La4	A4	305	305	1	4	526	99	96	şim	100.2
530	9	Sol4	G4	296	296	1	8	263	95	96		100.3
531	9	Sol4	G4	296	296	1	8	263	99	96	di	100.4
532	9	Fa4	F4	287	287	1	8	263	95	96		100.5
533	9	Mi4	E4	283	283	1	8	263	99	96	Bo	100.6
534	9	Fa4	F4	287	287	1	8	263	95	96		100.7
535	9	Sol4	G4	296	296	1	4	526	99	96	ğaz	100.9
536	9	Fa4	F4	287	287	1	8	263	100	96		101.0
537	9	Fa4	F4	287	287	7	8	1842	95	96	dır	101.7
538	9	La4	A4	305	305	1	8	263	95	96	SAZ	101.8
539	9	Do5	C5	318	318	1	8	263	95	96	.	101.9
540	9	Fa5	F5	340	340	1	8	263	95	96	.	102.0
541	9	La5	A5	358	358	7	8	1842	95	66	.	102.7
542	9	Sol5	G5	349	349	1	8	263	95	108	.	102.8
543	9	Fa5	F5	340	340	1	8	263	95	96	.	102.9
544	9	Mi5	E5	336	336	1	8	263	95	66	.	103.0
545	9	Sol5	G5	349	349	7	8	1842	95	84	.	103.7
546	9	Fa5	F5	340	340	1	8	263	95	69	.	103.8
547	9	Mi5	E5	336	336	1	8	263	95	72	.	103.9
548	9	Re5	D5	327	327	1	8	263	95	75	.	104.0
549	9	Fa5	F5	340	340	7	8	1842	95	78	.	104.7
550	9	Mi5	E5	336	336	1	8	263	95	84	.	104.8
551	9	Re5	D5	327	327	1	8	263	95	87	.	104.9
552	9	Do5	C5	318	318	1	8	263	95	90	.	105.0
553	9	Do5	C5	318	318	1	4	526	95	93	.	105.2
554	9	Re5	D5	327	327	1	8	263	95	96	.	105.3
555	9	Mi5	E5	336	336	1	8	263	95	99	.	105.4
556	9	Fa5	F5	340	340	1	8	263	95	102	.	105.5
557	9	Mi5	E5	336	336	1	8	263	95	105	.	105.6
558	9	Sol5	G5	349	349	1	8	263	95	108	.	105.7
559	9	Fa5	F5	340	340	3	8	789	95	66	.	106.0
560	9	Sol5	G5	349	349	7	8	1842	99	68	Sev	106.7
561	9	Sol5	G5	349	349	1	8	263	99	71		106.8
562	9	Fa5#3	F5#4	343	344	1	8	263	99	73		106.9
563	9	Mi5b4	E5b4	332	332	1	8	263	95	75		107.0
564	9	Re5	D5	327	327	7	8	1842	99	76	da	107.7
565	9	Mi5	E5	336	336	1	8	263	99	80		107.8
566	9	Re5	D5	327	327	1	8	263	95	81		107.9
567	9	Do5	C5	318	318	1	8	263	95	83	la	108.0
568	9	Do5	C5	318	318	7	8	1842	99	85	rın	108.7
569	9	Re5	D5	327	327	1	8	263	99	88		108.8
570	9	Do5	C5	318	318	1	8	263	99	90		108.9
571	9	Si4b5	B4b5	309	309	1	8	263	99	92		109.0
572	9	Si4b5	B4b5	309	309	5	4	2632	95	93		110.0
573	9	La4	A4	305	305	3	8	789	95	97	en	110.3
574	9	Si4b5	B4b5	309	309	1	4	526	95	99	coş	110.5
575	9	Do5	C5	318	318	1	4	526	95	100	tu	110.7
576	9	Re5	D5	327	327	1	4	526	99	102	ğu	110.9
577	9	Sol4	G4	296	296	1	8	263	95	104		111.0
578	9	Sol4	G4	296	296	9	8	2369	95	105	yer	111.9
579	9	Es	Es	-1	-1	1	8	263	100	109		112.0
580	9	La4	A4	305	305	3	8	789	95	111	şim	112.3
581	9	Sol4	G4	296	296	1	4	526	95	112	di	112.5
582	9	La4	A4	305	305	1	8	263	99	114	Bo	112.6
583	9	Sol4	G4	296	296	1	8	263	95	96		112.7
584	9	Fa4	F4	287	287	1	8	263	99	96	ğaz	112.8
585	9	Mi4	E4	283	283	1	8	263	99	96		112.9
586	9	Fa4	F4	287	287	1	8	263	95	96		113.0
587	9	Fa5	F5	340	340	5	8	1316	99	96	dır	113.5
588	9	Fa5	F5	340	340	1	8	263	99	96		113.6
589	9	Mi5	E5	336	336	1	8	263	99	96		113.7
590	9	Sol5	G5	349	349	1	8	263	99	96		113.8
591	9	Mi5	E5	336	336	1	8	263	99	96		113.9
592	9	Re5	D5	327	327	1	8	263	99	96		114.0
593	9	Mi5	E5	336	336	1	8	263	99	96		114.1
594	9	Re5	D5	327	327	1	8	263	99	96		114.2
595	9	Fa5	F5	340	340	1	8	263	99	96		114.3
596	9	Re5	D5	327	327	1	8	263	99	96		114.4
597	9	Do5	C5	318	318	1	8	263	99	96		114.5
598	9	Re5	D5	327	327	1	8	263	99	96		114.6
599	9	Do5	C5	318	318	1	8	263	99	96		114.7
600	9	Mi5	E5	336	336	1	8	263	99	96		114.8
601	9	Do5	C5	318	318	1	8	263	99	96		114.9
602	9	Si4b5	B4b5	309	309	1	8	263	99	96		115.0
603	9	Do5	C5	318	318	1	8	263	99	96		115.1
604	9	Si4b5	B4b5	309	309	1	8	263	99	96		115.2
605	9	Re5	D5	327	327	1	8	263	99	96		115.3
606	9	Si4b5	B4b5	309	309	1	8	263	99	96		115.4
607	9	La4	A4	305	305	1	8	263	99	96		115.5
608	9	Si4b5	B4b5	309	309	3	16	395	99	96		115.65
609	9	La4	A4	305	305	1	16	132	99	96		115.7
610	9	Sol4	G4	296	296	1	4	526	95	96		115.9
611	9	Es	Es	-1	-1	1	8	263	100	0		116.0
612	9	La4	A4	305	305	1	4	526	99	96	şim	116.2
613	9	Sol4	G4	296	296	1	8	263	95	96		116.3
614	9	Sol4	G4	296	296	1	8	263	99	96	di	116.4
615	9	Fa4	F4	287	287	1	8	263	95	96		116.5
616	9	Mi4	E4	283	283	1	8	263	99	96	Bo	116.6
617	9	Fa4	F4	287	287	1	8	263	95	96		116.7
618	9	Sol4	G4	296	296	1	4	526	99	96	ğaz	116.9
619	9	Fa4	F4	287	287	1	8	263	100	96		117.0
620	9	Fa4	F4	287	287	9	8	2369	95	96	dır	117.9
621	9	Es	Es	-1	-1	1	8	263	100	0		118.0
