Sira	Kod	Nota53	NotaAE	Koma53	KomaAE	Pay	Payda	Ms	LNS	Bas	Soz1	Offset
1	51			0	0	6	4	0	11	0	Senginsemâî	0.0
2	9	La4	A4	305	305	1	4	769	95	96	ARANAĞME	0.166666666667
3	9	Do5	C5	318	318	1	4	769	95	96	.	0.333333333333
4	9	Fa5	F5	340	340	1	4	769	95	96	.	0.5
5	9	Mi5	E5	336	336	1	8	385	95	96	.	0.583333333333
6	9	Sol5	G5	349	349	1	8	385	95	96	.	0.666666666667
7	9	Fa5	F5	340	340	1	2	1538	95	96	.	1.0
8	9	Si5b5	B5b5	362	362	3	16	577	95	96	.	1.125
9	9	La5	A5	358	358	1	16	192	95	96	.	1.16666666667
10	9	Sol5	G5	349	349	3	16	577	95	96	.	1.29166666667
11	9	Fa5	F5	340	340	1	16	192	95	96	.	1.33333333333
12	9	Mi5	E5	336	336	3	16	577	95	96	.	1.45833333333
13	9	Re5	D5	327	327	1	16	192	95	96	.	1.5
14	9	Re5	D5	327	327	1	8	385	95	96	.	1.58333333333
15	9	Mi5	E5	336	336	1	16	192	95	96	.	1.625
16	9	Re5	D5	327	327	1	16	192	95	96	.	1.66666666667
17	9	Do5	C5	318	318	1	2	1538	95	96	.	2.0
18	9	Do5	C5	318	318	1	4	769	95	96	.	2.16666666667
19	9	Re5	D5	327	327	3	16	577	95	96	.	2.29166666667
20	9	Do5	C5	318	318	1	16	192	95	96	.	2.33333333333
21	9	Re5	D5	327	327	1	8	385	95	96	.	2.41666666667
22	9	Mi5	E5	336	336	1	8	385	95	96	.	2.5
23	9	Fa5	F5	340	340	1	12	256	95	96	.	2.55555555556
24	9	Sol5	G5	349	349	1	12	256	95	96	.	2.61111111111
25	9	La5	A5	358	358	1	12	256	95	96	.	2.66666666667
26	9	Si5b5	B5b5	362	362	1	2	1538	95	96	.	3.0
27	9	La5	A5	358	358	3	16	577	95	96	.	3.125
28	9	Sol5	G5	349	349	1	16	192	95	96	.	3.16666666667
29	9	Fa5	F5	340	340	3	16	577	95	96	.	3.29166666667
30	9	Mi5	E5	336	336	1	16	192	95	96	.	3.33333333333
31	9	Re5	D5	327	327	1	4	769	95	96	.	3.5
32	9	Mi5	E5	336	336	1	8	385	95	96	.	3.58333333333
33	9	Sol5	G5	349	349	1	16	192	95	96	.	3.625
34	11	Fa5	F5	340	340	1	16	192	95	90	.	3.66666666667
35	9	Fa5	F5	340	340	1	2	1538	95	96	.	4.0
36	9	Fa5	F5	340	340	1	4	769	95	96	.	4.16666666667
37	9	Mi5	E5	336	336	1	4	769	95	96	.	4.33333333333
38	9	Fa5	F5	340	340	1	4	769	95	96	.	4.5
39	9	Sol5	G5	349	349	1	8	385	95	96	.	4.58333333333
40	9	Fa5	F5	340	340	1	16	192	95	96	.	4.625
41	11	Mi5	E5	336	336	1	16	192	95	90	.	4.66666666667
42	9	Mi5	E5	336	336	3	8	1154	95	96	.	4.91666666667
43	9	Re5	D5	327	327	1	8	385	95	96	.	5.0
44	9	Re5	D5	327	327	3	8	1154	95	96	.	5.25
45	9	Do5	C5	318	318	1	8	385	95	96	.	5.33333333333
46	9	Do5	C5	318	318	1	8	385	95	96	.	5.41666666667
47	9	Re5	D5	327	327	1	16	192	95	96	.	5.45833333333
48	9	Do5	C5	318	318	1	16	192	95	96	.	5.5
49	9	Si4b5	B4b5	309	309	1	8	385	95	96	.	5.58333333333
50	9	La4	A4	305	305	1	8	385	95	96	.	5.66666666667
51	9	Si4b5	B4b5	309	309	1	2	1538	95	96	.	6.0
52	9	La4	A4	305	305	1	4	769	95	96	.	6.16666666667
53	9	Si4b5	B4b5	309	309	1	4	769	95	96	.	6.33333333333
54	9	Si4b5	B4b5	309	309	3	16	577	95	96	.	6.45833333333
55	9	La4	A4	305	305	1	16	192	95	96	.	6.5
56	9	Sol4	G4	296	296	1	4	769	95	96	.	6.66666666667
57	9	La4	A4	305	305	1	8	385	95	96	.	6.75
58	9	Si4b5	B4b5	309	309	1	8	385	95	96	.	6.83333333333
59	9	Do5	C5	318	318	1	8	385	95	96	.	6.91666666667
60	9	Si4b5	B4b5	309	309	1	16	192	95	96	.	6.95833333333
61	11	La4	A4	305	305	1	16	192	95	96	.	7.0
62	9	La4	A4	305	305	1	2	1538	95	96	.	7.33333333333
63	9	Es	Es	-1	-1	1	4	769	100	0	.	7.5
64	9	Si4b5	B4b5	309	309	1	8	385	95	96	.	7.58333333333
65	9	Do5	C5	318	318	1	8	385	95	96	.	7.66666666667
66	9	La4	A4	305	305	1	2	1538	95	96	.	8.0
67	9	Fa5	F5	340	340	1	4	769	95	96	Aş	8.16666666667
68	9	Fa5	F5	340	340	1	4	769	95	96	kın_	8.33333333333
69	9	Fa5	F5	340	340	1	4	769	95	96	i	8.5
70	10	Mi5	E5	336	336	1	8	385	99	96	le 	8.58333333333
71	8	La5	A5	358	358	0	0	0	99	96		8.58333333333
72	9	Sol5	G5	349	349	1	16	192	99	96		8.625
73	11	Fa5	F5	340	340	1	16	192	95	90		8.66666666667
74	9	Fa5	F5	340	340	1	2	1538	95	96	gün	9.0
75	9	Si5b5	B5b5	362	362	1	4	769	99	96	düz 	9.16666666667
76	9	La5	A5	358	358	1	8	385	99	96		9.25
77	9	Sol5	G5	349	349	1	8	385	95	96		9.33333333333
78	9	Sol5	G5	349	349	1	8	385	99	96	ge	9.41666666667
79	9	Fa5	F5	340	340	1	8	385	95	96		9.5
80	9	Fa5	F5	340	340	1	8	385	99	96	ce 	9.58333333333
81	9	Mi5	E5	336	336	1	8	385	95	96		9.66666666667
82	9	Mi5	E5	336	336	1	4	769	99	96	gir	9.83333333333
83	9	Mi5	E5	336	336	1	8	385	99	96		9.91666666667
84	9	Re5	D5	327	327	1	8	385	95	96		10.0
85	9	Re5	D5	327	327	1	8	385	99	96	yâ	10.0833333333
86	9	Mi5	E5	336	336	1	4	769	99	96		10.25
87	9	Re5	D5	327	327	1	16	192	99	96		10.2916666667
88	11	Do5	C5	318	318	1	16	192	95	90		10.3333333333
89	9	Do5	C5	318	318	1	4	769	95	96	nım_	10.5
90	9	Do5	C5	318	318	1	4	769	95	96	e	10.6666666667
91	9	La5	A5	358	358	1	4	769	99	96	fen	10.8333333333
92	9	Sol5	G5	349	349	1	8	385	99	96		10.9166666667
93	9	Fa5	F5	340	340	1	8	385	95	96		11.0
94	9	Mi5	E5	336	336	1	4	769	95	96	dim  	11.1666666667
95	9	Fa5	F5	340	340	1	4	769	95	96		11.3333333333
96	9	Do5	C5	318	318	1	8	385	95	96	SAZ	11.4166666667
97	9	Re5	D5	327	327	1	16	192	95	96	.	11.4583333333
98	9	Do5	C5	318	318	1	16	192	95	96	.	11.5
99	11	Si4b5	B4b5	309	309	1	8	385	95	96	.	11.5833333333
100	9	Si4b5	B4b5	309	309	1	16	192	95	96	.	11.625
101	11	La4	A4	305	305	1	16	192	95	96	.	11.6666666667
102	9	La4	A4	305	305	1	2	1538	95	90	.	12.0
103	9	Fa5	F5	340	340	1	4	769	95	96	Aş	12.1666666667
104	9	Fa5	F5	340	340	1	4	769	95	96	kın_	12.3333333333
105	9	Fa5	F5	340	340	1	4	769	95	96	i	12.5
106	10	Mi5	E5	336	336	1	8	385	99	96	le 	12.5833333333
107	8	La5	A5	358	358	0	0	0	99	96		12.5833333333
108	9	Sol5	G5	349	349	1	16	192	99	96		12.625
109	11	Fa5	F5	340	340	1	16	192	95	90		12.6666666667
110	9	Fa5	F5	340	340	1	2	1538	95	96	gün	13.0
111	9	Si5b5	B5b5	362	362	1	4	769	99	96	düz 	13.1666666667
112	9	La5	A5	358	358	1	8	385	99	96		13.25
113	9	Sol5	G5	349	349	1	8	385	95	96		13.3333333333
114	9	Sol5	G5	349	349	1	8	385	99	96	ge	13.4166666667
115	9	Fa5	F5	340	340	1	8	385	95	96		13.5
116	9	Fa5	F5	340	340	1	8	385	99	96	ce 	13.5833333333
117	9	Mi5	E5	336	336	1	8	385	95	96		13.6666666667
118	9	Mi5	E5	336	336	1	4	769	99	96	gir	13.8333333333
119	9	Mi5	E5	336	336	1	8	385	99	96		13.9166666667
120	9	Re5	D5	327	327	1	8	385	95	96		14.0
121	9	Re5	D5	327	327	1	8	385	99	96	yâ	14.0833333333
122	9	Mi5	E5	336	336	1	4	769	99	96		14.25
123	9	Re5	D5	327	327	1	16	192	99	96		14.2916666667
124	11	Do5	C5	318	318	1	16	192	95	90		14.3333333333
125	9	Do5	C5	318	318	1	4	769	95	96	nım_	14.5
126	9	Do5	C5	318	318	1	4	769	95	96	e	14.6666666667
127	9	La5	A5	358	358	1	4	769	99	96	fen	14.8333333333
128	9	Sol5	G5	349	349	1	8	385	99	96		14.9166666667
129	9	Fa5	F5	340	340	1	8	385	95	96		15.0
130	9	Mi5	E5	336	336	1	4	769	99	96	dim  	15.1666666667
131	9	Fa5	F5	340	340	1	4	769	95	96		15.3333333333
132	9	Es	Es	-1	-1	1	8	385	100	0		15.4166666667
133	9	Do5	C5	318	318	1	8	385	95	96	SAZ	15.5
134	9	Re5	D5	327	327	1	8	385	95	96	.	15.5833333333
135	9	Mi5	E5	336	336	1	8	385	95	96	.	15.6666666667
136	9	Fa5	F5	340	340	1	8	385	95	96	.	15.75
137	9	Sol5	G5	349	349	1	8	385	95	96	.	15.8333333333
138	9	La5	A5	358	358	1	4	769	95	96	.	16.0
139	9	Sol5	G5	349	349	1	4	769	95	96	Bül	16.1666666667
140	9	La5	A5	358	358	1	4	769	95	96	bül 	16.3333333333
141	9	La5	A5	358	358	1	4	769	95	96	gi	16.5
142	9	La5	A5	358	358	1	4	769	95	96	bi 	16.6666666667
143	9	La5	A5	358	358	1	4	769	99	96	gül 	16.8333333333
144	9	Sol5	G5	349	349	1	8	385	99	96		16.9166666667
145	9	Fa5	F5	340	340	1	8	385	95	96		17.0
146	9	Si5b5	B5b5	362	362	3	8	1154	99	96	rû	17.25
147	9	La5	A5	358	358	1	8	385	95	96		17.3333333333
148	9	La5	A5	358	358	1	8	385	99	96	yi	17.4166666667
149	9	Sol5	G5	349	349	1	8	385	95	96		17.5
150	9	Sol5	G5	349	349	1	8	385	99	96	ne 	17.5833333333
151	9	Fa5	F5	340	340	1	8	385	95	96		17.6666666667
152	9	Fa5	F5	340	340	1	4	769	99	96	hay	17.8333333333
153	9	Fa5	F5	340	340	1	8	385	99	96		17.9166666667
154	9	Mi5	E5	336	336	1	8	385	95	96		18.0
155	9	Mi5	E5	336	336	3	8	1154	99	96	ra	18.25
156	9	Re5	D5	327	327	1	8	385	95	96		18.3333333333
157	9	Re5	D5	327	327	1	4	769	99	96	nım_	18.5
158	9	Re5	D5	327	327	1	8	385	99	96	e	18.5833333333
159	9	Do5	C5	318	318	1	8	385	95	96		18.6666666667
160	9	Do5	C5	318	318	1	8	385	99	96	fen	18.75
161	9	Re5	D5	327	327	1	8	385	99	96		18.8333333333
162	9	Re5	D5	327	327	1	8	385	99	96		18.9166666667
163	9	Do5	C5	318	318	1	8	385	95	96		19.0
164	9	Do5	C5	318	318	1	2	1538	95	96	dim  	19.3333333333
165	9	Es	Es	-1	-1	1	8	385	100	0		19.4166666667
166	9	Do5	C5	318	318	1	8	385	95	96	SAZ	19.5
167	9	Re5	D5	327	327	1	8	385	95	96	.	19.5833333333
168	9	Mi5	E5	336	336	1	8	385	95	96	.	19.6666666667
169	9	Fa5	F5	340	340	1	2	1538	95	96	.	20.0
170	9	Fa5	F5	340	340	1	4	769	95	96	Bül	20.1666666667
171	9	Fa5	F5	340	340	1	4	769	95	96	bül 	20.3333333333
172	9	Fa5	F5	340	340	1	4	769	95	96	gi	20.5
173	9	Fa5	F5	340	340	1	8	385	99	96	bi 	20.5833333333
174	9	Mi5	E5	336	336	1	8	385	95	96		20.6666666667
175	9	Mi5	E5	336	336	3	8	1154	99	96	gül 	20.9166666667
176	9	Re5	D5	327	327	1	8	385	95	96		21.0
177	9	Re5	D5	327	327	3	8	1154	99	96	rû	21.25
178	9	Do5	C5	318	318	1	8	385	95	96		21.3333333333
179	9	Do5	C5	318	318	1	8	385	99	96	yi	21.4166666667
180	9	Re5	D5	327	327	1	16	192	99	96		21.4583333333
181	9	Do5	C5	318	318	1	16	192	95	96		21.5
182	9	Si4b5	B4b5	309	309	1	8	385	99	96	ne 	21.5833333333
183	9	La4	A4	305	305	1	8	385	95	96		21.6666666667
184	9	Si4b5	B4b5	309	309	1	2	1538	95	96	hay	22.0
185	9	La4	A4	305	305	1	4	769	99	96	ra	22.1666666667
186	9	Si4b5	B4b5	309	309	1	4	769	95	96		22.3333333333
187	9	Si4b5	B4b5	309	309	1	8	385	99	96	nım_	22.4166666667
188	9	La4	A4	305	305	1	8	385	95	96		22.5
189	9	Sol4	G4	296	296	1	4	769	95	96	e	22.6666666667
190	9	Do5	C5	318	318	1	4	769	99	96	fen	22.8333333333
191	9	Si4b5	B4b5	309	309	1	8	385	99	96		22.9166666667
192	9	La4	A4	305	305	1	8	385	95	96		23.0
193	9	La4	A4	305	305	1	2	1538	95	96	dim  	23.3333333333
194	9	Es	Es	-1	-1	1	8	385	100	0		23.4166666667
195	9	Sol5	G5	349	349	1	8	385	95	96	SAZ	23.5
196	9	Fa5	F5	340	340	1	8	385	95	96	.	23.5833333333
197	9	Sol5	G5	349	349	1	8	385	95	96	.	23.6666666667
198	9	La5	A5	358	358	1	2	1538	95	96	.	24.0
199	9	Sol5	G5	349	349	1	4	769	95	96	Bey	24.1666666667
200	9	La5	A5	358	358	1	4	769	95	96	hû	24.3333333333
201	9	La5	A5	358	358	1	4	769	95	96	de 	24.5
202	10	La5	A5	358	358	1	8	385	99	96	i	24.5833333333
203	8	Do6	C6	371	371	0	0	0	99	96		24.5833333333
204	9	Si5b5	B5b5	362	362	1	16	192	99	96		24.625
205	11	La5	A5	358	358	1	16	192	95	96		24.6666666667
206	9	La5	A5	358	358	1	2	1538	95	90	miş 	25.0
207	9	Do6	C6	371	371	3	8	1154	99	96	ey	25.25
208	9	Si5b5	B5b5	362	362	1	8	385	95	96		25.3333333333
209	9	Si5b5	B5b5	362	362	1	8	385	99	96	le	25.4166666667
210	9	La5	A5	358	358	1	8	385	95	96		25.5
211	9	La5	A5	358	358	1	8	385	99	96	di	25.5833333333
212	9	Sol5	G5	349	349	1	8	385	95	96		25.6666666667
213	9	La5	A5	358	358	3	16	577	99	96	ğim 	25.7916666667
214	9	Sol5	G5	349	349	1	16	192	99	96		25.8333333333
215	9	Fa5	F5	340	340	1	4	769	95	96		26.0
216	9	Sol5	G5	349	349	1	4	769	99	96	mihr_	26.1666666667
217	9	La5	A5	358	358	1	4	769	95	96		26.3333333333
218	9	Si5b5	B5b5	362	362	3	16	577	99	96	ü 	26.4583333333
219	9	La5	A5	358	358	1	16	192	95	96		26.5
220	9	Sol5	G5	349	349	1	4	769	95	96	ve	26.6666666667
221	9	Do6	C6	371	371	1	4	769	99	96	fa	26.8333333333
222	9	Si5b5	B5b5	362	362	1	8	385	99	96		26.9166666667
223	9	La5	A5	358	358	1	8	385	95	96		27.0
224	9	Sol5	G5	349	349	1	4	769	99	96	lar  	27.1666666667
225	9	La5	A5	358	358	1	4	769	95	96		27.3333333333
226	9	La5	A5	358	358	3	16	577	95	96	SAZ	27.4583333333
227	9	Sol5	G5	349	349	1	16	192	95	96	.	27.5
228	9	Fa5	F5	340	340	1	8	385	95	96	.	27.5833333333
229	9	Sol5	G5	349	349	1	8	385	95	96	.	27.6666666667
230	9	La5	A5	358	358	1	2	1538	95	96	.	28.0
231	9	Sol5	G5	349	349	1	4	769	95	96	Bey	28.1666666667
232	9	La5	A5	358	358	1	4	769	95	96	hû	28.3333333333
233	9	La5	A5	358	358	1	4	769	95	96	de 	28.5
234	9	La5	A5	358	358	1	8	385	99	96	i	28.5833333333
235	9	Si5b5	B5b5	362	362	1	16	192	99	96		28.625
236	11	La5	A5	358	358	1	16	192	95	90		28.6666666667
237	9	La5	A5	358	358	1	2	1538	95	96	miş 	29.0
238	9	Do6	C6	371	371	3	8	1154	99	96	ey	29.25
239	9	Si5b5	B5b5	362	362	1	8	385	95	96		29.3333333333
240	9	Si5b5	B5b5	362	362	1	8	385	99	96	le	29.4166666667
241	9	La5	A5	358	358	1	8	385	95	96		29.5
242	9	La5	A5	358	358	1	8	385	99	96	di	29.5833333333
243	9	Sol5	G5	349	349	1	8	385	95	96		29.6666666667
244	9	La5	A5	358	358	3	16	577	99	96	ğim 	29.7916666667
245	9	Sol5	G5	349	349	1	16	192	99	96		29.8333333333
246	9	Fa5	F5	340	340	1	4	769	95	96		30.0
247	9	La5	A5	358	358	1	4	769	99	96	mihr_	30.1666666667
248	9	Sol5	G5	349	349	1	4	769	95	96		30.3333333333
249	9	Fa5	F5	340	340	1	4	769	95	96	ü 	30.5
250	9	Mi5	E5	336	336	1	4	769	95	96	ve	30.6666666667
251	9	Fa5	F5	340	340	1	8	385	99	96	fa	30.75
252	9	Sol5	G5	349	349	1	8	385	99	96		30.8333333333
253	8	La5	A5	358	358	0	0	0	99	96		30.8333333333
254	9	Sol5	G5	349	349	1	8	385	99	96		30.9166666667
255	9	Fa5	F5	340	340	1	8	385	95	96		31.0
256	9	Fa5	F5	340	340	1	2	1538	95	96	lar 	31.3333333333
257	9	Es	Es	-1	-1	1	8	385	100	0		31.4166666667
258	9	Do5	C5	318	318	1	8	385	95	96	SAZ	31.5
259	9	Re5	D5	327	327	1	8	385	95	96	.	31.5833333333
260	9	Mi5	E5	336	336	1	8	385	95	96	.	31.6666666667
261	9	Fa5	F5	340	340	1	8	385	95	96	.	31.75
262	9	Sol5	G5	349	349	1	8	385	95	96	.	31.8333333333
263	9	La5	A5	358	358	1	4	769	95	96	.	32.0
264	9	Sol5	G5	349	349	1	4	769	95	96	Bül	32.1666666667
265	9	La5	A5	358	358	1	4	769	95	96	bül 	32.3333333333
266	9	La5	A5	358	358	1	4	769	95	96	gi	32.5
267	9	La5	A5	358	358	1	4	769	95	96	bi 	32.6666666667
268	9	La5	A5	358	358	1	4	769	99	96	gül 	32.8333333333
269	9	Sol5	G5	349	349	1	8	385	99	96		32.9166666667
270	9	Fa5	F5	340	340	1	8	385	95	96		33.0
271	9	Si5b5	B5b5	362	362	3	8	1154	99	96	rû	33.25
272	9	La5	A5	358	358	1	8	385	95	96		33.3333333333
273	9	La5	A5	358	358	1	8	385	99	96	yi	33.4166666667
274	9	Sol5	G5	349	349	1	8	385	95	96		33.5
275	9	Sol5	G5	349	349	1	8	385	99	96	ne 	33.5833333333
276	9	Fa5	F5	340	340	1	8	385	95	96		33.6666666667
277	9	Fa5	F5	340	340	1	4	769	99	96	hay	33.8333333333
278	9	Fa5	F5	340	340	1	8	385	99	96		33.9166666667
279	9	Mi5	E5	336	336	1	8	385	95	96		34.0
280	9	Mi5	E5	336	336	3	8	1154	99	96	ra	34.25
281	9	Re5	D5	327	327	1	8	385	95	96		34.3333333333
282	9	Re5	D5	327	327	1	4	769	99	96	nım_	34.5
283	9	Re5	D5	327	327	1	8	385	99	96	e	34.5833333333
284	9	Do5	C5	318	318	1	8	385	95	96		34.6666666667
285	9	Do5	C5	318	318	1	8	385	99	96	fen	34.75
286	9	Re5	D5	327	327	1	8	385	99	96		34.8333333333
287	9	Re5	D5	327	327	1	8	385	99	96		34.9166666667
288	9	Do5	C5	318	318	1	8	385	95	96		35.0
289	9	Do5	C5	318	318	1	2	1538	95	96	dim  	35.3333333333
290	9	Es	Es	-1	-1	1	8	385	100	0		35.4166666667
291	9	Do5	C5	318	318	1	8	385	95	96	SAZ	35.5
292	9	Re5	D5	327	327	1	8	385	95	96	.	35.5833333333
293	9	Mi5	E5	336	336	1	8	385	95	96	.	35.6666666667
294	9	Fa5	F5	340	340	1	2	1538	95	96	.	36.0
295	9	Fa5	F5	340	340	1	4	769	95	96	Bül	36.1666666667
296	9	Fa5	F5	340	340	1	4	769	95	96	bül 	36.3333333333
297	9	Fa5	F5	340	340	1	4	769	95	96	gi	36.5
298	9	Fa5	F5	340	340	1	8	385	99	96	bi 	36.5833333333
299	9	Mi5	E5	336	336	1	8	385	95	96		36.6666666667
300	9	Mi5	E5	336	336	3	8	1154	99	96	gül 	36.9166666667
301	9	Re5	D5	327	327	1	8	385	95	96		37.0
302	9	Re5	D5	327	327	3	8	1154	99	96	rû	37.25
303	9	Do5	C5	318	318	1	8	385	95	96		37.3333333333
304	9	Do5	C5	318	318	1	8	385	99	96	yi	37.4166666667
305	9	Re5	D5	327	327	1	16	192	99	96		37.4583333333
306	9	Do5	C5	318	318	1	16	192	95	96		37.5
307	9	Si4b5	B4b5	309	309	1	8	385	99	96	ne 	37.5833333333
308	9	La4	A4	305	305	1	8	385	95	96		37.6666666667
309	9	Si4b5	B4b5	309	309	1	2	1538	95	96	hay	38.0
310	9	La4	A4	305	305	1	4	769	99	96	ra	38.1666666667
311	9	Si4b5	B4b5	309	309	1	4	769	95	96		38.3333333333
312	9	Si4b5	B4b5	309	309	1	8	385	99	96	nım_	38.4166666667
313	9	La4	A4	305	305	1	8	385	95	96		38.5
314	9	Sol4	G4	296	296	1	4	769	95	96	e	38.6666666667
315	9	Do5	C5	318	318	1	4	769	99	96	fen	38.8333333333
316	9	Si4b5	B4b5	309	309	1	8	385	99	96		38.9166666667
317	9	La4	A4	305	305	1	8	385	95	96		39.0
318	9	La4	A4	305	305	1	2	1538	95	96	dim  	39.3333333333
319	9	Es	Es	-1	-1	1	8	385	100	0		39.4166666667
320	9	Fa5	F5	340	340	1	8	385	95	96	SAZ	39.5
321	9	Mi5	E5	336	336	1	8	385	95	96	KARAR	39.5833333333
322	9	Re5	D5	327	327	1	8	385	95	96		39.6666666667
323	9	Do5	C5	318	318	1	8	385	95	96		39.75
324	9	Si4b5	B4b5	309	309	1	8	385	95	96		39.8333333333
325	9	La4	A4	305	305	1	4	769	95	96		40.0
