Sira	Kod	Nota53	NotaAE	Koma53	KomaAE	Pay	Payda	Ms	LNS	Bas	Soz1	Offset
1	9	La4	A4	305	305	1	4	455	95	96	ARANAĞME	0.333333333333
2	9	Si4b5	B4b5	309	309	1	4	455	95	96	.	0.666666666667
3	9	Do5	C5	318	318	1	4	455	95	96	.	1.0
4	9	Re5	D5	327	327	3	4	1364	95	96	.	2.0
5	9	Do5	C5	318	318	1	4	455	95	96	.	2.33333333333
6	9	Re5	D5	327	327	1	4	455	95	96	.	2.66666666667
7	9	Fa5	F5	340	340	1	4	455	95	96	.	3.0
8	9	Mi5	E5	336	336	3	4	1364	95	96	.	4.0
9	9	Fa5	F5	340	340	1	4	455	95	96	.	4.33333333333
10	9	Mi5	E5	336	336	1	4	455	95	96	.	4.66666666667
11	9	Re5	D5	327	327	1	4	455	95	96	.	5.0
12	9	Do5	C5	318	318	3	4	1364	95	96	.	6.0
13	9	Re5b5	D5b5	322	322	1	4	455	95	96	.	6.33333333333
14	9	Do5	C5	318	318	1	4	455	95	96	.	6.66666666667
15	9	Si4b5	B4b5	309	309	1	4	455	95	96	.	7.0
16	9	La4	A4	305	305	3	4	1364	95	96	.	8.0
17	9	La4	A4	305	305	1	4	455	95	96	ARANAĞME	8.33333333333
18	9	Si4b5	B4b5	309	309	1	4	455	95	96	.	8.66666666667
19	9	Do5	C5	318	318	1	4	455	95	96	.	9.0
20	9	Re5	D5	327	327	3	4	1364	95	96	.	10.0
21	9	Do5	C5	318	318	1	4	455	95	96	.	10.3333333333
22	9	Re5	D5	327	327	1	4	455	95	96	.	10.6666666667
23	9	Fa5	F5	340	340	1	4	455	95	96	.	11.0
24	9	Mi5	E5	336	336	3	4	1364	95	96	.	12.0
25	9	Fa5	F5	340	340	1	4	455	95	96	.	12.3333333333
26	9	Mi5	E5	336	336	1	4	455	95	96	.	12.6666666667
27	9	Re5	D5	327	327	1	4	455	95	96	.	13.0
28	9	Do5	C5	318	318	3	4	1364	95	96	.	14.0
29	9	Re5b5	D5b5	322	322	1	4	455	95	96	.	14.3333333333
30	9	Do5	C5	318	318	1	4	455	95	96	.	14.6666666667
31	9	Si4b5	B4b5	309	309	1	4	455	95	96	.	15.0
32	9	La4	A4	305	305	3	4	1364	95	96	.	16.0
33	9	La4	A4	305	305	1	2	909	95	96	Son 	16.6666666667
34	9	La4	A4	305	305	1	8	227	95	96	ve	16.8333333333
35	9	La4	A4	305	305	1	8	227	95	96	re	17.0
36	9	Si4b5	B4b5	309	309	3	4	1364	95	96	lim 	18.0
37	9	Re5	D5	327	327	3	8	682	95	96	gel 	18.5
38	9	Do5	C5	318	318	1	8	227	95	96	bu 	18.6666666667
39	9	Si4b5	B4b5	309	309	1	4	455	95	96	aş	19.0
40	9	La4	A4	305	305	3	4	1364	95	96	ka  	20.0
41	9	La4	A4	305	305	3	8	682	95	96	Yol	20.5
42	9	Si4b5	B4b5	309	309	1	8	227	95	96	la	20.6666666667
43	9	Do5	C5	318	318	1	4	455	95	96	rı	21.0
44	9	Re5	D5	327	327	3	4	1364	95	96	mız 	22.0
45	9	Do5	C5	318	318	3	8	682	95	96	baş	22.5
46	9	Re5	D5	327	327	1	8	227	95	96	ka 	22.6666666667
47	9	Fa5	F5	340	340	1	4	455	95	96	baş	23.0
48	9	Mi5	E5	336	336	3	4	1364	95	96	ka  	24.0
49	9	La4	A4	305	305	1	2	909	95	96	Son 	24.6666666667
50	9	La4	A4	305	305	1	8	227	95	96	ve	24.8333333333
51	9	La4	A4	305	305	1	8	227	95	96	re	25.0
52	9	Si4b5	B4b5	309	309	3	4	1364	95	96	lim 	26.0
53	9	Re5	D5	327	327	3	8	682	95	96	gel 	26.5
54	9	Do5	C5	318	318	1	8	227	95	96	bu 	26.6666666667
55	9	Si4b5	B4b5	309	309	1	4	455	95	96	aş	27.0
56	9	La4	A4	305	305	3	4	1364	95	96	ka  	28.0
57	9	La4	A4	305	305	3	8	682	95	96	Yol	28.5
58	9	Si4b5	B4b5	309	309	1	8	227	95	96	la	28.6666666667
59	9	Do5	C5	318	318	1	4	455	95	96	rı	29.0
60	9	Re5	D5	327	327	3	4	1364	95	96	mız 	30.0
61	9	Do5	C5	318	318	3	8	682	95	96	baş	30.5
62	9	Re5	D5	327	327	1	8	227	95	96	ka 	30.6666666667
63	9	Fa5	F5	340	340	1	4	455	95	96	baş	31.0
64	9	Mi5	E5	336	336	3	4	1364	95	96	ka  	32.0
65	9	Re5	D5	327	327	3	8	682	95	96	İs	32.5
66	9	Mi5	E5	336	336	1	8	227	95	96	te	32.6666666667
67	9	Fa5#4	F5#4	344	344	1	4	455	95	96	sek 	33.0
68	9	Sol5	G5	349	349	3	4	1364	95	96	de 	34.0
69	9	Fa5#4	F5#4	344	344	1	4	455	95	96	ku	34.3333333333
70	9	Sol5	G5	349	349	1	4	455	95	96	ra	34.6666666667
71	9	La5	A5	358	358	1	4	455	95	96	ma	35.0
72	9	Sol5	G5	349	349	3	4	1364	95	96	yız  	36.0
73	9	Fa5	F5	340	340	1	4	455	95	96	İ	36.3333333333
74	9	Mi5	E5	336	336	1	4	455	95	96	ki	36.6666666667
75	9	Re5	D5	327	327	1	4	455	95	96	miz 	37.0
76	9	Do5	C5	318	318	3	4	1364	95	96	bir 	38.0
77	9	Re5b5	D5b5	322	322	3	8	682	95	96	mut	38.5
78	9	Do5	C5	318	318	1	8	227	95	96	lu 	38.6666666667
79	9	Si4b5	B4b5	309	309	1	4	455	95	96	yu	39.0
80	9	La4	A4	305	305	3	4	1364	95	96	va  	40.0
81	9	Re5	D5	327	327	3	8	682	95	96	İs	40.5
82	9	Mi5	E5	336	336	1	8	227	95	96	te	40.6666666667
83	9	Fa5#4	F5#4	344	344	1	4	455	95	96	sek 	41.0
84	9	Sol5	G5	349	349	3	4	1364	95	96	de 	42.0
85	9	Fa5#4	F5#4	344	344	1	4	455	95	96	ku	42.3333333333
86	9	Sol5	G5	349	349	1	4	455	95	96	ra	42.6666666667
87	9	La5	A5	358	358	1	4	455	95	96	ma	43.0
88	9	Sol5	G5	349	349	3	4	1364	95	96	yız  	44.0
89	9	Fa5	F5	340	340	1	4	455	95	96	İ	44.3333333333
90	9	Mi5	E5	336	336	1	4	455	95	96	ki	44.6666666667
91	9	Re5	D5	327	327	1	4	455	95	96	miz 	45.0
92	9	Do5	C5	318	318	3	4	1364	95	96	bir 	46.0
93	9	Re5b5	D5b5	322	322	3	8	682	95	96	mut	46.5
94	9	Do5	C5	318	318	1	8	227	95	96	lu 	46.6666666667
95	9	Si4b5	B4b5	309	309	1	4	455	95	96	yu	47.0
96	9	La4	A4	305	305	3	4	1364	95	96	va  	48.0
97	9	La4	A4	305	305	1	2	909	95	96	Son 	48.6666666667
98	9	La4	A4	305	305	1	8	227	95	96	ve	48.8333333333
99	9	La4	A4	305	305	1	8	227	95	96	re	49.0
100	9	Si4b5	B4b5	309	309	3	4	1364	95	96	lim 	50.0
101	9	Re5b5	D5b5	322	322	3	8	682	95	96	gel 	50.5
102	9	Do5	C5	318	318	1	8	227	95	96	bu 	50.6666666667
103	9	Si4b5	B4b5	309	309	1	4	455	95	96	aş	51.0
104	9	La4	A4	305	305	3	4	1364	95	96	ka  	52.0
105	9	La4	A4	305	305	1	2	909	95	96	Yol	52.6666666667
106	9	La4	A4	305	305	1	8	227	95	96	la	52.8333333333
107	9	La4	A4	305	305	1	8	227	95	96	rı	53.0
108	9	Si4b5	B4b5	309	309	3	4	1364	95	96	mız 	54.0
109	9	Re5b5	D5b5	322	322	3	8	682	95	96	baş	54.5
110	9	Do5	C5	318	318	1	8	227	95	96	ka 	54.6666666667
111	9	Si4b5	B4b5	309	309	1	4	455	95	96	baş	55.0
112	9	La4	A4	305	305	3	4	1364	95	96	ka  	56.0
113	9	La4	A4	305	305	1	2	909	95	96	Son 	56.6666666667
114	9	La4	A4	305	305	1	8	227	95	96	ve	56.8333333333
115	9	La4	A4	305	305	1	8	227	95	96	re	57.0
116	9	Si4b5	B4b5	309	309	3	4	1364	95	96	lim 	58.0
117	9	Re5b5	D5b5	322	322	3	8	682	95	96	gel 	58.5
118	9	Do5	C5	318	318	1	8	227	95	96	bu 	58.6666666667
119	9	Si4b5	B4b5	309	309	1	4	455	95	96	aş	59.0
120	9	La4	A4	305	305	3	4	1364	95	96	ka  	60.0
121	9	La4	A4	305	305	1	2	909	95	96	Yol	60.6666666667
122	9	La4	A4	305	305	1	8	227	95	96	la	60.8333333333
123	9	La4	A4	305	305	1	8	227	95	96	rı	61.0
124	9	Si4b5	B4b5	309	309	3	4	1364	95	96	mız 	62.0
125	9	Re5b5	D5b5	322	322	3	8	682	95	96	baş	62.5
126	9	Do5	C5	318	318	1	8	227	95	96	ka 	62.6666666667
127	9	Si4b5	B4b5	309	309	1	4	455	95	96	baş	63.0
128	9	La4	A4	305	305	3	4	1364	95	96	ka  	64.0
129	9	La4	A4	305	305	1	4	455	95	96	ARANAĞME	64.3333333333
130	9	Si4b5	B4b5	309	309	1	4	455	95	96	.	64.6666666667
131	9	Do5	C5	318	318	1	4	455	95	96	.	65.0
132	9	Re5	D5	327	327	3	4	1364	95	96	.	66.0
133	9	Do5	C5	318	318	1	4	455	95	96	.	66.3333333333
134	9	Re5	D5	327	327	1	4	455	95	96	.	66.6666666667
135	9	Fa5	F5	340	340	1	4	455	95	96	.	67.0
136	9	Mi5	E5	336	336	3	4	1364	95	96	.	68.0
137	9	Fa5	F5	340	340	1	4	455	95	96	.	68.3333333333
138	9	Mi5	E5	336	336	1	4	455	95	96	.	68.6666666667
139	9	Re5	D5	327	327	1	4	455	95	96	.	69.0
140	9	Do5	C5	318	318	3	4	1364	95	96	.	70.0
141	9	Re5b5	D5b5	322	322	1	4	455	95	96	.	70.3333333333
142	9	Do5	C5	318	318	1	4	455	95	96	.	70.6666666667
143	9	Si4b5	B4b5	309	309	1	4	455	95	96	.	71.0
144	9	La4	A4	305	305	3	4	1364	95	96	.	72.0
145	9	La4	A4	305	305	1	4	455	95	96	ARANAĞME	72.3333333333
146	9	Si4b5	B4b5	309	309	1	4	455	95	96	.	72.6666666667
147	9	Do5	C5	318	318	1	4	455	95	96	.	73.0
148	9	Re5	D5	327	327	3	4	1364	95	96	.	74.0
149	9	Do5	C5	318	318	1	4	455	95	96	.	74.3333333333
150	9	Re5	D5	327	327	1	4	455	95	96	.	74.6666666667
151	9	Fa5	F5	340	340	1	4	455	95	96	.	75.0
152	9	Mi5	E5	336	336	3	4	1364	95	96	.	76.0
153	9	Fa5	F5	340	340	1	4	455	95	96	.	76.3333333333
154	9	Mi5	E5	336	336	1	4	455	95	96	.	76.6666666667
155	9	Re5	D5	327	327	1	4	455	95	96	.	77.0
156	9	Do5	C5	318	318	3	4	1364	95	96	.	78.0
157	9	Re5b5	D5b5	322	322	1	4	455	95	96	.	78.3333333333
158	9	Do5	C5	318	318	1	4	455	95	96	.	78.6666666667
159	9	Si4b5	B4b5	309	309	1	4	455	95	96	.	79.0
160	9	La4	A4	305	305	3	4	1364	95	96	.	80.0
161	9	La4	A4	305	305	1	4	455	95	96	Sen 	80.3333333333
162	9	La4	A4	305	305	1	4	455	95	96	çap	80.6666666667
163	9	La4	A4	305	305	1	4	455	95	96	kın	81.0
164	9	Si4b5	B4b5	309	309	3	4	1364	95	96	sın 	82.0
165	9	Re5	D5	327	327	3	8	682	95	96	hem 	82.5
166	9	Do5	C5	318	318	1	8	227	95	96	ho	82.6666666667
167	9	Si4b5	B4b5	309	309	1	4	455	95	96	var	83.0
168	9	La4	A4	305	305	3	4	1364	95	96	da  	84.0
169	9	La4	A4	305	305	1	8	227	95	96	Sö	84.1666666667
170	9	Si4b5	B4b5	309	309	3	8	682	95	96	zün 	84.6666666667
171	9	Do5	C5	318	318	1	4	455	95	96	ya	85.0
172	9	Re5	D5	327	327	3	4	1364	95	96	lan 	86.0
173	9	Do5	C5	318	318	1	4	455	95	96	aş	86.3333333333
174	9	Re5	D5	327	327	1	4	455	95	96	kın 	86.6666666667
175	9	Fa5	F5	340	340	1	4	455	95	96	sah	87.0
176	9	Mi5	E5	336	336	3	4	1364	95	96	te  	88.0
177	9	La4	A4	305	305	1	4	455	95	96	Sen 	88.3333333333
178	9	La4	A4	305	305	1	4	455	95	96	çap	88.6666666667
179	9	La4	A4	305	305	1	4	455	95	96	kın	89.0
180	9	Si4b5	B4b5	309	309	3	4	1364	95	96	sın 	90.0
181	9	Re5	D5	327	327	3	8	682	95	96	hem 	90.5
182	9	Do5	C5	318	318	1	8	227	95	96	ho	90.6666666667
183	9	Si4b5	B4b5	309	309	1	4	455	95	96	var	91.0
184	9	La4	A4	305	305	3	4	1364	95	96	da  	92.0
185	9	La4	A4	305	305	1	8	227	95	96	Sö	92.1666666667
186	9	Si4b5	B4b5	309	309	3	8	682	95	96	zün 	92.6666666667
187	9	Do5	C5	318	318	1	4	455	95	96	ya	93.0
188	9	Re5	D5	327	327	3	4	1364	95	96	lan 	94.0
189	9	Do5	C5	318	318	1	4	455	95	96	aş	94.3333333333
190	9	Re5	D5	327	327	1	4	455	95	96	kın 	94.6666666667
191	9	Fa5	F5	340	340	1	4	455	95	96	sah	95.0
192	9	Mi5	E5	336	336	3	4	1364	95	96	te  	96.0
193	9	Re5	D5	327	327	1	8	227	95	96	Be	96.1666666667
194	9	Mi5	E5	336	336	3	8	682	95	96	nim_	96.6666666667
195	9	Fa5#4	F5#4	344	344	1	4	455	95	96	i	97.0
196	9	Sol5	G5	349	349	3	4	1364	95	96	çin 	98.0
197	9	Fa5#4	F5#4	344	344	3	8	682	95	96	zor 	98.5
198	9	Sol5	G5	349	349	1	8	227	95	96	da 	98.6666666667
199	9	La5	A5	358	358	1	4	455	95	96	ol	99.0
200	9	Sol5	G5	349	349	3	4	1364	95	96	sa  	100.0
201	9	Fa5	F5	340	340	1	4	455	95	96	Ça	100.333333333
202	9	Mi5	E5	336	336	1	4	455	95	96	lı	100.666666667
203	9	Re5	D5	327	327	1	4	455	95	96	şı	101.0
204	9	Do5	C5	318	318	3	4	1364	95	96	rım 	102.0
205	9	Re5b5	D5b5	322	322	1	8	227	95	96	u	102.166666667
206	9	Do5	C5	318	318	3	8	682	95	96	nut	102.666666667
207	9	Si4b5	B4b5	309	309	1	4	455	95	96	ma	103.0
208	9	La4	A4	305	305	3	4	1364	95	96	ya  	104.0
209	9	Re5	D5	327	327	1	8	227	95	96	Be	104.166666667
210	9	Mi5	E5	336	336	3	8	682	95	96	nim_	104.666666667
211	9	Fa5#4	F5#4	344	344	1	4	455	95	96	i	105.0
212	9	Sol5	G5	349	349	3	4	1364	95	96	çin 	106.0
213	9	Fa5#4	F5#4	344	344	3	8	682	95	96	zor 	106.5
214	9	Sol5	G5	349	349	1	8	227	95	96	da 	106.666666667
215	9	La5	A5	358	358	1	4	455	95	96	ol	107.0
216	9	Sol5	G5	349	349	3	4	1364	95	96	sa  	108.0
217	9	Fa5	F5	340	340	1	4	455	95	96	Ça	108.333333333
218	9	Mi5	E5	336	336	1	4	455	95	96	lı	108.666666667
219	9	Re5	D5	327	327	1	4	455	95	96	şı	109.0
220	9	Do5	C5	318	318	3	4	1364	95	96	rım 	110.0
221	9	Re5b5	D5b5	322	322	1	8	227	95	96	u	110.166666667
222	9	Do5	C5	318	318	3	8	682	95	96	nut	110.666666667
223	9	Si4b5	B4b5	309	309	1	4	455	95	96	ma	111.0
224	9	La4	A4	305	305	3	4	1364	95	96	ya  	112.0
225	9	La4	A4	305	305	1	2	909	95	96	Son 	112.666666667
226	9	La4	A4	305	305	1	8	227	95	96	ve	112.833333333
227	9	La4	A4	305	305	1	8	227	95	96	re	113.0
228	9	Si4b5	B4b5	309	309	3	4	1364	95	96	lim 	114.0
229	9	Re5b5	D5b5	322	322	3	8	682	95	96	gel 	114.5
230	9	Do5	C5	318	318	1	8	227	95	96	bu 	114.666666667
231	9	Si4b5	B4b5	309	309	1	4	455	95	96	aş	115.0
232	9	La4	A4	305	305	3	4	1364	95	96	ka  	116.0
233	9	La4	A4	305	305	1	2	909	95	96	Yol	116.666666667
234	9	La4	A4	305	305	1	8	227	95	96	la	116.833333333
235	9	La4	A4	305	305	1	8	227	95	96	rı	117.0
236	9	Si4b5	B4b5	309	309	3	4	1364	95	96	mız 	118.0
237	9	Re5b5	D5b5	322	322	3	8	682	95	96	baş	118.5
238	9	Do5	C5	318	318	1	8	227	95	96	ka 	118.666666667
239	9	Si4b5	B4b5	309	309	1	4	455	95	96	baş	119.0
240	9	La4	A4	305	305	3	4	1364	95	96	ka  	120.0
241	9	La4	A4	305	305	1	2	909	95	96	Son 	120.666666667
242	9	La4	A4	305	305	1	8	227	95	96	ve	120.833333333
243	9	La4	A4	305	305	1	8	227	95	96	re	121.0
244	9	Si4b5	B4b5	309	309	3	4	1364	95	96	lim 	122.0
245	9	Re5b5	D5b5	322	322	3	8	682	95	96	gel 	122.5
246	9	Do5	C5	318	318	1	8	227	95	96	bu 	122.666666667
247	9	Si4b5	B4b5	309	309	1	4	455	95	96	aş	123.0
248	9	La4	A4	305	305	3	4	1364	95	96	ka  	124.0
249	9	La4	A4	305	305	1	2	909	95	96	Yol	124.666666667
250	9	La4	A4	305	305	1	8	227	95	96	la	124.833333333
251	9	La4	A4	305	305	1	8	227	95	96	rı	125.0
252	9	Si4b5	B4b5	309	309	3	4	1364	95	96	mız 	126.0
253	9	Re5b5	D5b5	322	322	3	8	682	95	96	baş	126.5
254	9	Do5	C5	318	318	1	8	227	95	96	ka 	126.666666667
255	9	Si4b5	B4b5	309	309	1	4	455	95	96	baş	127.0
256	9	La4	A4	305	305	3	4	1364	95	96	ka  	128.0
