Sira	Kod	Nota53	NotaAE	Koma53	KomaAE	Pay	Payda	Ms	LNS	Bas	Soz1	Offset
1	9	Re5b3	D5b4	324	323	5	16	1389	95	96	ARANAĞME	0.5
2	9	Do5	C5	318	318	5	16	1389	95	96	.	1.0
3	9	Si4b1	B4b1	313	313	5	16	1389	95	96	.	1.5
4	9	La4	A4	305	305	5	16	1389	95	96	.	2.0
5	9	Do5	C5	318	318	5	16	1389	95	96	.	2.5
6	9	Si4b1	B4b1	313	313	5	16	1389	95	96	.	3.0
7	9	La4	A4	305	305	1	8	556	95	96	.	3.2
8	9	Do5	C5	318	318	1	16	278	95	96	.	3.3
9	9	Si4b1	B4b1	313	313	1	16	278	95	96	.	3.4
10	9	La4	A4	305	305	1	16	278	95	96	.	3.5
11	9	La4	A4	305	305	1	16	278	95	96	.	3.6
12	9	Sol4	G4	296	296	1	16	278	95	96	.	3.7
13	9	Fa4#4	F4#4	291	291	3	16	833	95	96	.	4.0
14	9	Fa4#4	F4#4	291	291	1	16	278	95	96	.	4.1
15	9	Sol4	G4	296	296	1	16	278	95	96	.	4.2
16	9	La4	A4	305	305	1	16	278	95	96	.	4.3
17	9	La4	A4	305	305	1	16	278	95	96	.	4.4
18	9	Sol4	G4	296	296	1	16	278	95	96	.	4.5
19	9	La4	A4	305	305	1	16	278	95	96	.	4.6
20	9	Si4b1	B4b1	313	313	1	16	278	95	96	.	4.7
21	9	Do5	C5	318	318	1	16	278	95	96	.	4.8
22	9	Do5	C5	318	318	1	16	278	95	96	.	4.9
23	9	Si4b1	B4b1	313	313	1	16	278	95	96	.	5.0
24	9	Do5	C5	318	318	1	16	278	95	96	.	5.1
25	9	Re5b3	D5b4	324	323	1	16	278	95	96	.	5.2
26	9	Mi5	E5	336	336	1	16	278	95	96	.	5.3
27	9	Fa5	F5	340	340	1	16	278	95	96	.	5.4
28	9	La5	A5	358	358	1	16	278	95	96	.	5.5
29	9	Sol4	G4	296	296	1	16	278	95	96	.	5.6
30	9	Fa5	F5	340	340	1	16	278	95	96	.	5.7
31	9	Mi5	E5	336	336	1	8	556	95	96	.	5.9
32	9	Re5b3	D5b4	324	323	1	16	278	95	96	.	6.0
33	9	Do5	C5	318	318	1	8	556	95	96	.	6.2
34	9	Re5b3	D5b4	324	323	1	16	278	95	96	.	6.3
35	9	Do5	C5	318	318	1	16	278	95	96	.	6.4
36	9	Si4b1	B4b1	313	313	1	16	278	95	96	.	6.5
37	9	La4	A4	305	305	1	16	278	95	96	.	6.6
38	9	Si4b1	B4b1	313	313	1	16	278	95	96	.	6.7
39	9	Do5	C5	318	318	3	16	833	95	96	.	7.0
40	9	Re5b3	D5b4	324	323	5	16	1389	95	96	ARANAĞME	7.5
41	9	Do5	C5	318	318	5	16	1389	95	96	.	8.0
42	9	Si4b1	B4b1	313	313	5	16	1389	95	96	.	8.5
43	9	La4	A4	305	305	5	16	1389	95	96	.	9.0
44	9	Do5	C5	318	318	5	16	1389	95	96	.	9.5
45	9	Si4b1	B4b1	313	313	5	16	1389	95	96	.	10.0
46	9	La4	A4	305	305	1	8	556	95	96	.	10.2
47	9	Do5	C5	318	318	1	16	278	95	96	.	10.3
48	9	Si4b1	B4b1	313	313	1	16	278	95	96	.	10.4
49	9	La4	A4	305	305	1	16	278	95	96	.	10.5
50	9	La4	A4	305	305	1	16	278	95	96	.	10.6
51	9	Sol4	G4	296	296	1	16	278	95	96	.	10.7
52	9	Fa4#4	F4#4	291	291	3	16	833	95	96	.	11.0
53	9	Fa4#4	F4#4	291	291	1	16	278	95	96	.	11.1
54	9	Sol4	G4	296	296	1	16	278	95	96	.	11.2
55	9	La4	A4	305	305	1	16	278	95	96	.	11.3
56	9	La4	A4	305	305	1	16	278	95	96	.	11.4
57	9	Sol4	G4	296	296	1	16	278	95	96	.	11.5
58	9	La4	A4	305	305	1	16	278	95	96	.	11.6
59	9	Si4b1	B4b1	313	313	1	16	278	95	96	.	11.7
60	9	Do5	C5	318	318	1	16	278	95	96	.	11.8
61	9	Do5	C5	318	318	1	16	278	95	96	.	11.9
62	9	Si4b1	B4b1	313	313	1	16	278	95	96	.	12.0
63	9	La4	A4	305	305	1	8	556	95	96	.	12.2
64	9	Re5b3	D5b4	324	323	1	16	278	95	96	.	12.3
65	9	Do5	C5	318	318	1	16	278	95	96	.	12.4
66	9	Si4b1	B4b1	313	313	1	16	278	95	96	.	12.5
67	9	Si4b1	B4b1	313	313	1	16	278	95	96	.	12.6
68	9	La4	A4	305	305	1	16	278	95	96	.	12.7
69	9	La4	A4	305	305	1	8	556	95	96	.	12.9
70	9	Sol4	G4	296	296	1	16	278	95	96	.	13.0
71	9	La4	A4	305	305	1	8	556	95	96	.	13.2
72	9	Si4b1	B4b1	313	313	1	16	278	95	96	.	13.3
73	9	La4	A4	305	305	1	16	278	95	96	.	13.4
74	9	Sol4	G4	296	296	1	16	278	95	96	.	13.5
75	9	Sol4	G4	296	296	1	16	278	95	96	.	13.6
76	9	Fa4#4	F4#4	291	291	1	16	278	95	96	.	13.7
77	9	Fa4#4	F4#4	291	291	3	16	833	95	96	.	14.0
78	9	Fa4#4	F4#4	291	291	5	16	1389	95	96	Çok 	14.5
79	9	Re5b3	D5b4	324	323	1	8	556	99	96	sür	14.7
80	9	Do5	C5	318	318	1	8	556	99	96		14.9
81	9	Si4b1	B4b1	313	313	1	16	278	95	96		15.0
82	9	Mi5	E5	336	336	1	8	556	99	96	me	15.2
83	9	Re5b3	D5b4	324	323	1	16	278	95	96		15.3
84	9	Re5b3	D5b4	324	323	1	16	278	99	96	di 	15.4
85	9	Do5	C5	318	318	1	16	278	95	96		15.5
86	9	Do5	C5	318	318	1	16	278	99	96	geç	15.6
87	9	Si4b1	B4b1	313	313	1	16	278	99	96		15.7
88	9	Si4b1	B4b1	313	313	1	8	556	99	96		15.9
89	9	La4	A4	305	305	1	16	278	95	96		16.0
90	9	La4	A4	305	305	1	8	556	99	96	ti 	16.2
91	9	Si4b1	B4b1	313	313	1	16	278	95	96		16.3
92	9	Do5	C5	318	318	1	16	278	99	96	ta	16.4
93	9	Si4b1	B4b1	313	313	1	16	278	95	96		16.5
94	9	La4	A4	305	305	1	16	278	99	96	râb_	16.6
95	9	Sol4	G4	296	296	1	16	278	95	96		16.7
96	9	Fa4#4	F4#4	291	291	3	16	833	95	96	ı 	17.0
97	9	Do5	C5	318	318	3	16	833	99	96	şev 	17.3
98	9	Do5	C5	318	318	1	8	556	99	96		17.5
99	10	Re5b3	D5b4	324	323	1	16	278	99	96		17.6
100	8	Mi5	E5	336	336	0	0	0	99	96		17.6
101	9	Re5b3	D5b4	324	323	1	32	139	99	96		17.65
102	9	Do5	C5	318	318	1	32	139	99	96		17.7
103	9	Re5b3	D5b4	324	323	3	16	833	99	96		18.0
104	9	Mi5	E5	336	336	3	16	833	99	96		18.3
105	9	Fa5	F5	340	340	1	8	556	99	96		18.5
106	9	Sol5	G5	349	349	1	16	278	99	96		18.6
107	9	Fa5	F5	340	340	1	16	278	99	96		18.7
108	9	Mi5	E5	336	336	1	16	278	99	96		18.8
109	9	Re5b3	D5b4	324	323	1	16	278	99	96		18.9
110	9	Do5	C5	318	318	1	16	278	95	96		19.0
111	9	Mi5	E5	336	336	1	8	556	99	96	şevk_	19.2
112	9	Re5b3	D5b4	324	323	1	16	278	95	96		19.3
113	9	Re5b3	D5b4	324	323	1	16	278	99	96	ı 	19.4
114	9	Do5	C5	318	318	1	16	278	95	96		19.5
115	9	Do5	C5	318	318	1	16	278	99	96	ba	19.6
116	9	Si4b1	B4b1	313	313	1	16	278	95	96		19.7
117	9	La4	A4	305	305	1	8	556	99	96	hâ	19.9
118	9	Si4b1	B4b1	313	313	1	16	278	95	96		20.0
119	9	Do5	C5	318	318	1	8	556	95	96	rım  	20.2
120	9	Re5b3	D5b4	324	323	1	16	278	95	96	SAZ	20.3
121	9	Do5	C5	318	318	1	16	278	95	96	.	20.4
122	9	Si4b1	B4b1	313	313	1	16	278	95	96	.	20.5
123	9	La4	A4	305	305	1	16	278	95	96	.	20.6
124	9	Sol4	G4	296	296	1	16	278	95	96	.	20.7
125	9	Fa4#4	F4#4	291	291	3	16	833	95	96	.	21.0
126	9	Fa4#4	F4#4	291	291	5	16	1389	95	96	Çok 	21.5
127	9	Re5b3	D5b4	324	323	1	8	556	99	96	sür	21.7
128	9	Do5	C5	318	318	1	8	556	99	96		21.9
129	9	Si4b1	B4b1	313	313	1	16	278	95	96		22.0
130	9	Mi5	E5	336	336	1	8	556	99	96	me	22.2
131	9	Re5b3	D5b4	324	323	1	16	278	95	96		22.3
132	9	Re5b3	D5b4	324	323	1	16	278	99	96	di 	22.4
133	9	Do5	C5	318	318	1	16	278	95	96		22.5
134	9	Do5	C5	318	318	1	16	278	99	96	geç	22.6
135	9	Si4b1	B4b1	313	313	1	16	278	99	96		22.7
136	9	Si4b1	B4b1	313	313	1	8	556	99	96		22.9
137	9	La4	A4	305	305	1	16	278	95	96		23.0
138	9	La4	A4	305	305	1	8	556	99	96	ti 	23.2
139	9	Si4b1	B4b1	313	313	1	16	278	95	96		23.3
140	9	Do5	C5	318	318	1	16	278	99	96	ta	23.4
141	9	Si4b1	B4b1	313	313	1	16	278	95	96		23.5
142	9	La4	A4	305	305	1	16	278	99	96	râb_	23.6
143	9	Sol4	G4	296	296	1	16	278	95	96		23.7
144	9	Fa4#4	F4#4	291	291	3	16	833	95	96	ı 	24.0
145	9	Do5	C5	318	318	3	16	833	99	96	şev 	24.3
146	9	Do5	C5	318	318	1	8	556	99	96		24.5
147	10	Re5b3	D5b4	324	323	1	16	278	99	96		24.6
148	8	Mi5	E5	336	336	0	0	0	99	96		24.6
149	9	Re5b3	D5b4	324	323	1	32	139	99	96		24.65
150	9	Do5	C5	318	318	1	32	139	99	96		24.7
151	9	Re5b3	D5b4	324	323	3	16	833	99	96		25.0
152	9	Mi5	E5	336	336	3	16	833	99	96		25.3
153	9	Fa5	F5	340	340	1	8	556	99	96		25.5
154	9	Sol5	G5	349	349	1	16	278	99	96		25.6
155	9	Fa5	F5	340	340	1	16	278	99	96		25.7
156	9	Mi5	E5	336	336	1	16	278	99	96		25.8
157	9	Re5b3	D5b4	324	323	1	16	278	99	96		25.9
158	9	Do5	C5	318	318	1	16	278	95	96		26.0
159	9	Mi5	E5	336	336	1	8	556	99	96	şevk_	26.2
160	9	Re5b3	D5b4	324	323	1	16	278	95	96		26.3
161	9	Re5b3	D5b4	324	323	1	16	278	99	96	ı 	26.4
162	9	Do5	C5	318	318	1	16	278	95	96		26.5
163	9	Do5	C5	318	318	1	16	278	99	96	ba	26.6
164	9	Si4b1	B4b1	313	313	1	16	278	95	96		26.7
165	9	La4	A4	305	305	1	8	556	99	96	hâ	26.9
166	9	Si4b1	B4b1	313	313	1	16	278	95	96		27.0
167	9	Do5	C5	318	318	1	8	556	95	96	rım  	27.2
168	9	Re5b3	D5b4	324	323	1	16	278	95	96	SAZ	27.3
169	9	Do5	C5	318	318	1	16	278	95	96	.	27.4
170	9	Si4b1	B4b1	313	313	1	16	278	95	96	.	27.5
171	9	La4	A4	305	305	1	16	278	95	96	.	27.6
172	9	Si4b1	B4b1	313	313	1	16	278	95	96	.	27.7
173	9	Do5	C5	318	318	3	16	833	95	96	.	28.0
174	9	Do5	C5	318	318	3	16	833	99	96	Sol	28.3
175	9	Re5b3	D5b4	324	323	1	8	556	95	96		28.5
176	9	Mi5	E5	336	336	1	8	556	99	96	du 	28.7
177	9	Fa5	F5	340	340	1	8	556	99	96		28.9
178	9	Sol5	G5	349	349	1	16	278	95	96		29.0
179	9	La5	A5	358	358	1	8	556	99	96	e	29.2
180	9	Sol5	G5	349	349	1	16	278	95	96		29.3
181	9	Sol5	G5	349	349	1	16	278	99	96	me	29.4
182	9	Fa5	F5	340	340	1	16	278	95	96		29.5
183	9	Fa5	F5	340	340	1	16	278	99	96	lim 	29.6
184	9	Mi5	E5	336	336	1	16	278	99	96		29.7
185	9	Mi5	E5	336	336	1	8	556	99	96		29.9
186	9	Re5b3	D5b4	324	323	1	16	278	95	96		30.0
187	9	Do5	C5	318	318	1	8	556	99	96	gon	30.2
188	9	Re5b3	D5b4	324	323	1	16	278	95	96		30.3
189	9	Re5b3	D5b4	324	323	1	8	556	95	96	ca	30.5
190	9	Re5b3	D5b4	324	323	1	16	278	99	96	la	30.6
191	9	Do5	C5	318	318	1	16	278	95	96		30.7
192	9	Do5	C5	318	318	1	8	556	99	96	rın 	30.9
193	9	Si4b1	B4b1	313	313	1	16	278	95	96		31.0
194	9	Si4b1	B4b1	313	313	1	8	556	99	96	ren 	31.2
195	9	La4	A4	305	305	1	16	278	99	96		31.3
196	9	Sol4	G4	296	296	1	8	556	99	96		31.5
197	9	Si4b1	B4b1	313	313	1	16	278	99	96		31.6
198	8	Do5	C5	318	318	0	0	0	99	96		31.6
199	9	Si4b1	B4b1	313	313	1	32	139	99	96		31.65
200	9	La4	A4	305	305	1	32	139	99	96		31.7
201	9	Si4b1	B4b1	313	313	3	16	833	99	96		32.0
202	9	La4	A4	305	305	1	16	278	99	96		32.1
203	9	Si4b1	B4b1	313	313	1	16	278	99	96		32.2
204	9	Do5	C5	318	318	1	16	278	99	96		32.3
205	9	Re5b3	D5b4	324	323	1	16	278	99	96		32.4
206	9	Mi5	E5	336	336	1	16	278	99	96		32.5
207	9	Re5b3	D5b4	324	323	1	16	278	99	96		32.6
208	9	Do5	C5	318	318	1	16	278	99	96		32.7
209	9	Si4b1	B4b1	313	313	1	16	278	99	96		32.8
210	9	La4	A4	305	305	1	16	278	99	96		32.9
211	9	Sol4	G4	296	296	1	16	278	95	96		33.0
212	9	Do5	C5	318	318	1	8	556	99	96	reng_	33.2
213	9	Si4b1	B4b1	313	313	1	16	278	95	96		33.3
214	9	Si4b1	B4b1	313	313	1	16	278	99	96	i 	33.4
215	9	La4	A4	305	305	1	16	278	95	96		33.5
216	9	La4	A4	305	305	1	16	278	99	96	i	33.6
217	9	Sol4	G4	296	296	1	16	278	95	96		33.7
218	9	Sol4	G4	296	296	1	8	556	99	96	zâ	33.9
219	9	Fa4#4	F4#4	291	291	1	16	278	95	96		34.0
220	9	Fa4#4	F4#4	291	291	1	8	556	95	96	rım  	34.2
221	9	Re5b3	D5b4	324	323	1	16	278	95	96	SAZ	34.3
222	9	Do5	C5	318	318	1	16	278	95	96	.	34.4
223	9	Si4b1	B4b1	313	313	1	16	278	95	96	.	34.5
224	9	La4	A4	305	305	1	16	278	95	96	.	34.6
225	9	Si4b1	B4b1	313	313	1	16	278	95	96	.	34.7
226	9	Do5	C5	318	318	3	16	833	95	96	.	35.0
227	9	Do5	C5	318	318	3	16	833	99	96	Sol	35.3
228	9	Re5b3	D5b4	324	323	1	8	556	95	96		35.5
229	9	Mi5	E5	336	336	1	8	556	99	96	du 	35.7
230	9	Fa5	F5	340	340	1	8	556	99	96		35.9
231	9	Sol5	G5	349	349	1	16	278	95	96		36.0
232	9	La5	A5	358	358	1	8	556	99	96	e	36.2
233	9	Sol5	G5	349	349	1	16	278	95	96		36.3
234	9	Sol5	G5	349	349	1	16	278	99	96	me	36.4
235	9	Fa5	F5	340	340	1	16	278	95	96		36.5
236	9	Fa5	F5	340	340	1	16	278	99	96	lim 	36.6
237	9	Mi5	E5	336	336	1	16	278	99	96		36.7
238	9	Mi5	E5	336	336	1	8	556	99	96		36.9
239	9	Re5b3	D5b4	324	323	1	16	278	95	96		37.0
240	9	Do5	C5	318	318	1	8	556	99	96	gon	37.2
241	9	Re5b3	D5b4	324	323	1	16	278	95	96		37.3
242	9	Re5b3	D5b4	324	323	1	8	556	95	96	ca	37.5
243	9	Re5b3	D5b4	324	323	1	16	278	99	96	la	37.6
244	9	Do5	C5	318	318	1	16	278	95	96		37.7
245	9	Do5	C5	318	318	1	8	556	99	96	rın 	37.9
246	9	Si4b1	B4b1	313	313	1	16	278	95	96		38.0
247	9	Si4b1	B4b1	313	313	1	8	556	99	96	ren 	38.2
248	9	La4	A4	305	305	1	16	278	99	96		38.3
249	9	Sol4	G4	296	296	1	8	556	99	96		38.5
250	9	Si4b1	B4b1	313	313	1	16	278	99	96		38.6
251	8	Do5	C5	318	318	0	0	0	99	96		38.6
252	9	Si4b1	B4b1	313	313	1	32	139	99	96		38.65
253	9	La4	A4	305	305	1	32	139	99	96		38.7
254	9	Si4b1	B4b1	313	313	3	16	833	99	96		39.0
255	9	La4	A4	305	305	1	16	278	99	96		39.1
256	9	Si4b1	B4b1	313	313	1	16	278	99	96		39.2
257	9	Do5	C5	318	318	1	16	278	99	96		39.3
258	9	Re5b3	D5b4	324	323	1	16	278	99	96		39.4
259	9	Mi5	E5	336	336	1	16	278	99	96		39.5
260	9	Re5b3	D5b4	324	323	1	16	278	99	96		39.6
261	9	Do5	C5	318	318	1	16	278	99	96		39.7
262	9	Si4b1	B4b1	313	313	1	16	278	99	96		39.8
263	9	La4	A4	305	305	1	16	278	99	96		39.9
264	9	Sol4	G4	296	296	1	16	278	95	96		40.0
265	9	Do5	C5	318	318	1	8	556	99	96	reng_	40.2
266	9	Si4b1	B4b1	313	313	1	16	278	95	96		40.3
267	9	Si4b1	B4b1	313	313	1	16	278	99	96	i 	40.4
268	9	La4	A4	305	305	1	16	278	95	96		40.5
269	9	La4	A4	305	305	1	16	278	99	96	i	40.6
270	9	Sol4	G4	296	296	1	16	278	95	96		40.7
271	9	Sol4	G4	296	296	1	8	556	99	96	zâ	40.9
272	9	Fa4#4	F4#4	291	291	1	16	278	95	96		41.0
273	9	Fa4#4	F4#4	291	291	1	8	556	95	96	rım  	41.2
274	9	Sol5	G5	349	349	1	16	278	95	96	SAZ	41.3
275	9	Fa5#4	F5#4	344	344	1	16	278	95	96	.	41.4
276	9	Mi5#4	E5#4	340	340	1	16	278	95	96	.	41.5
277	9	Re5	D5	327	327	1	16	278	95	96	.	41.6
278	9	Mi5#4	E5#4	340	340	1	16	278	95	96	.	41.7
279	9	Fa5#4	F5#4	344	344	3	16	833	95	96	.	42.0
280	9	Re5	D5	327	327	3	16	833	99	96	Bir 	42.3
281	9	Fa5#4	F5#4	344	344	1	8	556	95	96		42.5
282	9	Fa5#4	F5#4	344	344	1	16	278	99	96	gül	42.6
283	9	Mi5#3	E5#4	339	340	1	16	278	99	96		42.7
284	9	Fa5#4	F5#4	344	344	3	16	833	95	96		43.0
285	9	Sol5	G5	349	349	3	16	833	95	96	bin_	43.3
286	9	La5	A5	358	358	1	8	556	95	96	i 	43.5
287	9	La5	A5	358	358	1	16	278	99	96	rak	43.6
288	9	Sol5	G5	349	349	1	16	278	99	96		43.7
289	9	La5	A5	358	358	3	16	833	95	96		44.0
290	9	Sol5	G5	349	349	3	16	833	95	96	sân_	44.3
291	9	La5	A5	358	358	1	8	556	95	96	ı 	44.5
292	9	Si5b1	B5b1	366	366	1	8	556	95	96	ta	44.7
293	9	La5	A5	358	358	1	16	278	99	96	rab	44.8
294	9	Sol5	G5	349	349	1	16	278	99	96		44.9
295	9	Fa5#4	F5#4	344	344	1	16	278	95	96		45.0
296	9	Do6	C6	371	371	5	16	1389	99	96	nâ 	45.5
297	9	Do6	C6	371	371	1	16	278	99	96		45.6
298	9	Si5b1	B5b1	366	366	1	16	278	99	96		45.7
299	9	Si5b1	B5b1	366	366	1	8	556	99	96		45.9
300	9	La5	A5	358	358	1	16	278	99	96		46.0
301	9	La5	A5	358	358	1	8	556	99	96		46.2
302	9	Do6	C6	371	371	1	16	278	99	96		46.3
303	9	Si5b1	B5b1	366	366	1	16	278	99	96		46.4
304	9	La5	A5	358	358	1	16	278	99	96		46.5
305	9	Sol5	G5	349	349	1	16	278	99	96		46.6
306	9	Fa5#4	F5#4	344	344	1	16	278	99	96		46.7
307	9	Mi5#4	E5#4	340	340	1	16	278	99	96		46.8
308	9	Fa5#4	F5#4	344	344	1	8	556	95	96		47.0
309	9	Do6	C6	371	371	1	8	556	99	96	nâk_	47.2
310	9	Si5b1	B5b1	366	366	1	16	278	95	96		47.3
311	9	Si5b1	B5b1	366	366	1	16	278	99	96	i	47.4
312	9	La5	A5	358	358	1	16	278	95	96		47.5
313	9	La5	A5	358	358	1	16	278	99	96	dim_	47.6
314	9	Sol5	G5	349	349	1	16	278	95	96		47.7
315	9	Sol5	G5	349	349	1	8	556	99	96	am	47.9
316	9	Fa5#4	F5#4	344	344	1	16	278	95	96		48.0
317	9	Fa5#4	F5#4	344	344	1	8	556	99	96	ma  	48.2
318	9	Sol5	G5	349	349	1	16	278	99	96		48.3
319	9	Fa5#4	F5#4	344	344	1	16	278	99	96		48.4
320	9	Mi5#4	E5#4	340	340	1	16	278	99	96		48.5
321	9	Re5	D5	327	327	1	16	278	99	96		48.6
322	9	Mi5#4	E5#4	340	340	1	16	278	99	96		48.7
323	9	Fa5#4	F5#4	344	344	3	16	833	95	96		49.0
324	9	Fa5#4	F5#4	344	344	3	16	833	99	96	Bil	49.3
325	9	La5	A5	358	358	1	8	556	95	96		49.5
326	9	La5	A5	358	358	1	8	556	99	96	mem 	49.7
327	9	Sol5	G5	349	349	1	8	556	99	96		49.9
328	9	Fa5#4	F5#4	344	344	1	16	278	95	96		50.0
329	9	Si5b1	B5b1	366	366	1	8	556	99	96	ki 	50.2
330	9	La5	A5	358	358	1	16	278	95	96		50.3
331	9	La5	A5	358	358	1	16	278	99	96	ne	50.4
332	9	Sol5	G5	349	349	1	16	278	95	96		50.5
333	9	Fa5	F5	340	340	1	16	278	99	96	den 	50.6
334	9	Mi5	E5	336	336	1	16	278	99	96		50.7
335	9	Fa5	F5	340	340	3	16	833	95	96		51.0
336	9	Mi5	E5	336	336	1	8	556	99	96	terk_	51.2
337	9	Fa5	F5	340	340	1	16	278	95	96		51.3
338	9	Sol5	G5	349	349	1	8	556	95	96	i 	51.5
339	9	Fa5	F5	340	340	1	16	278	99	96	he	51.6
340	9	Mi5	E5	336	336	1	16	278	95	96		51.7
341	9	Fa5	F5	340	340	3	16	833	95	96	vâ 	52.0
342	9	Mi5	E5	336	336	1	16	278	99	96	e 	52.1
343	9	Fa5	F5	340	340	1	16	278	99	96		52.2
344	9	Sol5	G5	349	349	1	16	278	99	96		52.3
345	8	La5	A5	358	358	0	0	0	99	96		52.3
346	9	Sol5	G5	349	349	1	16	278	99	96		52.4
347	9	Fa5	F5	340	340	1	16	278	99	96		52.5
348	9	Mi5	E5	336	336	1	16	278	99	96		52.6
349	9	Re5b3	D5b4	324	323	1	16	278	99	96		52.7
350	9	Mi5	E5	336	336	3	16	833	99	96		53.0
351	9	Re5b3	D5b4	324	323	1	16	278	99	96		53.1
352	9	Mi5	E5	336	336	1	16	278	99	96		53.2
353	9	Fa5	F5	340	340	1	16	278	99	96		53.3
354	8	Sol5	G5	349	349	0	0	0	99	96		53.3
355	9	Fa5	F5	340	340	1	16	278	99	96		53.4
356	9	Mi5	E5	336	336	1	16	278	99	96		53.5
357	9	Re5b3	D5b4	324	323	1	16	278	99	96		53.6
358	9	Do5	C5	318	318	1	16	278	99	96		53.7
359	9	Re5b3	D5b4	324	323	1	8	556	99	96		53.9
360	9	Do5	C5	318	318	1	16	278	95	96		54.0
361	9	Mi5	E5	336	336	1	8	556	99	96	et	54.2
362	9	Re5b3	D5b4	324	323	1	16	278	95	96		54.3
363	9	Re5b3	D5b4	324	323	1	16	278	99	96	ti 	54.4
364	9	Do5	C5	318	318	1	16	278	95	96		54.5
365	9	Do5	C5	318	318	1	16	278	99	96	he	54.6
366	9	Si4b1	B4b1	313	313	1	16	278	95	96		54.7
367	9	La4	A4	305	305	1	8	556	99	96	zâ	54.9
368	9	Si4b1	B4b1	313	313	1	16	278	95	96		55.0
369	9	Do5	C5	318	318	1	8	556	95	96	rım  	55.2
370	9	Re5b3	D5b4	324	323	1	16	278	95	96	SAZ	55.3
371	9	Do5	C5	318	318	1	16	278	95	96	.	55.4
372	9	Si4b1	B4b1	313	313	1	16	278	95	96	.	55.5
373	9	La4	A4	305	305	1	16	278	95	96	.	55.6
374	9	Si4b1	B4b1	313	313	1	16	278	95	96	.	55.7
375	9	Do5	C5	318	318	3	16	833	95	96	.	56.0
376	9	Do5	C5	318	318	3	16	833	99	96	Bil	56.3
377	9	Re5b3	D5b4	324	323	1	8	556	95	96		56.5
378	9	Mi5	E5	336	336	1	8	556	99	96	mem 	56.7
379	9	Fa5	F5	340	340	1	8	556	99	96		56.9
380	9	Sol5	G5	349	349	1	16	278	95	96		57.0
381	9	La5	A5	358	358	1	8	556	99	96	ki 	57.2
382	9	Sol5	G5	349	349	1	16	278	95	96		57.3
383	9	Sol5	G5	349	349	1	16	278	99	96	ne	57.4
384	9	Fa5	F5	340	340	1	16	278	95	96		57.5
385	9	Fa5	F5	340	340	1	16	278	99	96	den 	57.6
386	9	Mi5	E5	336	336	1	16	278	99	96		57.7
387	9	Mi5	E5	336	336	1	8	556	99	96		57.9
388	9	Re5b3	D5b4	324	323	1	16	278	95	96		58.0
389	9	Do5	C5	318	318	1	8	556	99	96	terk_	58.2
390	9	Re5b3	D5b4	324	323	1	16	278	95	96		58.3
391	9	Re5b3	D5b4	324	323	1	8	556	95	96	i 	58.5
392	9	Re5b3	D5b4	324	323	1	16	278	99	96	he	58.6
393	9	Do5	C5	318	318	1	16	278	95	96		58.7
394	9	Do5	C5	318	318	1	8	556	99	96	vâ 	58.9
395	9	Si4b1	B4b1	313	313	1	16	278	95	96		59.0
396	9	Si4b1	B4b1	313	313	1	8	556	99	96	e 	59.2
397	9	La4	A4	305	305	1	16	278	99	96		59.3
398	9	Sol4	G4	296	296	1	8	556	99	96		59.5
399	9	Si4b1	B4b1	313	313	1	16	278	99	96		59.6
400	8	Do5	C5	318	318	0	0	0	99	96		59.6
401	9	Si4b1	B4b1	313	313	1	32	139	99	96		59.65
402	9	La4	A4	305	305	1	32	139	99	96		59.7
403	9	Si4b1	B4b1	313	313	3	16	833	99	96		60.0
404	9	La4	A4	305	305	1	16	278	99	96		60.1
405	9	Si4b1	B4b1	313	313	1	16	278	99	96		60.2
406	9	Do5	C5	318	318	1	16	278	99	96		60.3
407	9	Re5b3	D5b4	324	323	1	16	278	99	96		60.4
408	9	Mi5	E5	336	336	1	16	278	99	96		60.5
409	9	Re5b3	D5b4	324	323	1	16	278	99	96		60.6
410	9	Do5	C5	318	318	1	16	278	99	96		60.7
411	9	Si4b1	B4b1	313	313	1	16	278	99	96		60.8
412	9	La4	A4	305	305	1	16	278	99	96		60.9
413	9	Sol4	G4	296	296	1	16	278	95	96		61.0
414	9	Do5	C5	318	318	1	8	556	99	96	et	61.2
415	9	Si4b1	B4b1	313	313	1	16	278	95	96		61.3
416	9	Si4b1	B4b1	313	313	1	16	278	99	96	ti 	61.4
417	9	La4	A4	305	305	1	16	278	95	96		61.5
418	9	La4	A4	305	305	1	16	278	99	96	he	61.6
419	9	Sol4	G4	296	296	1	16	278	95	96		61.7
420	9	Sol4	G4	296	296	1	8	556	99	96	zâ	61.9
421	9	Fa4#4	F4#4	291	291	1	16	278	95	96		62.0
422	9	Fa4#4	F4#4	291	291	5	8	2778	95	96	rım  	63.0
423	51			0	0	6	4	0	90	0	Yürüksemâî (6/4)	64.0
424	9	Fa4#4	F4#4	291	291	1	4	714	95	96	Bu 	64.1666666667
425	9	Re5	D5	327	327	1	4	714	95	96	nağ	64.3333333333
426	9	Mi5#4	E5#4	340	340	1	8	357	99	96	me 	64.4166666667
427	9	Fa5#4	F5#4	344	344	1	8	357	95	96		64.5
428	10	Sol5	G5	349	349	1	8	357	99	96	i 	64.5833333333
429	8	La5	A5	358	358	0	0	0	99	96		64.5833333333
430	9	Sol5	G5	349	349	1	16	179	99	96		64.625
431	9	Fa5#4	F5#4	344	344	1	16	179	95	96		64.6666666667
432	9	Fa5#4	F5#4	344	344	1	2	1429	95	96	dil	65.0
433	9	Do5#4	C5#4	322	322	1	4	714	99	96	sûz_	65.1666666667
434	9	Re5	D5	327	327	1	16	179	99	96		65.2083333333
435	9	Do5#4	C5#4	322	322	1	16	179	99	96		65.25
436	9	Re5	D5	327	327	1	16	179	99	96		65.2916666667
437	9	Si4	B4	314	314	1	16	179	95	96		65.3333333333
438	9	La4	A4	305	305	3	16	536	99	96	i 	65.4583333333
439	9	Sol4	G4	296	296	1	16	179	95	96		65.5
440	9	Sol4	G4	296	296	1	8	357	99	96	ga	65.5833333333
441	8	La4	A4	305	305	0	0	0	99	96		65.5833333333
442	9	Sol4	G4	296	296	1	16	179	99	96		65.625
443	9	Fa4#4	F4#4	291	291	1	16	179	95	96		65.6666666667
444	9	Fa4#4	F4#4	291	291	3	8	1071	95	96	mım 	65.9166666667
445	9	Es	Es	-1	-1	1	8	357	100	0		66.0
446	9	Fa5#4	F5#4	344	344	3	8	1071	99	96	düş	66.25
447	9	La5	A5	358	358	1	8	357	95	96		66.3333333333
448	9	La5	A5	358	358	3	16	536	99	96	tü 	66.4583333333
449	9	Sol5	G5	349	349	1	16	179	95	96		66.5
450	9	Sol5	G5	349	349	3	16	536	99	96	ı	66.625
451	9	Fa5#4	F5#4	344	344	1	16	179	95	96		66.6666666667
452	9	Mi5#4	E5#4	340	340	1	8	357	99	96	râ	66.75
453	9	Fa5#4	F5#4	344	344	1	8	357	99	96		66.8333333333
454	9	Sol5	G5	349	349	1	8	357	99	96		66.9166666667
455	8	La5	A5	358	358	0	0	0	99	96		66.9166666667
456	9	Sol5	G5	349	349	1	16	179	99	96		66.9583333333
457	9	Fa5#4	F5#4	344	344	1	16	179	95	96		67.0
458	9	Fa5#4	F5#4	344	344	1	2	1429	95	96	ka  	67.3333333333
459	9	La5	A5	358	358	3	16	536	95	96	SAZ	67.4583333333
460	9	Sol5	G5	349	349	1	16	179	95	96	.	67.5
461	9	Fa5#4	F5#4	344	344	3	16	536	95	96	.	67.625
462	9	Sol5	G5	349	349	1	16	179	95	96	.	67.6666666667
463	9	La5	A5	358	358	1	2	1429	95	96	.	68.0
464	9	Fa5#4	F5#4	344	344	1	4	714	95	96	Ben 	68.1666666667
465	9	La5	A5	358	358	3	16	536	99	96	böy	68.2916666667
466	9	Sol5	G5	349	349	1	16	179	95	96		68.3333333333
467	9	Fa5#4	F5#4	344	344	1	4	714	95	96	le 	68.5
468	9	Si5b1	B5b1	366	366	1	4	714	95	96	gö	68.6666666667
469	9	La5	A5	358	358	1	8	357	99	96	nül	68.75
470	9	Sol5	G5	349	349	1	8	357	99	96		68.8333333333
471	9	Fa5	F5	340	340	1	8	357	99	96		68.9166666667
472	9	Mi5	E5	336	336	1	8	357	95	96		69.0
473	9	Mi5	E5	336	336	1	8	357	95	96		69.0833333333
474	9	La5	A5	358	358	1	8	357	99	96	ler 	69.1666666667
475	9	Sol5	G5	349	349	1	8	357	99	96		69.25
476	9	Fa5	F5	340	340	1	8	357	95	96		69.3333333333
477	9	Fa5	F5	340	340	1	8	357	99	96	ya	69.4166666667
478	9	Mi5	E5	336	336	1	8	357	95	96		69.5
479	9	Mi5	E5	336	336	1	8	357	99	96	kı	69.5833333333
480	9	Re5b3	D5b4	324	323	1	8	357	95	96		69.6666666667
481	9	Re5b3	D5b4	324	323	1	8	357	99	96	cı 	69.75
482	9	Do5	C5	318	318	1	8	357	99	96		69.8333333333
483	8	Re5b3	D5b4	324	323	0	0	0	99	96		69.8333333333
484	9	Do5	C5	318	318	1	8	357	99	96		69.9166666667
485	9	Si4b1	B4b1	313	313	1	8	357	95	96		70.0
486	9	Es	Es	-1	-1	1	8	357	100	0		70.0833333333
487	9	Sol5	G5	349	349	1	8	357	99	96	Bes	70.1666666667
488	9	Fa5	F5	340	340	1	8	357	99	96		70.25
489	9	Mi5	E5	336	336	1	8	357	95	96		70.3333333333
490	9	Mi5	E5	336	336	1	8	357	99	96	te	70.4166666667
491	9	Re5b3	D5b4	324	323	1	8	357	95	96		70.5
492	9	Do5	C5	318	318	1	8	357	99	96	ni	70.5833333333
493	9	Re5b3	D5b4	324	323	1	8	357	95	96		70.6666666667
494	9	Do5	C5	318	318	1	8	357	99	96	gâ	70.75
495	9	Si4b1	B4b1	313	313	1	16	179	99	96		70.7916666667
496	9	La4	A4	305	305	1	16	179	99	96		70.8333333333
497	9	Si4b1	B4b1	313	313	1	8	357	99	96		70.9166666667
498	9	Do5	C5	318	318	1	8	357	95	96		71.0
499	9	Si4b1	B4b1	313	313	1	4	714	99	96	rım  	71.1666666667
500	9	Do5	C5	318	318	1	4	714	99	96		71.3333333333
501	9	Do5	C5	318	318	1	16	179	99	96		71.375
502	9	Re5b3	D5b4	324	323	1	16	179	99	96		71.4166666667
503	9	Do5	C5	318	318	1	16	179	99	96		71.4583333333
504	9	Si4b1	B4b1	313	313	1	16	179	99	96		71.5
505	9	La4	A4	305	305	1	16	179	99	96		71.5416666667
506	9	Sol4	G4	296	296	1	16	179	99	96		71.5833333333
507	9	La4	A4	305	305	1	16	179	99	96		71.625
508	9	Si4b1	B4b1	313	313	1	16	179	99	96		71.6666666667
509	9	Do5	C5	318	318	1	2	1429	95	96		72.0
510	51			0	0	10	16	0	93	0		73.0
511	9	Do5	C5	318	318	3	16	833	99	96	Sol	73.3
512	9	Re5b3	D5b4	324	323	1	8	556	95	96		73.5
513	9	Mi5	E5	336	336	1	8	556	99	96	du 	73.7
514	9	Fa5	F5	340	340	1	8	556	99	96		73.9
515	9	Sol5	G5	349	349	1	16	278	95	96		74.0
516	9	La5	A5	358	358	1	8	556	99	96	e	74.2
517	9	Sol5	G5	349	349	1	16	278	95	96		74.3
518	9	Sol5	G5	349	349	1	16	278	99	96	me	74.4
519	9	Fa5	F5	340	340	1	16	278	95	96		74.5
520	9	Fa5	F5	340	340	1	16	278	99	96	lim 	74.6
521	9	Mi5	E5	336	336	1	16	278	99	96		74.7
522	9	Mi5	E5	336	336	1	8	556	99	96		74.9
523	9	Re5b3	D5b4	324	323	1	16	278	95	96		75.0
524	9	Do5	C5	318	318	1	8	556	99	96	gon	75.2
525	9	Re5b3	D5b4	324	323	1	16	278	95	96		75.3
526	9	Re5b3	D5b4	324	323	1	8	556	95	96	ca	75.5
527	9	Re5b3	D5b4	324	323	1	16	278	99	96	la	75.6
528	9	Do5	C5	318	318	1	16	278	95	96		75.7
529	9	Do5	C5	318	318	1	8	556	99	96	rın 	75.9
530	9	Si4b1	B4b1	313	313	1	16	278	95	96		76.0
531	9	Si4b1	B4b1	313	313	1	8	556	99	96	ren 	76.2
532	9	La4	A4	305	305	1	16	278	99	96		76.3
533	9	Sol4	G4	296	296	1	8	556	99	96		76.5
534	9	Si4b1	B4b1	313	313	1	16	278	99	96		76.6
535	8	Do5	C5	318	318	0	0	0	99	96		76.6
536	9	Si4b1	B4b1	313	313	1	32	139	99	96		76.65
537	9	La4	A4	305	305	1	32	139	99	96		76.7
538	9	Si4b1	B4b1	313	313	3	16	833	99	96		77.0
539	9	La4	A4	305	305	1	16	278	99	96		77.1
540	9	Si4b1	B4b1	313	313	1	16	278	99	96		77.2
541	9	Do5	C5	318	318	1	16	278	99	96		77.3
542	9	Re5b3	D5b4	324	323	1	16	278	99	96		77.4
543	9	Mi5	E5	336	336	1	16	278	99	96		77.5
544	9	Re5b3	D5b4	324	323	1	16	278	99	96		77.6
545	9	Do5	C5	318	318	1	16	278	99	96		77.7
546	9	Si4b1	B4b1	313	313	1	16	278	99	96		77.8
547	9	La4	A4	305	305	1	16	278	99	96		77.9
548	9	Sol4	G4	296	296	1	16	278	95	96		78.0
549	9	Do5	C5	318	318	1	8	556	99	96	reng_	78.2
550	9	Si4b1	B4b1	313	313	1	16	278	95	96		78.3
551	9	Si4b1	B4b1	313	313	1	16	278	99	96	i 	78.4
552	9	La4	A4	305	305	1	16	278	95	96		78.5
553	9	La4	A4	305	305	1	16	278	99	96	i	78.6
554	9	Sol4	G4	296	296	1	16	278	95	96		78.7
555	9	Sol4	G4	296	296	1	8	556	99	96	zâ	78.9
556	9	Fa4#4	F4#4	291	291	1	16	278	95	96		79.0
557	9	Fa4#4	F4#4	291	291	1	8	556	95	96	rım  	79.2
558	9	Re5b3	D5b4	324	323	1	16	278	95	96	SAZ	79.3
559	9	Do5	C5	318	318	1	16	278	95	96	.	79.4
560	9	Si4b1	B4b1	313	313	1	16	278	95	96	.	79.5
561	9	La4	A4	305	305	1	16	278	95	96	.	79.6
562	9	Si4b1	B4b1	313	313	1	16	278	95	96	.	79.7
563	9	Do5	C5	318	318	3	16	833	95	96	.	80.0
564	9	Do5	C5	318	318	3	16	833	99	96	Sol	80.3
565	9	Re5b3	D5b4	324	323	1	8	556	95	96		80.5
566	9	Mi5	E5	336	336	1	8	556	99	96	du 	80.7
567	9	Fa5	F5	340	340	1	8	556	99	96		80.9
568	9	Sol5	G5	349	349	1	16	278	95	96		81.0
569	9	La5	A5	358	358	1	8	556	99	96	e	81.2
570	9	Sol5	G5	349	349	1	16	278	95	96		81.3
571	9	Sol5	G5	349	349	1	16	278	99	96	me	81.4
572	9	Fa5	F5	340	340	1	16	278	95	96		81.5
573	9	Fa5	F5	340	340	1	16	278	99	96	lim 	81.6
574	9	Mi5	E5	336	336	1	16	278	99	96		81.7
575	9	Mi5	E5	336	336	1	8	556	99	96		81.9
576	9	Re5b3	D5b4	324	323	1	16	278	95	96		82.0
577	9	Do5	C5	318	318	1	8	556	99	96	gon	82.2
578	9	Re5b3	D5b4	324	323	1	16	278	95	96		82.3
579	9	Re5b3	D5b4	324	323	1	8	556	95	96	ca	82.5
580	9	Re5b3	D5b4	324	323	1	16	278	99	96	la	82.6
581	9	Do5	C5	318	318	1	16	278	95	96		82.7
582	9	Do5	C5	318	318	1	8	556	99	96	rın 	82.9
583	9	Si4b1	B4b1	313	313	1	16	278	95	96		83.0
584	9	Si4b1	B4b1	313	313	1	8	556	99	96	ren 	83.2
585	9	La4	A4	305	305	1	16	278	99	96		83.3
586	9	Sol4	G4	296	296	1	8	556	99	96		83.5
587	9	Si4b1	B4b1	313	313	1	16	278	99	96		83.6
588	8	Do5	C5	318	318	0	0	0	99	96		83.6
589	9	Si4b1	B4b1	313	313	1	32	139	99	96		83.65
590	9	La4	A4	305	305	1	32	139	99	96		83.7
591	9	Si4b1	B4b1	313	313	3	16	833	99	96		84.0
592	9	La4	A4	305	305	1	16	278	99	96		84.1
593	9	Si4b1	B4b1	313	313	1	16	278	99	96		84.2
594	9	Do5	C5	318	318	1	16	278	99	96		84.3
595	9	Re5b3	D5b4	324	323	1	16	278	99	96		84.4
596	9	Mi5	E5	336	336	1	16	278	99	96		84.5
597	9	Re5b3	D5b4	324	323	1	16	278	99	96		84.6
598	9	Do5	C5	318	318	1	16	278	99	96		84.7
599	9	Si4b1	B4b1	313	313	1	16	278	99	96		84.8
600	9	La4	A4	305	305	1	16	278	99	96		84.9
601	9	Sol4	G4	296	296	1	16	278	95	96		85.0
602	9	Do5	C5	318	318	1	8	556	99	96	reng_	85.2
603	9	Si4b1	B4b1	313	313	1	16	278	95	96		85.3
604	9	Si4b1	B4b1	313	313	1	16	278	99	96	i 	85.4
605	9	La4	A4	305	305	1	16	278	95	96		85.5
606	9	La4	A4	305	305	1	16	278	99	96	i	85.6
607	9	Sol4	G4	296	296	1	16	278	95	96		85.7
608	9	Sol4	G4	296	296	1	8	556	99	96	zâ	85.9
609	9	Fa4#4	F4#4	291	291	1	16	278	95	96		86.0
610	9	Fa4#4	F4#4	291	291	1	8	556	95	96	rım  	86.2
611	9	Sol5	G5	349	349	1	16	278	95	96	SAZ	86.3
612	9	Fa5#4	F5#4	344	344	1	16	278	95	96	.	86.4
613	9	Mi5#4	E5#4	340	340	1	16	278	95	96	.	86.5
614	9	Re5	D5	327	327	1	16	278	95	96	.	86.6
615	9	Mi5#4	E5#4	340	340	1	16	278	95	96	.	86.7
616	9	Fa5#4	F5#4	344	344	3	16	833	95	96	.	87.0
