Sýra	Kod	Nota53	NotaAE	Koma53	KomaAE	Pay	Payda	Ms	LNS	VelOn	Söz-1
1	9	Re5	D5	327	327	3	8	833	99	96	Ah 
2	9	Do5#4	C5#4	322	322	1	8	278	95	96	
3	9	Si4	B4	314	314	1	4	556	95	96	bir 
4	9	Do5#4	C5#4	322	322	1	4	556	95	96	e
5	9	Re5	D5	327	327	1	2	1111	95	96	lif 
6	9	Re5	D5	327	327	1	2	1111	95	96	çek
7	9	Mi5	E5	336	336	1	4	556	95	96	di 
8	9	Do5	C5	318	318	1	4	556	95	96	yi
9	9	Re5	D5	327	327	3	4	1668	95	96	ne 
10	9	Sol4	G4	296	296	1	4	556	95	96	sî
11	9	Re5	D5	327	327	1	4	556	95	96	ne
12	9	Re5	D5	327	327	1	8	278	99	96	me 
13	9	Do5	C5	318	318	1	8	278	95	96	
14	9	Re5	D5	327	327	1	2	1111	95	96	câ
15	9	Mi5	E5	336	336	1	8	278	99	96	nân 
16	9	Re5	D5	327	327	1	8	278	99	96	
17	9	Re5	D5	327	327	1	8	278	99	96	
18	9	Do5	C5	318	318	1	8	278	95	96	
19	9	Re5	D5	327	327	1	4	556	95	96	bu 
20	9	Mi5	E5	336	336	1	8	278	99	96	ge
21	9	Fa5	F5	340	340	1	8	278	95	96	
22	9	Mi5	E5	336	336	1	8	278	99	96	ce 
23	9	Re5	D5	327	327	1	8	278	99	96	
24	9	Do5	C5	318	318	1	8	278	99	96	
25	9	Si4b2	B4b1	312	313	1	8	278	95	96	
26	9	Re5	D5	327	327	1	8	278	99	96	vay  
27	9	Do5	C5	318	318	1	8	278	99	96	
28	9	Do5	C5	318	318	1	8	278	99	96	
29	9	Re5	D5	327	327	1	8	278	99	96	
30	9	Do5	C5	318	318	1	8	278	99	96	
31	9	Re5	D5	327	327	1	8	278	99	96	
32	9	Do5	C5	318	318	1	8	278	99	96	
33	9	Re5	D5	327	327	1	16	139	99	96	
34	9	Mi5	E5	336	336	1	16	139	99	96	
35	9	Re5	D5	327	327	1	8	278	99	96	
36	9	Do5	C5	318	318	1	4	556	99	96	
37	9	Si4b2	B4b1	312	313	1	8	278	95	96	
38	9	Do5	C5	318	318	1	4	556	95	96	A
39	9	Do5	C5	318	318	1	8	278	99	96	man 
40	9	Re5	D5	327	327	1	8	278	99	96	
41	9	Do5	C5	318	318	1	8	278	99	96	
42	9	Si4b2	B4b1	312	313	1	8	278	95	96	
43	9	Re5	D5	327	327	1	8	278	99	96	ey 
44	9	Do5	C5	318	318	1	8	278	99	96	
45	9	Re5	D5	327	327	1	8	278	99	96	
46	9	Mi5	E5	336	336	1	8	278	99	96	
47	9	Re5	D5	327	327	1	8	278	99	96	
48	9	Do5	C5	318	318	1	8	278	95	96	
49	9	Si4b2	B4b1	312	313	1	4	556	95	96	a
50	9	Si4b2	B4b1	312	313	1	2	1111	95	96	man 
51	9	Re5	D5	327	327	1	4	556	99	96	ey 
52	9	Re5	D5	327	327	1	8	278	99	96	
53	9	Do5#4	C5#4	322	322	1	8	278	99	96	
54	9	Si4b1	B4b1	313	313	1	8	278	99	96	
55	9	La4#4	A4#4	309	309	1	8	278	95	96	
56	9	Si4b1	B4b1	313	313	1	4	556	95	96	a
57	9	Si4b1	B4b1	313	313	3	8	833	99	96	man 
58	9	Re5	D5	327	327	1	8	278	95	96	
59	9	Re5	D5	327	327	1	8	278	99	96	ey 
60	9	Do5	C5	318	318	1	8	278	99	96	
61	9	Si4b1	B4b1	313	313	1	8	278	99	96	
62	9	La4#4	A4#4	309	309	1	8	278	99	96	
63	9	La4#4	A4#4	309	309	1	8	278	99	96	
64	9	Sol4	G4	296	296	1	8	278	95	96	
65	9	La4	A4	305	305	1	8	278	99	96	a
66	9	Si4b2	B4b1	312	313	1	8	278	95	96	
67	9	La4	A4	305	305	1	8	278	99	96	man 
68	9	Sol4	G4	296	296	1	4	556	99	96	
69	9	Fa4#3	F4#4	290	291	1	8	278	95	96	
70	9	La4	A4	305	305	1	16	139	99	96	ey 
71	9	Sol4	G4	296	296	1	16	139	99	96	
72	9	Fa4#3	F4#4	290	291	1	16	139	99	96	
73	9	Mi4#3	E4#4	286	287	1	16	139	99	96	
74	9	Fa4#3	F4#4	290	291	2	4	1112	95	96	
75	9	Fa4#3	F4#4	290	291	1	4	556	95	96	yâr 
76	9	Fa4#3	F4#4	290	291	1	4	556	95	96	a
77	9	Si4b1	B4b1	313	313	1	4	556	95	96	man 
78	9	Si4b1	B4b1	313	313	1	8	278	99	96	a
79	9	La4#4	A4#4	309	309	1	8	278	95	96	
80	9	Si4b1	B4b1	313	313	3	4	1667	95	96	man  
81	9	La4#4	A4#4	309	309	1	4	556	95	96	Sî
82	9	Si4b1	B4b1	313	313	1	4	556	95	96	ne
83	9	Do5	C5	318	318	1	4	556	95	96	me 
84	9	Re5	D5	327	327	1	2	1111	95	96	câ
85	9	Mi5	E5	336	336	1	8	278	99	96	nân 
86	9	Re5	D5	327	327	1	4	556	99	96	
87	9	Do5	C5	318	318	1	8	278	95	96	
88	9	Si4b2	B4b1	312	313	1	4	556	95	96	bu 
89	9	Mi5	E5	336	336	1	4	556	95	96	ge
90	9	Re5	D5	327	327	1	4	556	99	96	ce 
91	9	Mi5	E5	336	336	1	8	278	99	96	
92	9	Re5	D5	327	327	1	8	278	99	96	
93	9	Do5	C5	318	318	3	16	417	99	96	
94	9	Mi5	E5	336	336	1	16	139	99	96	
95	9	Re5	D5	327	327	1	8	278	99	96	
96	9	Do5	C5	318	318	1	8	278	99	96	
97	9	Si4b2	B4b1	312	313	1	4	556	99	96	
98	9	Do5	C5	318	318	1	8	278	99	96	
99	9	Si4b2	B4b1	312	313	1	8	278	99	96	
100	9	La4	A4	305	305	2	4	1112	95	96	
101	9	La4	A4	305	305	1	2	1111	95	96	yâr 
102	9	Sol4	G4	296	296	1	4	556	95	96	bu 
103	9	Si4b2	B4b1	312	313	1	4	556	95	96	ge
104	9	La4	A4	305	305	1	8	278	99	96	ce 
105	9	Sol4	G4	296	296	1	4	556	99	96	
106	9	Fa4#3	F4#4	290	291	1	8	278	95	96	
107	9	Fa4#3	F4#4	290	291	1	2	1111	95	96	vay 
108	9	Re5	D5	327	327	1	4	556	99	96	câ
109	9	Si4	B4	314	314	1	8	278	99	96	
110	9	Do5#4	C5#4	322	322	1	8	278	95	96	
111	9	Re5	D5	327	327	2	4	1112	95	96	ným  
112	9	Re5	D5	327	327	3	8	833	99	96	Ah 
113	9	Do5#4	C5#4	322	322	1	8	278	95	96	
114	9	Si4	B4	314	314	1	4	556	95	96	bir 
115	9	Do5#4	C5#4	322	322	1	4	556	95	96	e
116	9	Re5	D5	327	327	1	2	1111	95	96	lif 
117	9	Re5	D5	327	327	1	2	1111	95	96	çek
118	9	Mi5	E5	336	336	1	4	556	95	96	di 
119	9	Do5	C5	318	318	1	4	556	95	96	yi
120	9	Re5	D5	327	327	3	4	1668	95	96	ne 
121	9	Sol4	G4	296	296	1	4	556	95	96	sî
122	9	Re5	D5	327	327	1	4	556	95	96	ne
123	9	Re5	D5	327	327	1	8	278	99	96	me 
124	9	Do5	C5	318	318	1	8	278	95	96	
125	9	Re5	D5	327	327	1	2	1111	95	96	câ
126	9	Mi5	E5	336	336	1	8	278	99	96	nân 
127	9	Re5	D5	327	327	1	8	278	99	96	
128	9	Re5	D5	327	327	1	8	278	99	96	
129	9	Do5	C5	318	318	1	8	278	95	96	
130	9	Re5	D5	327	327	1	4	556	95	96	bu 
131	9	Mi5	E5	336	336	1	8	278	99	96	ge
132	9	Fa5	F5	340	340	1	8	278	95	96	
133	9	Mi5	E5	336	336	1	8	278	99	96	ce 
134	9	Re5	D5	327	327	1	8	278	99	96	
135	9	Do5	C5	318	318	1	8	278	99	96	
136	9	Si4b2	B4b1	312	313	1	8	278	95	96	
137	9	Re5	D5	327	327	1	8	278	99	96	vay  
138	9	Do5	C5	318	318	1	8	278	99	96	
139	9	Do5	C5	318	318	1	8	278	99	96	
140	9	Re5	D5	327	327	1	8	278	99	96	
141	9	Do5	C5	318	318	1	8	278	99	96	
142	9	Re5	D5	327	327	1	8	278	99	96	
143	9	Do5	C5	318	318	1	8	278	99	96	
144	9	Re5	D5	327	327	1	16	139	99	96	
145	9	Mi5	E5	336	336	1	16	139	99	96	
146	9	Re5	D5	327	327	1	8	278	99	96	
147	9	Do5	C5	318	318	1	4	556	99	96	
148	9	Si4b2	B4b1	312	313	1	8	278	95	96	
149	9	Do5	C5	318	318	1	4	556	95	96	A
150	9	Do5	C5	318	318	1	8	278	99	96	man 
151	9	Re5	D5	327	327	1	8	278	99	96	
152	9	Do5	C5	318	318	1	8	278	99	96	
153	9	Si4b2	B4b1	312	313	1	8	278	95	96	
154	9	Re5	D5	327	327	1	8	278	99	96	ey 
155	9	Do5	C5	318	318	1	8	278	99	96	
156	9	Re5	D5	327	327	1	8	278	99	96	
157	9	Mi5	E5	336	336	1	8	278	99	96	
158	9	Re5	D5	327	327	1	8	278	99	96	
159	9	Do5	C5	318	318	1	8	278	95	96	
160	9	Si4b2	B4b1	312	313	1	4	556	95	96	a
161	9	Si4b2	B4b1	312	313	1	2	1111	95	96	man 
162	9	Re5	D5	327	327	1	4	556	99	96	ey 
163	9	Re5	D5	327	327	1	8	278	99	96	
164	9	Do5#4	C5#4	322	322	1	8	278	99	96	
165	9	Si4b1	B4b1	313	313	1	8	278	99	96	
166	9	La4#4	A4#4	309	309	1	8	278	95	96	
167	9	Si4b1	B4b1	313	313	1	4	556	95	96	a
168	9	Si4b1	B4b1	313	313	3	8	833	99	96	man 
169	9	Re5	D5	327	327	1	8	278	95	96	
170	9	Re5	D5	327	327	1	8	278	99	96	ey 
171	9	Do5	C5	318	318	1	8	278	99	96	
172	9	Si4b1	B4b1	313	313	1	8	278	99	96	
173	9	La4#4	A4#4	309	309	1	8	278	99	96	
174	9	La4#4	A4#4	309	309	1	8	278	99	96	
175	9	Sol4	G4	296	296	1	8	278	95	96	
176	9	La4	A4	305	305	1	8	278	99	96	a
177	9	Si4b2	B4b1	312	313	1	8	278	95	96	
178	9	La4	A4	305	305	1	8	278	99	96	man 
179	9	Sol4	G4	296	296	1	4	556	99	96	
180	9	Fa4#3	F4#4	290	291	1	8	278	95	96	
181	9	La4	A4	305	305	1	16	139	99	96	ey 
182	9	Sol4	G4	296	296	1	16	139	99	96	
183	9	Fa4#3	F4#4	290	291	1	16	139	99	96	
184	9	Mi4#3	E4#4	286	287	1	16	139	99	96	
185	9	Fa4#3	F4#4	290	291	2	4	1112	95	96	
186	9	Fa4#3	F4#4	290	291	1	4	556	95	96	yâr 
187	9	Fa4#3	F4#4	290	291	1	4	556	95	96	a
188	9	Si4b1	B4b1	313	313	1	4	556	95	96	man 
189	9	Si4b1	B4b1	313	313	1	8	278	99	96	a
190	9	La4#4	A4#4	309	309	1	8	278	95	96	
191	9	Si4b1	B4b1	313	313	3	4	1667	95	96	man  
192	9	La4#4	A4#4	309	309	1	4	556	95	96	Sî
193	9	Si4b1	B4b1	313	313	1	4	556	95	96	ne
194	9	Do5	C5	318	318	1	4	556	95	96	me 
195	9	Re5	D5	327	327	1	2	1111	95	96	câ
196	9	Mi5	E5	336	336	1	8	278	99	96	nân 
197	9	Re5	D5	327	327	1	4	556	99	96	
198	9	Do5	C5	318	318	1	8	278	95	96	
199	9	Si4b2	B4b1	312	313	1	4	556	95	96	bu 
200	9	Mi5	E5	336	336	1	4	556	95	96	ge
201	9	Re5	D5	327	327	1	4	556	99	96	ce 
202	9	Mi5	E5	336	336	1	8	278	99	96	
203	9	Re5	D5	327	327	1	8	278	99	96	
204	9	Do5	C5	318	318	3	16	417	99	96	
205	9	Mi5	E5	336	336	1	16	139	99	96	
206	9	Re5	D5	327	327	1	8	278	99	96	
207	9	Do5	C5	318	318	1	8	278	99	96	
208	9	Si4b2	B4b1	312	313	1	4	556	99	96	
209	9	Do5	C5	318	318	1	8	278	99	96	
210	9	Si4b2	B4b1	312	313	1	8	278	99	96	
211	9	La4	A4	305	305	2	4	1112	95	96	
212	9	La4	A4	305	305	1	2	1111	95	96	yâr 
213	9	Sol4	G4	296	296	1	4	556	95	96	bu 
214	9	Si4b2	B4b1	312	313	1	4	556	95	96	ge
215	9	La4	A4	305	305	1	8	278	99	96	ce 
216	9	Sol4	G4	296	296	1	4	556	99	96	
217	9	Fa4#3	F4#4	290	291	1	8	278	95	96	
218	9	Fa4#3	F4#4	290	291	1	2	1111	95	96	vay 
219	9	Fa5#3	F5#4	343	344	1	4	556	99	96	câ
220	9	Mi5#3	E5#4	339	340	1	8	278	99	96	
221	9	Sol5	G5	349	349	1	8	278	95	96	
222	9	Fa5#3	F5#4	343	344	2	4	1112	95	96	ným  
223	9	Fa5#3	F5#4	343	344	3	8	833	99	96	Ah 
224	9	Mi5#3	E5#4	339	340	1	8	278	95	96	
225	9	Re5	D5	327	327	1	4	556	95	96	a
226	9	Mi5#3	E5#4	339	340	1	4	556	95	96	yýn 
227	9	Fa5#3	F5#4	343	344	1	2	1111	95	96	on
228	9	Fa5#3	F5#4	343	344	1	8	278	99	96	dör
229	9	Sol5	G5	349	349	1	8	278	99	96	
230	9	Fa5#3	F5#4	343	344	1	8	278	99	96	
231	9	Mi5#3	E5#4	339	340	1	8	278	95	96	
232	9	Fa5#3	F5#4	343	344	1	4	556	95	96	dü 
233	9	La5	A5	358	358	1	8	278	99	96	gi
234	9	Sol5	G5	349	349	1	8	278	95	96	
235	9	Fa5#3	F5#4	343	344	1	8	278	99	96	bi 
236	9	Sol5	G5	349	349	1	8	278	99	96	
237	9	Mi5#3	E5#4	339	340	1	8	278	99	96	
238	9	Fa5#3	F5#4	343	344	1	8	278	99	96	
239	9	Re5	D5	327	327	1	4	556	95	96	
240	9	Do5#4	C5#4	322	322	1	4	556	95	96	dün 
241	9	Re5	D5	327	327	1	4	556	95	96	ge
242	9	Mi5#4	E5#4	340	340	1	4	556	95	96	ce 
243	9	Fa5#4	F5#4	344	344	1	2	1111	95	96	mec
244	9	Sol5	G5	349	349	3	8	833	99	96	lis
245	9	Fa5#3	F5#4	343	344	1	8	278	95	96	
246	9	Si5b2	B5b1	365	366	1	4	556	95	96	de 
247	9	La5	A5	358	358	1	8	278	99	96	i
248	9	Sol5	G5	349	349	1	8	278	95	96	
249	9	Sol5	G5	349	349	1	2	1111	95	96	di 
250	9	La5	A5	358	358	1	16	139	99	96	vay  
251	9	Sol5	G5	349	349	1	16	139	99	96	
252	9	Fa5#3	F5#4	343	344	1	16	139	99	96	
253	9	Mi5#3	E5#4	339	340	1	16	139	99	96	
254	9	Fa5#3	F5#4	343	344	5	4	2778	95	96	
255	9	Fa5#3	F5#4	343	344	1	4	556	95	96	A
256	9	Mi5	E5	336	336	1	8	278	99	96	man 
257	9	Fa5#3	F5#4	343	344	1	8	278	99	96	
258	9	Mi5	E5	336	336	1	8	278	99	96	
259	9	Re5	D5	327	327	1	8	278	95	96	
260	9	Fa5#3	F5#4	343	344	1	4	556	99	96	ey 
261	9	Sol5	G5	349	349	2	4	1112	95	96	
262	9	Mi5	E5	336	336	1	4	556	95	96	a
263	9	Mi5	E5	336	336	1	8	278	99	96	man 
264	9	Fa5	F5	340	340	1	8	278	99	96	
265	9	Mi5	E5	336	336	1	8	278	99	96	
266	9	Re5	D5	327	327	1	8	278	95	96	
267	9	Mi5	E5	336	336	1	8	278	99	96	ey 
268	9	Re5	D5	327	327	1	8	278	99	96	
269	9	Mi5	E5	336	336	2	4	1112	95	96	
270	9	Do5	C5	318	318	1	4	556	95	96	a
271	9	Re5	D5	327	327	3	8	833	99	96	man 
272	9	Do5	C5	318	318	1	8	278	95	96	
273	9	Mi5	E5	336	336	1	8	278	99	96	ey 
274	9	Re5	D5	327	327	1	8	278	99	96	
275	9	Do5	C5	318	318	1	8	278	99	96	
276	9	Si4b2	B4b1	312	313	1	8	278	99	96	
277	9	La4	A4	305	305	1	8	278	99	96	
278	9	Sol4	G4	296	296	1	8	278	95	96	
279	9	La4	A4	305	305	1	8	278	99	96	a
280	9	Si4b2	B4b1	312	313	1	8	278	95	96	
281	9	La4	A4	305	305	1	8	278	99	96	man 
282	9	Sol4	G4	296	296	1	4	556	99	96	
283	9	Fa4#3	F4#4	290	291	1	8	278	95	96	
284	9	La4	A4	305	305	1	16	139	99	96	ey 
285	9	Sol4	G4	296	296	1	16	139	99	96	
286	9	Fa4#3	F4#4	290	291	1	16	139	99	96	
287	9	Mi4#3	E4#4	286	287	1	16	139	99	96	
288	9	Fa4#3	F4#4	290	291	2	4	1112	95	96	
289	9	Fa4#3	F4#4	290	291	1	4	556	95	96	yâr 
290	9	Fa4#3	F4#4	290	291	1	4	556	95	96	a
291	9	Si4b1	B4b1	313	313	1	4	556	95	96	man 
292	9	Si4b1	B4b1	313	313	1	8	278	99	96	a
293	9	La4#4	A4#4	309	309	1	8	278	95	96	
294	9	Si4b1	B4b1	313	313	3	4	1668	95	96	man  
295	9	La4#4	A4#4	309	309	1	4	556	95	96	Dün 
296	9	Si4b1	B4b1	313	313	1	4	556	95	96	ge
297	9	Do5	C5	318	318	1	4	556	95	96	ce 
298	9	Re5	D5	327	327	1	2	1111	95	96	mec
299	9	Mi5	E5	336	336	1	8	278	99	96	lis
300	9	Re5	D5	327	327	1	4	556	99	96	
301	9	Do5	C5	318	318	1	8	278	95	96	
302	9	Si4b2	B4b1	312	313	1	4	556	95	96	de 
303	9	Mi5	E5	336	336	1	4	556	95	96	i
304	9	Re5	D5	327	327	1	4	556	99	96	di 
305	9	Mi5	E5	336	336	1	8	278	99	96	
306	9	Re5	D5	327	327	1	8	278	99	96	
307	9	Do5	C5	318	318	3	16	417	99	96	
308	9	Mi5	E5	336	336	1	16	139	99	96	
309	9	Re5	D5	327	327	1	8	278	99	96	
310	9	Do5	C5	318	318	1	8	278	99	96	
311	9	Si4b2	B4b1	312	313	1	4	556	99	96	
312	9	Do5	C5	318	318	1	8	278	99	96	
313	9	Si4b2	B4b1	312	313	1	8	278	95	96	
314	9	La4	A4	305	305	1	2	1111	95	96	mec
315	9	La4	A4	305	305	1	2	1111	95	96	lis
316	9	Sol4	G4	296	296	1	4	556	95	96	de 
317	9	Si4b2	B4b1	312	313	1	4	556	95	96	i
318	9	La4	A4	305	305	1	8	278	99	96	di 
319	9	Sol4	G4	296	296	1	4	556	99	96	
320	9	Fa4#3	F4#4	290	291	1	8	278	95	96	
321	9	Fa4#3	F4#4	290	291	1	2	1111	95	96	vay 
322	9	Re5	D5	327	327	1	4	556	99	96	câ
323	9	Si4	B4	314	314	1	8	278	99	96	
324	9	Do5#4	C5#4	322	322	1	8	278	95	96	
325	9	Re5	D5	327	327	2	4	1112	95	96	ným  
326	9	Re5	D5	327	327	3	8	833	99	96	Ah 
327	9	Do5#4	C5#4	322	322	1	8	278	95	96	
328	9	Si4	B4	314	314	1	4	556	95	96	kan
329	9	Do5#4	C5#4	322	322	1	4	556	95	96	de 
330	9	Re5	D5	327	327	1	2	1111	95	96	ak
331	9	Re5	D5	327	327	1	2	1111	95	96	þam
332	9	Mi5	E5	336	336	1	4	556	95	96	la
333	9	Do5	C5	318	318	1	4	556	95	96	ya
334	9	Re5	D5	327	327	3	4	1668	95	96	cak 
335	9	Sol4	G4	296	296	1	4	556	95	96	ol 
336	9	Re5	D5	327	327	1	4	556	95	96	meh_
337	9	Re5	D5	327	327	1	8	278	99	96	i 
338	9	Do5	C5	318	318	1	8	278	95	96	
339	9	Re5	D5	327	327	1	2	1111	95	96	tâ
340	9	Mi5	E5	336	336	1	8	278	99	96	bân 
341	9	Re5	D5	327	327	1	8	278	99	96	
342	9	Re5	D5	327	327	1	8	278	99	96	
343	9	Do5	C5	318	318	1	8	278	95	96	
344	9	Re5	D5	327	327	1	4	556	95	96	bu 
345	9	Mi5	E5	336	336	1	8	278	99	96	ge
346	9	Fa5	F5	340	340	1	8	278	95	96	
347	9	Mi5	E5	336	336	1	8	278	99	96	ce 
348	9	Re5	D5	327	327	1	8	278	99	96	
349	9	Do5	C5	318	318	1	8	278	99	96	
350	9	Si4b2	B4b1	312	313	1	8	278	95	96	
351	9	Re5	D5	327	327	1	8	278	99	96	vay  
352	9	Do5	C5	318	318	1	8	278	99	96	
353	9	Do5	C5	318	318	1	8	278	99	96	
354	9	Re5	D5	327	327	1	8	278	99	96	
355	9	Do5	C5	318	318	1	8	278	99	96	
356	9	Re5	D5	327	327	1	8	278	99	96	
357	9	Do5	C5	318	318	1	8	278	99	96	
358	9	Re5	D5	327	327	1	16	139	99	96	
359	9	Mi5	E5	336	336	1	16	139	99	96	
360	9	Re5	D5	327	327	1	8	278	99	96	
361	9	Do5	C5	318	318	1	4	556	99	96	
362	9	Si4b2	B4b1	312	313	1	8	278	95	96	
363	9	Do5	C5	318	318	1	4	556	95	96	A
364	9	Do5	C5	318	318	1	8	278	99	96	man 
365	9	Re5	D5	327	327	1	8	278	99	96	
366	9	Do5	C5	318	318	1	8	278	99	96	
367	9	Si4b2	B4b1	312	313	1	8	278	95	96	
368	9	Re5	D5	327	327	1	8	278	99	96	ey 
369	9	Do5	C5	318	318	1	8	278	99	96	
370	9	Re5	D5	327	327	1	8	278	99	96	
371	9	Mi5	E5	336	336	1	8	278	99	96	
372	9	Re5	D5	327	327	1	8	278	99	96	
373	9	Do5	C5	318	318	1	8	278	95	96	
374	9	Si4b2	B4b1	312	313	1	4	556	95	96	a
375	9	Si4b2	B4b1	312	313	1	2	1111	95	96	man 
376	9	Re5	D5	327	327	1	4	556	99	96	ey 
377	9	Re5	D5	327	327	1	8	278	99	96	
378	9	Do5#4	C5#4	322	322	1	8	278	99	96	
379	9	Si4b1	B4b1	313	313	1	8	278	99	96	
380	9	La4#4	A4#4	309	309	1	8	278	95	96	
381	9	Si4b1	B4b1	313	313	1	4	556	95	96	a
382	9	Si4b1	B4b1	313	313	3	8	833	99	96	man 
383	9	Re5	D5	327	327	1	8	278	95	96	
384	9	Re5	D5	327	327	1	8	278	99	96	ey 
385	9	Do5	C5	318	318	1	8	278	99	96	
386	9	Si4b1	B4b1	313	313	1	8	278	99	96	
387	9	La4#4	A4#4	309	309	1	8	278	99	96	
388	9	La4#4	A4#4	309	309	1	8	278	99	96	
389	9	Sol4	G4	296	296	1	8	278	95	96	
390	9	La4	A4	305	305	1	8	278	99	96	a
391	9	Si4b2	B4b1	312	313	1	8	278	95	96	
392	9	La4	A4	305	305	1	8	278	99	96	man 
393	9	Sol4	G4	296	296	1	4	556	99	96	
394	9	Fa4#3	F4#4	290	291	1	8	278	95	96	
395	9	La4	A4	305	305	1	16	139	99	96	ey 
396	9	Sol4	G4	296	296	1	16	139	99	96	
397	9	Fa4#3	F4#4	290	291	1	16	139	99	96	
398	9	Mi4#3	E4#4	286	287	1	16	139	99	96	
399	9	Fa4#3	F4#4	290	291	2	4	1112	95	96	
400	9	Fa4#3	F4#4	290	291	1	4	556	95	96	yâr 
401	9	Fa4#3	F4#4	290	291	1	4	556	95	96	a
402	9	Si4b1	B4b1	313	313	1	4	556	95	96	man 
403	9	Si4b1	B4b1	313	313	1	8	278	99	96	a
404	9	La4#4	A4#4	309	309	1	8	278	95	96	
405	9	Si4b1	B4b1	313	313	3	4	1667	95	96	man  
406	9	La4#4	A4#4	309	309	1	4	556	95	96	Sî
407	9	Si4b1	B4b1	313	313	1	4	556	95	96	ne
408	9	Do5	C5	318	318	1	4	556	95	96	me 
409	9	Re5	D5	327	327	1	2	1111	95	96	câ
410	9	Mi5	E5	336	336	1	8	278	99	96	nân 
411	9	Re5	D5	327	327	1	4	556	99	96	
412	9	Do5	C5	318	318	1	8	278	95	96	
413	9	Si4b2	B4b1	312	313	1	4	556	95	96	bu 
414	9	Mi5	E5	336	336	1	4	556	95	96	ge
415	9	Re5	D5	327	327	1	4	556	99	96	ce 
416	9	Mi5	E5	336	336	1	8	278	99	96	
417	9	Re5	D5	327	327	1	8	278	99	96	
418	9	Do5	C5	318	318	3	16	417	99	96	
419	9	Mi5	E5	336	336	1	16	139	99	96	
420	9	Re5	D5	327	327	1	8	278	99	96	
421	9	Do5	C5	318	318	1	8	278	99	96	
422	9	Si4b2	B4b1	312	313	1	4	556	99	96	
423	9	Do5	C5	318	318	1	8	278	99	96	
424	9	Si4b2	B4b1	312	313	1	8	278	99	96	
425	9	La4	A4	305	305	2	4	1112	95	96	
426	9	La4	A4	305	305	1	2	1111	95	96	yâr 
427	9	Sol4	G4	296	296	1	4	556	95	96	bu 
428	9	Si4b2	B4b1	312	313	1	4	556	95	96	ge
429	9	La4	A4	305	305	1	8	278	99	96	ce 
430	9	Sol4	G4	296	296	1	4	556	99	96	
431	9	Fa4#3	F4#4	290	291	1	8	278	95	96	
432	9	Fa4#3	F4#4	290	291	6	4	3334	95	96	vay  
