Sira	Kod	Nota53	NotaAE	Koma53	KomaAE	Pay	Payda	Ms	LNS	Bas	Soz1	Offset
1	51			0	0	9	4	0	111	0	Ağırevfer	0.0
2	9	Do5	C5	318	318	1	4	833	95	96	Ah 	0.111111111111
3	9	La4	A4	305	305	1	8	417	99	96	kim 	0.166666666667
4	9	Si4b2	B4b1	312	313	1	8	417	99	96		0.222222222222
5	9	La4	A4	305	305	1	4	833	95	96		0.333333333333
6	9	Si4b2	B4b1	312	313	1	4	833	95	96	o	0.444444444444
7	9	Do5	C5	318	318	1	4	833	99	96	lur	0.555555555556
8	9	Si4b2	B4b1	312	313	1	8	417	99	96		0.611111111111
9	9	Re5b3	D5b4	324	323	1	8	417	95	96		0.666666666667
10	9	Si4b2	B4b1	312	313	1	4	833	99	96	sa 	0.777777777778
11	9	Do5	C5	318	318	1	4	833	95	96		0.888888888889
12	9	Es	Es	-1	-1	1	4	833	100	0		1.0
13	9	Es	Es	-1	-1	1	8	417	100	0		1.05555555556
14	9	Re5b3	D5b4	324	323	1	4	833	99	96	şevk_	1.16666666667
15	9	Do5	C5	318	318	1	8	417	99	96		1.22222222222
16	9	Si4b2	B4b1	312	313	1	4	833	95	96		1.33333333333
17	9	La4	A4	305	305	1	4	833	95	96	i	1.44444444444
18	9	La4	A4	305	305	1	8	417	99	96	le 	1.5
19	9	Do5	C5	318	318	1	8	417	99	96		1.55555555556
20	9	Si4b2	B4b1	312	313	1	8	417	99	96		1.61111111111
21	9	La4	A4	305	305	1	8	417	95	96		1.66666666667
22	11	La4	A4	305	305	1	8	417	99	96	Bes	1.72222222222
23	9	La4	A4	305	305	1	16	208	99	96		1.75
24	9	Sol4	G4	296	296	1	16	208	99	96		1.77777777778
25	9	Fa4#3	F4#4	290	291	1	4	833	95	96		1.88888888889
26	9	Es	Es	-1	-1	1	4	833	100	0		2.0
27	9	Es	Es	-1	-1	1	4	833	100	0		2.11111111111
28	9	La4	A4	305	305	1	8	417	99	96	te	2.16666666667
29	9	Sol4	G4	296	296	1	8	417	99	96		2.22222222222
30	9	La4	A4	305	305	1	4	833	95	96		2.33333333333
31	9	Si4b2	B4b1	312	313	1	4	833	95	96	ni	2.44444444444
32	9	Do5	C5	318	318	1	8	417	99	96	gâ	2.5
33	9	Re5b3	D5b4	324	323	1	8	417	99	96		2.55555555556
34	9	Do5	C5	318	318	1	8	417	99	96		2.61111111111
35	9	Re5b3	D5b4	324	323	1	8	417	95	96		2.66666666667
36	9	Re5b3	D5b4	324	323	1	16	208	99	96	rın 	2.69444444444
37	9	Do5	C5	318	318	1	16	208	99	96		2.72222222222
38	9	Si4b2	B4b1	312	313	1	16	208	99	96		2.75
39	9	La4	A4	305	305	1	16	208	99	96		2.77777777778
40	9	Si4b2	B4b1	312	313	1	8	417	99	96		2.83333333333
41	9	Do5	C5	318	318	1	8	417	99	96		2.88888888889
42	9	Si4b2	B4b1	312	313	1	4	833	95	96		3.0
43	9	Es	Es	-1	-1	1	4	833	100	0		3.11111111111
44	9	Do5	C5	318	318	1	8	417	99	96	zül	3.16666666667
45	9	Re5b3	D5b4	324	323	1	8	417	99	96		3.22222222222
46	9	Mi5	E5	336	336	1	8	417	99	96		3.27777777778
47	9	Fa5	F5	340	340	1	8	417	95	96		3.33333333333
48	9	Sol5	G5	349	349	1	8	417	99	96	fü	3.38888888889
49	9	Fa5	F5	340	340	1	16	208	99	96		3.41666666667
50	9	Mi5	E5	336	336	1	16	208	95	96		3.44444444444
51	9	Mi5	E5	336	336	1	16	208	99	96	ne  	3.47222222222
52	9	Re5b3	D5b4	324	323	1	16	208	99	96		3.5
53	9	Re5b3	D5b4	324	323	1	16	208	99	96		3.52777777778
54	9	Do5	C5	318	318	1	16	208	99	96		3.55555555556
55	9	Si4b2	B4b1	312	313	1	8	417	99	96		3.61111111111
56	8	Mi5	E5	336	336	0	0	0	99	96		3.61111111111
57	9	Re5b3	D5b4	324	323	1	16	208	99	96		3.63888888889
58	11	Do5	C5	318	318	1	16	208	99	96		3.66666666667
59	9	Do5	C5	318	318	1	2	1667	95	96		3.88888888889
60	9	Es	Es	-1	-1	1	4	833	100	0		4.0
61	9	Es	Es	-1	-1	1	4	833	100	0		4.11111111111
62	9	Do5	C5	318	318	1	2	1667	95	96	Mun	4.33333333333
63	9	Sol5	G5	349	349	1	8	417	99	96	ta	4.38888888889
64	9	La5b4	A5b4	354	354	1	8	417	95	96		4.44444444444
65	9	Sol5	G5	349	349	1	8	417	99	96	zır 	4.5
66	9	Fa5	F5	340	340	1	8	417	99	96		4.55555555556
67	9	Mi5	E5	336	336	1	8	417	99	96		4.61111111111
68	9	Fa5	F5	340	340	1	8	417	95	96		4.66666666667
69	9	Sol5	G5	349	349	1	8	417	99	96	ol	4.72222222222
70	9	La5b4	A5b4	354	354	1	8	417	99	96		4.77777777778
71	9	Sol5	G5	349	349	1	8	417	99	96		4.83333333333
72	9	La5b4	A5b4	354	354	1	8	417	99	96		4.88888888889
73	9	Sol5	G5	349	349	1	8	417	99	96		4.94444444444
74	9	Fa5	F5	340	340	1	8	417	95	96		5.0
75	9	Es	Es	-1	-1	1	4	833	100	0		5.11111111111
76	9	Do5	C5	318	318	1	8	417	99	96	sun 	5.16666666667
77	9	Re5b3	D5b4	324	323	1	8	417	99	96		5.22222222222
78	9	Do5	C5	318	318	1	4	833	95	96		5.33333333333
79	9	Re5b3	D5b4	324	323	1	8	417	99	96	he	5.38888888889
80	9	Mi5	E5	336	336	1	8	417	95	96		5.44444444444
81	9	Re5b3	D5b4	324	323	1	8	417	99	96	mân 	5.5
82	9	Do5	C5	318	318	1	8	417	99	96		5.55555555556
83	8	Re5b3	D5b4	324	323	0	0	0	99	96		5.55555555556
84	9	Do5	C5	318	318	1	8	417	99	96		5.61111111111
85	9	Si4b2	B4b1	312	313	1	8	417	95	96		5.66666666667
86	9	Do5	C5	318	318	1	8	417	99	96	vâd_	5.72222222222
87	11	Si4b2	B4b1	312	313	1	16	208	99	96		5.75
88	11	La4	A4	305	305	1	16	208	99	96		5.77777777778
89	9	La4	A4	305	305	1	4	833	95	96		5.88888888889
90	9	Es	Es	-1	-1	1	4	833	100	0		6.0
91	9	Es	Es	-1	-1	1	4	833	100	0		6.11111111111
92	9	La4	A4	305	305	1	8	417	99	96	i 	6.16666666667
93	9	Sol4	G4	296	296	1	8	417	99	96		6.22222222222
94	9	La4	A4	305	305	1	4	833	95	96		6.33333333333
95	9	Si4b2	B4b1	312	313	1	4	833	95	96	vi	6.44444444444
96	9	Do5	C5	318	318	1	4	833	99	96	sâ	6.55555555556
97	9	Si4b2	B4b1	312	313	1	8	417	99	96		6.61111111111
98	9	La4	A4	305	305	1	8	417	95	96		6.66666666667
99	9	La4	A4	305	305	3	16	625	99	96	lin 	6.75
100	9	Sol4	G4	296	296	1	16	208	99	96		6.77777777778
101	9	Fa4#3	F4#4	290	291	1	4	833	99	96		6.88888888889
102	9	Si4b2	B4b1	312	313	1	4	833	95	96		7.0
103	9	Es	Es	-1	-1	1	4	833	100	0		7.11111111111
104	9	La4	A4	305	305	1	8	417	99	96	hül	7.16666666667
105	9	Si4b2	B4b1	312	313	1	8	417	99	96		7.22222222222
106	9	Do5	C5	318	318	1	4	833	95	96		7.33333333333
107	9	Si4b2	B4b1	312	313	1	8	417	99	96	fü	7.38888888889
108	9	La4	A4	305	305	1	8	417	95	96		7.44444444444
109	9	La4	A4	305	305	3	16	625	99	96	ne  	7.52777777778
110	9	Sol4	G4	296	296	1	16	208	99	96		7.55555555556
111	9	La4	A4	305	305	1	16	208	99	96		7.58333333333
112	9	Sol4	G4	296	296	1	16	208	99	96		7.61111111111
113	9	Fa4#3	F4#4	290	291	1	16	208	99	96		7.63888888889
114	9	Mi4#3	E4#4	286	287	1	16	208	99	96		7.66666666667
115	9	Fa4#3	F4#4	290	291	1	2	1667	95	96		7.88888888889
116	9	Es	Es	-1	-1	1	4	833	100	0		8.0
