Sira	Kod	Nota53	NotaAE	Koma53	KomaAE	Pay	Payda	Ms	LNS	Bas	Soz1	Offset
1	9	Do5	C5	318	318	1	4	1000	99	96	Ah 	0.111111111111
2	9	Re5	D5	327	327	1	4	1000	95	96		0.222222222222
3	9	Es	Es	-1	-1	1	8	500	100	0		0.277777777778
4	9	La4	A4	305	305	1	4	1000	95	96	bir 	0.388888888889
5	9	Si4b2	B4b1	312	313	1	8	500	95	96	Be	0.444444444444
6	9	Do5	C5	318	318	1	8	500	99	96	yâ	0.5
7	9	Re5	D5	327	327	1	8	500	99	96		0.555555555556
8	9	Do5	C5	318	318	1	8	500	99	96		0.611111111111
9	9	Si4b2	B4b1	312	313	1	8	500	95	96		0.666666666667
10	9	Do5	C5	318	318	1	4	1000	99	96	tî 	0.777777777778
11	9	Re5	D5	327	327	1	4	1000	95	96		0.888888888889
12	9	Es	Es	-1	-1	1	4	1000	100	0		1.0
13	9	Mi5	E5	336	336	1	8	500	99	96	Bû	1.05555555556
14	9	Fa5	F5	340	340	1	8	500	99	96		1.11111111111
15	9	Mi5	E5	336	336	1	8	500	99	96		1.16666666667
16	9	Re5	D5	327	327	1	8	500	95	96		1.22222222222
17	11	Do5	C5	318	318	1	4	1000	99	96	se	1.33333333333
18	9	Do5	C5	318	318	1	8	500	99	96		1.38888888889
19	9	Mi5	E5	336	336	1	8	500	95	96		1.44444444444
20	9	Re5	D5	327	327	1	16	250	99	96	lik 	1.47222222222
21	9	Do5	C5	318	318	1	16	250	99	96		1.5
22	9	Re5	D5	327	327	1	16	250	99	96		1.52777777778
23	9	Mi5	E5	336	336	1	16	250	99	96		1.55555555556
24	9	Re5	D5	327	327	1	8	500	99	96		1.61111111111
25	9	Do5	C5	318	318	1	8	500	95	96		1.66666666667
26	23	Si4b2	B4b1	312	313	1	4	1000	99	96	ol	1.77777777778
27	9	Do5	C5	318	318	1	4	1000	99	96		1.88888888889
28	9	Si4b2	B4b1	312	313	1	8	500	99	96		1.94444444444
29	11	La4	A4	305	305	1	8	500	99	96		2.0
30	9	La4	A4	305	305	1	2	2000	95	96		2.22222222222
31	9	Es	Es	-1	-1	1	8	500	100	0		2.27777777778
32	9	La4	A4	305	305	1	4	1000	95	96	du 	2.38888888889
33	9	Fa5	F5	340	340	1	8	500	95	96	ku	2.44444444444
34	9	Fa5	F5	340	340	1	2	2000	95	96	lû	2.66666666667
35	9	Fa5	F5	340	340	1	8	500	99	96	be 	2.72222222222
36	9	Mi5	E5	336	336	1	8	500	99	96		2.77777777778
37	9	Fa5	F5	340	340	1	8	500	99	96		2.83333333333
38	9	Sol5	G5	349	349	1	8	500	99	96		2.88888888889
39	9	La5	A5	358	358	1	8	500	99	96		2.94444444444
40	9	Sol5	G5	349	349	1	8	500	95	96		3.0
41	9	Sol5	G5	349	349	1	8	500	99	96	neş	3.05555555556
42	9	Fa5	F5	340	340	1	8	500	99	96		3.11111111111
43	9	Fa5	F5	340	340	1	8	500	99	96		3.16666666667
44	9	Mi5	E5	336	336	1	8	500	95	96		3.22222222222
45	9	Mi5	E5	336	336	1	8	500	99	96	e	3.27777777778
46	9	Fa5	F5	340	340	1	8	500	99	96		3.33333333333
47	9	Mi5	E5	336	336	1	8	500	99	96		3.38888888889
48	9	Re5	D5	327	327	1	8	500	95	96		3.44444444444
49	9	Re5	D5	327	327	1	8	500	99	96	bâr  	3.5
50	9	Mi5	E5	336	336	1	16	250	99	96		3.52777777778
51	9	Fa5	F5	340	340	1	16	250	99	96		3.55555555556
52	9	Mi5	E5	336	336	1	8	500	99	96		3.61111111111
53	9	Re5	D5	327	327	1	8	500	99	96		3.66666666667
54	9	Do5	C5	318	318	1	4	1000	99	96		3.77777777778
55	9	Re5	D5	327	327	1	2	2000	95	96		4.0
56	9	Es	Es	-1	-1	1	2	2000	100	0		4.22222222222
57	9	Es	Es	-1	-1	1	8	500	100	0		4.27777777778
58	9	La4	A4	305	305	1	4	1000	95	96	Duy	4.38888888889
59	9	Fa5	F5	340	340	1	8	500	95	96	sa 	4.44444444444
60	9	Fa5	F5	340	340	1	2	2000	95	96	ız	4.66666666667
61	9	La5	A5	358	358	1	4	1000	99	96	hâr_	4.77777777778
62	9	Sol5	G5	349	349	1	4	1000	99	96		4.88888888889
63	9	La5	A5	358	358	1	4	1000	95	96		5.0
64	9	Sol5	G5	349	349	1	4	1000	99	96	ı 	5.11111111111
65	9	Fa5	F5	340	340	1	8	500	99	96		5.16666666667
66	9	Sol5	G5	349	349	1	8	500	95	96		5.22222222222
67	9	Fa5	F5	340	340	1	4	1000	99	96	me	5.33333333333
68	9	Mi5	E5	336	336	1	8	500	99	96		5.38888888889
69	9	Fa5	F5	340	340	1	8	500	95	96		5.44444444444
70	9	Mi5	E5	336	336	1	4	1000	99	96	sâr 	5.55555555556
71	9	Re5	D5	327	327	1	8	500	99	96		5.61111111111
72	9	Mi5	E5	336	336	1	8	500	95	96		5.66666666667
73	9	Sol5	G5	349	349	3	16	750	99	96	ey	5.75
74	9	Fa5#3	F5#4	343	344	1	16	250	99	96		5.77777777778
75	9	Mi5b2	E5b1	334	335	1	8	500	99	96		5.83333333333
76	9	Re5	D5	327	327	1	8	500	99	96		5.88888888889
77	9	Do5	C5	318	318	1	8	500	99	96		5.94444444444
78	9	Si4b2	B4b1	312	313	1	8	500	99	96		6.0
79	9	Do5	C5	318	318	1	2	2000	95	96		6.22222222222
80	9	Es	Es	-1	-1	1	8	500	100	0		6.27777777778
81	9	Do5	C5	318	318	1	4	1000	95	96	ler	6.38888888889
82	9	Do5	C5	318	318	1	8	500	95	96	di 	6.44444444444
83	9	Re5	D5	327	327	1	4	1000	99	96	bî	6.55555555556
84	9	Mi5	E5	336	336	1	4	1000	95	96		6.66666666667
85	9	Mi5	E5	336	336	1	8	500	99	96	çâ	6.72222222222
86	9	Fa5	F5	340	340	1	8	500	99	96		6.77777777778
87	9	Mi5	E5	336	336	1	8	500	99	96		6.83333333333
88	9	Re5	D5	327	327	1	8	500	99	96		6.88888888889
89	9	Do5	C5	318	318	3	16	750	99	96		6.97222222222
90	9	Si4	B4	314	314	1	16	250	95	96		7.0
91	9	La4	A4	305	305	1	4	1000	99	96	re 	7.11111111111
92	9	La4	A4	305	305	1	8	500	99	96		7.16666666667
93	9	Si4	B4	314	314	1	8	500	99	96		7.22222222222
94	9	Do5	C5	318	318	1	8	500	99	96		7.27777777778
95	9	Re5	D5	327	327	1	8	500	95	96		7.33333333333
96	9	Do5	C5	318	318	1	8	500	99	96	he	7.38888888889
97	9	Si4	B4	314	314	1	8	500	95	96		7.44444444444
98	9	Si4	B4	314	314	1	8	500	99	96	zâr  	7.5
99	9	La4	A4	305	305	1	8	500	99	96		7.55555555556
100	9	La4	A4	305	305	1	8	500	99	96		7.61111111111
101	9	Sol4#4	G4#4	300	300	1	8	500	99	96		7.66666666667
102	9	La4	A4	305	305	1	2	2000	95	96		7.88888888889
103	9	Es	Es	-1	-1	1	4	1000	100	0		8.0
