Sira	Kod	Nota53	NotaAE	Koma53	KomaAE	Pay	Payda	Ms	LNS	Bas	Soz1	Offset
1	9	Do5	C5	318	318	1	8	476	95	96	Gö	0.125000
2	9	Re5	D5	327	327	1	4	952	95	96	nül 	0.375000
3	9	Re5	D5	327	327	1	8	476	95	96	te	0.500000
4	9	Re5	D5	327	327	1	4	952	95	96	lim 	0.750000
5	9	Do5	C5	318	318	1	4	952	95	96	tit	1.000000
6	9	Mi5	E5	336	336	1	8	476	95	96	re	1.125000
7	9	Re5	D5	327	327	3	8	1429	95	96	miş 	1.500000
8	9	Es	Es	-1	-1	1	8	476	100	0		1.625000
9	9	Do5	C5	318	318	1	8	476	95	96	SAZ	1.750000
10	9	Si4b2	B4b1	312	313	1	8	476	95	96	.	1.875000
11	9	Do5	C5	318	318	1	8	476	95	96	.	2.000000
12	9	Si4b2	B4b1	312	313	1	8	476	95	96	ku	2.125000
13	9	Do5	C5	318	318	1	4	952	95	96	lak 	2.375000
14	9	Do5	C5	318	318	1	8	476	95	96	ve	2.500000
15	9	Do5	C5	318	318	1	4	952	95	96	ren 	2.750000
16	9	Re5	D5	327	327	1	4	952	95	96	var 	3.000000
17	9	Si4b2	B4b1	312	313	1	8	476	95	96	mı 	3.125000
18	9	Do5	C5	318	318	3	8	1429	95	96	ki 	3.500000
19	9	Es	Es	-1	-1	1	8	476	100	0		3.625000
20	9	Do5	C5	318	318	1	8	476	95	96	SAZ	3.750000
21	9	Re5	D5	327	327	1	8	476	95	96	.	3.875000
22	9	Mi5	E5	336	336	1	8	476	95	96	.	4.000000
23	9	Fa5	F5	340	340	1	8	476	95	96	ku	4.125000
24	9	Mi5	E5	336	336	1	4	952	95	96	lak 	4.375000
25	9	Re5	D5	327	327	1	8	476	95	96	ve	4.500000
26	9	La5	A5	358	358	1	8	476	99	96	ren 	4.625000
27	9	Sol5	G5	349	349	1	8	476	95	96		4.750000
28	9	Fa5	F5	340	340	1	16	238	99	96	var 	4.812500
29	9	Mi5	E5	336	336	1	16	238	99	96		4.875000
30	9	Re5	D5	327	327	1	8	476	95	96		5.000000
31	9	Do5	C5	318	318	1	8	476	95	96	mı 	5.125000
32	9	Re5	D5	327	327	1	4	952	95	96	ki  	5.375000
33	9	Re5	D5	327	327	1	16	238	95	96	SAZ	5.437500
34	9	Do5	C5	318	318	1	16	238	95	96	.	5.500000
35	9	Do5	C5	318	318	1	16	238	95	96	.	5.562500
36	9	Si4b2	B4b1	312	313	1	16	238	95	96	.	5.625000
37	9	Si4b2	B4b1	312	313	1	16	238	95	96	.	5.687500
38	9	La4	A4	305	305	1	16	238	95	96	.	5.750000
39	9	La4	A4	305	305	1	4	952	95	96	.	6.000000
40	9	Do5	C5	318	318	1	8	476	95	96	Gö	6.125000
41	9	Re5	D5	327	327	1	4	952	95	96	nül 	6.375000
42	9	Re5	D5	327	327	1	8	476	95	96	te	6.500000
43	9	Re5	D5	327	327	1	4	952	95	96	lim 	6.750000
44	9	Do5	C5	318	318	1	4	952	95	96	tit	7.000000
45	9	Mi5	E5	336	336	1	8	476	95	96	re	7.125000
46	9	Re5	D5	327	327	3	8	1429	95	96	miş 	7.500000
47	9	Es	Es	-1	-1	1	8	476	100	0		7.625000
48	9	Do5	C5	318	318	1	8	476	95	96	SAZ	7.750000
49	9	Si4b2	B4b1	312	313	1	8	476	95	96	.	7.875000
50	9	Do5	C5	318	318	1	8	476	95	96	.	8.000000
51	9	Si4b2	B4b1	312	313	1	8	476	95	96	ku	8.125000
52	9	Do5	C5	318	318	1	4	952	95	96	lak 	8.375000
53	9	Do5	C5	318	318	1	8	476	95	96	ve	8.500000
54	9	Do5	C5	318	318	1	4	952	95	96	ren 	8.750000
55	9	Re5	D5	327	327	1	4	952	95	96	var 	9.000000
56	9	Si4b2	B4b1	312	313	1	8	476	95	96	mı 	9.125000
57	9	Do5	C5	318	318	3	8	1429	95	96	ki 	9.500000
58	9	Es	Es	-1	-1	1	8	476	100	0		9.625000
59	9	Do5	C5	318	318	1	8	476	95	96	SAZ	9.750000
60	9	Re5	D5	327	327	1	8	476	95	96	.	9.875000
61	9	Mi5	E5	336	336	1	8	476	95	96	.	10.000000
62	9	Fa5	F5	340	340	1	8	476	95	96	ku	10.125000
63	9	Mi5	E5	336	336	1	4	952	95	96	lak 	10.375000
64	9	Re5	D5	327	327	1	8	476	95	96	ve	10.500000
65	9	La5	A5	358	358	1	8	476	99	96	ren 	10.625000
66	9	Sol5	G5	349	349	1	8	476	95	96		10.750000
67	9	Fa5	F5	340	340	1	16	238	99	96	var 	10.812500
68	9	Mi5	E5	336	336	1	16	238	99	96		10.875000
69	9	Re5	D5	327	327	1	8	476	95	96		11.000000
70	9	Do5	C5	318	318	1	8	476	95	96	mı 	11.125000
71	9	Re5	D5	327	327	1	4	952	95	96	ki  	11.375000
72	9	Re5	D5	327	327	1	16	238	95	96	SAZ	11.437500
73	9	Do5	C5	318	318	1	16	238	95	96	.	11.500000
74	9	Es	Es	-1	-1	1	16	238	100	0	.	11.562500
75	9	Do5	C5	318	318	1	16	238	95	96	.	11.625000
76	9	Re5	D5	327	327	1	16	238	95	96	.	11.687500
77	9	Mi5	E5	336	336	1	16	238	95	96	.	11.750000
78	9	Fa5	F5	340	340	1	4	952	95	96	.	12.000000
79	9	Mi5	E5	336	336	1	4	952	95	96	Her 	12.250000
80	9	La5	A5	358	358	1	8	476	99	96	çeh	12.375000
81	9	Sol5	G5	349	349	1	8	476	95	96		12.500000
82	9	Fa5	F5	340	340	1	8	476	95	96	re 	12.625000
83	9	Mi5	E5	336	336	1	8	476	95	96	bi	12.750000
84	9	Re5	D5	327	327	1	4	952	50	96	ze 	13.000000
85	9	Mi5	E5	336	336	1	8	476	99	96	bir 	13.125000
86	9	Sol5	G5	349	349	1	8	476	95	96		13.250000
87	9	Fa5	F5	340	340	1	4	952	95	96	dost 	13.500000
88	9	Es	Es	-1	-1	1	8	476	100	0	SAZ	13.625000
89	9	Sol5	G5	349	349	1	8	476	95	96	.	13.750000
90	9	Fa5	F5	340	340	1	8	476	95	96	.	13.875000
91	9	Mi5	E5	336	336	1	8	476	95	96	.	14.000000
92	9	Sol5	G5	349	349	1	4	952	95	96	her 	14.250000
93	9	Fa5	F5	340	340	1	4	952	95	96	sev	14.500000
94	9	Mi5	E5	336	336	1	8	476	95	96	gi	14.625000
95	9	Re5	D5	327	327	1	8	476	95	96	li 	14.750000
96	9	Do5	C5	318	318	1	8	476	99	96	yâr 	14.875000
97	9	Si4b2	B4b1	312	313	1	8	476	95	96		15.000000
98	9	Re5	D5	327	327	1	8	476	95	96	mı 	15.125000
99	9	Do5	C5	318	318	3	8	1429	95	96	ki 	15.500000
100	9	Es	Es	-1	-1	1	8	476	100	0	SAZ	15.625000
101	9	Do5	C5	318	318	1	8	476	95	96	.	15.750000
102	9	Re5	D5	327	327	1	8	476	95	96	.	15.875000
103	9	Mi5	E5	336	336	1	8	476	95	96	.	16.000000
104	9	Fa5	F5	340	340	1	4	952	95	96	her 	16.250000
105	9	Mi5	E5	336	336	1	4	952	95	96	sev	16.500000
106	9	Re5	D5	327	327	1	8	476	95	96	gi	16.625000
107	9	Do5	C5	318	318	1	8	476	95	96	li 	16.750000
108	9	Si4b2	B4b1	312	313	1	8	476	99	96	yâr 	16.875000
109	9	Do5	C5	318	318	1	8	476	95	96		17.000000
110	9	Si4b2	B4b1	312	313	1	8	476	95	96	mı 	17.125000
111	9	La4	A4	305	305	1	4	952	95	96	ki  	17.375000
112	9	Re5	D5	327	327	1	16	238	95	96	SAZ	17.437500
113	9	Do5	C5	318	318	1	16	238	95	96	.	17.500000
114	9	Es	Es	-1	-1	1	16	238	100	0	.	17.562500
115	9	Do5	C5	318	318	1	16	238	95	96	.	17.625000
116	9	Re5	D5	327	327	1	16	238	95	96	.	17.687500
117	9	Mi5	E5	336	336	1	16	238	95	96	.	17.750000
118	9	Fa5	F5	340	340	1	4	952	95	96	.	18.000000
119	9	Mi5	E5	336	336	1	4	952	95	96	Her 	18.250000
120	9	La5	A5	358	358	1	8	476	99	96	çeh	18.375000
121	9	Sol5	G5	349	349	1	8	476	95	96		18.500000
122	9	Fa5	F5	340	340	1	8	476	95	96	re 	18.625000
123	9	Mi5	E5	336	336	1	8	476	95	96	bi	18.750000
124	9	Re5	D5	327	327	1	4	952	50	96	ze 	19.000000
125	9	Mi5	E5	336	336	1	8	476	99	96	bir 	19.125000
126	9	Sol5	G5	349	349	1	8	476	95	96		19.250000
127	9	Fa5	F5	340	340	1	4	952	95	96	dost 	19.500000
128	9	Es	Es	-1	-1	1	8	476	100	0	SAZ	19.625000
129	9	Sol5	G5	349	349	1	8	476	95	96	.	19.750000
130	9	Fa5	F5	340	340	1	8	476	95	96	.	19.875000
131	9	Mi5	E5	336	336	1	8	476	95	96	.	20.000000
132	9	Sol5	G5	349	349	1	4	952	95	96	her 	20.250000
133	9	Fa5	F5	340	340	1	4	952	95	96	sev	20.500000
134	9	Mi5	E5	336	336	1	8	476	95	96	gi	20.625000
135	9	Re5	D5	327	327	1	8	476	95	96	li 	20.750000
136	9	Do5	C5	318	318	1	8	476	99	96	yâr 	20.875000
137	9	Si4b2	B4b1	312	313	1	8	476	95	96		21.000000
138	9	Re5	D5	327	327	1	8	476	95	96	mı 	21.125000
139	9	Do5	C5	318	318	3	8	1429	95	96	ki 	21.500000
140	9	Es	Es	-1	-1	1	8	476	100	0	SAZ	21.625000
141	9	Do5	C5	318	318	1	8	476	95	96	.	21.750000
142	9	Re5	D5	327	327	1	8	476	95	96	.	21.875000
143	9	Mi5	E5	336	336	1	8	476	95	96	.	22.000000
144	9	Fa5	F5	340	340	1	4	952	95	96	her 	22.250000
145	9	Mi5	E5	336	336	1	4	952	95	96	sev	22.500000
146	9	Re5	D5	327	327	1	8	476	95	96	gi	22.625000
147	9	Do5	C5	318	318	1	8	476	95	96	li 	22.750000
148	9	Si4b2	B4b1	312	313	1	8	476	99	96	yâr 	22.875000
149	9	Do5	C5	318	318	1	8	476	95	96		23.000000
150	9	Si4b2	B4b1	312	313	1	8	476	95	96	mı 	23.125000
151	9	La4	A4	305	305	1	4	952	95	96	ki  	23.375000
152	9	Si4b2	B4b1	312	313	1	16	238	95	96	SAZ	23.437500
153	9	Do5	C5	318	318	1	16	238	95	96	.	23.500000
154	9	Es	Es	-1	-1	1	16	238	100	0	.	23.562500
155	9	Mi5	E5	336	336	1	16	238	95	96	.	23.625000
156	9	Fa5#4	F5#4	344	344	1	16	238	95	96	.	23.687500
157	9	Sol5	G5	349	349	1	16	238	95	96	.	23.750000
158	9	La5	A5	358	358	1	4	952	95	96	.	24.000000
159	9	Sol5	G5	349	349	1	8	476	95	96	Ne	24.125000
160	9	La5	A5	358	358	1	4	952	95	96	dir 	24.375000
161	9	Sol5	G5	349	349	1	8	476	95	96	bu 	24.500000
162	9	Fa5#4	F5#4	344	344	1	8	476	95	96	te	24.625000
163	9	Sol5	G5	349	349	1	8	476	99	96	lâş 	24.750000
164	9	Do6	C6	371	371	1	4	952	95	96		25.000000
165	9	Si5b2	B5b1	365	366	1	8	476	95	96	gö	25.125000
166	9	La5	A5	358	358	3	8	1429	95	96	nül 	25.500000
167	9	Es	Es	-1	-1	1	8	476	100	0		25.625000
168	9	Sol5	G5	349	349	1	8	476	95	96	SAZ	25.750000
169	9	Fa5#4	F5#4	344	344	1	8	476	95	96	.	25.875000
170	9	Sol5	G5	349	349	1	8	476	95	96	.	26.000000
171	9	Es	Es	-1	-1	1	8	476	100	0		26.125000
172	9	Sol5	G5	349	349	1	8	476	95	96	va	26.250000
173	9	Fa5#4	F5#4	344	344	1	8	476	95	96	ra	26.375000
174	9	Sol5	G5	349	349	1	8	476	95	96	ca	26.500000
175	9	La5	A5	358	358	1	4	952	95	96	ğın 	26.750000
176	9	Sol5	G5	349	349	1	4	952	95	96	yer 	27.000000
177	9	Fa5#4	F5#4	344	344	1	8	476	95	96	ne	27.125000
178	9	Mi5	E5	336	336	3	8	1429	95	96	dir 	27.500000
179	9	Es	Es	-1	-1	1	8	476	100	0		27.625000
180	9	Mi5	E5	336	336	1	8	476	95	96	SAZ	27.750000
181	9	Fa5#4	F5#4	344	344	1	8	476	95	96	.	27.875000
182	9	La5	A5	358	358	1	8	476	95	96	.	28.000000
183	9	Es	Es	-1	-1	1	8	476	100	0		28.125000
184	9	Sol5	G5	349	349	1	8	476	95	96	va	28.250000
185	9	Fa5#4	F5#4	344	344	1	8	476	95	96	ra	28.375000
186	9	La5	A5	358	358	1	8	476	95	96	ca	28.500000
187	9	Sol5	G5	349	349	1	8	476	99	96	ğın 	28.625000
188	9	Fa5	F5	340	340	1	8	476	95	96		28.750000
189	9	Mi5	E5	336	336	1	8	476	99	96	yer 	28.875000
190	9	Re5	D5	327	327	1	8	476	95	96		29.000000
191	9	Do5	C5	318	318	1	8	476	95	96	ne	29.125000
192	9	Re5	D5	327	327	1	4	952	95	96	dir  	29.375000
193	9	Mi5	E5	336	336	1	16	238	95	96	SAZ	29.437500
194	9	Re5	D5	327	327	1	16	238	95	96	.	29.500000
195	9	Es	Es	-1	-1	1	16	238	100	0	.	29.562500
196	9	Mi5	E5	336	336	1	16	238	95	96	.	29.625000
197	9	Fa5#4	F5#4	344	344	1	16	238	95	96	.	29.687500
198	9	Sol5	G5	349	349	1	16	238	95	96	.	29.750000
199	9	La5	A5	358	358	1	4	952	95	96	.	30.000000
200	9	Sol5	G5	349	349	1	8	476	95	96	Ne	30.125000
201	9	La5	A5	358	358	1	4	952	95	96	dir 	30.375000
202	9	Sol5	G5	349	349	1	8	476	95	96	bu 	30.500000
203	9	Fa5#4	F5#4	344	344	1	8	476	95	96	te	30.625000
204	9	Sol5	G5	349	349	1	8	476	99	96	lâş 	30.750000
205	9	Do6	C6	371	371	1	4	952	95	96		31.000000
206	9	Si5b2	B5b1	365	366	1	8	476	95	96	gö	31.125000
207	9	La5	A5	358	358	3	8	1429	95	96	nül 	31.500000
208	9	Es	Es	-1	-1	1	8	476	100	0		31.625000
209	9	Sol5	G5	349	349	1	8	476	95	96	SAZ	31.750000
210	9	Fa5#4	F5#4	344	344	1	8	476	95	96	.	31.875000
211	9	Sol5	G5	349	349	1	8	476	95	96	.	32.000000
212	9	Es	Es	-1	-1	1	8	476	100	0		32.125000
213	9	Sol5	G5	349	349	1	8	476	95	96	va	32.250000
214	9	Fa5#4	F5#4	344	344	1	8	476	95	96	ra	32.375000
215	9	Sol5	G5	349	349	1	8	476	95	96	ca	32.500000
216	9	La5	A5	358	358	1	4	952	95	96	ğın 	32.750000
217	9	Sol5	G5	349	349	1	4	952	95	96	yer 	33.000000
218	9	Fa5#4	F5#4	344	344	1	8	476	95	96	ne	33.125000
219	9	Mi5	E5	336	336	3	8	1429	95	96	dir 	33.500000
220	9	Es	Es	-1	-1	1	8	476	100	0		33.625000
221	9	Mi5	E5	336	336	1	8	476	95	96	SAZ	33.750000
222	9	Fa5#4	F5#4	344	344	1	8	476	95	96	.	33.875000
223	9	La5	A5	358	358	1	8	476	95	96	.	34.000000
224	9	Es	Es	-1	-1	1	8	476	100	0		34.125000
225	9	Sol5	G5	349	349	1	8	476	95	96	va	34.250000
226	9	Fa5#4	F5#4	344	344	1	8	476	95	96	ra	34.375000
227	9	La5	A5	358	358	1	8	476	95	96	ca	34.500000
228	9	Sol5	G5	349	349	1	8	476	99	96	ğın 	34.625000
229	9	Fa5	F5	340	340	1	8	476	95	96		34.750000
230	9	Mi5	E5	336	336	1	8	476	99	96	yer 	34.875000
231	9	Re5	D5	327	327	1	8	476	95	96		35.000000
232	9	Do5	C5	318	318	1	8	476	95	96	ne	35.125000
233	9	Re5	D5	327	327	1	4	952	95	96	dir  	35.375000
234	9	Re5	D5	327	327	1	16	238	95	96	SAZ	35.437500
235	9	Do5	C5	318	318	1	16	238	95	96	.	35.500000
236	9	Es	Es	-1	-1	1	16	238	100	0	.	35.562500
237	9	Do5	C5	318	318	1	16	238	95	96	.	35.625000
238	9	Re5	D5	327	327	1	16	238	95	96	.	35.687500
239	9	Mi5	E5	336	336	1	16	238	95	96	.	35.750000
240	9	Fa5	F5	340	340	1	4	952	95	96	.	36.000000
241	9	Es	Es	-1	-1	1	8	476	100	0		36.125000
242	9	Mi5	E5	336	336	1	4	952	95	96	San	36.375000
243	9	La5	A5	358	358	1	8	476	95	96	ki 	36.500000
244	9	Sol5	G5	349	349	1	8	476	99	96	ah	36.625000
245	9	Fa5	F5	340	340	1	8	476	95	96		36.750000
246	9	Mi5	E5	336	336	1	8	476	99	96	ret 	36.875000
247	9	Re5	D5	327	327	1	8	476	95	96		37.000000
248	9	Es	Es	-1	-1	1	8	476	100	0		37.125000
249	9	Mi5	E5	336	336	1	4	952	95	96	pek 	37.375000
250	9	Sol5	G5	349	349	1	8	476	95	96	ge	37.500000
251	9	Fa5	F5	340	340	1	4	952	99	96	niş 	37.750000
252	9	Fa5	F5	340	340	1	4	952	95	96		38.000000
253	9	Sol5	G5	349	349	1	4	952	95	96	dün	38.250000
254	9	Fa5	F5	340	340	1	4	952	95	96	ya 	38.500000
255	9	Mi5	E5	336	336	1	8	476	95	96	sa	38.625000
256	9	Re5	D5	327	327	1	8	476	95	96	na 	38.750000
257	9	Do5	C5	318	318	1	8	476	99	96	dar 	38.875000
258	9	Si4b2	B4b1	312	313	1	8	476	95	96		39.000000
259	9	Re5	D5	327	327	1	8	476	95	96	mı 	39.125000
260	9	Do5	C5	318	318	3	8	1429	95	96	ki 	39.500000
261	9	Es	Es	-1	-1	1	8	476	100	0		39.625000
262	9	Do5	C5	318	318	1	8	476	95	96	SAZ	39.750000
263	9	Re5	D5	327	327	1	8	476	95	96	.	39.875000
264	9	Mi5	E5	336	336	1	8	476	95	96	.	40.000000
265	9	Fa5	F5	340	340	1	4	952	95	96	dün	40.250000
266	9	Mi5	E5	336	336	1	4	952	95	96	ya 	40.500000
267	9	Re5	D5	327	327	1	8	476	95	96	sa	40.625000
268	9	Do5	C5	318	318	1	8	476	95	96	na 	40.750000
269	9	Si4b2	B4b1	312	313	1	8	476	99	96	dar 	40.875000
270	9	Do5	C5	318	318	1	8	476	95	96		41.000000
271	9	Si4b2	B4b1	312	313	1	8	476	95	96	mı 	41.125000
272	9	La4	A4	305	305	1	4	952	95	96	ki  	41.375000
273	9	Re5	D5	327	327	1	16	238	95	96	SAZ	41.437500
274	9	Do5	C5	318	318	1	16	238	95	96	.	41.500000
275	9	Es	Es	-1	-1	1	16	238	100	0	.	41.562500
276	9	Do5	C5	318	318	1	16	238	95	96	.	41.625000
277	9	Re5	D5	327	327	1	16	238	95	96	.	41.687500
278	9	Mi5	E5	336	336	1	16	238	95	96	.	41.750000
279	9	Fa5	F5	340	340	1	4	952	95	96	.	42.000000
280	9	Es	Es	-1	-1	1	8	476	100	0		42.125000
281	9	Mi5	E5	336	336	1	4	952	95	96	San	42.375000
282	9	La5	A5	358	358	1	8	476	95	96	ki 	42.500000
283	9	Sol5	G5	349	349	1	8	476	99	96	ah	42.625000
284	9	Fa5	F5	340	340	1	8	476	95	96		42.750000
285	9	Mi5	E5	336	336	1	8	476	99	96	ret 	42.875000
286	9	Re5	D5	327	327	1	8	476	95	96		43.000000
287	9	Es	Es	-1	-1	1	8	476	100	0		43.125000
288	9	Mi5	E5	336	336	1	4	952	95	96	pek 	43.375000
289	9	Sol5	G5	349	349	1	8	476	95	96	ge	43.500000
290	9	Fa5	F5	340	340	1	4	952	99	96	niş 	43.750000
291	9	Fa5	F5	340	340	1	4	952	95	96		44.000000
292	9	Sol5	G5	349	349	1	4	952	95	96	dün	44.250000
293	9	Fa5	F5	340	340	1	4	952	95	96	ya 	44.500000
294	9	Mi5	E5	336	336	1	8	476	95	96	sa	44.625000
295	9	Re5	D5	327	327	1	8	476	95	96	na 	44.750000
296	9	Do5	C5	318	318	1	8	476	99	96	dar 	44.875000
297	9	Si4b2	B4b1	312	313	1	8	476	95	96		45.000000
298	9	Re5	D5	327	327	1	8	476	95	96	mı 	45.125000
299	9	Do5	C5	318	318	3	8	1429	95	96	ki 	45.500000
300	9	Es	Es	-1	-1	1	8	476	100	0		45.625000
301	9	Do5	C5	318	318	1	8	476	95	96	SAZ	45.750000
302	9	Re5	D5	327	327	1	8	476	95	96	.	45.875000
303	9	Mi5	E5	336	336	1	8	476	95	96	.	46.000000
304	9	Fa5	F5	340	340	1	4	952	95	96	dün	46.250000
305	9	Mi5	E5	336	336	1	4	952	95	96	ya 	46.500000
306	9	Re5	D5	327	327	1	8	476	95	96	sa	46.625000
307	9	Do5	C5	318	318	1	8	476	95	96	na 	46.750000
308	9	Si4b2	B4b1	312	313	1	8	476	99	96	dar 	46.875000
309	9	Do5	C5	318	318	1	8	476	95	96		47.000000
310	9	Si4b2	B4b1	312	313	1	8	476	95	96	mı 	47.125000
311	9	La4	A4	305	305	1	4	952	95	96	ki  	47.375000
312	9	Re5	D5	327	327	1	16	238	95	96	SAZ	47.437500
313	9	Do5	C5	318	318	1	16	238	95	96	.	47.500000
314	9	Do5	C5	318	318	1	16	238	95	96	.	47.562500
315	9	Si4b2	B4b1	312	313	1	16	238	95	96	.	47.625000
316	9	Si4b2	B4b1	312	313	1	16	238	95	96	.	47.687500
317	9	La4	A4	305	305	1	16	238	95	96	.	47.750000
318	9	La4	A4	305	305	1	4	952	95	96	.	48.000000
