Sira	Kod	Nota53	NotaAE	Koma53	KomaAE	Pay	Payda	Ms	LNS	Bas	Soz1	Offset
1	51			0	0	10	8	0	28	0	Curcuna	0.0
2	9	Mi5	E5	336	336	1	8	312	95	96	ARANAĞME	0.1
3	9	Fa5	F5	340	340	1	8	312	95	96	.	0.2
4	9	Sol5	G5	349	349	1	8	312	95	96	.	0.3
5	9	La5	A5	358	358	1	8	312	95	96	.	0.4
6	9	Sol5	G5	349	349	1	8	312	95	96	.	0.5
7	9	Fa5	F5	340	340	1	8	312	95	96	.	0.6
8	9	Mi5	E5	336	336	1	8	312	95	96	.	0.7
9	9	Fa5	F5	340	340	1	4	625	95	96	.	0.9
10	9	Es	Es	-1	-1	1	8	312	100	0	.	1.0
11	9	Mi5	E5	336	336	1	8	312	95	96	.	1.1
12	9	Fa5	F5	340	340	1	8	312	95	96	.	1.2
13	9	Sol5	G5	349	349	1	8	312	95	96	.	1.3
14	9	La5	A5	358	358	1	4	625	95	96	.	1.5
15	9	Sol5	G5	349	349	1	8	312	95	96	.	1.6
16	9	Fa5	F5	340	340	1	8	312	95	96	.	1.7
17	9	Mi5	E5	336	336	1	4	625	95	96	.	1.9
18	9	Re5	D5	327	327	1	8	312	95	96	.	2.0
19	9	Re5	D5	327	327	1	8	312	95	96	.	2.1
20	9	Do5	C5	318	318	1	8	312	95	96	.	2.2
21	9	Re5	D5	327	327	1	8	312	95	96	.	2.3
22	9	Mi5	E5	336	336	1	8	312	95	96	.	2.4
23	9	Fa5	F5	340	340	1	8	312	95	96	.	2.5
24	9	Mi5	E5	336	336	1	8	312	95	96	.	2.6
25	9	Re5	D5	327	327	1	8	312	95	96	.	2.7
26	9	Do5	C5	318	318	1	8	312	95	96	.	2.8
27	9	Si4b2	B4b1	312	313	1	8	312	95	96	.	2.9
28	9	La4	A4	305	305	1	8	312	95	96	.	3.0
29	9	La4	A4	305	305	1	8	312	95	96	.	3.1
30	9	Sol4	G4	296	296	1	8	312	95	96	.	3.2
31	9	La4	A4	305	305	1	8	312	95	96	.	3.3
32	9	Si4b2	B4b1	312	313	1	8	312	95	96	.	3.4
33	9	Do5	C5	318	318	1	8	312	95	96	.	3.5
34	9	Re5	D5	327	327	1	8	312	95	96	.	3.6
35	9	Mi5	E5	336	336	1	8	312	95	96	.	3.7
36	9	Fa5#3	F5#4	343	344	1	8	312	95	96	.	3.8
37	9	Sol5	G5	349	349	1	8	312	95	96	.	3.9
38	9	La5	A5	358	358	1	8	312	95	96	.	4.0
39	9	La5	A5	358	358	1	4	625	95	96	.	4.2
40	9	Do6	C6	371	371	1	8	312	95	96	.	4.3
41	9	Si5b2	B5b1	365	366	1	8	312	95	96	.	4.4
42	9	La5	A5	358	358	1	8	312	95	96	.	4.5
43	9	Sol5	G5	349	349	1	8	312	95	96	.	4.6
44	9	Fa5	F5	340	340	1	8	312	95	96	.	4.7
45	9	Mi5	E5	336	336	1	8	312	95	96	.	4.8
46	9	Re5	D5	327	327	1	8	312	95	96	.	4.9
47	9	Do5	C5	318	318	1	8	312	95	96	.	5.0
48	9	Do5	C5	318	318	1	8	312	95	96	.	5.1
49	9	Si4b2	B4b1	312	313	1	8	312	95	96	.	5.2
50	9	Re5	D5	327	327	1	8	312	95	96	.	5.3
51	9	Do5	C5	318	318	1	8	312	95	96	.	5.4
52	9	Si4b2	B4b1	312	313	1	8	312	95	96	.	5.5
53	9	Si4b2	B4b1	312	313	1	8	312	95	96	.	5.6
54	9	La4	A4	305	305	1	8	312	95	96	.	5.7
55	9	La4	A4	305	305	1	4	625	95	96	.	5.9
56	9	Es	Es	-1	-1	1	8	312	100	0		6.0
57	9	Mi5	E5	336	336	1	8	312	95	96	ARANAĞME	6.1
58	9	Fa5	F5	340	340	1	8	312	95	96	.	6.2
59	9	Sol5	G5	349	349	1	8	312	95	96	.	6.3
60	9	La5	A5	358	358	1	8	312	95	96	.	6.4
61	9	Sol5	G5	349	349	1	8	312	95	96	.	6.5
62	9	Fa5	F5	340	340	1	8	312	95	96	.	6.6
63	9	Mi5	E5	336	336	1	8	312	95	96	.	6.7
64	9	Fa5	F5	340	340	1	4	625	95	96	.	6.9
65	9	Es	Es	-1	-1	1	8	312	100	0	.	7.0
66	9	Mi5	E5	336	336	1	8	312	95	96	.	7.1
67	9	Fa5	F5	340	340	1	8	312	95	96	.	7.2
68	9	Sol5	G5	349	349	1	8	312	95	96	.	7.3
69	9	La5	A5	358	358	1	4	625	95	96	.	7.5
70	9	Sol5	G5	349	349	1	8	312	95	96	.	7.6
71	9	Fa5	F5	340	340	1	8	312	95	96	.	7.7
72	9	Mi5	E5	336	336	1	4	625	95	96	.	7.9
73	9	Re5	D5	327	327	1	8	312	95	96	.	8.0
74	9	Re5	D5	327	327	1	8	312	95	96	.	8.1
75	9	Do5	C5	318	318	1	8	312	95	96	.	8.2
76	9	Re5	D5	327	327	1	8	312	95	96	.	8.3
77	9	Mi5	E5	336	336	1	8	312	95	96	.	8.4
78	9	Fa5	F5	340	340	1	8	312	95	96	.	8.5
79	9	Mi5	E5	336	336	1	8	312	95	96	.	8.6
80	9	Re5	D5	327	327	1	8	312	95	96	.	8.7
81	9	Do5	C5	318	318	1	8	312	95	96	.	8.8
82	9	Si4b2	B4b1	312	313	1	8	312	95	96	.	8.9
83	9	La4	A4	305	305	1	8	312	95	96	.	9.0
84	9	La4	A4	305	305	1	8	312	95	96	.	9.1
85	9	Sol4	G4	296	296	1	8	312	95	96	.	9.2
86	9	La4	A4	305	305	1	8	312	95	96	.	9.3
87	9	Si4b2	B4b1	312	313	1	8	312	95	96	.	9.4
88	9	Do5	C5	318	318	1	8	312	95	96	.	9.5
89	9	Re5	D5	327	327	1	8	312	95	96	.	9.6
90	9	Mi5	E5	336	336	1	8	312	95	96	.	9.7
91	9	Fa5#3	F5#4	343	344	1	8	312	95	96	.	9.8
92	9	Sol5	G5	349	349	1	8	312	95	96	.	9.9
93	9	La5	A5	358	358	1	8	312	95	96	.	10.0
94	9	La5	A5	358	358	1	4	625	95	96	.	10.2
95	9	Do6	C6	371	371	1	8	312	95	96	.	10.3
96	9	Si5b2	B5b1	365	366	1	8	312	95	96	.	10.4
97	9	La5	A5	358	358	1	8	312	95	96	.	10.5
98	9	Sol5	G5	349	349	1	8	312	95	96	.	10.6
99	9	Fa5	F5	340	340	1	8	312	95	96	.	10.7
100	9	Mi5	E5	336	336	1	8	312	95	96	.	10.8
101	9	Re5	D5	327	327	1	8	312	95	96	.	10.9
102	9	Do5	C5	318	318	1	8	312	95	96	.	11.0
103	9	Do5	C5	318	318	1	8	312	95	96	.	11.1
104	9	Si4b2	B4b1	312	313	1	8	312	95	96	.	11.2
105	9	Re5	D5	327	327	1	8	312	95	96	.	11.3
106	9	Do5	C5	318	318	1	8	312	95	96	.	11.4
107	9	Si4b2	B4b1	312	313	1	8	312	95	96	.	11.5
108	9	Si4b2	B4b1	312	313	1	8	312	95	96	.	11.6
109	9	La4	A4	305	305	1	8	312	95	96	.	11.7
110	9	La4	A4	305	305	1	4	625	95	96	.	11.9
111	9	Es	Es	-1	-1	1	8	312	100	0		12.0
