Sira	Kod	Nota53	NotaAE	Koma53	KomaAE	Pay	Payda	Ms	LNS	Bas	Soz1	Offset
1	51			0	0	10	8	0	30	0	Aksaksemâî	0.0
2	9	La4	A4	305	305	1	4	1111	95	96	Ah 	0.2
3	9	Sol4	G4	296	296	1	8	556	95	96	di	0.3
4	9	La4	A4	305	305	3	16	833	99	96	dî 	0.45
5	9	Sol4	G4	296	296	1	16	278	95	96		0.5
6	9	Re5	D5	327	327	1	16	278	99	96	çî 	0.55
7	9	Do5	C5	318	318	1	16	278	99	96		0.6
8	9	Si4b2	B4b1	312	313	1	16	278	99	96		0.65
9	9	Do5	C5	318	318	1	16	278	95	96		0.7
10	9	Re5	D5	327	327	1	4	1111	95	96	ker	0.9
11	9	Es	Es	-1	-1	1	8	556	100	0		1.0
12	9	Mi5	E5	336	336	3	16	833	99	96	di 	1.15
13	9	Re5	D5	327	327	1	16	278	99	96		1.2
14	8	Mi5	E5	336	336	0	0	0	95	96		1.2
15	9	Re5	D5	327	327	1	16	278	99	96	yar 	1.25
16	9	Do5	C5	318	318	1	16	278	99	96		1.3
17	9	Do5	C5	318	318	3	16	833	99	96		1.45
18	9	Si4b2	B4b1	312	313	1	16	278	95	96		1.5
19	9	Re5	D5	327	327	3	16	833	99	96	çî 	1.65
20	9	Mi5	E5	336	336	1	16	278	95	96		1.7
21	9	Re5	D5	327	327	1	16	278	99	96	ker	1.75
22	9	Do5	C5	318	318	1	16	278	99	96		1.8
23	9	Do5	C5	318	318	3	16	833	99	96		1.95
24	9	Si4b2	B4b1	312	313	1	16	278	95	96		2.0
25	9	Do5	C5	318	318	1	16	278	99	96	di 	2.05
26	9	Si4b2	B4b1	312	313	1	16	278	99	96		2.1
27	9	Do5	C5	318	318	1	16	278	99	96		2.15
28	9	Re5	D5	327	327	1	16	278	99	96		2.2
29	9	Do5	C5	318	318	1	8	556	50	96		2.3
30	9	Do5	C5	318	318	1	16	278	99	96	di 	2.35
31	9	Si4b2	B4b1	312	313	1	16	278	99	96		2.4
32	9	Do5	C5	318	318	1	16	278	99	96		2.45
33	9	Re5	D5	327	327	1	16	278	99	96		2.5
34	9	Do5	C5	318	318	1	8	556	99	96		2.6
35	9	Si4b2	B4b1	312	313	1	8	556	99	96		2.7
36	8	Fa5	F5	340	340	0	0	0	95	96		2.7
37	9	Mi5	E5	336	336	1	8	556	99	96	yar  	2.8
38	9	Re5	D5	327	327	1	8	556	99	96		2.9
39	9	Do5	C5	318	318	1	16	278	99	96		2.95
40	9	Si4b2	B4b1	312	313	1	16	278	95	96		3.0
41	9	La4	A4	305	305	1	4	1111	95	96	Ah 	3.2
42	9	Sol4	G4	296	296	1	8	556	95	96	di	3.3
43	9	La4	A4	305	305	3	16	833	99	96	dî 	3.45
44	9	Sol4	G4	296	296	1	16	278	95	96		3.5
45	9	Re5	D5	327	327	1	16	278	99	96	çî 	3.55
46	9	Do5	C5	318	318	1	16	278	99	96		3.6
47	9	Si4b2	B4b1	312	313	1	16	278	99	96		3.65
48	9	Do5	C5	318	318	1	16	278	95	96		3.7
49	9	Re5	D5	327	327	1	4	1111	95	96	ker	3.9
50	9	Es	Es	-1	-1	1	8	556	100	0		4.0
51	9	Mi5	E5	336	336	3	16	833	99	96	di 	4.15
52	9	Re5	D5	327	327	1	16	278	99	96		4.2
53	8	Mi5	E5	336	336	0	0	0	95	96		4.2
54	9	Re5	D5	327	327	1	16	278	99	96	yar 	4.25
55	9	Do5	C5	318	318	1	16	278	99	96		4.3
56	9	Do5	C5	318	318	3	16	833	99	96		4.45
57	9	Si4b2	B4b1	312	313	1	16	278	95	96		4.5
58	9	Re5	D5	327	327	3	16	833	99	96	çî 	4.65
59	9	Mi5	E5	336	336	1	16	278	95	96		4.7
60	9	Re5	D5	327	327	1	16	278	99	96	ker	4.75
61	9	Do5	C5	318	318	1	16	278	99	96		4.8
62	9	Do5	C5	318	318	3	16	833	99	96		4.95
63	9	Si4b2	B4b1	312	313	1	16	278	95	96		5.0
64	9	Do5	C5	318	318	1	16	278	99	96	di 	5.05
65	9	Si4b2	B4b1	312	313	1	16	278	99	96		5.1
66	9	Do5	C5	318	318	1	16	278	99	96		5.15
67	9	Re5	D5	327	327	1	16	278	99	96		5.2
68	9	Do5	C5	318	318	1	8	556	50	96		5.3
69	9	Do5	C5	318	318	1	16	278	99	96	di  	5.35
70	9	Si4b2	B4b1	312	313	1	16	278	99	96		5.4
71	9	Do5	C5	318	318	1	16	278	99	96		5.45
72	9	Re5	D5	327	327	1	16	278	99	96		5.5
73	9	Do5	C5	318	318	1	8	556	99	96		5.6
74	9	Si4b2	B4b1	312	313	1	8	556	95	96		5.7
75	9	Re5	D5	327	327	1	16	278	99	96	Kâ	5.75
76	9	Do5	C5	318	318	1	16	278	99	96		5.8
77	9	Si4b2	B4b1	312	313	1	8	556	99	96		5.9
78	9	Do5	C5	318	318	1	8	556	95	96		6.0
79	9	Re5	D5	327	327	1	4	1111	95	96	fer 	6.2
80	9	Re5	D5	327	327	1	8	556	95	96	ne 	6.3
81	9	Sol5	G5	349	349	1	8	556	99	96	kü	6.4
82	9	Fa5	F5	340	340	1	4	1111	99	96		6.6
83	9	Mi5	E5	336	336	1	8	556	95	96		6.7
84	9	Mi5	E5	336	336	1	4	1111	99	96	ned_	6.9
85	9	Re5	D5	327	327	1	8	556	95	96		7.0
86	9	Mi5	E5	336	336	3	16	833	99	96	an 	7.15
87	9	Re5	D5	327	327	1	16	278	99	96		7.2
88	9	Do5	C5	318	318	1	16	278	99	96		7.25
89	9	Si4b2	B4b1	312	313	1	16	278	95	96		7.3
90	9	Do5	C5	318	318	1	16	278	99	96	çî 	7.35
91	9	Si4b2	B4b1	312	313	1	16	278	99	96		7.4
92	9	Do5	C5	318	318	1	16	278	99	96		7.45
93	9	Mi5	E5	336	336	1	16	278	99	96		7.5
94	9	Re5	D5	327	327	1	8	556	95	96		7.6
95	9	Do5	C5	318	318	1	16	278	99	96	tü 	7.65
96	9	Si4b2	B4b1	312	313	1	16	278	95	96		7.7
97	9	Do5	C5	318	318	1	16	278	99	96	ker	7.75
98	9	Si4b2	B4b1	312	313	1	16	278	99	96		7.8
99	9	La4	A4	305	305	1	4	1111	95	96		8.0
100	9	La4	A4	305	305	3	8	1667	95	96	di  	8.3
101	9	Es	Es	-1	-1	1	4	1111	100	0		8.5
102	9	La4	A4	305	305	1	4	1111	100	96	Dad_	8.7
103	8	La5	A5	358	358	0	0	0	95	96		8.7
104	9	Sol5	G5	349	349	1	8	556	99	96	ey 	8.8
105	9	Fa5	F5	340	340	1	8	556	99	96		8.9
106	9	Mi5	E5	336	336	1	8	556	95	96		9.0
107	9	Re5	D5	327	327	1	4	1111	99	96	yar 	9.2
108	9	Mi5	E5	336	336	1	8	556	95	96		9.3
109	9	Do5	C5	318	318	1	4	1111	95	96	ce	9.5
110	9	Do5	C5	318	318	1	4	1111	95	96	nan_	9.7
111	9	Sol5	G5	349	349	1	8	556	99	96	ey 	9.8
112	9	Fa5	F5	340	340	1	8	556	99	96		9.9
113	9	Mi5	E5	336	336	1	8	556	95	96		10.0
114	9	Re5	D5	327	327	1	2	2222	95	96	dost 	10.4
115	9	Es	Es	-1	-1	1	8	556	100	0		10.5
116	9	Mi5	E5	336	336	3	16	833	99	96	gam	10.65
117	9	Re5	D5	327	327	1	16	278	95	96		10.7
118	9	Re5	D5	327	327	1	8	556	99	96	na	10.8
119	9	Do5	C5	318	318	1	8	556	99	96		10.9
120	9	Si4b2	B4b1	312	313	1	8	556	95	96		11.0
121	9	Do5	C5	318	318	1	4	1111	99	96	kem 	11.2
122	9	Si4b2	B4b1	312	313	1	16	278	99	96		11.25
123	9	Re5	D5	327	327	1	16	278	99	96		11.3
124	9	Do5	C5	318	318	1	8	556	95	96		11.4
125	9	Es	Es	-1	-1	1	8	556	100	0		11.5
126	9	Re5	D5	327	327	1	8	556	99	96	gam	11.6
127	9	Mi5	E5	336	336	1	8	556	95	96		11.7
128	9	Sol5	G5	349	349	1	8	556	99	96	na	11.8
129	9	Fa5	F5	340	340	1	8	556	99	96		11.9
130	9	Mi5	E5	336	336	1	8	556	95	96		12.0
131	9	Mi5	E5	336	336	3	16	833	99	96	kem 	12.15
132	9	Re5	D5	327	327	1	16	278	99	96		12.2
133	9	Do5	C5	318	318	1	16	278	99	96		12.25
134	9	Si4b2	B4b1	312	313	1	16	278	95	96		12.3
135	9	Do5	C5	318	318	3	16	833	99	96	si	12.45
136	9	Mi5	E5	336	336	1	16	278	99	96		12.5
137	9	Re5	D5	327	327	1	8	556	95	96		12.6
138	9	Do5	C5	318	318	1	16	278	99	96	ne 	12.65
139	9	Si4b2	B4b1	312	313	1	16	278	95	96		12.7
140	9	Do5	C5	318	318	1	16	278	99	96	ça	12.75
141	9	Si4b2	B4b1	312	313	1	16	278	99	96		12.8
142	9	La4	A4	305	305	1	4	1111	95	96		13.0
143	51			0	0	6	4	0	90	0	Yürüksemâî (6/4)	13.0
144	9	La4	A4	305	305	5	4	2778	95	96	kem  	13.8333333333
145	9	Es	Es	-1	-1	1	4	556	100	0		14.0
146	9	Re5	D5	327	327	3	8	833	99	96	Ah 	14.25
147	9	Do5	C5	318	318	1	8	278	95	96		14.3333333333
148	9	Si4b2	B4b1	312	313	1	4	556	95	96	bezm_	14.5
149	9	Do5	C5	318	318	1	4	556	95	96	i 	14.6666666667
150	9	Re5	D5	327	327	1	2	1111	95	96	gam	15.0
151	9	Re5	D5	327	327	1	4	556	95	96	de 	15.1666666667
152	9	Re5	D5	327	327	1	2	1112	95	96	ben 	15.5
153	9	Re5	D5	327	327	1	4	556	95	96	se	15.6666666667
154	9	Re5	D5	327	327	1	2	1111	95	96	bük	16.0
155	9	Mi5	E5	336	336	1	4	556	95	96	bar_	16.1666666667
156	9	Re5	D5	327	327	1	8	278	99	96	ol	16.25
157	9	Do5	C5	318	318	1	8	278	99	96		16.3333333333
158	9	Si4b2	B4b1	312	313	1	4	556	95	96		16.5
159	9	Do5	C5	318	318	1	4	556	95	96	ma	16.6666666667
160	9	Re5	D5	327	327	1	2	1111	95	96	dım  	17.0
161	9	Re5	D5	327	327	3	8	833	99	96	Ah 	17.25
162	9	Do5	C5	318	318	1	8	278	95	96		17.3333333333
163	9	Si4b2	B4b1	312	313	1	4	556	95	96	hem	17.5
164	9	Do5	C5	318	318	1	4	556	95	96	ne	17.6666666667
165	9	Re5	D5	327	327	1	2	1111	95	96	şi	18.0
166	9	Re5	D5	327	327	1	4	556	95	96	ni 	18.1666666667
167	9	Re5	D5	327	327	1	2	1112	95	96	bezm_	18.5
168	9	Re5	D5	327	327	1	4	556	95	96	i 	18.6666666667
169	9	Re5	D5	327	327	1	2	1111	95	96	dil	19.0
170	9	Mi5	E5	336	336	1	8	278	99	96	dar_	19.0833333333
171	9	Fa5	F5	340	340	1	8	278	95	96		19.1666666667
172	9	Mi5	E5	336	336	1	8	278	99	96	ol	19.25
173	9	Re5	D5	327	327	1	8	278	99	96		19.3333333333
174	9	Do5	C5	318	318	1	8	278	99	96		19.4166666667
175	9	Si4b2	B4b1	312	313	1	8	278	95	96		19.5
176	9	Do5	C5	318	318	1	4	556	95	96	ma	19.6666666667
177	9	Re5	D5	327	327	1	2	1111	95	96	dım  	20.0
178	9	Re5	D5	327	327	1	2	1111	95	96	Ah 	20.3333333333
179	9	Sol5	G5	349	349	1	4	556	95	96	bu 	20.5
180	9	Sol5	G5	349	349	1	4	556	95	96	ce	20.6666666667
181	9	Re5	D5	327	327	1	2	1111	95	96	fa	21.0
182	9	Re5	D5	327	327	1	2	1111	95	96	lar 	21.3333333333
183	9	Sol5	G5	349	349	1	4	556	95	96	bu 	21.5
184	9	Sol5	G5	349	349	1	4	556	95	96	si	21.6666666667
185	9	Re5	D5	327	327	1	2	1111	95	96	tem	22.0
186	9	Si4b2	B4b1	312	313	1	4	556	95	96	ler 	22.1666666667
187	9	Re5	D5	327	327	1	2	1112	95	96	ta 	22.5
188	9	Si4b2	B4b1	312	313	1	4	556	95	96	be 	22.6666666667
189	9	Re5	D5	327	327	1	8	278	99	96	key  	22.75
190	9	Do5	C5	318	318	1	8	278	99	96		22.8333333333
191	9	Do5	C5	318	318	1	8	278	99	96		22.9166666667
192	9	Si4b2	B4b1	312	313	1	8	278	95	96		23.0
193	9	Si4b2	B4b1	312	313	1	8	278	99	96	vay  	23.0833333333
194	9	La4	A4	305	305	1	8	278	99	96		23.1666666667
195	9	Si4b2	B4b1	312	313	1	8	278	99	96		23.25
196	9	Do5	C5	318	318	1	8	278	99	96		23.3333333333
197	9	Si4b2	B4b1	312	313	1	8	278	99	96		23.4166666667
198	9	Do5	C5	318	318	1	8	278	99	96		23.5
199	9	Si4b2	B4b1	312	313	1	8	278	99	96		23.5833333333
200	9	La4	A4	305	305	1	8	278	99	96		23.6666666667
201	9	Sol4	G4	296	296	1	2	1111	95	96		24.0
202	9	La4	A4	305	305	1	2	1111	95	96	Ah 	24.3333333333
203	9	Fa4#4	F4#4	291	291	1	4	556	95	96	a	24.5
204	9	Sol4	G4	296	296	1	4	556	95	96	şık_	24.6666666667
205	9	La4	A4	305	305	1	2	1111	99	96	ol	25.0
206	9	Si4b2	B4b1	312	313	1	4	556	95	96		25.1666666667
207	9	Sol4	G4	296	296	1	4	556	95	96	dum	25.3333333333
208	9	Sol4	G4	296	296	1	4	556	95	96	sa 	25.5
209	9	Sol4	G4	296	296	3	4	1667	99	96	gü	26.0
210	9	Do5	C5	318	318	1	2	1111	95	96		26.3333333333
211	9	Si4b2	B4b1	312	313	1	4	556	95	96	kâr_	26.5
212	9	Si4b2	B4b1	312	313	1	8	278	99	96	ol	26.5833333333
213	9	La4	A4	305	305	1	8	278	95	96		26.6666666667
214	9	Sol4	G4	296	296	1	2	1111	95	96	ma	27.0
215	51			0	0	10	8	0	30	0	Aksaksemâî	27.0
216	9	La4	A4	305	305	1	2	2222	95	96	dım  	27.4
217	9	Es	Es	-1	-1	1	8	556	100	0		27.5
218	9	La4	A4	305	305	1	4	1111	95	96	Dad_	27.7
219	9	Sol5	G5	349	349	1	8	556	99	96	ey 	27.8
220	9	Fa5	F5	340	340	1	8	556	99	96		27.9
221	9	Mi5	E5	336	336	1	8	556	95	96		28.0
222	9	Re5	D5	327	327	3	8	1667	95	96	yar 	28.3
223	9	Do5	C5	318	318	1	4	1111	95	96	ce	28.5
224	9	Do5	C5	318	318	1	4	1111	95	96	nan_	28.7
225	9	Sol5	G5	349	349	1	8	556	99	96	ey 	28.8
226	9	Fa5	F5	340	340	1	8	556	99	96		28.9
227	9	Mi5	E5	336	336	1	8	556	95	96		29.0
228	9	Re5	D5	327	327	1	2	2222	95	96	vay 	29.4
229	9	Es	Es	-1	-1	1	8	556	100	0		29.5
230	9	Mi5	E5	336	336	3	16	833	99	96	gam	29.65
231	9	Re5	D5	327	327	1	16	278	95	96		29.7
232	9	Re5	D5	327	327	1	8	556	99	96	na	29.8
233	9	Do5	C5	318	318	1	8	556	99	96		29.9
234	9	Si4b2	B4b1	312	313	1	8	556	95	96		30.0
235	9	Do5	C5	318	318	1	4	1111	99	96	kem 	30.2
236	9	Si4b2	B4b1	312	313	1	16	278	99	96		30.25
237	9	Re5	D5	327	327	1	16	278	99	96		30.3
238	9	Do5	C5	318	318	1	8	556	95	96		30.4
239	9	Es	Es	-1	-1	1	8	556	100	0		30.5
240	9	Re5	D5	327	327	1	8	556	99	96	gam	30.6
241	9	Mi5	E5	336	336	1	8	556	95	96		30.7
242	9	Sol5	G5	349	349	1	8	556	99	96	na	30.8
243	9	Fa5	F5	340	340	1	8	556	99	96		30.9
244	9	Mi5	E5	336	336	1	8	556	95	96		31.0
245	9	Mi5	E5	336	336	3	16	833	99	96	kem 	31.15
246	9	Re5	D5	327	327	1	16	278	99	96		31.2
247	9	Do5	C5	318	318	1	16	278	99	96		31.25
248	9	Si4b2	B4b1	312	313	1	16	278	95	96		31.3
249	9	Do5	C5	318	318	3	16	833	99	96	si	31.45
250	9	Mi5	E5	336	336	1	16	278	99	96		31.5
251	9	Re5	D5	327	327	1	8	556	95	96		31.6
252	9	Do5	C5	318	318	1	16	278	99	96	ne 	31.65
253	9	Si4b2	B4b1	312	313	1	16	278	95	96		31.7
254	9	Do5	C5	318	318	1	16	278	99	96	ça	31.75
255	9	Si4b2	B4b1	312	313	1	16	278	99	96		31.8
256	9	La4	A4	305	305	1	4	1111	95	96		32.0
257	9	La4	A4	305	305	5	8	2778	95	96	kem  	32.5
258	9	Es	Es	-1	-1	5	8	2778	100	0		33.0
259	9	La4	A4	305	305	1	4	1111	95	96	Ah 	33.2
260	9	Sol4	G4	296	296	1	8	556	95	96	di	33.3
261	9	La4	A4	305	305	3	16	833	99	96	dî 	33.45
262	9	Sol4	G4	296	296	1	16	278	95	96		33.5
263	9	Re5	D5	327	327	1	16	278	99	96	çî 	33.55
264	9	Do5	C5	318	318	1	16	278	99	96		33.6
265	9	Si4b2	B4b1	312	313	1	16	278	99	96		33.65
266	9	Do5	C5	318	318	1	16	278	95	96		33.7
267	9	Re5	D5	327	327	1	4	1111	95	96	ker	33.9
268	9	Es	Es	-1	-1	1	8	556	100	0		34.0
269	9	Mi5	E5	336	336	3	16	833	99	96	di 	34.15
270	9	Re5	D5	327	327	1	16	278	99	96		34.2
271	8	Mi5	E5	336	336	0	0	0	95	96		34.2
272	9	Re5	D5	327	327	1	16	278	99	96	yar 	34.25
273	9	Do5	C5	318	318	1	16	278	99	96		34.3
274	9	Do5	C5	318	318	3	16	833	99	96		34.45
275	9	Si4b2	B4b1	312	313	1	16	278	95	96		34.5
276	9	Re5	D5	327	327	3	16	833	99	96	çî 	34.65
277	9	Mi5	E5	336	336	1	16	278	95	96		34.7
278	9	Re5	D5	327	327	1	16	278	99	96	ker	34.75
279	9	Do5	C5	318	318	1	16	278	99	96		34.8
280	9	Do5	C5	318	318	3	16	833	99	96		34.95
281	9	Si4b2	B4b1	312	313	1	16	278	95	96		35.0
282	9	Do5	C5	318	318	1	16	278	99	96	di 	35.05
283	9	Si4b2	B4b1	312	313	1	16	278	99	96		35.1
284	9	Do5	C5	318	318	1	16	278	99	96		35.15
285	9	Re5	D5	327	327	1	16	278	99	96		35.2
286	9	Do5	C5	318	318	1	8	556	50	96		35.3
287	9	Do5	C5	318	318	1	16	278	99	96	di 	35.35
288	9	Si4b2	B4b1	312	313	1	16	278	99	96		35.4
289	9	Do5	C5	318	318	1	16	278	99	96		35.45
290	9	Re5	D5	327	327	1	16	278	99	96		35.5
291	9	Do5	C5	318	318	1	8	556	99	96		35.6
292	9	Si4b2	B4b1	312	313	1	8	556	99	96		35.7
293	8	Fa5	F5	340	340	0	0	0	95	96		35.7
294	9	Mi5	E5	336	336	1	8	556	99	96	yar  	35.8
295	9	Re5	D5	327	327	1	8	556	99	96		35.9
296	9	Do5	C5	318	318	1	16	278	99	96		35.95
297	9	Si4b2	B4b1	312	313	1	16	278	95	96		36.0
298	9	La4	A4	305	305	1	4	1111	95	96	Ah 	36.2
299	9	Sol4	G4	296	296	1	8	556	95	96	di	36.3
300	9	La4	A4	305	305	3	16	833	99	96	dî 	36.45
301	9	Sol4	G4	296	296	1	16	278	95	96		36.5
302	9	Re5	D5	327	327	1	16	278	99	96	çî 	36.55
303	9	Do5	C5	318	318	1	16	278	99	96		36.6
304	9	Si4b2	B4b1	312	313	1	16	278	99	96		36.65
305	9	Do5	C5	318	318	1	16	278	95	96		36.7
306	9	Re5	D5	327	327	1	4	1111	95	96	ker	36.9
307	9	Es	Es	-1	-1	1	8	556	100	0		37.0
308	9	Mi5	E5	336	336	3	16	833	99	96	di 	37.15
309	9	Re5	D5	327	327	1	16	278	99	96		37.2
310	8	Mi5	E5	336	336	0	0	0	95	96		37.2
311	9	Re5	D5	327	327	1	16	278	99	96	yar 	37.25
312	9	Do5	C5	318	318	1	16	278	99	96		37.3
313	9	Do5	C5	318	318	3	16	833	99	96		37.45
314	9	Si4b2	B4b1	312	313	1	16	278	95	96		37.5
315	9	Re5	D5	327	327	3	16	833	99	96	çî 	37.65
316	9	Mi5	E5	336	336	1	16	278	95	96		37.7
317	9	Re5	D5	327	327	1	16	278	99	96	ker	37.75
318	9	Do5	C5	318	318	1	16	278	99	96		37.8
319	9	Do5	C5	318	318	3	16	833	99	96		37.95
320	9	Si4b2	B4b1	312	313	1	16	278	95	96		38.0
321	9	Do5	C5	318	318	1	16	278	99	96	di 	38.05
322	9	Si4b2	B4b1	312	313	1	16	278	99	96		38.1
323	9	Do5	C5	318	318	1	16	278	99	96		38.15
324	9	Re5	D5	327	327	1	16	278	99	96		38.2
325	9	Do5	C5	318	318	1	8	556	50	96		38.3
326	9	Do5	C5	318	318	1	16	278	99	96	di  	38.35
327	9	Si4b2	B4b1	312	313	1	16	278	99	96		38.4
328	9	Do5	C5	318	318	1	16	278	99	96		38.45
329	9	Re5	D5	327	327	1	16	278	99	96		38.5
330	9	Do5	C5	318	318	1	8	556	99	96		38.6
331	9	Si4b2	B4b1	312	313	1	8	556	95	96		38.7
332	9	Re5	D5	327	327	1	16	278	99	96	Kâ	38.75
333	9	Do5	C5	318	318	1	16	278	99	96		38.8
334	9	Si4b2	B4b1	312	313	1	8	556	99	96		38.9
335	9	Do5	C5	318	318	1	8	556	95	96		39.0
336	9	Re5	D5	327	327	1	4	1111	95	96	fer 	39.2
337	9	Re5	D5	327	327	1	8	556	95	96	ne 	39.3
338	9	Sol5	G5	349	349	1	8	556	99	96	kü	39.4
339	9	Fa5	F5	340	340	1	4	1111	99	96		39.6
340	9	Mi5	E5	336	336	1	8	556	95	96		39.7
341	9	Mi5	E5	336	336	1	4	1111	99	96	ned_	39.9
342	9	Re5	D5	327	327	1	8	556	95	96		40.0
343	9	Mi5	E5	336	336	3	16	833	99	96	an 	40.15
344	9	Re5	D5	327	327	1	16	278	99	96		40.2
345	9	Do5	C5	318	318	1	16	278	99	96		40.25
346	9	Si4b2	B4b1	312	313	1	16	278	95	96		40.3
347	9	Do5	C5	318	318	1	16	278	99	96	çî 	40.35
348	9	Si4b2	B4b1	312	313	1	16	278	99	96		40.4
349	9	Do5	C5	318	318	1	16	278	99	96		40.45
350	9	Mi5	E5	336	336	1	16	278	99	96		40.5
351	9	Re5	D5	327	327	1	8	556	95	96		40.6
352	9	Do5	C5	318	318	1	16	278	99	96	tü 	40.65
353	9	Si4b2	B4b1	312	313	1	16	278	95	96		40.7
354	9	Do5	C5	318	318	1	16	278	99	96	ker	40.75
355	9	Si4b2	B4b1	312	313	1	16	278	99	96		40.8
356	9	La4	A4	305	305	1	4	1111	95	96		41.0
357	9	La4	A4	305	305	3	8	1667	95	96	di  	41.3
358	9	Es	Es	-1	-1	1	4	1111	100	0		41.5
359	9	La4	A4	305	305	1	4	1111	100	96	Dad_	41.7
360	8	La5	A5	358	358	0	0	0	95	96		41.7
361	9	Sol5	G5	349	349	1	8	556	99	96	ey 	41.8
362	9	Fa5	F5	340	340	1	8	556	99	96		41.9
363	9	Mi5	E5	336	336	1	8	556	95	96		42.0
364	9	Re5	D5	327	327	1	4	1111	99	96	yar 	42.2
365	9	Mi5	E5	336	336	1	8	556	95	96		42.3
366	9	Do5	C5	318	318	1	4	1111	95	96	ce	42.5
367	9	Do5	C5	318	318	1	4	1111	95	96	nan_	42.7
368	9	Sol5	G5	349	349	1	8	556	99	96	ey 	42.8
369	9	Fa5	F5	340	340	1	8	556	99	96		42.9
370	9	Mi5	E5	336	336	1	8	556	95	96		43.0
371	9	Re5	D5	327	327	1	2	2222	95	96	dost 	43.4
372	9	Es	Es	-1	-1	1	8	556	100	0		43.5
373	9	Mi5	E5	336	336	3	16	833	99	96	gam	43.65
374	9	Re5	D5	327	327	1	16	278	95	96		43.7
375	9	Re5	D5	327	327	1	8	556	99	96	na	43.8
376	9	Do5	C5	318	318	1	8	556	99	96		43.9
377	9	Si4b2	B4b1	312	313	1	8	556	95	96		44.0
378	9	Do5	C5	318	318	1	4	1111	99	96	kem 	44.2
379	9	Si4b2	B4b1	312	313	1	16	278	99	96		44.25
380	9	Re5	D5	327	327	1	16	278	99	96		44.3
381	9	Do5	C5	318	318	1	8	556	95	96		44.4
382	9	Es	Es	-1	-1	1	8	556	100	0		44.5
383	9	Re5	D5	327	327	1	8	556	99	96	gam	44.6
384	9	Mi5	E5	336	336	1	8	556	95	96		44.7
385	9	Sol5	G5	349	349	1	8	556	99	96	na	44.8
386	9	Fa5	F5	340	340	1	8	556	99	96		44.9
387	9	Mi5	E5	336	336	1	8	556	95	96		45.0
388	9	Mi5	E5	336	336	3	16	833	99	96	kem 	45.15
389	9	Re5	D5	327	327	1	16	278	99	96		45.2
390	9	Do5	C5	318	318	1	16	278	99	96		45.25
391	9	Si4b2	B4b1	312	313	1	16	278	95	96		45.3
392	9	Do5	C5	318	318	3	16	833	99	96	si	45.45
393	9	Mi5	E5	336	336	1	16	278	99	96		45.5
394	9	Re5	D5	327	327	1	8	556	95	96		45.6
395	9	Do5	C5	318	318	1	16	278	99	96	ne 	45.65
396	9	Si4b2	B4b1	312	313	1	16	278	95	96		45.7
397	9	Do5	C5	318	318	1	16	278	99	96	ça	45.75
398	9	Si4b2	B4b1	312	313	1	16	278	99	96		45.8
399	9	La4	A4	305	305	1	4	1111	95	96		46.0
400	51			0	0	6	4	0	90	0	Yürüksemâî (6/4)	46.0
401	9	La4	A4	305	305	5	4	2778	95	96	kem  	46.8333333333
402	9	Es	Es	-1	-1	1	4	556	100	0		47.0
403	9	Re5	D5	327	327	3	8	833	99	96	Ah 	47.25
404	9	Do5	C5	318	318	1	8	278	95	96		47.3333333333
405	9	Si4b2	B4b1	312	313	1	4	556	95	96	bezm_	47.5
406	9	Do5	C5	318	318	1	4	556	95	96	i 	47.6666666667
407	9	Re5	D5	327	327	1	2	1111	95	96	gam	48.0
408	9	Re5	D5	327	327	1	4	556	95	96	de 	48.1666666667
409	9	Re5	D5	327	327	1	2	1112	95	96	ben 	48.5
410	9	Re5	D5	327	327	1	4	556	95	96	se	48.6666666667
411	9	Re5	D5	327	327	1	2	1111	95	96	bük	49.0
412	9	Mi5	E5	336	336	1	4	556	95	96	bar_	49.1666666667
413	9	Re5	D5	327	327	1	8	278	99	96	ol	49.25
414	9	Do5	C5	318	318	1	8	278	99	96		49.3333333333
415	9	Si4b2	B4b1	312	313	1	4	556	95	96		49.5
416	9	Do5	C5	318	318	1	4	556	95	96	ma	49.6666666667
417	9	Re5	D5	327	327	1	2	1111	95	96	dım  	50.0
418	9	Re5	D5	327	327	3	8	833	99	96	Ah 	50.25
419	9	Do5	C5	318	318	1	8	278	95	96		50.3333333333
420	9	Si4b2	B4b1	312	313	1	4	556	95	96	hem	50.5
421	9	Do5	C5	318	318	1	4	556	95	96	ne	50.6666666667
422	9	Re5	D5	327	327	1	2	1111	95	96	şi	51.0
423	9	Re5	D5	327	327	1	4	556	95	96	ni 	51.1666666667
424	9	Re5	D5	327	327	1	2	1112	95	96	bezm_	51.5
425	9	Re5	D5	327	327	1	4	556	95	96	i 	51.6666666667
426	9	Re5	D5	327	327	1	2	1111	95	96	dil	52.0
427	9	Mi5	E5	336	336	1	8	278	99	96	dar_	52.0833333333
428	9	Fa5	F5	340	340	1	8	278	95	96		52.1666666667
429	9	Mi5	E5	336	336	1	8	278	99	96	ol	52.25
430	9	Re5	D5	327	327	1	8	278	99	96		52.3333333333
431	9	Do5	C5	318	318	1	8	278	99	96		52.4166666667
432	9	Si4b2	B4b1	312	313	1	8	278	95	96		52.5
433	9	Do5	C5	318	318	1	4	556	95	96	ma	52.6666666667
434	9	Re5	D5	327	327	1	2	1111	95	96	dım  	53.0
435	9	Re5	D5	327	327	1	2	1111	95	96	Ah 	53.3333333333
436	9	Sol5	G5	349	349	1	4	556	95	96	bu 	53.5
437	9	Sol5	G5	349	349	1	4	556	95	96	ce	53.6666666667
438	9	Re5	D5	327	327	1	2	1111	95	96	fa	54.0
439	9	Re5	D5	327	327	1	2	1111	95	96	lar 	54.3333333333
440	9	Sol5	G5	349	349	1	4	556	95	96	bu 	54.5
441	9	Sol5	G5	349	349	1	4	556	95	96	si	54.6666666667
442	9	Re5	D5	327	327	1	2	1111	95	96	tem	55.0
443	9	Si4b2	B4b1	312	313	1	4	556	95	96	ler 	55.1666666667
444	9	Re5	D5	327	327	1	2	1112	95	96	ta 	55.5
445	9	Si4b2	B4b1	312	313	1	4	556	95	96	be 	55.6666666667
446	9	Re5	D5	327	327	1	8	278	99	96	key  	55.75
447	9	Do5	C5	318	318	1	8	278	99	96		55.8333333333
448	9	Do5	C5	318	318	1	8	278	99	96		55.9166666667
449	9	Si4b2	B4b1	312	313	1	8	278	95	96		56.0
450	9	Si4b2	B4b1	312	313	1	8	278	99	96	vay  	56.0833333333
451	9	La4	A4	305	305	1	8	278	99	96		56.1666666667
452	9	Si4b2	B4b1	312	313	1	8	278	99	96		56.25
453	9	Do5	C5	318	318	1	8	278	99	96		56.3333333333
454	9	Si4b2	B4b1	312	313	1	8	278	99	96		56.4166666667
455	9	Do5	C5	318	318	1	8	278	99	96		56.5
456	9	Si4b2	B4b1	312	313	1	8	278	99	96		56.5833333333
457	9	La4	A4	305	305	1	8	278	99	96		56.6666666667
458	9	Sol4	G4	296	296	1	2	1111	95	96		57.0
459	9	La4	A4	305	305	1	2	1111	95	96	Ah 	57.3333333333
460	9	Fa4#4	F4#4	291	291	1	4	556	95	96	a	57.5
461	9	Sol4	G4	296	296	1	4	556	95	96	şık_	57.6666666667
462	9	La4	A4	305	305	1	2	1111	99	96	ol	58.0
463	9	Si4b2	B4b1	312	313	1	4	556	95	96		58.1666666667
464	9	Sol4	G4	296	296	1	4	556	95	96	dum	58.3333333333
465	9	Sol4	G4	296	296	1	4	556	95	96	sa 	58.5
466	9	Sol4	G4	296	296	3	4	1667	99	96	gü	59.0
467	9	Do5	C5	318	318	1	2	1111	95	96		59.3333333333
468	9	Si4b2	B4b1	312	313	1	4	556	95	96	kâr_	59.5
469	9	Si4b2	B4b1	312	313	1	8	278	99	96	ol	59.5833333333
470	9	La4	A4	305	305	1	8	278	95	96		59.6666666667
471	9	Sol4	G4	296	296	1	2	1111	95	96	ma	60.0
472	51			0	0	10	8	0	30	0	Aksaksemâî	60.0
473	9	La4	A4	305	305	1	2	2222	95	96	dım  	60.4
474	9	Es	Es	-1	-1	1	8	556	100	0		60.5
475	9	La4	A4	305	305	1	4	1111	95	96	Dad_	60.7
476	9	Sol5	G5	349	349	1	8	556	99	96	ey 	60.8
477	9	Fa5	F5	340	340	1	8	556	99	96		60.9
478	9	Mi5	E5	336	336	1	8	556	95	96		61.0
479	9	Re5	D5	327	327	3	8	1667	95	96	yar 	61.3
480	9	Do5	C5	318	318	1	4	1111	95	96	ce	61.5
481	9	Do5	C5	318	318	1	4	1111	95	96	nan_	61.7
482	9	Sol5	G5	349	349	1	8	556	99	96	ey 	61.8
483	9	Fa5	F5	340	340	1	8	556	99	96		61.9
484	9	Mi5	E5	336	336	1	8	556	95	96		62.0
485	9	Re5	D5	327	327	1	2	2222	95	96	vay 	62.4
486	9	Es	Es	-1	-1	1	8	556	100	0		62.5
487	9	Mi5	E5	336	336	3	16	833	99	96	gam	62.65
488	9	Re5	D5	327	327	1	16	278	95	96		62.7
489	9	Re5	D5	327	327	1	8	556	99	96	na	62.8
490	9	Do5	C5	318	318	1	8	556	99	96		62.9
491	9	Si4b2	B4b1	312	313	1	8	556	95	96		63.0
492	9	Do5	C5	318	318	1	4	1111	99	96	kem 	63.2
493	9	Si4b2	B4b1	312	313	1	16	278	99	96		63.25
494	9	Re5	D5	327	327	1	16	278	99	96		63.3
495	9	Do5	C5	318	318	1	8	556	95	96		63.4
496	9	Es	Es	-1	-1	1	8	556	100	0		63.5
497	9	Re5	D5	327	327	1	8	556	99	96	gam	63.6
498	9	Mi5	E5	336	336	1	8	556	95	96		63.7
499	9	Sol5	G5	349	349	1	8	556	99	96	na	63.8
500	9	Fa5	F5	340	340	1	8	556	99	96		63.9
501	9	Mi5	E5	336	336	1	8	556	95	96		64.0
502	9	Mi5	E5	336	336	3	16	833	99	96	kem 	64.15
503	9	Re5	D5	327	327	1	16	278	99	96		64.2
504	9	Do5	C5	318	318	1	16	278	99	96		64.25
505	9	Si4b2	B4b1	312	313	1	16	278	95	96		64.3
506	9	Do5	C5	318	318	3	16	833	99	96	si	64.45
507	9	Mi5	E5	336	336	1	16	278	99	96		64.5
508	9	Re5	D5	327	327	1	8	556	95	96		64.6
509	9	Do5	C5	318	318	1	16	278	99	96	ne 	64.65
510	9	Si4b2	B4b1	312	313	1	16	278	95	96		64.7
511	9	Do5	C5	318	318	1	16	278	99	96	ça	64.75
512	9	Si4b2	B4b1	312	313	1	16	278	99	96		64.8
513	9	La4	A4	305	305	1	4	1111	95	96		65.0
514	9	La4	A4	305	305	5	8	2778	95	96	kem  	65.5
515	9	Es	Es	-1	-1	5	8	2778	100	0		66.0
