Sira	Kod	Nota53	NotaAE	Koma53	KomaAE	Pay	Payda	Ms	LNS	Bas	Soz1	Offset
1	9	Sol5	G5	349	349	1	4	1000	99	96	Ah 	0.111111111111
2	9	La5	A5	358	358	1	4	1000	95	96		0.222222222222
3	9	Es	Es	-1	-1	1	8	500	100	0		0.277777777778
4	9	Sol5	G5	349	349	1	4	1000	95	96	gel 	0.388888888889
5	9	La5	A5	358	358	1	8	500	95	96	Be	0.444444444444
6	9	La5	A5	358	358	1	2	2000	95	96	yâ	0.666666666667
7	9	La5	A5	358	358	1	8	500	99	96	tî 	0.722222222222
8	9	Si5b5	B5b5	362	362	1	8	500	99	96		0.777777777778
9	9	La5	A5	358	358	1	8	500	99	96		0.833333333333
10	9	Si5b5	B5b5	362	362	1	8	500	99	96		0.888888888889
11	9	La5	A5	358	358	1	8	500	99	96		0.944444444444
12	9	Sol5	G5	349	349	1	8	500	95	96		1.0
13	9	La5	A5	358	358	1	8	500	99	96	A	1.05555555556
14	9	Si5b5	B5b5	362	362	1	8	500	99	96		1.11111111111
15	9	La5	A5	358	358	1	8	500	99	96		1.16666666667
16	9	Sol5	G5	349	349	1	8	500	99	96		1.22222222222
17	9	Do6	C6	371	371	1	4	1000	95	96		1.33333333333
18	9	Si5b5	B5b5	362	362	1	8	500	99	96	ra	1.38888888889
19	9	La5	A5	358	358	1	8	500	95	96		1.44444444444
20	9	La5	A5	358	358	1	8	500	99	96	ban 	1.5
21	9	Sol5	G5	349	349	1	8	500	99	96		1.55555555556
22	9	Sol5	G5	349	349	1	8	500	99	96		1.61111111111
23	9	Si5b5	B5b5	362	362	1	8	500	99	96		1.66666666667
24	9	La5	A5	358	358	1	8	500	99	96		1.72222222222
25	9	Sol5	G5	349	349	1	8	500	99	96		1.77777777778
26	9	Fa5#3	F5#4	343	344	3	16	750	99	96		1.86111111111
27	9	Mi5b3	E5b4	333	332	1	16	250	99	96		1.88888888889
28	9	Fa5#3	F5#4	343	344	1	8	500	99	96		1.94444444444
29	9	Mi5b3	E5b4	333	332	1	8	500	99	96		2.0
30	9	Re5	D5	327	327	1	2	2000	95	96		2.22222222222
31	9	Es	Es	-1	-1	1	8	500	100	0		2.27777777778
32	9	Re5	D5	327	327	1	4	1000	95	96	Bû	2.38888888889
33	9	Re5	D5	327	327	1	8	500	95	96	se	2.44444444444
34	9	Re5	D5	327	327	1	8	500	99	96	lik	2.5
35	9	Mi5b2	E5b1	334	335	1	8	500	99	96		2.55555555556
36	9	Re5	D5	327	327	1	8	500	99	96		2.61111111111
37	9	Mi5b2	E5b1	334	335	1	8	500	95	96		2.66666666667
38	9	Sol5	G5	349	349	1	8	500	99	96	le 	2.72222222222
39	9	Fa5#3	F5#4	343	344	1	8	500	99	96		2.77777777778
40	9	Sol5	G5	349	349	1	8	500	99	96		2.83333333333
41	9	La5	A5	358	358	1	8	500	99	96		2.88888888889
42	9	Sol5	G5	349	349	1	4	1000	95	96		3.0
43	9	La5	A5	358	358	1	8	500	99	96	ver 	3.05555555556
44	9	Si5b5	B5b5	362	362	1	8	500	99	96		3.11111111111
45	9	La5	A5	358	358	1	8	500	99	96		3.16666666667
46	9	Si5b5	B5b5	362	362	1	8	500	99	96		3.22222222222
47	9	Do6	C6	371	371	1	4	1000	95	96		3.33333333333
48	9	Si5b5	B5b5	362	362	1	8	500	99	96	ka	3.38888888889
49	9	La5	A5	358	358	1	8	500	95	96		3.44444444444
50	9	La5	A5	358	358	1	8	500	99	96	rar  	3.5
51	9	Sol5	G5	349	349	1	8	500	99	96		3.55555555556
52	9	Sol5	G5	349	349	1	8	500	99	96		3.61111111111
53	9	Fa5#3	F5#4	343	344	1	8	500	99	96		3.66666666667
54	9	Sol5	G5	349	349	1	2	2000	95	96		3.88888888889
55	9	Es	Es	-1	-1	1	4	1000	100	0		4.0
56	9	Es	Es	-1	-1	1	2	2000	100	0		4.22222222222
57	9	Es	Es	-1	-1	1	8	500	100	0		4.27777777778
58	9	Sol5	G5	349	349	1	4	1000	95	96	Mut	4.38888888889
59	9	Si5b5	B5b5	362	362	1	8	500	95	96	rı	4.44444444444
60	9	La5	A5	358	358	1	8	500	99	96	bâ 	4.5
61	9	Sol5	G5	349	349	1	8	500	99	96		4.55555555556
62	9	Sol5	G5	349	349	1	8	500	99	96		4.61111111111
63	9	Fa5#3	F5#4	343	344	1	8	500	95	96		4.66666666667
64	12	Sol5	G5	349	349	3	16	750	99	96	bu 	4.75
65	9	Fa5#3	F5#4	343	344	1	16	250	99	96		4.77777777778
66	9	Mi5b4	E5b4	332	332	1	8	500	99	96		4.83333333333
67	9	Re5	D5	327	327	1	8	500	99	96		4.88888888889
68	9	Do5	C5	318	318	1	4	1000	95	96		5.0
69	9	Re5	D5	327	327	1	8	500	99	96	im	5.05555555556
70	9	Mi5b4	E5b4	332	332	1	8	500	99	96		5.11111111111
71	9	Re5	D5	327	327	1	8	500	99	96		5.16666666667
72	9	Do5	C5	318	318	1	8	500	99	96		5.22222222222
73	9	Fa5#3	F5#4	343	344	1	4	1000	95	96		5.33333333333
74	9	Mi5b4	E5b4	332	332	1	8	500	99	96	ti	5.38888888889
75	9	Re5	D5	327	327	1	8	500	95	96		5.44444444444
76	9	Re5	D5	327	327	1	8	500	99	96	zâc_	5.5
77	9	Do5	C5	318	318	1	8	500	99	96		5.55555555556
78	9	Do5	C5	318	318	1	8	500	99	96		5.61111111111
79	9	Si4b2	B4b1	312	313	1	8	500	95	96		5.66666666667
80	9	Do5	C5	318	318	3	8	1500	99	96	ı 	5.83333333333
81	9	Si4b2	B4b1	312	313	1	8	500	99	96		5.88888888889
82	9	Mi5b4	E5b4	332	332	1	8	500	99	96		5.94444444444
83	9	Re5	D5	327	327	1	16	250	99	96		5.97222222222
84	11	Do5	C5	318	318	1	16	250	99	96		6.0
85	9	Do5	C5	318	318	1	2	2000	95	96		6.22222222222
86	9	Es	Es	-1	-1	1	8	500	100	0		6.27777777778
87	9	Do5	C5	318	318	1	4	1000	95	96	hoş 	6.38888888889
88	9	Do5	C5	318	318	1	8	500	95	96	da 	6.44444444444
89	9	Do5	C5	318	318	3	16	750	99	96	bir 	6.52777777778
90	9	Si4	B4	314	314	1	16	250	99	96		6.55555555556
91	9	Do5	C5	318	318	1	8	500	99	96		6.61111111111
92	9	Re5	D5	327	327	1	8	500	95	96		6.66666666667
93	9	Mi5	E5	336	336	1	8	500	99	96	zev	6.72222222222
94	9	Re5	D5	327	327	1	8	500	99	96		6.77777777778
95	9	Do5	C5	318	318	1	8	500	99	96		6.83333333333
96	9	Si4	B4	314	314	1	8	500	99	96		6.88888888889
97	9	La4	A4	305	305	1	4	1000	95	96		7.0
98	9	Si4	B4	314	314	1	8	500	99	96	ke 	7.05555555556
99	9	Do5	C5	318	318	1	8	500	99	96		7.11111111111
100	9	Si4	B4	314	314	1	8	500	99	96		7.16666666667
101	9	Do5	C5	318	318	1	8	500	99	96		7.22222222222
102	9	Re5	D5	327	327	1	4	1000	95	96		7.33333333333
103	9	Do5	C5	318	318	1	8	500	99	96	ya	7.38888888889
104	9	Si4	B4	314	314	1	8	500	95	96		7.44444444444
105	9	Si4	B4	314	314	1	8	500	99	96	rar  	7.5
106	9	La4	A4	305	305	1	8	500	99	96		7.55555555556
107	9	La4	A4	305	305	1	8	500	99	96		7.61111111111
108	9	Sol4#4	G4#4	300	300	1	8	500	99	96		7.66666666667
109	9	La4	A4	305	305	1	2	2000	95	96		7.88888888889
110	9	Es	Es	-1	-1	1	4	1000	100	0		8.0
