Sira	Kod	Nota53	NotaAE	Koma53	KomaAE	Pay	Payda	Ms	LNS	Bas	Soz1	Offset
1	9	La4	A4	305	305	1	8	250	95	96		0.142857142857
2	9	La4	A4	305	305	1	8	250	95	96		0.285714285714
3	9	Do5	C5	318	318	1	4	500	95	96		0.571428571429
4	9	Si4	B4	314	314	1	8	250	95	96		0.714285714286
5	9	Do5	C5	318	318	1	4	500	95	96		1.0
6	9	Do5	C5	318	318	3	16	375	95	96		1.21428571429
7	9	Si4	B4	314	314	1	16	125	95	96		1.28571428571
8	9	La4	A4	305	305	1	8	250	95	96		1.42857142857
9	9	Si4	B4	314	314	1	8	250	95	96		1.57142857143
10	9	Sol4#4	G4#4	300	300	1	8	250	95	96		1.71428571429
11	9	La4	A4	305	305	1	4	500	95	96		2.0
12	9	La4	A4	305	305	1	4	500	95	96		2.28571428571
13	9	Do5	C5	318	318	1	4	500	95	96		2.57142857143
14	9	Si4	B4	314	314	1	8	250	95	96		2.71428571429
15	9	Do5	C5	318	318	1	8	250	95	96		2.85714285714
16	9	Re5	D5	327	327	1	8	250	95	96		3.0
17	9	Do5	C5	318	318	1	8	250	95	96		3.14285714286
18	9	Si4	B4	314	314	1	8	250	95	96		3.28571428571
19	9	La4	A4	305	305	1	8	250	95	96		3.42857142857
20	9	Sol4#4	G4#4	300	300	1	8	250	95	96		3.57142857143
21	9	La4	A4	305	305	1	4	500	95	96		3.85714285714
22	9	Es	Es	-1	-1	1	8	250	100	0		4.0
23	9	La4	A4	305	305	1	8	250	95	96		4.14285714286
24	9	La4	A4	305	305	1	8	250	95	96		4.28571428571
25	9	Do5	C5	318	318	1	4	500	95	96		4.57142857143
26	9	Si4	B4	314	314	1	8	250	95	96		4.71428571429
27	9	Do5	C5	318	318	1	4	500	95	96		5.0
28	9	Do5	C5	318	318	3	16	375	95	96		5.21428571429
29	9	Si4	B4	314	314	1	16	125	95	96		5.28571428571
30	9	La4	A4	305	305	1	8	250	95	96		5.42857142857
31	9	Si4	B4	314	314	1	8	250	95	96		5.57142857143
32	9	Sol4#4	G4#4	300	300	1	8	250	95	96		5.71428571429
33	9	La4	A4	305	305	1	4	500	95	96		6.0
34	9	La4	A4	305	305	1	4	500	95	96		6.28571428571
35	9	Do5	C5	318	318	1	4	500	95	96		6.57142857143
36	9	Si4	B4	314	314	1	8	250	95	96		6.71428571429
37	9	Do5	C5	318	318	1	8	250	95	96		6.85714285714
38	9	Re5	D5	327	327	1	8	250	95	96		7.0
39	9	Do5	C5	318	318	1	8	250	95	96		7.14285714286
40	9	Si4	B4	314	314	1	8	250	95	96		7.28571428571
41	9	La4	A4	305	305	1	8	250	95	96		7.42857142857
42	9	Sol4#4	G4#4	300	300	1	8	250	95	96		7.57142857143
43	9	La4	A4	305	305	1	4	500	95	96		7.85714285714
44	9	Es	Es	-1	-1	1	8	250	100	0		8.0
45	9	Re5	D5	327	327	1	4	500	95	96		8.28571428571
46	9	Re5	D5	327	327	1	4	500	95	96		8.57142857143
47	9	Re5	D5	327	327	1	8	250	95	96		8.71428571429
48	9	Re5	D5	327	327	1	8	250	95	96		8.85714285714
49	9	Do5	C5	318	318	1	8	250	95	96		9.0
50	9	Mi5b4	E5b4	332	332	3	16	375	95	96		9.21428571429
51	9	Re5	D5	327	327	1	16	125	95	96		9.28571428571
52	9	Do5	C5	318	318	1	8	250	95	96		9.42857142857
53	9	Si4	B4	314	314	1	8	250	95	96		9.57142857143
54	9	Do5	C5	318	318	3	8	750	95	96		10.0
55	9	Do5	C5	318	318	1	4	500	95	96		10.2857142857
56	9	Do5	C5	318	318	1	4	500	95	96		10.5714285714
57	9	Si4	B4	314	314	1	8	250	95	96		10.7142857143
58	9	Do5	C5	318	318	1	8	250	95	96		10.8571428571
59	9	Re5	D5	327	327	1	8	250	95	96		11.0
60	9	Do5	C5	318	318	3	16	375	95	96		11.2142857143
61	9	Si4	B4	314	314	1	16	125	95	96		11.2857142857
62	9	La4	A4	305	305	1	8	250	95	96		11.4285714286
63	9	Sol4#4	G4#4	300	300	1	8	250	95	96		11.5714285714
64	9	La4	A4	305	305	1	8	250	95	96		11.7142857143
65	9	Si4	B4	314	314	1	8	250	95	96		11.8571428571
66	9	Do5	C5	318	318	1	8	250	95	96		12.0
67	9	Re5	D5	327	327	1	4	500	95	96		12.2857142857
68	9	Re5	D5	327	327	1	4	500	95	96		12.5714285714
69	9	Re5	D5	327	327	1	8	250	95	96		12.7142857143
70	9	Re5	D5	327	327	1	8	250	95	96		12.8571428571
71	9	Do5	C5	318	318	1	8	250	95	96		13.0
72	9	Mi5b4	E5b4	332	332	3	16	375	95	96		13.2142857143
73	9	Re5	D5	327	327	1	16	125	95	96		13.2857142857
74	9	Do5	C5	318	318	1	8	250	95	96		13.4285714286
75	9	Si4	B4	314	314	1	8	250	95	96		13.5714285714
76	9	Do5	C5	318	318	3	8	750	95	96		14.0
77	9	Do5	C5	318	318	1	4	500	95	96		14.2857142857
78	9	Do5	C5	318	318	1	8	250	95	96		14.4285714286
79	9	Si4	B4	314	314	1	8	250	95	96		14.5714285714
80	9	Do5	C5	318	318	1	8	250	95	96		14.7142857143
81	9	Re5	D5	327	327	1	8	250	95	96		14.8571428571
82	9	Mi5	E5	336	336	1	8	250	95	96		15.0
83	9	Do5	C5	318	318	1	8	250	95	96		15.1428571429
84	9	Si4	B4	314	314	1	8	250	95	96		15.2857142857
85	9	La4	A4	305	305	1	8	250	95	96		15.4285714286
86	9	Sol4#4	G4#4	300	300	1	8	250	95	96		15.5714285714
87	9	La4	A4	305	305	3	8	750	95	96		16.0
88	9	Mi5	E5	336	336	1	4	500	95	96		16.2857142857
89	9	Mi5	E5	336	336	1	4	500	95	96		16.5714285714
90	9	Mi5	E5	336	336	1	8	250	95	96		16.7142857143
91	9	Mi5	E5	336	336	1	4	500	95	96		17.0
92	9	Mi5	E5	336	336	1	4	500	95	96		17.2857142857
93	9	Fa5	F5	340	340	1	4	500	95	96		17.5714285714
94	9	Mi5	E5	336	336	1	8	250	95	96		17.7142857143
95	9	Re5	D5	327	327	1	4	500	95	96		18.0
96	9	Sol5	G5	349	349	1	4	500	95	96		18.2857142857
97	9	Sol5	G5	349	349	1	4	500	95	96		18.5714285714
98	9	Fa5#4	F5#4	344	344	1	8	250	95	96		18.7142857143
99	9	Sol5	G5	349	349	1	4	500	95	96		19.0
100	9	Fa5#4	F5#4	344	344	1	4	500	95	96		19.2857142857
101	9	Sol5	G5	349	349	1	4	500	95	96		19.5714285714
102	9	Fa5	F5	340	340	1	8	250	95	96		19.7142857143
103	9	Mi5	E5	336	336	1	4	500	95	96		20.0
104	9	Mi5	E5	336	336	1	4	500	95	96		20.2857142857
105	9	Mi5	E5	336	336	1	4	500	95	96		20.5714285714
106	9	Mi5	E5	336	336	1	8	250	95	96		20.7142857143
107	9	Mi5	E5	336	336	1	4	500	95	96		21.0
108	9	Mi5	E5	336	336	1	4	500	95	96		21.2857142857
109	9	Fa5	F5	340	340	1	4	500	95	96		21.5714285714
110	9	Mi5	E5	336	336	1	8	250	95	96		21.7142857143
111	9	Re5	D5	327	327	1	4	500	95	96		22.0
112	9	Sol5	G5	349	349	1	4	500	95	96		22.2857142857
113	9	Sol5	G5	349	349	1	4	500	95	96		22.5714285714
114	9	Fa5#4	F5#4	344	344	1	8	250	95	96		22.7142857143
115	9	Sol5	G5	349	349	1	4	500	95	96		23.0
116	9	Fa5#4	F5#4	344	344	1	4	500	95	96		23.2857142857
117	9	Sol5	G5	349	349	1	4	500	95	96		23.5714285714
118	9	Fa5	F5	340	340	1	8	250	95	96		23.7142857143
119	9	Mi5	E5	336	336	1	4	500	95	96		24.0
120	9	Mi5	E5	336	336	1	4	500	95	96		24.2857142857
121	9	Fa5	F5	340	340	1	4	500	95	96		24.5714285714
122	9	Sol5	G5	349	349	1	8	250	95	96		24.7142857143
123	9	La5	A5	358	358	1	4	500	95	96		25.0
124	9	Sol5	G5	349	349	1	4	500	95	96		25.2857142857
125	9	Fa5	F5	340	340	1	4	500	95	96		25.5714285714
126	9	Mi5	E5	336	336	1	8	250	95	96		25.7142857143
127	9	Re5	D5	327	327	1	4	500	95	96		26.0
128	9	Si4	B4	314	314	1	8	250	95	96		26.1428571429
129	9	Do5	C5	318	318	1	8	250	95	96		26.2857142857
130	9	Re5	D5	327	327	1	8	250	95	96		26.4285714286
131	9	Do5	C5	318	318	1	8	250	95	96		26.5714285714
132	9	Mi5b4	E5b4	332	332	1	8	250	95	96		26.7142857143
133	9	Re5	D5	327	327	1	8	250	95	96		26.8571428571
134	9	Do5	C5	318	318	1	8	250	95	96		27.0
135	9	Si4	B4	314	314	1	8	250	95	96		27.1428571429
136	9	Do5	C5	318	318	1	8	250	95	96		27.2857142857
137	9	Re5	D5	327	327	1	8	250	95	96		27.4285714286
138	9	Do5	C5	318	318	1	8	250	95	96		27.5714285714
139	9	Mi5b4	E5b4	332	332	1	8	250	95	96		27.7142857143
140	9	Re5	D5	327	327	1	8	250	95	96		27.8571428571
141	9	Do5	C5	318	318	1	8	250	95	96		28.0
142	9	Si4	B4	314	314	1	8	250	95	96		28.1428571429
143	9	Do5	C5	318	318	1	8	250	95	96		28.2857142857
144	9	Re5	D5	327	327	1	8	250	95	96		28.4285714286
145	9	Do5	C5	318	318	1	8	250	95	96		28.5714285714
146	9	Mi5b4	E5b4	332	332	1	8	250	95	96		28.7142857143
147	9	Re5	D5	327	327	1	8	250	95	96		28.8571428571
148	9	Do5	C5	318	318	1	8	250	95	96		29.0
149	9	Si4	B4	314	314	1	8	250	95	96		29.1428571429
150	9	Do5	C5	318	318	1	8	250	95	96		29.2857142857
151	9	Re5	D5	327	327	1	8	250	95	96		29.4285714286
152	9	Do5	C5	318	318	1	8	250	95	96		29.5714285714
153	9	Mi5b4	E5b4	332	332	1	8	250	95	96		29.7142857143
154	9	Re5	D5	327	327	1	8	250	95	96		29.8571428571
155	9	Do5	C5	318	318	1	8	250	95	96		30.0
156	9	Re5	D5	327	327	1	4	500	95	96		30.2857142857
157	9	Re5	D5	327	327	1	4	500	95	96		30.5714285714
158	9	Re5	D5	327	327	1	8	250	95	96		30.7142857143
159	9	Re5	D5	327	327	1	8	250	95	96		30.8571428571
160	9	Do5	C5	318	318	1	8	250	95	96		31.0
161	9	Mi5b4	E5b4	332	332	1	8	250	95	96		31.1428571429
162	9	Re5	D5	327	327	1	8	250	95	96		31.2857142857
163	9	Do5	C5	318	318	1	8	250	95	96		31.4285714286
164	9	Si4	B4	314	314	1	8	250	95	96		31.5714285714
165	9	Do5	C5	318	318	1	4	500	95	96		31.8571428571
166	9	Es	Es	-1	-1	1	8	250	100	0		32.0
167	9	Do5	C5	318	318	1	4	500	95	96		32.2857142857
168	9	Do5	C5	318	318	1	4	500	95	96		32.5714285714
169	9	Si4	B4	314	314	1	8	250	95	96		32.7142857143
170	9	Do5	C5	318	318	1	8	250	95	96		32.8571428571
171	9	Re5	D5	327	327	1	8	250	95	96		33.0
172	9	Do5	C5	318	318	1	8	250	95	96		33.1428571429
173	9	Si4	B4	314	314	1	8	250	95	96		33.2857142857
174	9	La4	A4	305	305	1	8	250	95	96		33.4285714286
175	9	Sol4#4	G4#4	300	300	1	8	250	95	96		33.5714285714
176	9	La4	A4	305	305	1	4	500	95	96		33.8571428571
177	9	Es	Es	-1	-1	1	8	250	100	0		34.0
178	9	Re5	D5	327	327	1	4	500	95	96		34.2857142857
179	9	Re5	D5	327	327	1	4	500	95	96		34.5714285714
180	9	Re5	D5	327	327	1	8	250	95	96		34.7142857143
181	9	Re5	D5	327	327	1	8	250	95	96		34.8571428571
182	9	Do5	C5	318	318	1	8	250	95	96		35.0
183	9	Mi5b4	E5b4	332	332	1	8	250	95	96		35.1428571429
184	9	Re5	D5	327	327	1	8	250	95	96		35.2857142857
185	9	Do5	C5	318	318	1	8	250	95	96		35.4285714286
186	9	Si4	B4	314	314	1	8	250	95	96		35.5714285714
187	9	Do5	C5	318	318	1	4	500	95	96		35.8571428571
188	9	Es	Es	-1	-1	1	8	250	100	0		36.0
189	9	Do5	C5	318	318	1	4	500	95	96		36.2857142857
190	9	Do5	C5	318	318	1	8	250	95	96		36.4285714286
191	9	Si4	B4	314	314	1	8	250	95	96		36.5714285714
192	9	Do5	C5	318	318	1	8	250	95	96		36.7142857143
193	9	Re5	D5	327	327	1	8	250	95	96		36.8571428571
194	9	Mi5	E5	336	336	1	8	250	95	96		37.0
195	9	Do5	C5	318	318	1	8	250	95	96		37.1428571429
196	9	Si4	B4	314	314	1	8	250	95	96		37.2857142857
197	9	La4	A4	305	305	1	8	250	95	96		37.4285714286
198	9	Sol4#4	G4#4	300	300	1	8	250	95	96		37.5714285714
199	9	La4	A4	305	305	3	8	750	95	96		38.0
