Sira	Kod	Nota53	NotaAE	Koma53	KomaAE	Pay	Payda	Ms	LNS	Bas	Soz1	Offset
1	51			0	0	9	4	0	22	0	Ağıraksak	0.0
2	9	Mi5	E5	336	336	3	32	312	95	96		0.0416666666667
3	9	Re5	D5	327	327	1	32	104	95	96		0.0555555555556
4	9	Mi5	E5	336	336	1	8	417	95	96		0.111111111111
5	9	Do5	C5	318	318	3	32	312	95	96		0.152777777778
6	9	Si4	B4	314	314	1	32	104	95	96		0.166666666667
7	9	La4	A4	305	305	1	16	208	95	96		0.194444444444
8	9	Si4	B4	314	314	1	16	208	95	96		0.222222222222
9	9	Sol4	G4	296	296	1	8	417	95	96		0.277777777778
10	9	La4	A4	305	305	1	8	417	95	96		0.333333333333
11	9	Si4	B4	314	314	1	16	208	95	96		0.361111111111
12	9	Do5	C5	318	318	1	16	208	95	96		0.388888888889
13	9	La4	A4	305	305	1	16	208	95	96		0.416666666667
14	9	Si4	B4	314	314	1	16	208	95	96		0.444444444444
15	9	Do5	C5	318	318	1	16	208	95	96		0.472222222222
16	9	Re5	D5	327	327	1	16	208	95	96		0.5
17	9	Si4	B4	314	314	1	16	208	95	96		0.527777777778
18	9	Do5	C5	318	318	1	16	208	95	96		0.555555555556
19	9	Re5	D5	327	327	1	16	208	95	96		0.583333333333
20	9	Mi5	E5	336	336	1	16	208	95	96		0.611111111111
21	9	Do5	C5	318	318	1	16	208	95	96		0.638888888889
22	9	Re5	D5	327	327	1	16	208	95	96		0.666666666667
23	9	Mi5	E5	336	336	1	16	208	95	96		0.694444444444
24	9	Fa5	F5	340	340	1	16	208	95	96		0.722222222222
25	9	Mi5	E5	336	336	1	16	208	95	96		0.75
26	9	La5	A5	358	358	1	16	208	95	96		0.777777777778
27	9	Sol5	G5	349	349	1	16	208	95	96		0.805555555556
28	9	Fa5	F5	340	340	1	16	208	95	96		0.833333333333
29	9	Mi5	E5	336	336	1	16	208	95	96		0.861111111111
30	9	Fa5	F5	340	340	1	16	208	95	96		0.888888888889
31	9	Mi5	E5	336	336	1	4	833	95	96		1.0
32	9	La5	A5	358	358	1	8	417	95	96		1.05555555556
33	9	Sol5	G5	349	349	1	8	417	95	96		1.11111111111
34	9	Fa5	F5	340	340	1	8	417	95	96		1.16666666667
35	9	Mi5	E5	336	336	1	8	417	95	96		1.22222222222
36	9	Re5	D5	327	327	1	8	417	95	96		1.27777777778
37	9	Do6	C6	371	371	1	8	417	95	96		1.33333333333
38	9	Si5	B5	367	367	1	12	278	95	96		1.37037037037
39	9	La5	A5	358	358	1	12	278	95	96		1.40740740741
40	9	Si5	B5	367	367	1	12	278	95	96		1.44444444444
41	9	La5	A5	358	358	1	12	278	95	96		1.48148148148
42	9	Sol5	G5	349	349	1	12	278	95	96		1.51851851852
43	9	La5	A5	358	358	1	12	278	95	96		1.55555555556
44	9	Sol5	G5	349	349	1	16	208	95	96		1.58333333333
45	9	Fa5	F5	340	340	1	16	208	95	96		1.61111111111
46	9	Fa5	F5	340	340	1	16	208	95	96		1.63888888889
47	9	Mi5	E5	336	336	1	16	208	95	96		1.66666666667
48	9	Mi5	E5	336	336	1	16	208	95	96		1.69444444444
49	9	Fa5	F5	340	340	1	16	208	95	96		1.72222222222
50	9	Mi5	E5	336	336	1	16	208	95	96		1.75
51	9	Re5	D5	327	327	1	16	208	95	96		1.77777777778
52	9	Do5	C5	318	318	1	16	208	95	96		1.80555555556
53	9	Si4	B4	314	314	1	16	208	95	96		1.83333333333
54	9	Do5	C5	318	318	1	16	208	95	96		1.86111111111
55	9	Re5	D5	327	327	1	16	208	95	96		1.88888888889
56	9	Mi5	E5	336	336	1	4	833	95	96		2.0
57	9	Mi5	E5	336	336	1	16	208	95	96		2.02777777778
58	9	Sol5	G5	349	349	1	8	417	95	96		2.08333333333
59	9	Fa5#4	F5#4	344	344	1	16	208	95	96		2.11111111111
60	9	Sol5	G5	349	349	1	8	417	95	96		2.16666666667
61	9	Si5b5	B5b5	362	362	1	8	417	95	96		2.22222222222
62	9	La5	A5	358	358	1	8	417	95	96		2.27777777778
63	9	Sol5	G5	349	349	1	8	417	95	96		2.33333333333
64	9	Fa5#4	F5#4	344	344	1	8	417	95	96		2.38888888889
65	9	Mi5b4	E5b4	332	332	1	8	417	95	96		2.44444444444
66	9	Re5	D5	327	327	1	8	417	95	96		2.5
67	9	Sol5	G5	349	349	1	8	417	95	96		2.55555555556
68	9	Fa5#4	F5#4	344	344	1	8	417	95	96		2.61111111111
69	9	La5	A5	358	358	1	8	417	95	96		2.66666666667
70	9	Do6	C6	371	371	1	16	208	95	96		2.69444444444
71	9	Si5b5	B5b5	362	362	1	16	208	95	96		2.72222222222
72	9	La5	A5	358	358	1	16	208	95	96		2.75
73	9	Sol5	G5	349	349	1	16	208	95	96		2.77777777778
74	9	Fa5#4	F5#4	344	344	1	16	208	95	96		2.80555555556
75	9	Mi5b4	E5b4	332	332	1	16	208	95	96		2.83333333333
76	9	Re5	D5	327	327	1	16	208	95	96		2.86111111111
77	9	Mi5b4	E5b4	332	332	1	16	208	95	96		2.88888888889
78	9	Do5	C5	318	318	1	4	833	95	96		3.0
79	9	Mi5	E5	336	336	1	8	417	95	96		3.05555555556
80	9	La5	A5	358	358	1	8	417	95	96		3.11111111111
81	9	Mi5	E5	336	336	1	8	417	95	96		3.16666666667
82	9	Do5	C5	318	318	1	8	417	95	96		3.22222222222
83	9	La4	A4	305	305	1	8	417	95	96		3.27777777778
84	9	Sol5#4	G5#4	353	353	1	8	417	95	96		3.33333333333
85	9	Fa5	F5	340	340	1	8	417	95	96		3.38888888889
86	9	Re5	D5	327	327	1	8	417	95	96		3.44444444444
87	9	Do5	C5	318	318	1	8	417	95	96		3.5
88	9	Si4	B4	314	314	1	16	208	95	96		3.52777777778
89	9	Do5	C5	318	318	1	16	208	95	96		3.55555555556
90	9	Mi5	E5	336	336	1	16	208	95	96		3.58333333333
91	9	Re5	D5	327	327	1	16	208	95	96		3.61111111111
92	9	Do5	C5	318	318	1	16	208	95	96		3.63888888889
93	9	Si4	B4	314	314	1	16	208	95	96		3.66666666667
94	9	La4	A4	305	305	1	4	833	95	96		3.77777777778
95	9	La4	A4	305	305	1	16	208	95	96		3.80555555556
96	9	Si4	B4	314	314	1	16	208	95	96		3.83333333333
97	9	Do5	C5	318	318	1	16	208	95	96		3.86111111111
98	9	Re5	D5	327	327	1	16	208	95	96		3.88888888889
99	9	Mi5	E5	336	336	1	4	833	95	96		4.0
100	9	Mi5	E5	336	336	3	32	312	95	96		4.04166666667
101	9	Re5	D5	327	327	1	32	104	95	96		4.05555555556
102	9	Mi5	E5	336	336	1	8	417	95	96		4.11111111111
103	9	Do5	C5	318	318	3	32	312	95	96		4.15277777778
104	9	Si4	B4	314	314	1	32	104	95	96		4.16666666667
105	9	La4	A4	305	305	1	16	208	95	96		4.19444444444
106	9	Si4	B4	314	314	1	16	208	95	96		4.22222222222
107	9	Sol4	G4	296	296	1	8	417	95	96		4.27777777778
108	9	La4	A4	305	305	1	8	417	95	96		4.33333333333
109	9	Si4	B4	314	314	1	16	208	95	96		4.36111111111
110	9	Do5	C5	318	318	1	16	208	95	96		4.38888888889
111	9	La4	A4	305	305	1	16	208	95	96		4.41666666667
112	9	Si4	B4	314	314	1	16	208	95	96		4.44444444444
113	9	Do5	C5	318	318	1	16	208	95	96		4.47222222222
114	9	Re5	D5	327	327	1	16	208	95	96		4.5
115	9	Si4	B4	314	314	1	16	208	95	96		4.52777777778
116	9	Do5	C5	318	318	1	16	208	95	96		4.55555555556
117	9	Re5	D5	327	327	1	16	208	95	96		4.58333333333
118	9	Mi5	E5	336	336	1	16	208	95	96		4.61111111111
119	9	Do5	C5	318	318	1	16	208	95	96		4.63888888889
120	9	Re5	D5	327	327	1	16	208	95	96		4.66666666667
121	9	Mi5	E5	336	336	1	16	208	95	96		4.69444444444
122	9	Fa5	F5	340	340	1	16	208	95	96		4.72222222222
123	9	Mi5	E5	336	336	1	16	208	95	96		4.75
124	9	La5	A5	358	358	1	16	208	95	96		4.77777777778
125	9	Sol5	G5	349	349	1	16	208	95	96		4.80555555556
126	9	Fa5	F5	340	340	1	16	208	95	96		4.83333333333
127	9	Mi5	E5	336	336	1	16	208	95	96		4.86111111111
128	9	Fa5	F5	340	340	1	16	208	95	96		4.88888888889
129	9	Mi5	E5	336	336	1	4	833	95	96		5.0
130	9	La5	A5	358	358	1	8	417	95	96		5.05555555556
131	9	Sol5	G5	349	349	1	8	417	95	96		5.11111111111
132	9	Fa5	F5	340	340	1	8	417	95	96		5.16666666667
133	9	Mi5	E5	336	336	1	8	417	95	96		5.22222222222
134	9	Re5	D5	327	327	1	8	417	95	96		5.27777777778
135	9	Do6	C6	371	371	1	8	417	95	96		5.33333333333
136	9	Si5	B5	367	367	1	12	278	95	96		5.37037037037
137	9	La5	A5	358	358	1	12	278	95	96		5.40740740741
138	9	Si5	B5	367	367	1	12	278	95	96		5.44444444444
139	9	La5	A5	358	358	1	12	278	95	96		5.48148148148
140	9	Sol5	G5	349	349	1	12	278	95	96		5.51851851852
141	9	La5	A5	358	358	1	12	278	95	96		5.55555555556
142	9	Sol5	G5	349	349	1	16	208	95	96		5.58333333333
143	9	Fa5	F5	340	340	1	16	208	95	96		5.61111111111
144	9	Fa5	F5	340	340	1	16	208	95	96		5.63888888889
145	9	Mi5	E5	336	336	1	16	208	95	96		5.66666666667
146	9	Mi5	E5	336	336	1	16	208	95	96		5.69444444444
147	9	Fa5	F5	340	340	1	16	208	95	96		5.72222222222
148	9	Mi5	E5	336	336	1	16	208	95	96		5.75
149	9	Re5	D5	327	327	1	16	208	95	96		5.77777777778
150	9	Do5	C5	318	318	1	16	208	95	96		5.80555555556
151	9	Si4	B4	314	314	1	16	208	95	96		5.83333333333
152	9	Do5	C5	318	318	1	16	208	95	96		5.86111111111
153	9	Re5	D5	327	327	1	16	208	95	96		5.88888888889
154	9	Mi5	E5	336	336	1	4	833	95	96		6.0
155	9	Mi5	E5	336	336	1	16	208	95	96		6.02777777778
156	9	Sol5	G5	349	349	1	8	417	95	96		6.08333333333
157	9	Fa5#4	F5#4	344	344	1	16	208	95	96		6.11111111111
158	9	Sol5	G5	349	349	1	8	417	95	96		6.16666666667
159	9	Si5b5	B5b5	362	362	1	8	417	95	96		6.22222222222
160	9	La5	A5	358	358	1	8	417	95	96		6.27777777778
161	9	Sol5	G5	349	349	1	8	417	95	96		6.33333333333
162	9	Fa5#4	F5#4	344	344	1	8	417	95	96		6.38888888889
163	9	Mi5b4	E5b4	332	332	1	8	417	95	96		6.44444444444
164	9	Re5	D5	327	327	1	8	417	95	96		6.5
165	9	Sol5	G5	349	349	1	8	417	95	96		6.55555555556
166	9	Fa5#4	F5#4	344	344	1	8	417	95	96		6.61111111111
167	9	La5	A5	358	358	1	8	417	95	96		6.66666666667
168	9	Do6	C6	371	371	1	16	208	95	96		6.69444444444
169	9	Si5b5	B5b5	362	362	1	16	208	95	96		6.72222222222
170	9	La5	A5	358	358	1	16	208	95	96		6.75
171	9	Sol5	G5	349	349	1	16	208	95	96		6.77777777778
172	9	Fa5#4	F5#4	344	344	1	16	208	95	96		6.80555555556
173	9	Mi5b4	E5b4	332	332	1	16	208	95	96		6.83333333333
174	9	Re5	D5	327	327	1	16	208	95	96		6.86111111111
175	9	Mi5b4	E5b4	332	332	1	16	208	95	96		6.88888888889
176	9	Do5	C5	318	318	1	4	833	95	96		7.0
177	9	Mi5	E5	336	336	1	8	417	95	96		7.05555555556
178	9	La5	A5	358	358	1	8	417	95	96		7.11111111111
179	9	Mi5	E5	336	336	1	8	417	95	96		7.16666666667
180	9	Do5	C5	318	318	1	8	417	95	96		7.22222222222
181	9	La4	A4	305	305	1	8	417	95	96		7.27777777778
182	9	Sol5#4	G5#4	353	353	1	8	417	95	96		7.33333333333
183	9	Fa5	F5	340	340	1	8	417	95	96		7.38888888889
184	9	Re5	D5	327	327	1	8	417	95	96		7.44444444444
185	9	Do5	C5	318	318	1	8	417	95	96		7.5
186	9	Si4	B4	314	314	1	16	208	95	96		7.52777777778
187	9	Do5	C5	318	318	1	16	208	95	96		7.55555555556
188	9	Mi5	E5	336	336	1	16	208	95	96		7.58333333333
189	9	Re5	D5	327	327	1	16	208	95	96		7.61111111111
190	9	Do5	C5	318	318	1	16	208	95	96		7.63888888889
191	9	Si4	B4	314	314	1	16	208	95	96		7.66666666667
192	9	La4	A4	305	305	3	4	2500	95	96		8.0
