Sira	Kod	Nota53	NotaAE	Koma53	KomaAE	Pay	Payda	Ms	LNS	Bas	Soz1	Offset
1	9	Sol4	G4	296	296	1	8	417	95	96	ARANAĞME	0.0555555555556
2	9	Do5	C5	318	318	1	4	833	95	96	.	0.166666666667
3	9	Si4	B4	314	314	1	8	417	95	96	.	0.222222222222
4	9	Do5	C5	318	318	1	16	208	95	96	.	0.25
5	10	Re5	D5	327	327	1	16	208	95	96	.	0.277777777778
6	8	Mi5	E5	336	336	0	0	0	95	96	.	0.277777777778
7	10	Do5	C5	318	318	1	16	208	95	96	.	0.305555555556
8	8	Re5	D5	327	327	0	0	0	95	96	.	0.305555555556
9	9	Si4	B4	314	314	1	16	208	95	96	.	0.333333333333
10	23	Do5	C5	318	318	1	8	417	95	96	.	0.388888888889
11	9	Re5	D5	327	327	1	8	417	95	96	.	0.444444444444
12	10	Mi5	E5	336	336	1	8	417	95	96	.	0.5
13	8	Fa5	F5	340	340	0	0	0	95	96	.	0.5
14	10	Mi5	E5	336	336	1	16	208	95	96	.	0.527777777778
15	8	Fa5	F5	340	340	0	0	0	95	96	.	0.527777777778
16	9	Re5	D5	327	327	1	16	208	95	96	.	0.555555555556
17	9	Do5	C5	318	318	1	16	208	95	96	.	0.583333333333
18	9	Si4	B4	314	314	1	16	208	95	96	.	0.611111111111
19	9	Do5	C5	318	318	1	16	208	95	96	.	0.638888888889
20	9	Re5	D5	327	327	1	16	208	95	96	.	0.666666666667
21	9	Mi5	E5	336	336	1	4	833	95	96	.	0.777777777778
22	9	Mi5	E5	336	336	1	32	104	95	96	.	0.791666666667
23	9	Fa5	F5	340	340	1	32	104	95	96	.	0.805555555556
24	9	Mi5	E5	336	336	1	32	104	95	96	.	0.819444444444
25	9	Sol5	G5	349	349	1	32	104	95	96	.	0.833333333333
26	9	Fa5	F5	340	340	1	32	104	95	96	.	0.847222222222
27	9	Sol5	G5	349	349	1	32	104	95	96	.	0.861111111111
28	9	Mi5	E5	336	336	1	32	104	95	96	.	0.875
29	9	Fa5	F5	340	340	1	32	104	95	96	.	0.888888888889
30	9	Mi5	E5	336	336	1	4	833	95	96	.	1.0
31	9	Mi5	E5	336	336	1	16	208	95	96	.	1.02777777778
32	9	Mi5	E5	336	336	1	32	104	95	96	.	1.04166666667
33	9	Sol5	G5	349	349	1	32	104	95	96	.	1.05555555556
34	9	Mi5	E5	336	336	1	16	208	95	96	.	1.08333333333
35	9	Fa5	F5	340	340	1	16	208	95	96	.	1.11111111111
36	9	La5	A5	358	358	1	16	208	95	96	.	1.13888888889
37	7	La5	A5	358	358	2	16	417	50	96	.	1.19444444444
38	9	Sol5	G5	349	349	1	16	208	95	96	.	1.22222222222
39	9	Sol5	G5	349	349	1	16	208	95	96	.	1.25
40	7	Sol5	G5	349	349	2	16	417	50	96	.	1.30555555556
41	9	Fa5	F5	340	340	1	16	208	95	96	.	1.33333333333
42	9	Fa5	F5	340	340	1	16	208	95	96	.	1.36111111111
43	7	Fa5	F5	340	340	2	16	417	50	96	.	1.41666666667
44	9	Mi5	E5	336	336	1	16	208	95	96	.	1.44444444444
45	9	Mi5	E5	336	336	1	16	208	95	96	.	1.47222222222
46	7	Mi5	E5	336	336	2	16	417	50	96	.	1.52777777778
47	9	Re5	D5	327	327	1	16	208	95	96	.	1.55555555556
48	9	Re5	D5	327	327	1	16	208	95	96	.	1.58333333333
49	7	Re5	D5	327	327	2	16	417	50	96	.	1.63888888889
50	9	Do5	C5	318	318	1	16	208	95	96	.	1.66666666667
51	9	Si4	B4	314	314	1	16	208	95	96	.	1.69444444444
52	9	Do5	C5	318	318	1	16	208	95	96	.	1.72222222222
53	9	Re5	D5	327	327	1	16	208	95	96	.	1.75
54	9	Si4	B4	314	314	1	16	208	95	96	.	1.77777777778
55	9	Do5	C5	318	318	1	16	208	95	96	.	1.80555555556
56	9	Sol5	G5	349	349	1	16	208	95	96	.	1.83333333333
57	11	Fa5	F5	340	340	1	16	208	95	96	.	1.86111111111
58	11	Mi5	E5	336	336	1	16	208	95	96	.	1.88888888889
59	11	Re5	D5	327	327	1	16	208	95	96	.	1.91666666667
60	11	Do5	C5	318	318	1	16	208	95	96	.	1.94444444444
61	11	Si4	B4	314	314	1	16	208	95	96	.	1.97222222222
62	11	La4	A4	305	305	1	16	208	95	96	.	2.0
63	9	Sol4	G4	296	296	1	8	417	95	96	.	2.05555555556
64	9	Do5	C5	318	318	1	4	833	95	96	.	2.16666666667
65	9	Re5	D5	327	327	1	8	417	95	96	.	2.22222222222
66	12	Mi5	E5	336	336	2	16	417	95	96	.	2.27777777778
67	9	Re5	D5	327	327	1	4	833	95	96	.	2.38888888889
68	9	Fa5	F5	340	340	1	8	417	95	96	.	2.44444444444
69	12	Mi5	E5	336	336	3	16	625	95	96	.	2.52777777778
70	9	Re5	D5	327	327	1	16	208	95	96	.	2.55555555556
71	9	Do5	C5	318	318	1	8	417	95	96	.	2.61111111111
72	9	Si4	B4	314	314	1	8	417	95	96	.	2.66666666667
73	10	La4	A4	305	305	1	8	417	95	96	.	2.72222222222
74	8	Do5	C5	318	318	0	0	0	95	96	.	2.72222222222
75	10	Si4	B4	314	314	1	16	208	95	96	.	2.75
76	8	Do5	C5	318	318	0	0	0	95	96	.	2.75
77	10	La4	A4	305	305	1	16	208	95	96	.	2.77777777778
78	8	Si4	B4	314	314	0	0	0	95	96	.	2.77777777778
79	9	Sol4	G4	296	296	1	4	833	95	96	.	2.88888888889
80	9	Es	Es	-1	-1	1	4	833	100	0	.	3.0
81	9	Sol4	G4	296	296	1	8	417	95	96	.	3.05555555556
82	9	Do5	C5	318	318	1	8	417	95	96	.	3.11111111111
83	9	Re5	D5	327	327	1	8	417	95	96	.	3.16666666667
84	9	Mi5	E5	336	336	1	8	417	95	96	.	3.22222222222
85	9	Fa5	F5	340	340	3	32	312	95	96	.	3.26388888889
86	9	Mi5	E5	336	336	1	32	104	95	96	.	3.27777777778
87	9	Fa5	F5	340	340	1	16	208	95	96	.	3.30555555556
88	9	La5	A5	358	358	1	16	208	95	96	.	3.33333333333
89	9	Sol5	G5	349	349	1	8	417	95	96	.	3.38888888889
90	9	Fa5	F5	340	340	1	8	417	95	96	.	3.44444444444
91	12	Mi5	E5	336	336	3	16	625	95	96	.	3.52777777778
92	9	Re5	D5	327	327	1	16	208	95	96	.	3.55555555556
93	11	Do5	C5	318	318	1	16	208	95	96	.	3.58333333333
94	11	Si4	B4	314	314	1	16	208	95	96	.	3.61111111111
95	11	La4	A4	305	305	1	16	208	95	96	.	3.63888888889
96	9	Sol4#4	G4#4	300	300	1	16	208	95	96	.	3.66666666667
97	9	La4	A4	305	305	3	8	1250	95	96	.	3.83333333333
98	1	Mi5	E5	336	336	1	16	208	95	96	.	3.86111111111
99	1	Fa5	F5	340	340	1	16	208	95	96	.	3.88888888889
100	1	Mi5	E5	336	336	1	16	208	95	96	.	3.91666666667
101	1	Re5	D5	327	327	1	16	208	95	96	.	3.94444444444
102	1	Do5	C5	318	318	1	16	208	95	96	.	3.97222222222
103	1	Re5	D5	327	327	1	16	208	95	96	.	4.0
104	9	Sol4	G4	296	296	1	8	417	95	96	ARANAĞME	4.05555555556
105	9	Do5	C5	318	318	1	4	833	95	96	.	4.16666666667
106	9	Si4	B4	314	314	1	8	417	95	96	.	4.22222222222
107	9	Do5	C5	318	318	1	16	208	95	96	.	4.25
108	10	Re5	D5	327	327	1	16	208	95	96	.	4.27777777778
109	8	Mi5	E5	336	336	0	0	0	95	96	.	4.27777777778
110	10	Do5	C5	318	318	1	16	208	95	96	.	4.30555555556
111	8	Re5	D5	327	327	0	0	0	95	96	.	4.30555555556
112	9	Si4	B4	314	314	1	16	208	95	96	.	4.33333333333
113	23	Do5	C5	318	318	1	8	417	95	96	.	4.38888888889
114	9	Re5	D5	327	327	1	8	417	95	96	.	4.44444444444
115	10	Mi5	E5	336	336	1	8	417	95	96	.	4.5
116	8	Fa5	F5	340	340	0	0	0	95	96	.	4.5
117	10	Mi5	E5	336	336	1	16	208	95	96	.	4.52777777778
118	8	Fa5	F5	340	340	0	0	0	95	96	.	4.52777777778
119	9	Re5	D5	327	327	1	16	208	95	96	.	4.55555555556
120	9	Do5	C5	318	318	1	16	208	95	96	.	4.58333333333
121	9	Si4	B4	314	314	1	16	208	95	96	.	4.61111111111
122	9	Do5	C5	318	318	1	16	208	95	96	.	4.63888888889
123	9	Re5	D5	327	327	1	16	208	95	96	.	4.66666666667
124	9	Mi5	E5	336	336	1	4	833	95	96	.	4.77777777778
125	9	Mi5	E5	336	336	1	32	104	95	96	.	4.79166666667
126	9	Fa5	F5	340	340	1	32	104	95	96	.	4.80555555556
127	9	Mi5	E5	336	336	1	32	104	95	96	.	4.81944444444
128	9	Sol5	G5	349	349	1	32	104	95	96	.	4.83333333333
129	9	Fa5	F5	340	340	1	32	104	95	96	.	4.84722222222
130	9	Sol5	G5	349	349	1	32	104	95	96	.	4.86111111111
131	9	Mi5	E5	336	336	1	32	104	95	96	.	4.875
132	9	Fa5	F5	340	340	1	32	104	95	96	.	4.88888888889
133	9	Mi5	E5	336	336	1	4	833	95	96	.	5.0
134	9	Mi5	E5	336	336	1	16	208	95	96	.	5.02777777778
135	9	Mi5	E5	336	336	1	32	104	95	96	.	5.04166666667
136	9	Sol5	G5	349	349	1	32	104	95	96	.	5.05555555556
137	9	Mi5	E5	336	336	1	16	208	95	96	.	5.08333333333
138	9	Fa5	F5	340	340	1	16	208	95	96	.	5.11111111111
139	9	La5	A5	358	358	1	16	208	95	96	.	5.13888888889
140	7	La5	A5	358	358	2	16	417	50	96	.	5.19444444444
141	9	Sol5	G5	349	349	1	16	208	95	96	.	5.22222222222
142	9	Sol5	G5	349	349	1	16	208	95	96	.	5.25
143	7	Sol5	G5	349	349	2	16	417	50	96	.	5.30555555556
144	9	Fa5	F5	340	340	1	16	208	95	96	.	5.33333333333
145	9	Fa5	F5	340	340	1	16	208	95	96	.	5.36111111111
146	7	Fa5	F5	340	340	2	16	417	50	96	.	5.41666666667
147	9	Mi5	E5	336	336	1	16	208	95	96	.	5.44444444444
148	9	Mi5	E5	336	336	1	16	208	95	96	.	5.47222222222
149	7	Mi5	E5	336	336	2	16	417	50	96	.	5.52777777778
150	9	Re5	D5	327	327	1	16	208	95	96	.	5.55555555556
151	9	Re5	D5	327	327	1	16	208	95	96	.	5.58333333333
152	7	Re5	D5	327	327	2	16	417	50	96	.	5.63888888889
153	9	Do5	C5	318	318	1	16	208	95	96	.	5.66666666667
154	9	Si4	B4	314	314	1	16	208	95	96	.	5.69444444444
155	9	Do5	C5	318	318	1	16	208	95	96	.	5.72222222222
156	9	Re5	D5	327	327	1	16	208	95	96	.	5.75
157	9	Si4	B4	314	314	1	16	208	95	96	.	5.77777777778
158	9	Do5	C5	318	318	1	16	208	95	96	.	5.80555555556
159	9	Sol5	G5	349	349	1	16	208	95	96	.	5.83333333333
160	11	Fa5	F5	340	340	1	16	208	95	96	.	5.86111111111
161	11	Mi5	E5	336	336	1	16	208	95	96	.	5.88888888889
162	11	Re5	D5	327	327	1	16	208	95	96	.	5.91666666667
163	11	Do5	C5	318	318	1	16	208	95	96	.	5.94444444444
164	11	Si4	B4	314	314	1	16	208	95	96	.	5.97222222222
165	11	La4	A4	305	305	1	16	208	95	96	.	6.0
166	9	Sol4	G4	296	296	1	8	417	95	96	.	6.05555555556
167	9	Do5	C5	318	318	1	4	833	95	96	.	6.16666666667
168	9	Re5	D5	327	327	1	8	417	95	96	.	6.22222222222
169	12	Mi5	E5	336	336	2	16	417	95	96	.	6.27777777778
170	9	Re5	D5	327	327	1	4	833	95	96	.	6.38888888889
171	9	Fa5	F5	340	340	1	8	417	95	96	.	6.44444444444
172	12	Mi5	E5	336	336	3	16	625	95	96	.	6.52777777778
173	9	Re5	D5	327	327	1	16	208	95	96	.	6.55555555556
174	9	Do5	C5	318	318	1	8	417	95	96	.	6.61111111111
175	9	Si4	B4	314	314	1	8	417	95	96	.	6.66666666667
176	10	La4	A4	305	305	1	8	417	95	96	.	6.72222222222
177	8	Do5	C5	318	318	0	0	0	95	96	.	6.72222222222
178	10	Si4	B4	314	314	1	16	208	95	96	.	6.75
179	8	Do5	C5	318	318	0	0	0	95	96	.	6.75
180	10	La4	A4	305	305	1	16	208	95	96	.	6.77777777778
181	8	Si4	B4	314	314	0	0	0	95	96	.	6.77777777778
182	9	Sol4	G4	296	296	1	4	833	95	96	.	6.88888888889
183	9	Es	Es	-1	-1	1	4	833	100	0	.	7.0
184	9	Sol4	G4	296	296	1	8	417	95	96	.	7.05555555556
185	9	Do5	C5	318	318	1	8	417	95	96	.	7.11111111111
186	9	Re5	D5	327	327	1	8	417	95	96	.	7.16666666667
187	9	Mi5	E5	336	336	1	8	417	95	96	.	7.22222222222
188	9	Fa5	F5	340	340	3	32	312	95	96	.	7.26388888889
189	9	Mi5	E5	336	336	1	32	104	95	96	.	7.27777777778
190	9	Fa5	F5	340	340	1	16	208	95	96	.	7.30555555556
191	9	La5	A5	358	358	1	16	208	95	96	.	7.33333333333
192	9	Sol5	G5	349	349	1	8	417	95	96	.	7.38888888889
193	9	Fa5	F5	340	340	1	8	417	95	96	.	7.44444444444
194	12	Mi5	E5	336	336	3	16	625	95	96	.	7.52777777778
195	11	Re5	D5	327	327	1	16	208	95	96	.	7.55555555556
196	11	Do5	C5	318	318	1	16	208	95	96	.	7.58333333333
197	11	Si4	B4	314	314	1	16	208	95	96	.	7.61111111111
198	11	La4	A4	305	305	1	16	208	95	96	.	7.63888888889
199	9	Sol4#4	G4#4	300	300	1	16	208	95	96	.	7.66666666667
200	9	La4	A4	305	305	3	8	1250	95	96	.	7.83333333333
201	1	Sol5	G5	349	349	1	16	208	95	96	.	7.86111111111
202	1	La5	A5	358	358	1	16	208	95	96	.	7.88888888889
203	1	Sol5	G5	349	349	1	16	208	95	96	.	7.91666666667
204	1	Fa5	F5	340	340	1	16	208	95	96	.	7.94444444444
205	1	Mi5	E5	336	336	1	16	208	95	96	.	7.97222222222
206	1	Fa5	F5	340	340	1	16	208	95	96	.	8.0
207	1	Mi5	E5	336	336	3	32	312	95	96	.	8.04166666667
208	1	Re5	D5	327	327	1	32	104	95	96	.	8.05555555556
209	1	Mi5	E5	336	336	1	16	208	95	96	.	8.08333333333
210	1	Fa5	F5	340	340	1	16	208	95	96	.	8.11111111111
211	1	Mi5	E5	336	336	1	16	208	95	96	.	8.13888888889
212	1	Re5	D5	327	327	1	16	208	95	96	.	8.16666666667
213	1	Do5	C5	318	318	1	16	208	95	96	.	8.19444444444
214	1	Si4	B4	314	314	1	16	208	95	96	.	8.22222222222
215	1	La4	A4	305	305	1	8	417	95	96	.	8.27777777778
216	9	Sol4	G4	296	296	1	4	833	95	96	Dün 	8.38888888889
217	9	Do5	C5	318	318	1	8	417	95	96	ge	8.44444444444
218	9	Do5	C5	318	318	6	16	1250	99	96	ce	8.61111111111
219	9	Si4	B4	314	314	1	8	417	95	96		8.66666666667
220	9	Do5	C5	318	318	1	16	208	99	96	bir 	8.69444444444
221	11	Re5	D5	327	327	1	16	208	99	96		8.72222222222
222	11	Do5	C5	318	318	1	16	208	99	96		8.75
223	9	Si4	B4	314	314	1	16	208	99	96		8.77777777778
224	23	Do5	C5	318	318	1	8	417	99	96		8.83333333333
225	9	Re5	D5	327	327	1	8	417	99	96		8.88888888889
226	12	Mi5	E5	336	336	2	16	417	99	96		8.94444444444
227	10	Re5	D5	327	327	1	8	417	99	96		9.0
228	8	Mi5	E5	336	336	0	0	0	99	96		9.0
229	9	Re5	D5	327	327	1	8	417	99	96		9.05555555556
230	12	Mi5	E5	336	336	2	16	417	99	96		9.11111111111
231	11	Re5	D5	327	327	1	16	208	99	96		9.13888888889
232	11	Do5	C5	318	318	1	16	208	99	96		9.16666666667
233	11	Do5	C5	318	318	1	16	208	99	96		9.19444444444
234	9	Si4	B4	314	314	1	16	208	99	96		9.22222222222
235	9	Do5	C5	318	318	1	8	417	95	96		9.27777777778
236	11	Mi5	E5	336	336	1	8	417	99	96	bezm_	9.33333333333
237	9	Re5	D5	327	327	1	8	417	95	96		9.38888888889
238	8	Sol5	G5	349	349	0	0	0	95	96		9.38888888889
239	9	Fa5	F5	340	340	1	8	417	95	96	i 	9.44444444444
240	8	Fa5	F5	340	340	0	0	0	95	96		9.44444444444
241	9	Mi5	E5	336	336	1	8	417	99	96	mey	9.5
242	9	Re5	D5	327	327	1	8	417	99	96		9.55555555556
243	9	Do5	C5	318	318	1	8	417	99	96		9.61111111111
244	9	Si4	B4	314	314	1	8	417	95	96		9.66666666667
245	9	Do5	C5	318	318	1	16	208	99	96	de 	9.69444444444
246	9	Si4	B4	314	314	1	16	208	99	96		9.72222222222
247	9	Do5	C5	318	318	1	16	208	99	96		9.75
248	9	Re5	D5	327	327	1	16	208	99	96		9.77777777778
249	9	Do5	C5	318	318	1	8	417	99	96		9.83333333333
250	9	Si4	B4	314	314	1	8	417	99	96		9.88888888889
251	9	La4	A4	305	305	1	8	417	99	96		9.94444444444
252	9	Sol4#4	G4#4	300	300	1	8	417	99	96		10.0
253	9	La4	A4	305	305	1	4	833	95	96		10.1111111111
254	9	Es	Es	-1	-1	1	16	208	100	0		10.1388888889
255	11	Do5	C5	318	318	1	16	208	99	96	SAZ	10.1666666667
256	11	Si4	B4	314	314	1	16	208	99	96	.	10.1944444444
257	11	La4	A4	305	305	1	16	208	99	96	.	10.2222222222
258	9	Sol4	G4	296	296	1	8	417	95	96	.	10.2777777778
259	9	Sol4	G4	296	296	1	4	833	95	96	âh 	10.3888888889
260	9	Do5	C5	318	318	1	8	417	95	96	e	10.4444444444
261	9	Do5	C5	318	318	6	16	1250	99	96	dip 	10.6111111111
262	9	Si4	B4	314	314	1	8	417	95	96		10.6666666667
263	9	Do5	C5	318	318	1	16	208	99	96	an	10.6944444444
264	9	Re5	D5	327	327	1	16	208	99	96		10.7222222222
265	23	Do5	C5	318	318	1	8	417	99	96		10.7777777778
266	9	Re5	D5	327	327	1	4	833	99	96		10.8888888889
267	9	Mi5	E5	336	336	1	4	833	99	96		11.0
268	9	Mi5	E5	336	336	1	8	417	99	96		11.0555555556
269	9	Re5	D5	327	327	1	8	417	99	96		11.1111111111
270	12	Sol5	G5	349	349	2	16	417	99	96		11.1666666667
271	11	Fa5	F5	340	340	1	16	208	99	96		11.1944444444
272	11	Mi5	E5	336	336	1	16	208	99	96		11.2222222222
273	9	Mi5	E5	336	336	1	8	417	95	96		11.2777777778
274	23	Mi5	E5	336	336	1	8	417	99	96	mış 	11.3333333333
275	4	Re5	D5	327	327	1	8	417	99	96		11.3888888889
276	9	Sol5	G5	349	349	1	8	417	99	96		11.4444444444
277	10	Fa5	F5	340	340	1	8	417	99	96		11.5
278	8	Sol5	G5	349	349	0	0	0	99	96		11.5
279	9	Mi5	E5	336	336	1	4	833	95	96		11.6111111111
280	9	Mi5	E5	336	336	1	8	417	95	96	be	11.6666666667
281	9	Mi5	E5	336	336	3	8	1250	95	96	ni  	11.8333333333
282	9	Re5	D5	327	327	1	8	417	95	96	SAZ	11.8888888889
283	9	Do5	C5	318	318	1	8	417	95	96	.	11.9444444444
284	9	Re5	D5	327	327	1	8	417	95	96	.	12.0
285	9	Mi5	E5	336	336	3	16	625	95	96	.	12.0833333333
286	9	Fa5	F5	340	340	1	16	208	95	96	.	12.1111111111
287	9	Mi5	E5	336	336	1	16	208	95	96	.	12.1388888889
288	9	Re5	D5	327	327	1	16	208	95	96	.	12.1666666667
289	9	Do5	C5	318	318	1	16	208	95	96	.	12.1944444444
290	9	Re5	D5	327	327	1	16	208	95	96	.	12.2222222222
291	9	Mi5	E5	336	336	1	8	417	95	96	.	12.2777777778
292	9	Re5	D5	327	327	1	4	833	95	96	Var	12.3888888889
293	9	La5	A5	358	358	1	8	417	95	96	sın_	12.4444444444
294	23	Sol5	G5	349	349	1	8	417	99	96	öğ	12.5
295	9	La5	A5	358	358	1	8	417	99	96		12.5555555556
296	9	Sol5	G5	349	349	1	8	417	99	96		12.6111111111
297	9	Fa5	F5	340	340	1	8	417	95	96		12.6666666667
298	12	Mi5	E5	336	336	3	16	625	99	96	ren	12.75
299	9	Fa5	F5	340	340	1	16	208	99	96		12.7777777778
300	23	Sol5	G5	349	349	1	8	417	99	96		12.8333333333
301	9	La5	A5	358	358	1	8	417	99	96		12.8888888889
302	9	Sol5	G5	349	349	1	8	417	99	96		12.9444444444
303	9	Fa5	F5	340	340	1	8	417	99	96		13.0
304	9	Mi5	E5	336	336	1	8	417	99	96		13.0555555556
305	9	Re5	D5	327	327	1	8	417	99	96		13.1111111111
306	9	Do5	C5	318	318	1	8	417	99	96		13.1666666667
307	9	Si4	B4	314	314	1	4	834	95	96		13.2777777778
308	9	La4	A4	305	305	1	4	833	95	96	sin 	13.3888888889
309	9	Si4	B4	314	314	1	8	417	95	96	na	13.4444444444
310	23	La4	A4	305	305	1	8	417	99	96	sıl	13.5
311	12	Si4	B4	314	314	2	8	833	99	96		13.6111111111
312	9	La4	A4	305	305	1	8	417	95	96		13.6666666667
313	9	La4	A4	305	305	2	32	208	99	96	mış 	13.6944444444
314	9	Sol4	G4	296	296	1	16	208	99	96		13.7222222222
315	9	Sol4	G4	296	296	1	16	208	99	96		13.75
316	9	Fa4#3	F4#4	290	291	1	16	208	99	96		13.7777777778
317	9	Sol4	G4	296	296	1	4	833	99	96		13.8888888889
318	23	La4	A4	305	305	1	8	417	99	96		13.9444444444
319	9	Si4	B4	314	314	1	8	417	99	96		14.0
320	9	Do5	C5	318	318	1	2	1667	99	96		14.2222222222
321	9	Do5	C5	318	318	1	8	417	95	96		14.2777777778
322	9	Do5	C5	318	318	1	4	833	95	96	âh 	14.3888888889
323	9	Do5	C5	318	318	1	8	417	95	96	e	14.4444444444
324	9	Do5	C5	318	318	3	32	312	99	96	dip 	14.4861111111
325	9	Re5	D5	327	327	1	32	104	99	96		14.5
326	11	Do5	C5	318	318	1	16	208	99	96		14.5277777778
327	9	Si4	B4	314	314	1	16	208	99	96		14.5555555556
328	9	La4	A4	305	305	1	4	833	95	96		14.6666666667
329	12	Si4	B4	314	314	4	16	833	99	96	yâd_	14.7777777778
330	9	Do5	C5	318	318	1	4	833	99	96		14.8888888889
331	9	Re5	D5	327	327	1	4	833	99	96		15.0
332	9	Mi5	E5	336	336	1	16	208	99	96		15.0277777778
333	11	Fa5	F5	340	340	1	16	208	99	96		15.0555555556
334	11	Mi5	E5	336	336	1	16	208	99	96		15.0833333333
335	11	Re5	D5	327	327	1	16	208	99	96		15.1111111111
336	11	Do5	C5	318	318	1	16	208	99	96		15.1388888889
337	11	Si4	B4	314	314	1	16	208	99	96		15.1666666667
338	9	La4	A4	305	305	1	8	417	95	96		15.2222222222
339	9	Es	Es	-1	-1	1	8	417	100	0		15.2777777778
340	9	Do5	C5	318	318	1	8	417	99	96	ey	15.3333333333
341	9	Si4	B4	314	314	1	8	417	99	96		15.3888888889
342	9	Re5	D5	327	327	1	8	417	99	96		15.4444444444
343	9	Re5	D5	327	327	1	16	208	99	96		15.4722222222
344	9	Do5	C5	318	318	1	16	208	99	96		15.5
345	9	Do5	C5	318	318	1	16	208	99	96		15.5277777778
346	9	Si4	B4	314	314	1	16	208	99	96		15.5555555556
347	9	Si4	B4	314	314	1	16	208	99	96		15.5833333333
348	11	La4	A4	305	305	1	16	208	95	96		15.6111111111
349	9	La4	A4	305	305	1	16	208	99	96	le	15.6388888889
350	9	Sol4#4	G4#4	300	300	1	16	208	95	96		15.6666666667
351	9	La4	A4	305	305	3	8	1250	95	96	mek  	15.8333333333
352	9	Re5	D5	327	327	1	8	417	95	96	SAZ	15.8888888889
353	9	Do5	C5	318	318	1	8	417	95	96	.	15.9444444444
354	9	Re5	D5	327	327	1	8	417	95	96	.	16.0
355	9	Mi5	E5	336	336	3	16	625	95	96	.	16.0833333333
356	9	Fa5	F5	340	340	1	16	208	95	96	.	16.1111111111
357	9	Mi5	E5	336	336	1	16	208	95	96	.	16.1388888889
358	9	Re5	D5	327	327	1	16	208	95	96	.	16.1666666667
359	9	Do5	C5	318	318	1	16	208	95	96	.	16.1944444444
360	9	Re5	D5	327	327	1	16	208	95	96	.	16.2222222222
361	9	Mi5	E5	336	336	1	8	417	95	96	.	16.2777777778
362	9	Re5	D5	327	327	1	4	833	95	96	Var	16.3888888889
363	9	La5	A5	358	358	1	8	417	95	96	sın_	16.4444444444
364	23	Sol5	G5	349	349	1	8	417	99	96	öğ	16.5
365	9	La5	A5	358	358	1	8	417	99	96		16.5555555556
366	9	Sol5	G5	349	349	1	8	417	99	96		16.6111111111
367	9	Fa5	F5	340	340	1	8	417	95	96		16.6666666667
368	12	Mi5	E5	336	336	3	16	625	99	96	ren	16.75
369	9	Fa5	F5	340	340	1	16	208	99	96		16.7777777778
370	23	Sol5	G5	349	349	1	8	417	99	96		16.8333333333
371	9	La5	A5	358	358	1	8	417	99	96		16.8888888889
372	9	Sol5	G5	349	349	1	8	417	99	96		16.9444444444
373	9	Fa5	F5	340	340	1	8	417	99	96		17.0
374	9	Mi5	E5	336	336	1	8	417	99	96		17.0555555556
375	9	Re5	D5	327	327	1	8	417	99	96		17.1111111111
376	9	Do5	C5	318	318	1	8	417	99	96		17.1666666667
377	9	Si4	B4	314	314	1	4	834	95	96		17.2777777778
378	9	La4	A4	305	305	1	4	833	95	96	sin 	17.3888888889
379	9	Si4	B4	314	314	1	8	417	95	96	na	17.4444444444
380	23	La4	A4	305	305	1	8	417	99	96	sıl	17.5
381	12	Si4	B4	314	314	2	8	833	99	96		17.6111111111
382	9	La4	A4	305	305	1	8	417	95	96		17.6666666667
383	9	La4	A4	305	305	2	32	208	99	96	mış 	17.6944444444
384	9	Sol4	G4	296	296	1	16	208	99	96		17.7222222222
385	9	Sol4	G4	296	296	1	16	208	99	96		17.75
386	9	Fa4#3	F4#4	290	291	1	16	208	99	96		17.7777777778
387	9	Sol4	G4	296	296	1	4	833	99	96		17.8888888889
388	23	La4	A4	305	305	1	8	417	99	96		17.9444444444
389	9	Si4	B4	314	314	1	8	417	99	96		18.0
390	9	Do5	C5	318	318	1	2	1667	99	96		18.2222222222
391	9	Do5	C5	318	318	1	8	417	95	96		18.2777777778
392	9	Do5	C5	318	318	1	4	833	95	96	âh 	18.3888888889
393	9	Do5	C5	318	318	1	8	417	95	96	e	18.4444444444
394	9	Do5	C5	318	318	3	32	312	99	96	dip 	18.4861111111
395	9	Re5	D5	327	327	1	32	104	99	96		18.5
396	11	Do5	C5	318	318	1	16	208	99	96		18.5277777778
397	9	Si4	B4	314	314	1	16	208	99	96		18.5555555556
398	9	La4	A4	305	305	1	4	833	95	96		18.6666666667
399	12	Si4	B4	314	314	4	16	833	99	96	yâd_	18.7777777778
400	9	Do5	C5	318	318	1	4	833	99	96		18.8888888889
401	9	Re5	D5	327	327	1	4	833	99	96		19.0
402	9	Mi5	E5	336	336	1	16	208	99	96		19.0277777778
403	11	Fa5	F5	340	340	1	16	208	99	96		19.0555555556
404	11	Mi5	E5	336	336	1	16	208	99	96		19.0833333333
405	11	Re5	D5	327	327	1	16	208	99	96		19.1111111111
406	11	Do5	C5	318	318	1	16	208	99	96		19.1388888889
407	11	Si4	B4	314	314	1	16	208	99	96		19.1666666667
408	9	La4	A4	305	305	1	8	417	95	96		19.2222222222
409	9	Es	Es	-1	-1	1	8	417	100	0		19.2777777778
410	9	Do5	C5	318	318	1	8	417	99	96	ey	19.3333333333
411	9	Si4	B4	314	314	1	8	417	99	96		19.3888888889
412	9	Re5	D5	327	327	1	8	417	99	96		19.4444444444
413	9	Re5	D5	327	327	1	16	208	99	96		19.4722222222
414	9	Do5	C5	318	318	1	16	208	99	96		19.5
415	9	Do5	C5	318	318	1	16	208	99	96		19.5277777778
416	9	Si4	B4	314	314	1	16	208	99	96		19.5555555556
417	9	Si4	B4	314	314	1	16	208	99	96		19.5833333333
418	11	La4	A4	305	305	1	16	208	95	96		19.6111111111
419	9	La4	A4	305	305	1	16	208	99	96	le	19.6388888889
420	9	Sol4#4	G4#4	300	300	1	16	208	95	96		19.6666666667
421	9	La4	A4	305	305	3	8	1250	95	96	mek  	19.8333333333
422	9	La5	A5	358	358	1	16	208	95	96	SAZ	19.8611111111
423	9	Sol5	G5	349	349	1	16	208	95	96	.	19.8888888889
424	9	Sol5	G5	349	349	1	16	208	95	96	.	19.9166666667
425	9	Fa5#4	F5#4	344	344	1	16	208	95	96	.	19.9444444444
426	9	Fa5#4	F5#4	344	344	1	16	208	95	96	.	19.9722222222
427	9	Mi5#4	E5#4	340	340	1	16	208	95	96	.	20.0
428	9	Fa5#4	F5#4	344	344	3	16	625	95	96	.	20.0833333333
429	9	Sol5	G5	349	349	1	16	208	95	96	.	20.1111111111
430	9	Fa5#4	F5#4	344	344	1	16	208	95	96	.	20.1388888889
431	9	Mi5#4	E5#4	340	340	1	16	208	95	96	.	20.1666666667
432	9	Re5	D5	327	327	1	16	208	95	96	.	20.1944444444
433	9	Mi5#4	E5#4	340	340	1	16	208	95	96	.	20.2222222222
434	9	Fa5#4	F5#4	344	344	1	8	417	95	96	.	20.2777777778
435	9	Re5	D5	327	327	1	4	833	95	96	Söz 	20.3888888889
436	23	Mi5#4	E5#4	340	340	1	8	417	95	96	bu 	20.4444444444
437	7	Fa5#4	F5#4	344	344	8	16	1667	95	96	ya 	20.6666666667
438	23	Fa5#4	F5#4	344	344	1	8	417	99	96	bir 	20.7222222222
439	9	Sol5	G5	349	349	1	8	417	99	96		20.7777777778
440	9	Fa5#4	F5#4	344	344	1	8	417	99	96		20.8333333333
441	9	Mi5#4	E5#4	340	340	1	8	417	99	96		20.8888888889
442	9	Re5	D5	327	327	1	8	417	99	96		20.9444444444
443	7	Do5#4	C5#4	322	322	2	16	417	99	96		21.0
444	9	Re5	D5	327	327	3	32	312	99	96		21.0416666667
445	9	Mi5	E5	336	336	1	32	104	99	96		21.0555555556
446	9	Re5	D5	327	327	1	16	208	99	96		21.0833333333
447	9	Do5#4	C5#4	322	322	1	16	208	99	96		21.1111111111
448	9	Si4b1	B4b1	313	313	1	16	208	99	96		21.1388888889
449	9	La4#4	A4#4	309	309	1	16	208	99	96		21.1666666667
450	9	Si4b1	B4b1	313	313	1	8	417	95	96		21.2222222222
451	9	Es	Es	-1	-1	1	8	417	100	0		21.2777777778
452	9	Si4b1	B4b1	313	313	1	4	833	95	96	baş	21.3888888889
453	9	Si4b1	B4b1	313	313	1	8	417	95	96	ka	21.4444444444
454	12	Re5	D5	327	327	2	16	417	99	96	sın	21.5
455	9	Do5	C5	318	318	1	16	208	99	96		21.5277777778
456	9	Re5	D5	327	327	1	16	208	99	96		21.5555555556
457	23	Do5	C5	318	318	1	8	417	99	96		21.6111111111
458	9	Re5	D5	327	327	1	8	417	95	96		21.6666666667
459	10	Mi5	E5	336	336	1	8	417	99	96	dan 	21.7222222222
460	8	Fa5	F5	340	340	0	0	0	99	96		21.7222222222
461	11	Mi5	E5	336	336	1	16	208	99	96		21.75
462	11	Re5	D5	327	327	1	16	208	99	96		21.7777777778
463	9	Re5	D5	327	327	1	4	833	99	96		21.8888888889
464	9	Sol5	G5	349	349	1	4	833	99	96		22.0
465	11	Sol5	G5	349	349	1	16	208	99	96		22.0277777778
466	11	Fa5#4	F5#4	344	344	1	16	208	99	96		22.0555555556
467	11	Mi5b4	E5b4	332	332	1	16	208	99	96		22.0833333333
468	9	Re5	D5	327	327	1	16	208	99	96		22.1111111111
469	11	Re5	D5	327	327	1	24	139	99	96		22.1296296296
470	11	Re5	D5	327	327	1	24	139	99	96		22.1481481481
471	11	Do5	C5	318	318	1	24	139	99	96		22.1666666667
472	9	Do5	C5	318	318	1	16	208	99	96		22.1944444444
473	9	Si4b1	B4b1	313	313	1	16	208	99	96		22.2222222222
474	9	Do5	C5	318	318	1	8	417	95	96		22.2777777778
475	9	Sol4	G4	296	296	1	4	833	95	96	çok	22.3888888889
476	9	Do5	C5	318	318	1	8	417	95	96	ça 	22.4444444444
477	7	Do5	C5	318	318	6	16	1250	99	96	kıs	22.6111111111
478	9	Si4b1	B4b1	313	313	1	8	417	95	96		22.6666666667
479	9	Do5	C5	318	318	1	16	208	99	96	kan	22.6944444444
480	9	Re5	D5	327	327	1	16	208	99	96		22.7222222222
481	23	Do5	C5	318	318	1	8	417	99	96		22.7777777778
482	9	Re5	D5	327	327	1	4	833	99	96		22.8888888889
483	9	Mi5	E5	336	336	1	4	833	99	96		23.0
484	9	Mi5	E5	336	336	1	8	417	99	96		23.0555555556
485	9	Re5	D5	327	327	1	8	417	99	96		23.1111111111
486	12	Sol5	G5	349	349	2	16	417	99	96		23.1666666667
487	11	Fa5	F5	340	340	1	16	208	99	96		23.1944444444
488	11	Mi5	E5	336	336	1	16	208	99	96		23.2222222222
489	9	Mi5	E5	336	336	1	8	417	95	96		23.2777777778
490	12	Mi5	E5	336	336	2	16	417	99	96	mış 	23.3333333333
491	9	Re5	D5	327	327	1	8	417	99	96		23.3888888889
492	9	Sol5	G5	349	349	1	8	417	99	96		23.4444444444
493	10	Fa5	F5	340	340	1	8	417	99	96		23.5
494	8	Sol5	G5	349	349	0	0	0	99	96		23.5
495	9	Mi5	E5	336	336	1	4	833	95	96		23.6111111111
496	9	Mi5	E5	336	336	1	8	417	95	96	be	23.6666666667
497	9	Mi5	E5	336	336	3	8	1250	95	96	ni  	23.8333333333
498	9	Re5	D5	327	327	1	8	417	95	96	SAZ	23.8888888889
499	9	Do5	C5	318	318	1	8	417	95	96	.	23.9444444444
500	9	Re5	D5	327	327	1	8	417	95	96	.	24.0
501	9	Mi5	E5	336	336	3	16	625	95	96	.	24.0833333333
502	9	Fa5	F5	340	340	1	16	208	95	96	.	24.1111111111
503	9	Mi5	E5	336	336	1	16	208	95	96	.	24.1388888889
504	9	Re5	D5	327	327	1	16	208	95	96	.	24.1666666667
505	9	Do5	C5	318	318	1	16	208	95	96	.	24.1944444444
506	9	Re5	D5	327	327	1	16	208	95	96	.	24.2222222222
507	9	Mi5	E5	336	336	1	8	417	95	96	.	24.2777777778
508	9	Re5	D5	327	327	1	4	833	95	96	Var	24.3888888889
509	9	La5	A5	358	358	1	8	417	95	96	sın_	24.4444444444
510	23	Sol5	G5	349	349	1	8	417	99	96	öğ	24.5
511	9	La5	A5	358	358	1	8	417	99	96		24.5555555556
512	9	Sol5	G5	349	349	1	8	417	99	96		24.6111111111
513	9	Fa5	F5	340	340	1	8	417	95	96		24.6666666667
514	12	Mi5	E5	336	336	3	16	625	99	96	ren	24.75
515	9	Fa5	F5	340	340	1	16	208	99	96		24.7777777778
516	23	Sol5	G5	349	349	1	8	417	99	96		24.8333333333
517	9	La5	A5	358	358	1	8	417	99	96		24.8888888889
518	9	Sol5	G5	349	349	1	8	417	99	96		24.9444444444
519	9	Fa5	F5	340	340	1	8	417	99	96		25.0
520	9	Mi5	E5	336	336	1	8	417	99	96		25.0555555556
521	9	Re5	D5	327	327	1	8	417	99	96		25.1111111111
522	9	Do5	C5	318	318	1	8	417	99	96		25.1666666667
523	9	Si4	B4	314	314	1	4	834	95	96		25.2777777778
524	9	La4	A4	305	305	1	4	833	95	96	sin 	25.3888888889
525	9	Si4	B4	314	314	1	8	417	95	96	na	25.4444444444
526	23	La4	A4	305	305	1	8	417	99	96	sıl	25.5
527	12	Si4	B4	314	314	2	8	833	99	96		25.6111111111
528	9	La4	A4	305	305	1	8	417	95	96		25.6666666667
529	9	La4	A4	305	305	2	32	208	99	96	mış 	25.6944444444
530	9	Sol4	G4	296	296	1	16	208	99	96		25.7222222222
531	9	Sol4	G4	296	296	1	16	208	99	96		25.75
532	9	Fa4#3	F4#4	290	291	1	16	208	99	96		25.7777777778
533	9	Sol4	G4	296	296	1	4	833	99	96		25.8888888889
534	23	La4	A4	305	305	1	8	417	99	96		25.9444444444
535	9	Si4	B4	314	314	1	8	417	99	96		26.0
536	9	Do5	C5	318	318	1	2	1667	99	96		26.2222222222
537	9	Do5	C5	318	318	1	8	417	95	96		26.2777777778
538	9	Do5	C5	318	318	1	4	833	95	96	âh 	26.3888888889
539	9	Do5	C5	318	318	1	8	417	95	96	e	26.4444444444
540	9	Do5	C5	318	318	3	32	312	99	96	dip 	26.4861111111
541	9	Re5	D5	327	327	1	32	104	99	96		26.5
542	11	Do5	C5	318	318	1	16	208	99	96		26.5277777778
543	9	Si4	B4	314	314	1	16	208	99	96		26.5555555556
544	9	La4	A4	305	305	1	4	833	95	96		26.6666666667
545	12	Si4	B4	314	314	4	16	833	99	96	yâd_	26.7777777778
546	9	Do5	C5	318	318	1	4	833	99	96		26.8888888889
547	9	Re5	D5	327	327	1	4	833	99	96		27.0
548	9	Mi5	E5	336	336	1	16	208	99	96		27.0277777778
549	11	Fa5	F5	340	340	1	16	208	99	96		27.0555555556
550	11	Mi5	E5	336	336	1	16	208	99	96		27.0833333333
551	11	Re5	D5	327	327	1	16	208	99	96		27.1111111111
552	11	Do5	C5	318	318	1	16	208	99	96		27.1388888889
553	11	Si4	B4	314	314	1	16	208	99	96		27.1666666667
554	9	La4	A4	305	305	1	8	417	95	96		27.2222222222
555	9	Es	Es	-1	-1	1	8	417	100	0		27.2777777778
556	9	Do5	C5	318	318	1	8	417	99	96	ey	27.3333333333
557	9	Si4	B4	314	314	1	8	417	99	96		27.3888888889
558	9	Re5	D5	327	327	1	8	417	99	96		27.4444444444
559	9	Re5	D5	327	327	1	16	208	99	96		27.4722222222
560	9	Do5	C5	318	318	1	16	208	99	96		27.5
561	9	Do5	C5	318	318	1	16	208	99	96		27.5277777778
562	9	Si4	B4	314	314	1	16	208	99	96		27.5555555556
563	9	Si4	B4	314	314	1	16	208	99	96		27.5833333333
564	11	La4	A4	305	305	1	16	208	95	96		27.6111111111
565	9	La4	A4	305	305	1	16	208	99	96	le	27.6388888889
566	9	Sol4#4	G4#4	300	300	1	16	208	95	96		27.6666666667
567	9	La4	A4	305	305	3	8	1250	95	96	mek  	27.8333333333
568	9	Re5	D5	327	327	1	8	417	95	96	SAZ	27.8888888889
569	9	Do5	C5	318	318	1	8	417	95	96	.	27.9444444444
570	9	Re5	D5	327	327	1	8	417	95	96	.	28.0
571	9	Mi5	E5	336	336	3	16	625	95	96	.	28.0833333333
572	9	Fa5	F5	340	340	1	16	208	95	96	.	28.1111111111
573	9	Mi5	E5	336	336	1	16	208	95	96	.	28.1388888889
574	9	Re5	D5	327	327	1	16	208	95	96	.	28.1666666667
575	9	Do5	C5	318	318	1	16	208	95	96	.	28.1944444444
576	9	Re5	D5	327	327	1	16	208	95	96	.	28.2222222222
577	9	Mi5	E5	336	336	1	8	417	95	96	.	28.2777777778
578	9	Re5	D5	327	327	1	4	833	95	96	Var	28.3888888889
579	9	La5	A5	358	358	1	8	417	95	96	sın_	28.4444444444
580	23	Sol5	G5	349	349	1	8	417	99	96	öğ	28.5
581	9	La5	A5	358	358	1	8	417	99	96		28.5555555556
582	9	Sol5	G5	349	349	1	8	417	99	96		28.6111111111
583	9	Fa5	F5	340	340	1	8	417	95	96		28.6666666667
584	12	Mi5	E5	336	336	3	16	625	99	96	ren	28.75
585	9	Fa5	F5	340	340	1	16	208	99	96		28.7777777778
586	23	Sol5	G5	349	349	1	8	417	99	96		28.8333333333
587	9	La5	A5	358	358	1	8	417	99	96		28.8888888889
588	9	Sol5	G5	349	349	1	8	417	99	96		28.9444444444
589	9	Fa5	F5	340	340	1	8	417	99	96		29.0
590	9	Mi5	E5	336	336	1	8	417	99	96		29.0555555556
591	9	Re5	D5	327	327	1	8	417	99	96		29.1111111111
592	9	Do5	C5	318	318	1	8	417	99	96		29.1666666667
593	9	Si4	B4	314	314	1	4	834	95	96		29.2777777778
594	9	La4	A4	305	305	1	4	833	95	96	sin 	29.3888888889
595	9	Si4	B4	314	314	1	8	417	95	96	na	29.4444444444
596	23	La4	A4	305	305	1	8	417	99	96	sıl	29.5
597	12	Si4	B4	314	314	2	8	833	99	96		29.6111111111
598	9	La4	A4	305	305	1	8	417	95	96		29.6666666667
599	9	La4	A4	305	305	2	32	208	99	96	mış 	29.6944444444
600	9	Sol4	G4	296	296	1	16	208	99	96		29.7222222222
601	9	Sol4	G4	296	296	1	16	208	99	96		29.75
602	9	Fa4#3	F4#4	290	291	1	16	208	99	96		29.7777777778
603	9	Sol4	G4	296	296	1	4	833	99	96		29.8888888889
604	23	La4	A4	305	305	1	8	417	99	96		29.9444444444
605	9	Si4	B4	314	314	1	8	417	99	96		30.0
606	9	Do5	C5	318	318	1	2	1667	99	96		30.2222222222
607	9	Do5	C5	318	318	1	8	417	95	96		30.2777777778
608	9	Do5	C5	318	318	1	4	833	95	96	âh 	30.3888888889
609	9	Do5	C5	318	318	1	8	417	95	96	e	30.4444444444
610	9	Do5	C5	318	318	3	32	312	99	96	dip 	30.4861111111
611	9	Re5	D5	327	327	1	32	104	99	96		30.5
612	11	Do5	C5	318	318	1	16	208	99	96		30.5277777778
613	9	Si4	B4	314	314	1	16	208	99	96		30.5555555556
614	9	La4	A4	305	305	1	4	833	95	96		30.6666666667
615	12	Si4	B4	314	314	4	16	833	99	96	yâd_	30.7777777778
616	9	Do5	C5	318	318	1	4	833	99	96		30.8888888889
617	9	Re5	D5	327	327	1	4	833	99	96		31.0
618	9	Mi5	E5	336	336	1	16	208	95	96	KARAR	31.0277777778
619	11	Fa5	F5	340	340	1	16	208	95	96		31.0555555556
620	11	Mi5	E5	336	336	1	16	208	95	96		31.0833333333
621	11	Re5	D5	327	327	1	16	208	95	96		31.1111111111
622	11	Do5	C5	318	318	1	16	208	95	96		31.1388888889
623	11	Si4	B4	314	314	1	16	208	95	96		31.1666666667
624	9	La4	A4	305	305	1	8	417	95	96		31.2222222222
625	9	Es	Es	-1	-1	1	8	417	100	0		31.2777777778
626	9	Do5	C5	318	318	1	8	417	99	96		31.3333333333
627	9	Si4	B4	314	314	1	8	417	99	96		31.3888888889
628	9	Re5	D5	327	327	1	8	417	99	96		31.4444444444
629	9	Re5	D5	327	327	1	16	208	99	96		31.4722222222
630	9	Do5	C5	318	318	1	16	208	99	96		31.5
631	9	Do5	C5	318	318	1	16	208	99	96		31.5277777778
632	9	Si4	B4	314	314	1	16	208	99	96		31.5555555556
633	9	Si4	B4	314	314	1	16	208	99	96		31.5833333333
634	11	La4	A4	305	305	1	16	208	95	96		31.6111111111
635	9	La4	A4	305	305	1	16	208	99	96		31.6388888889
636	9	Sol4#4	G4#4	300	300	1	16	208	95	96		31.6666666667
637	9	La4	A4	305	305	1	2	1667	95	96		31.8888888889
638	9	Es	Es	-1	-1	1	4	833	100	0		32.0
