Sira	Kod	Nota53	NotaAE	Koma53	KomaAE	Pay	Payda	Ms	LNS	Bas	Soz1	Offset
1	51			0	0	8	8	0	17	0	Düyek	0.0
2	9	Es	Es	-1	-1	1	8	312	100	0		0.125
3	9	Mi5	E5	336	336	1	8	312	95	96		0.25
4	9	Mi5	E5	336	336	1	8	312	95	96		0.375
5	9	Mi5	E5	336	336	1	8	312	95	96		0.5
6	9	Mi5	E5	336	336	1	8	312	95	96		0.625
7	9	Fa5	F5	340	340	1	8	312	95	96		0.75
8	9	Mi5	E5	336	336	1	8	312	95	96		0.875
9	9	Re5	D5	327	327	1	8	312	95	96		1.0
10	9	Fa5	F5	340	340	3	16	469	95	96		1.1875
11	9	Mi5	E5	336	336	1	16	156	95	96		1.25
12	9	Re5	D5	327	327	1	8	312	95	96		1.375
13	9	Do5	C5	318	318	1	8	312	95	96		1.5
14	9	Re5	D5	327	327	3	16	469	95	96		1.6875
15	9	Do5	C5	318	318	1	16	156	95	96		1.75
16	9	Si4	B4	314	314	1	4	625	95	96		2.0
17	9	Es	Es	-1	-1	1	8	312	100	0		2.125
18	9	Re5	D5	327	327	1	8	312	95	96		2.25
19	9	Re5	D5	327	327	1	8	312	95	96		2.375
20	9	Re5	D5	327	327	1	8	312	95	96		2.5
21	9	Re5	D5	327	327	1	8	312	95	96		2.625
22	9	Mi5	E5	336	336	1	8	312	95	96		2.75
23	9	Re5	D5	327	327	1	8	312	95	96		2.875
24	9	Do5	C5	318	318	1	8	312	95	96		3.0
25	9	Re5	D5	327	327	1	8	312	95	96		3.125
26	9	Si4	B4	314	314	1	8	312	95	96		3.25
27	9	Do5	C5	318	318	1	8	312	95	96		3.375
28	9	Re5	D5	327	327	1	8	312	95	96		3.5
29	9	Mi5	E5	336	336	1	2	1250	95	96		4.0
30	9	Es	Es	-1	-1	1	8	312	100	0		4.125
31	9	La5	A5	358	358	1	4	625	95	96		4.375
32	9	Si5	B5	367	367	1	8	312	95	96		4.5
33	9	Do6	C6	371	371	3	16	469	95	96		4.6875
34	9	Si5	B5	367	367	1	16	156	95	96		4.75
35	9	La5	A5	358	358	1	8	312	95	96		4.875
36	9	Sol5	G5	349	349	1	8	312	95	96		5.0
37	9	La5	A5	358	358	3	16	469	95	96		5.1875
38	9	Sol5	G5	349	349	1	16	156	95	96		5.25
39	9	Fa5	F5	340	340	1	8	312	95	96		5.375
40	9	Mi5	E5	336	336	1	8	312	95	96		5.5
41	9	Fa5	F5	340	340	3	16	469	95	96		5.6875
42	9	Mi5	E5	336	336	1	16	156	95	96		5.75
43	9	Re5	D5	327	327	1	4	625	95	96		6.0
44	9	Es	Es	-1	-1	1	8	312	100	0		6.125
45	9	Mi5	E5	336	336	1	4	625	95	96		6.375
46	9	Fa5	F5	340	340	1	8	312	95	96		6.5
47	9	Mi5	E5	336	336	1	16	156	95	96		6.5625
48	9	Fa5	F5	340	340	1	16	156	95	96		6.625
49	9	Re5	D5	327	327	1	16	156	95	96		6.6875
50	9	Mi5	E5	336	336	1	16	156	95	96		6.75
51	9	Do5	C5	318	318	1	16	156	95	96		6.8125
52	9	Re5	D5	327	327	1	16	156	95	96		6.875
53	9	Si4	B4	314	314	1	16	156	95	96		6.9375
54	9	Do5	C5	318	318	1	16	156	95	96		7.0
55	9	La4	A4	305	305	1	2	1250	95	96		7.5
56	9	La4	A4	305	305	1	2	1250	95	96		8.0
57	9	Es	Es	-1	-1	1	8	312	100	0		8.125
58	9	Mi5	E5	336	336	1	8	312	95	96		8.25
59	9	Mi5	E5	336	336	1	8	312	95	96		8.375
60	9	Mi5	E5	336	336	1	8	312	95	96		8.5
61	9	Mi5	E5	336	336	1	8	312	95	96		8.625
62	9	Fa5	F5	340	340	1	8	312	95	96		8.75
63	9	Mi5	E5	336	336	1	8	312	95	96		8.875
64	9	Re5	D5	327	327	1	8	312	95	96		9.0
65	9	Fa5	F5	340	340	3	16	469	95	96		9.1875
66	9	Mi5	E5	336	336	1	16	156	95	96		9.25
67	9	Re5	D5	327	327	1	8	312	95	96		9.375
68	9	Do5	C5	318	318	1	8	312	95	96		9.5
69	9	Re5	D5	327	327	3	16	469	95	96		9.6875
70	9	Do5	C5	318	318	1	16	156	95	96		9.75
71	9	Si4	B4	314	314	1	4	625	95	96		10.0
72	9	Es	Es	-1	-1	1	8	312	100	0		10.125
73	9	Re5	D5	327	327	1	8	312	95	96		10.25
74	9	Re5	D5	327	327	1	8	312	95	96		10.375
75	9	Re5	D5	327	327	1	8	312	95	96		10.5
76	9	Re5	D5	327	327	1	8	312	95	96		10.625
77	9	Mi5	E5	336	336	1	8	312	95	96		10.75
78	9	Re5	D5	327	327	1	8	312	95	96		10.875
79	9	Do5	C5	318	318	1	8	312	95	96		11.0
80	9	Re5	D5	327	327	1	8	312	95	96		11.125
81	9	Si4	B4	314	314	1	8	312	95	96		11.25
82	9	Do5	C5	318	318	1	8	312	95	96		11.375
83	9	Re5	D5	327	327	1	8	312	95	96		11.5
84	9	Mi5	E5	336	336	1	2	1250	95	96		12.0
85	9	Es	Es	-1	-1	1	8	312	100	0		12.125
86	9	La5	A5	358	358	1	4	625	95	96		12.375
87	9	Si5	B5	367	367	1	8	312	95	96		12.5
88	9	Do6	C6	371	371	3	16	469	95	96		12.6875
89	9	Si5	B5	367	367	1	16	156	95	96		12.75
90	9	La5	A5	358	358	1	8	312	95	96		12.875
91	9	Sol5	G5	349	349	1	8	312	95	96		13.0
92	9	La5	A5	358	358	3	16	469	95	96		13.1875
93	9	Sol5	G5	349	349	1	16	156	95	96		13.25
94	9	Fa5	F5	340	340	1	8	312	95	96		13.375
95	9	Mi5	E5	336	336	1	8	312	95	96		13.5
96	9	Fa5	F5	340	340	3	16	469	95	96		13.6875
97	9	Mi5	E5	336	336	1	16	156	95	96		13.75
98	9	Re5	D5	327	327	1	4	625	95	96		14.0
99	9	Es	Es	-1	-1	1	8	312	100	0		14.125
100	9	Mi5	E5	336	336	1	4	625	95	96		14.375
101	9	Fa5	F5	340	340	1	8	312	95	96		14.5
102	9	Mi5	E5	336	336	1	16	156	95	96		14.5625
103	9	Fa5	F5	340	340	1	16	156	95	96		14.625
104	9	Re5	D5	327	327	1	16	156	95	96		14.6875
105	9	Mi5	E5	336	336	1	16	156	95	96		14.75
106	9	Do5	C5	318	318	1	16	156	95	96		14.8125
107	9	Re5	D5	327	327	1	16	156	95	96		14.875
108	9	Si4	B4	314	314	1	16	156	95	96		14.9375
109	9	Do5	C5	318	318	1	16	156	95	96		15.0
110	9	La4	A4	305	305	1	2	1250	95	96		15.5
111	9	La4	A4	305	305	1	2	1250	95	96		16.0
112	9	Mi5	E5	336	336	1	4	625	95	96		16.25
113	9	Mi5	E5	336	336	1	4	625	95	96		16.5
114	9	Mi5	E5	336	336	1	4	625	95	96		16.75
115	9	Re5	D5	327	327	1	8	312	95	96		16.875
116	9	Do5	C5	318	318	1	8	312	95	96		17.0
117	9	Re5	D5	327	327	1	4	625	95	96		17.25
118	9	Mi5	E5	336	336	1	4	625	95	96		17.5
119	9	La4	A4	305	305	1	8	312	95	96		17.625
120	9	Do5	C5	318	318	1	8	312	95	96		17.75
121	9	Mi5	E5	336	336	1	4	625	95	96		18.0
122	9	Es	Es	-1	-1	1	8	312	100	0		18.125
123	9	Re5	D5	327	327	1	4	625	95	96		18.375
124	9	Fa5	F5	340	340	1	8	312	95	96		18.5
125	9	Mi5	E5	336	336	1	8	312	95	96		18.625
126	9	Re5	D5	327	327	1	8	312	95	96		18.75
127	9	Do5	C5	318	318	1	8	312	95	96		18.875
128	9	Si4	B4	314	314	1	8	312	95	96		19.0
129	9	Do5	C5	318	318	1	8	312	95	96		19.125
130	9	Si4	B4	314	314	1	8	312	95	96		19.25
131	9	La4	A4	305	305	1	8	312	95	96		19.375
132	9	Sol4#4	G4#4	300	300	1	8	312	95	96		19.5
133	9	La4	A4	305	305	1	4	625	95	96		19.75
134	9	Es	Es	-1	-1	1	4	625	100	0		20.0
135	9	La5	A5	358	358	1	4	625	95	96		20.25
136	9	La5	A5	358	358	1	4	625	95	96		20.5
137	9	La5	A5	358	358	1	4	625	95	96		20.75
138	9	Es	Es	-1	-1	1	4	625	100	0		21.0
139	9	Si5	B5	367	367	1	8	312	95	96		21.125
140	9	Si5	B5	367	367	1	4	625	95	96		21.375
141	9	La5	A5	358	358	1	8	312	95	96		21.5
142	9	Sol5	G5	349	349	1	2	1250	95	96		22.0
143	9	Fa5	F5	340	340	1	8	312	95	96		22.125
144	9	Mi5	E5	336	336	3	8	938	95	96		22.5
145	9	Fa5	F5	340	340	1	4	625	95	96		22.75
146	9	La5	A5	358	358	1	4	625	95	96		23.0
147	9	Fa5	F5	340	340	1	8	312	95	96		23.125
148	9	Mi5	E5	336	336	1	8	312	95	96		23.25
149	9	Re5	D5	327	327	1	8	312	95	96		23.375
150	9	Mi5	E5	336	336	1	8	312	95	96		23.5
151	9	Mi5	E5	336	336	1	2	1250	95	96		24.0
152	9	Es	Es	-1	-1	1	8	312	100	0		24.125
153	9	Fa5	F5	340	340	1	8	312	95	96		24.25
154	9	Mi5	E5	336	336	1	8	312	95	96		24.375
155	9	Re5	D5	327	327	1	8	312	95	96		24.5
156	9	Do5	C5	318	318	1	8	312	95	96		24.625
157	9	Si4	B4	314	314	1	8	312	95	96		24.75
158	9	La4	A4	305	305	1	4	625	95	96		25.0
159	9	Mi5	E5	336	336	1	4	625	95	96		25.25
160	9	Mi5	E5	336	336	1	4	625	95	96		25.5
161	9	Mi5	E5	336	336	1	4	625	95	96		25.75
162	9	Re5	D5	327	327	1	8	312	95	96		25.875
163	9	Do5	C5	318	318	1	8	312	95	96		26.0
164	9	Re5	D5	327	327	1	4	625	95	96		26.25
165	9	Mi5	E5	336	336	1	4	625	95	96		26.5
166	9	La4	A4	305	305	1	8	312	95	96		26.625
167	9	Do5	C5	318	318	1	8	312	95	96		26.75
168	9	Mi5	E5	336	336	1	4	625	95	96		27.0
169	9	Es	Es	-1	-1	1	8	312	100	0		27.125
170	9	Re5	D5	327	327	1	4	625	95	96		27.375
171	9	Fa5	F5	340	340	1	8	312	95	96		27.5
172	9	Mi5	E5	336	336	1	8	312	95	96		27.625
173	9	Re5	D5	327	327	1	8	312	95	96		27.75
174	9	Do5	C5	318	318	1	8	312	95	96		27.875
175	9	Si4	B4	314	314	1	8	312	95	96		28.0
176	9	Do5	C5	318	318	1	8	312	95	96		28.125
177	9	Si4	B4	314	314	1	8	312	95	96		28.25
178	9	La4	A4	305	305	1	8	312	95	96		28.375
179	9	Sol4#4	G4#4	300	300	1	8	312	95	96		28.5
180	9	La4	A4	305	305	1	4	625	95	96		28.75
181	9	Es	Es	-1	-1	1	4	625	100	0		29.0
182	9	La5	A5	358	358	1	4	625	95	96		29.25
183	9	La5	A5	358	358	1	4	625	95	96		29.5
184	9	La5	A5	358	358	1	4	625	95	96		29.75
185	9	Es	Es	-1	-1	1	4	625	100	0		30.0
186	9	Si5	B5	367	367	1	8	312	95	96		30.125
187	9	Si5	B5	367	367	1	4	625	95	96		30.375
188	9	La5	A5	358	358	1	8	312	95	96		30.5
189	9	Sol5	G5	349	349	1	2	1250	95	96		31.0
190	9	Fa5	F5	340	340	1	8	312	95	96		31.125
191	9	Mi5	E5	336	336	3	8	938	95	96		31.5
192	9	Fa5	F5	340	340	1	4	625	95	96		31.75
193	9	La5	A5	358	358	1	4	625	95	96		32.0
194	9	Fa5	F5	340	340	1	8	312	95	96		32.125
195	9	Mi5	E5	336	336	1	8	312	95	96		32.25
196	9	Re5	D5	327	327	1	8	312	95	96		32.375
197	9	Mi5	E5	336	336	1	8	312	95	96		32.5
198	9	Mi5	E5	336	336	1	2	1250	95	96		33.0
199	9	Es	Es	-1	-1	1	8	312	100	0		33.125
200	9	Fa5	F5	340	340	1	8	312	95	96		33.25
201	9	Mi5	E5	336	336	1	8	312	95	96		33.375
202	9	Re5	D5	327	327	1	8	312	95	96		33.5
203	9	Do5	C5	318	318	1	8	312	95	96		33.625
204	9	Re5	D5	327	327	1	8	312	95	96		33.75
205	9	Mi5	E5	336	336	1	4	625	95	96		34.0
206	9	Mi5	E5	336	336	1	4	625	95	96		34.25
207	9	Mi5	E5	336	336	1	4	625	95	96		34.5
208	9	Mi5	E5	336	336	1	4	625	95	96		34.75
209	9	Es	Es	-1	-1	1	4	625	100	0		35.0
210	9	Es	Es	-1	-1	1	8	312	100	0		35.125
211	9	Fa5	F5	340	340	1	4	625	95	96		35.375
212	9	Mi5	E5	336	336	1	8	312	95	96		35.5
213	9	Re5	D5	327	327	1	8	312	95	96		35.625
214	9	Do5#4	C5#4	322	322	1	8	312	95	96		35.75
215	9	Re5	D5	327	327	1	4	625	95	96		36.0
216	9	Re5	D5	327	327	1	4	625	95	96		36.25
217	9	Re5	D5	327	327	1	4	625	95	96		36.5
218	9	Re5	D5	327	327	1	4	625	95	96		36.75
219	9	Es	Es	-1	-1	1	4	625	100	0		37.0
220	9	Es	Es	-1	-1	1	8	312	100	0		37.125
221	9	Mi5	E5	336	336	1	4	625	95	96		37.375
222	9	Re5	D5	327	327	1	8	312	95	96		37.5
223	9	Do5	C5	318	318	1	8	312	95	96		37.625
224	9	Si4	B4	314	314	1	8	312	95	96		37.75
225	9	Do5	C5	318	318	1	4	625	95	96		38.0
226	9	La4	A4	305	305	1	4	625	95	96		38.25
227	9	Do5	C5	318	318	1	4	625	95	96		38.5
228	9	Mi5	E5	336	336	1	4	625	95	96		38.75
229	9	La5	A5	358	358	1	4	625	95	96		39.0
230	9	Si5	B5	367	367	1	8	312	95	96		39.125
231	9	Sol5	G5	349	349	1	8	312	95	96		39.25
232	9	Fa5	F5	340	340	1	8	312	95	96		39.375
233	9	Mi5	E5	336	336	1	8	312	95	96		39.5
234	9	Re5	D5	327	327	1	2	1250	95	96		40.0
235	9	Si4	B4	314	314	1	8	312	95	96		40.125
236	9	Do5	C5	318	318	3	8	938	95	96		40.5
237	9	Si4	B4	314	314	1	4	625	95	96		40.75
238	9	Mi5	E5	336	336	1	4	625	95	96		41.0
239	9	Do5	C5	318	318	1	8	312	95	96		41.125
240	9	Si4	B4	314	314	1	8	312	95	96		41.25
241	9	La4	A4	305	305	1	8	312	95	96		41.375
242	9	Sol4#4	G4#4	300	300	1	8	312	95	96		41.5
243	9	La4	A4	305	305	1	2	1250	95	96		42.0
244	9	Mi5	E5	336	336	1	4	625	95	96		42.25
245	9	Mi5	E5	336	336	1	4	625	95	96		42.5
246	9	Mi5	E5	336	336	1	4	625	95	96		42.75
247	9	Es	Es	-1	-1	1	4	625	100	0		43.0
248	9	Es	Es	-1	-1	1	8	312	100	0		43.125
249	9	Fa5	F5	340	340	1	4	625	95	96		43.375
250	9	Mi5	E5	336	336	1	8	312	95	96		43.5
251	9	Re5	D5	327	327	1	8	312	95	96		43.625
252	9	Do5#4	C5#4	322	322	1	8	312	95	96		43.75
253	9	Re5	D5	327	327	1	4	625	95	96		44.0
254	9	Re5	D5	327	327	1	4	625	95	96		44.25
255	9	Re5	D5	327	327	1	4	625	95	96		44.5
256	9	Re5	D5	327	327	1	4	625	95	96		44.75
257	9	Es	Es	-1	-1	1	4	625	100	0		45.0
258	9	Es	Es	-1	-1	1	8	312	100	0		45.125
259	9	Mi5	E5	336	336	1	4	625	95	96		45.375
260	9	Re5	D5	327	327	1	8	312	95	96		45.5
261	9	Do5	C5	318	318	1	8	312	95	96		45.625
262	9	Si4	B4	314	314	1	8	312	95	96		45.75
263	9	Do5	C5	318	318	1	4	625	95	96		46.0
264	9	La4	A4	305	305	1	4	625	95	96		46.25
265	9	Do5	C5	318	318	1	4	625	95	96		46.5
266	9	Mi5	E5	336	336	1	4	625	95	96		46.75
267	9	La5	A5	358	358	1	4	625	95	96		47.0
268	9	Si5	B5	367	367	1	8	312	95	96		47.125
269	9	Sol5	G5	349	349	1	8	312	95	96		47.25
270	9	Fa5	F5	340	340	1	8	312	95	96		47.375
271	9	Mi5	E5	336	336	1	8	312	95	96		47.5
272	9	Re5	D5	327	327	1	2	1250	95	96		48.0
273	9	Si4	B4	314	314	1	8	312	95	96		48.125
274	9	Do5	C5	318	318	3	8	938	95	96		48.5
275	9	Si4	B4	314	314	1	4	625	95	96		48.75
276	9	Mi5	E5	336	336	1	4	625	95	96		49.0
277	9	Do5	C5	318	318	1	8	312	95	96		49.125
278	9	Si4	B4	314	314	1	8	312	95	96		49.25
279	9	La4	A4	305	305	1	8	312	95	96		49.375
280	9	Sol4#4	G4#4	300	300	1	8	312	95	96		49.5
281	9	La4	A4	305	305	1	2	1250	95	96		50.0
282	9	Es	Es	-1	-1	1	8	312	100	0		50.125
283	9	La5	A5	358	358	1	4	625	95	96		50.375
284	9	Si5	B5	367	367	1	8	312	95	96		50.5
285	9	Do6	C6	371	371	1	8	312	95	96		50.625
286	9	Si5	B5	367	367	1	8	312	95	96		50.75
287	9	La5	A5	358	358	1	8	312	95	96		50.875
288	9	Sol5	G5	349	349	1	8	312	95	96		51.0
289	9	La5	A5	358	358	1	8	312	95	96		51.125
290	9	Sol5	G5	349	349	1	8	312	95	96		51.25
291	9	La5	A5	358	358	1	8	312	95	96		51.375
292	9	Si5	B5	367	367	1	8	312	95	96		51.5
293	9	Do6	C6	371	371	1	2	1250	95	96		52.0
294	9	Do6	C6	371	371	1	4	625	95	96		52.25
295	9	Do6	C6	371	371	1	4	625	95	96		52.5
296	9	Do6	C6	371	371	1	4	625	95	96		52.75
297	9	Si5	B5	367	367	1	4	625	95	96		53.0
298	9	La5	A5	358	358	1	8	312	95	96		53.125
299	9	Sol5	G5	349	349	1	8	312	95	96		53.25
300	9	La5	A5	358	358	1	8	312	95	96		53.375
301	9	Si5	B5	367	367	1	8	312	95	96		53.5
302	9	Do6	C6	371	371	1	4	625	95	96		53.75
303	9	Es	Es	-1	-1	1	4	625	100	0		54.0
304	9	Re6	D6	380	380	1	8	312	95	96		54.125
305	9	Do6	C6	371	371	1	8	312	95	96		54.25
306	9	Si5	B5	367	367	1	4	625	95	96		54.5
307	9	Re6	D6	380	380	1	8	312	95	96		54.625
308	9	Do6	C6	371	371	1	8	312	95	96		54.75
309	9	Si5	B5	367	367	1	4	625	95	96		55.0
310	9	Do6	C6	371	371	1	8	312	95	96		55.125
311	9	Si5	B5	367	367	1	8	312	95	96		55.25
312	9	La5	A5	358	358	1	4	625	95	96		55.5
313	9	Do6	C6	371	371	1	8	312	95	96		55.625
314	9	Si5	B5	367	367	1	8	312	95	96		55.75
315	9	La5	A5	358	358	1	4	625	95	96		56.0
316	9	Si5	B5	367	367	1	8	312	95	96		56.125
317	9	La5	A5	358	358	1	8	312	95	96		56.25
318	9	Sol5	G5	349	349	1	4	625	95	96		56.5
319	9	Si5	B5	367	367	1	8	312	95	96		56.625
320	9	La5	A5	358	358	1	8	312	95	96		56.75
321	9	Sol5	G5	349	349	1	4	625	95	96		57.0
322	9	Es	Es	-1	-1	1	4	625	100	0		57.25
323	9	Si5	B5	367	367	1	8	312	95	96		57.375
324	9	Sol5	G5	349	349	1	8	312	95	96		57.5
325	9	Fa5	F5	340	340	1	8	312	95	96		57.625
326	9	Mi5	E5	336	336	1	8	312	95	96		57.75
327	9	Mi5	E5	336	336	1	4	625	95	96		58.0
328	9	Es	Es	-1	-1	1	8	312	100	0		58.125
329	9	Do6	C6	371	371	1	8	312	95	96		58.25
330	9	Si5	B5	367	367	1	8	312	95	96		58.375
331	9	La5	A5	358	358	1	8	312	95	96		58.5
332	9	Sol5	G5	349	349	1	8	312	95	96		58.625
333	9	Fa5	F5	340	340	1	8	312	95	96		58.75
334	9	Mi5	E5	336	336	1	4	625	95	96		59.0
335	9	Es	Es	-1	-1	1	8	312	100	0		59.125
336	9	Mi5	E5	336	336	1	4	625	95	96		59.375
337	9	La5	A5	358	358	1	8	312	95	96		59.5
338	9	Sol5	G5	349	349	1	8	312	95	96		59.625
339	9	Si5	B5	367	367	3	8	938	95	96		60.0
340	9	Es	Es	-1	-1	1	8	312	100	0		60.125
341	9	La5	A5	358	358	1	4	625	95	96		60.375
342	9	Sol5	G5	349	349	1	8	312	95	96		60.5
343	9	Fa5	F5	340	340	3	16	469	95	96		60.6875
344	9	Mi5	E5	336	336	1	16	156	95	96		60.75
345	9	Fa5	F5	340	340	1	4	625	95	96		61.0
346	9	Es	Es	-1	-1	1	4	625	100	0		61.25
347	9	Mi5	E5	336	336	1	8	312	95	96		61.375
348	9	Fa5	F5	340	340	1	8	312	95	96		61.5
349	9	Mi5	E5	336	336	1	2	1250	95	96		62.0
350	9	Es	Es	-1	-1	1	4	625	100	0		62.25
351	9	Mi5	E5	336	336	1	8	312	95	96		62.375
352	9	Sol5	G5	349	349	1	8	312	95	96		62.5
353	9	Fa5	F5	340	340	1	8	312	95	96		62.625
354	9	Mi5	E5	336	336	1	8	312	95	96		62.75
355	9	Mi5	E5	336	336	1	4	625	95	96		63.0
356	9	Es	Es	-1	-1	1	8	312	100	0		63.125
357	9	Fa5	F5	340	340	1	8	312	95	96		63.25
358	9	Mi5	E5	336	336	1	8	312	95	96		63.375
359	9	Re5	D5	327	327	1	8	312	95	96		63.5
360	9	Do5	C5	318	318	1	8	312	95	96		63.625
361	9	Re5	D5	327	327	1	8	312	95	96		63.75
362	9	Mi5	E5	336	336	1	4	625	95	96		64.0
363	9	Mi5	E5	336	336	1	8	312	95	96		64.125
364	9	Fa5	F5	340	340	3	8	938	95	96		64.5
365	9	Sol5	G5	349	349	1	4	625	95	96		64.75
366	9	La5	A5	358	358	1	4	625	95	96		65.0
367	9	Es	Es	-1	-1	1	8	312	100	0		65.125
368	9	Fa5	F5	340	340	1	4	625	95	96		65.375
369	9	Mi5	E5	336	336	1	8	312	95	96		65.5
370	9	Re5	D5	327	327	1	2	1250	95	96		66.0
371	9	Fa5	F5	340	340	1	4	625	95	96		66.25
372	9	Mi5	E5	336	336	1	4	625	95	96		66.5
373	9	Re5	D5	327	327	1	2	1250	95	96		67.0
374	9	Mi5	E5	336	336	1	8	312	95	96		67.125
375	9	Re5	D5	327	327	1	8	312	95	96		67.25
376	9	Do5	C5	318	318	1	8	312	95	96		67.375
377	9	Si4	B4	314	314	1	8	312	95	96		67.5
378	9	Si4	B4	314	314	1	2	1250	95	96		68.0
379	9	La4	A4	305	305	1	4	625	95	96		68.25
380	9	Do5	C5	318	318	1	4	625	95	96		68.5
381	9	Mi5	E5	336	336	1	4	625	95	96		68.75
382	9	La5	A5	358	358	1	4	625	95	96		69.0
383	9	Si5	B5	367	367	1	8	312	95	96		69.125
384	9	Sol5	G5	349	349	1	8	312	95	96		69.25
385	9	Fa5	F5	340	340	1	8	312	95	96		69.375
386	9	Mi5	E5	336	336	1	8	312	95	96		69.5
387	9	Re5	D5	327	327	1	2	1250	95	96		70.0
388	9	Si4	B4	314	314	1	8	312	95	96		70.125
389	9	Do5	C5	318	318	3	8	938	95	96		70.5
390	9	Si4	B4	314	314	1	4	625	95	96		70.75
391	9	Mi5	E5	336	336	1	4	625	95	96		71.0
392	9	Do5	C5	318	318	1	8	312	95	96		71.125
393	9	Si4	B4	314	314	1	8	312	95	96		71.25
394	9	La4	A4	305	305	1	8	312	95	96		71.375
395	9	Sol4#4	G4#4	300	300	1	8	312	95	96		71.5
396	9	La4	A4	305	305	1	2	1250	95	96		72.0
397	9	Es	Es	-1	-1	1	8	312	100	0		72.125
398	9	Mi5	E5	336	336	1	8	312	95	96		72.25
399	9	Mi5	E5	336	336	1	8	312	95	96		72.375
400	9	Mi5	E5	336	336	1	8	312	95	96		72.5
401	9	Mi5	E5	336	336	1	8	312	95	96		72.625
402	9	Fa5	F5	340	340	1	8	312	95	96		72.75
403	9	Mi5	E5	336	336	1	8	312	95	96		72.875
404	9	Re5	D5	327	327	1	8	312	95	96		73.0
405	9	Fa5	F5	340	340	3	16	469	95	96		73.1875
406	9	Mi5	E5	336	336	1	16	156	95	96		73.25
407	9	Re5	D5	327	327	1	8	312	95	96		73.375
408	9	Do5	C5	318	318	1	8	312	95	96		73.5
409	9	Re5	D5	327	327	3	16	469	95	96		73.6875
410	9	Do5	C5	318	318	1	16	156	95	96		73.75
411	9	Si4	B4	314	314	1	4	625	95	96		74.0
412	9	Es	Es	-1	-1	1	8	312	100	0		74.125
413	9	Re5	D5	327	327	1	8	312	95	96		74.25
414	9	Re5	D5	327	327	1	8	312	95	96		74.375
415	9	Re5	D5	327	327	1	8	312	95	96		74.5
416	9	Re5	D5	327	327	1	8	312	95	96		74.625
417	9	Mi5	E5	336	336	1	8	312	95	96		74.75
418	9	Re5	D5	327	327	1	8	312	95	96		74.875
419	9	Do5	C5	318	318	1	8	312	95	96		75.0
420	9	Re5	D5	327	327	1	8	312	95	96		75.125
421	9	Si4	B4	314	314	1	8	312	95	96		75.25
422	9	Do5	C5	318	318	1	8	312	95	96		75.375
423	9	Re5	D5	327	327	1	8	312	95	96		75.5
424	9	Mi5	E5	336	336	1	2	1250	95	96		76.0
425	9	Es	Es	-1	-1	1	8	312	100	0		76.125
426	9	La5	A5	358	358	1	4	625	95	96		76.375
427	9	Si5	B5	367	367	1	8	312	95	96		76.5
428	9	Do6	C6	371	371	3	16	469	95	96		76.6875
429	9	Si5	B5	367	367	1	16	156	95	96		76.75
430	9	La5	A5	358	358	1	8	312	95	96		76.875
431	9	Sol5	G5	349	349	1	8	312	95	96		77.0
432	9	La5	A5	358	358	3	16	469	95	96		77.1875
433	9	Sol5	G5	349	349	1	16	156	95	96		77.25
434	9	Fa5	F5	340	340	1	8	312	95	96		77.375
435	9	Mi5	E5	336	336	1	8	312	95	96		77.5
436	9	Fa5	F5	340	340	3	16	469	95	96		77.6875
437	9	Mi5	E5	336	336	1	16	156	95	96		77.75
438	9	Re5	D5	327	327	1	4	625	95	96		78.0
439	9	Es	Es	-1	-1	1	8	312	100	0		78.125
440	9	Mi5	E5	336	336	1	4	625	95	96		78.375
441	9	Fa5	F5	340	340	1	8	312	95	96		78.5
442	9	Mi5	E5	336	336	1	16	156	95	96		78.5625
443	9	Fa5	F5	340	340	1	16	156	95	96		78.625
444	9	Re5	D5	327	327	1	16	156	95	96		78.6875
445	9	Mi5	E5	336	336	1	16	156	95	96		78.75
446	9	Do5	C5	318	318	1	16	156	95	96		78.8125
447	9	Re5	D5	327	327	1	16	156	95	96		78.875
448	9	Si4	B4	314	314	1	16	156	95	96		78.9375
449	9	Do5	C5	318	318	1	16	156	95	96		79.0
450	9	La4	A4	305	305	1	2	1250	95	96		79.5
451	9	La4	A4	305	305	1	2	1250	95	96		80.0
452	9	Es	Es	-1	-1	1	8	312	100	0		80.125
453	9	Mi5	E5	336	336	1	8	312	95	96		80.25
454	9	Mi5	E5	336	336	1	8	312	95	96		80.375
455	9	Mi5	E5	336	336	1	8	312	95	96		80.5
456	9	Mi5	E5	336	336	1	8	312	95	96		80.625
457	9	Fa5	F5	340	340	1	8	312	95	96		80.75
458	9	Mi5	E5	336	336	1	8	312	95	96		80.875
459	9	Re5	D5	327	327	1	8	312	95	96		81.0
460	9	Fa5	F5	340	340	3	16	469	95	96		81.1875
461	9	Mi5	E5	336	336	1	16	156	95	96		81.25
462	9	Re5	D5	327	327	1	8	312	95	96		81.375
463	9	Do5	C5	318	318	1	8	312	95	96		81.5
464	9	Re5	D5	327	327	3	16	469	95	96		81.6875
465	9	Do5	C5	318	318	1	16	156	95	96		81.75
466	9	Si4	B4	314	314	1	4	625	95	96		82.0
467	9	Es	Es	-1	-1	1	8	312	100	0		82.125
468	9	Re5	D5	327	327	1	8	312	95	96		82.25
469	9	Re5	D5	327	327	1	8	312	95	96		82.375
470	9	Re5	D5	327	327	1	8	312	95	96		82.5
471	9	Re5	D5	327	327	1	8	312	95	96		82.625
472	9	Mi5	E5	336	336	1	8	312	95	96		82.75
473	9	Re5	D5	327	327	1	8	312	95	96		82.875
474	9	Do5	C5	318	318	1	8	312	95	96		83.0
475	9	Re5	D5	327	327	1	8	312	95	96		83.125
476	9	Si4	B4	314	314	1	8	312	95	96		83.25
477	9	Do5	C5	318	318	1	8	312	95	96		83.375
478	9	Re5	D5	327	327	1	8	312	95	96		83.5
479	9	Mi5	E5	336	336	1	2	1250	95	96		84.0
480	9	Es	Es	-1	-1	1	8	312	100	0		84.125
481	9	La5	A5	358	358	1	4	625	95	96		84.375
482	9	Si5	B5	367	367	1	8	312	95	96		84.5
483	9	Do6	C6	371	371	3	16	469	95	96		84.6875
484	9	Si5	B5	367	367	1	16	156	95	96		84.75
485	9	La5	A5	358	358	1	8	312	95	96		84.875
486	9	Sol5	G5	349	349	1	8	312	95	96		85.0
487	9	La5	A5	358	358	3	16	469	95	96		85.1875
488	9	Sol5	G5	349	349	1	16	156	95	96		85.25
489	9	Fa5	F5	340	340	1	8	312	95	96		85.375
490	9	Mi5	E5	336	336	1	8	312	95	96		85.5
491	9	Fa5	F5	340	340	3	16	469	95	96		85.6875
492	9	Mi5	E5	336	336	1	16	156	95	96		85.75
493	9	Re5	D5	327	327	1	4	625	95	96		86.0
494	9	Es	Es	-1	-1	1	8	312	100	0		86.125
495	9	Mi5	E5	336	336	1	4	625	95	96		86.375
496	9	Fa5	F5	340	340	1	8	312	95	96		86.5
497	9	Mi5	E5	336	336	1	16	156	95	96		86.5625
498	9	Fa5	F5	340	340	1	16	156	95	96		86.625
499	9	Re5	D5	327	327	1	16	156	95	96		86.6875
500	9	Mi5	E5	336	336	1	16	156	95	96		86.75
501	9	Do5	C5	318	318	1	16	156	95	96		86.8125
502	9	Re5	D5	327	327	1	16	156	95	96		86.875
503	9	Si4	B4	314	314	1	16	156	95	96		86.9375
504	9	Do5	C5	318	318	1	16	156	95	96		87.0
505	9	La4	A4	305	305	1	2	1250	95	96		87.5
506	9	La4	A4	305	305	1	2	1250	95	96		88.0
507	9	Mi5	E5	336	336	1	4	625	95	96		88.25
508	9	Mi5	E5	336	336	1	4	625	95	96		88.5
509	9	Mi5	E5	336	336	1	4	625	95	96		88.75
510	9	Re5	D5	327	327	1	8	312	95	96		88.875
511	9	Do5	C5	318	318	1	8	312	95	96		89.0
512	9	Re5	D5	327	327	1	4	625	95	96		89.25
513	9	Mi5	E5	336	336	1	4	625	95	96		89.5
514	9	La4	A4	305	305	1	8	312	95	96		89.625
515	9	Do5	C5	318	318	1	8	312	95	96		89.75
516	9	Mi5	E5	336	336	1	4	625	95	96		90.0
517	9	Es	Es	-1	-1	1	8	312	100	0		90.125
518	9	Re5	D5	327	327	1	4	625	95	96		90.375
519	9	Fa5	F5	340	340	1	8	312	95	96		90.5
520	9	Mi5	E5	336	336	1	8	312	95	96		90.625
521	9	Re5	D5	327	327	1	8	312	95	96		90.75
522	9	Do5	C5	318	318	1	8	312	95	96		90.875
523	9	Si4	B4	314	314	1	8	312	95	96		91.0
524	9	Do5	C5	318	318	1	8	312	95	96		91.125
525	9	Si4	B4	314	314	1	8	312	95	96		91.25
526	9	La4	A4	305	305	1	8	312	95	96		91.375
527	9	Sol4#4	G4#4	300	300	1	8	312	95	96		91.5
528	9	La4	A4	305	305	1	4	625	95	96		91.75
529	9	Es	Es	-1	-1	1	4	625	100	0		92.0
530	9	La5	A5	358	358	1	4	625	95	96		92.25
531	9	La5	A5	358	358	1	4	625	95	96		92.5
532	9	La5	A5	358	358	1	4	625	95	96		92.75
533	9	Es	Es	-1	-1	1	4	625	100	0		93.0
534	9	Si5	B5	367	367	1	8	312	95	96		93.125
535	9	Si5	B5	367	367	1	4	625	95	96		93.375
536	9	La5	A5	358	358	1	8	312	95	96		93.5
537	9	Sol5	G5	349	349	1	2	1250	95	96		94.0
538	9	Fa5	F5	340	340	1	8	312	95	96		94.125
539	9	Mi5	E5	336	336	3	8	938	95	96		94.5
540	9	Fa5	F5	340	340	1	4	625	95	96		94.75
541	9	La5	A5	358	358	1	4	625	95	96		95.0
542	9	Fa5	F5	340	340	1	8	312	95	96		95.125
543	9	Mi5	E5	336	336	1	8	312	95	96		95.25
544	9	Re5	D5	327	327	1	8	312	95	96		95.375
545	9	Mi5	E5	336	336	1	8	312	95	96		95.5
546	9	Mi5	E5	336	336	1	2	1250	95	96		96.0
547	9	Es	Es	-1	-1	1	8	312	100	0		96.125
548	9	Fa5	F5	340	340	1	8	312	95	96		96.25
549	9	Mi5	E5	336	336	1	8	312	95	96		96.375
550	9	Re5	D5	327	327	1	8	312	95	96		96.5
551	9	Do5	C5	318	318	1	8	312	95	96		96.625
552	9	Si4	B4	314	314	1	8	312	95	96		96.75
553	9	La4	A4	305	305	1	4	625	95	96		97.0
554	9	Mi5	E5	336	336	1	4	625	95	96		97.25
555	9	Mi5	E5	336	336	1	4	625	95	96		97.5
556	9	Mi5	E5	336	336	1	4	625	95	96		97.75
557	9	Re5	D5	327	327	1	8	312	95	96		97.875
558	9	Do5	C5	318	318	1	8	312	95	96		98.0
559	9	Re5	D5	327	327	1	4	625	95	96		98.25
560	9	Mi5	E5	336	336	1	4	625	95	96		98.5
561	9	La4	A4	305	305	1	8	312	95	96		98.625
562	9	Do5	C5	318	318	1	8	312	95	96		98.75
563	9	Mi5	E5	336	336	1	4	625	95	96		99.0
564	9	Es	Es	-1	-1	1	8	312	100	0		99.125
565	9	Re5	D5	327	327	1	4	625	95	96		99.375
566	9	Fa5	F5	340	340	1	8	312	95	96		99.5
567	9	Mi5	E5	336	336	1	8	312	95	96		99.625
568	9	Re5	D5	327	327	1	8	312	95	96		99.75
569	9	Do5	C5	318	318	1	8	312	95	96		99.875
570	9	Si4	B4	314	314	1	8	312	95	96		100.0
571	9	Do5	C5	318	318	1	8	312	95	96		100.125
572	9	Si4	B4	314	314	1	8	312	95	96		100.25
573	9	La4	A4	305	305	1	8	312	95	96		100.375
574	9	Sol4#4	G4#4	300	300	1	8	312	95	96		100.5
575	9	La4	A4	305	305	1	4	625	95	96		100.75
576	9	Es	Es	-1	-1	1	4	625	100	0		101.0
577	9	La5	A5	358	358	1	4	625	95	96		101.25
578	9	La5	A5	358	358	1	4	625	95	96		101.5
579	9	La5	A5	358	358	1	4	625	95	96		101.75
580	9	Es	Es	-1	-1	1	4	625	100	0		102.0
581	9	Si5	B5	367	367	1	8	312	95	96		102.125
582	9	Si5	B5	367	367	1	4	625	95	96		102.375
583	9	La5	A5	358	358	1	8	312	95	96		102.5
584	9	Sol5	G5	349	349	1	2	1250	95	96		103.0
585	9	Fa5	F5	340	340	1	8	312	95	96		103.125
586	9	Mi5	E5	336	336	3	8	938	95	96		103.5
587	9	Fa5	F5	340	340	1	4	625	95	96		103.75
588	9	La5	A5	358	358	1	4	625	95	96		104.0
589	9	Fa5	F5	340	340	1	8	312	95	96		104.125
590	9	Mi5	E5	336	336	1	8	312	95	96		104.25
591	9	Re5	D5	327	327	1	8	312	95	96		104.375
592	9	Mi5	E5	336	336	1	8	312	95	96		104.5
593	9	Mi5	E5	336	336	1	2	1250	95	96		105.0
594	9	Es	Es	-1	-1	1	8	312	100	0		105.125
595	9	Fa5	F5	340	340	1	8	312	95	96		105.25
596	9	Mi5	E5	336	336	1	8	312	95	96		105.375
597	9	Re5	D5	327	327	1	8	312	95	96		105.5
598	9	Do5	C5	318	318	1	8	312	95	96		105.625
599	9	Re5	D5	327	327	1	8	312	95	96		105.75
600	9	Mi5	E5	336	336	1	4	625	95	96		106.0
601	9	Mi5	E5	336	336	1	4	625	95	96		106.25
602	9	Mi5	E5	336	336	1	4	625	95	96		106.5
603	9	Mi5	E5	336	336	1	4	625	95	96		106.75
604	9	Es	Es	-1	-1	1	4	625	100	0		107.0
605	9	Es	Es	-1	-1	1	8	312	100	0		107.125
606	9	Fa5	F5	340	340	1	4	625	95	96		107.375
607	9	Mi5	E5	336	336	1	8	312	95	96		107.5
608	9	Re5	D5	327	327	1	8	312	95	96		107.625
609	9	Do5#4	C5#4	322	322	1	8	312	95	96		107.75
610	9	Re5	D5	327	327	1	4	625	95	96		108.0
611	9	Re5	D5	327	327	1	4	625	95	96		108.25
612	9	Re5	D5	327	327	1	4	625	95	96		108.5
613	9	Re5	D5	327	327	1	4	625	95	96		108.75
614	9	Es	Es	-1	-1	1	4	625	100	0		109.0
615	9	Es	Es	-1	-1	1	8	312	100	0		109.125
616	9	Mi5	E5	336	336	1	4	625	95	96		109.375
617	9	Re5	D5	327	327	1	8	312	95	96		109.5
618	9	Do5	C5	318	318	1	8	312	95	96		109.625
619	9	Si4	B4	314	314	1	8	312	95	96		109.75
620	9	Do5	C5	318	318	1	4	625	95	96		110.0
621	9	La4	A4	305	305	1	4	625	95	96		110.25
622	9	Do5	C5	318	318	1	4	625	95	96		110.5
623	9	Mi5	E5	336	336	1	4	625	95	96		110.75
624	9	La5	A5	358	358	1	4	625	95	96		111.0
625	9	Si5	B5	367	367	1	8	312	95	96		111.125
626	9	Sol5	G5	349	349	1	8	312	95	96		111.25
627	9	Fa5	F5	340	340	1	8	312	95	96		111.375
628	9	Mi5	E5	336	336	1	8	312	95	96		111.5
629	9	Re5	D5	327	327	1	2	1250	95	96		112.0
630	9	Si4	B4	314	314	1	8	312	95	96		112.125
631	9	Do5	C5	318	318	3	8	938	95	96		112.5
632	9	Si4	B4	314	314	1	4	625	95	96		112.75
633	9	Mi5	E5	336	336	1	4	625	95	96		113.0
634	9	Do5	C5	318	318	1	8	312	95	96		113.125
635	9	Si4	B4	314	314	1	8	312	95	96		113.25
636	9	La4	A4	305	305	1	8	312	95	96		113.375
637	9	Sol4#4	G4#4	300	300	1	8	312	95	96		113.5
638	9	La4	A4	305	305	1	2	1250	95	96		114.0
639	9	Mi5	E5	336	336	1	4	625	95	96		114.25
640	9	Mi5	E5	336	336	1	4	625	95	96		114.5
641	9	Mi5	E5	336	336	1	4	625	95	96		114.75
642	9	Es	Es	-1	-1	1	4	625	100	0		115.0
643	9	Es	Es	-1	-1	1	8	312	100	0		115.125
644	9	Fa5	F5	340	340	1	4	625	95	96		115.375
645	9	Mi5	E5	336	336	1	8	312	95	96		115.5
646	9	Re5	D5	327	327	1	8	312	95	96		115.625
647	9	Do5#4	C5#4	322	322	1	8	312	95	96		115.75
648	9	Re5	D5	327	327	1	4	625	95	96		116.0
649	9	Re5	D5	327	327	1	4	625	95	96		116.25
650	9	Re5	D5	327	327	1	4	625	95	96		116.5
651	9	Re5	D5	327	327	1	4	625	95	96		116.75
652	9	Es	Es	-1	-1	1	4	625	100	0		117.0
653	9	Es	Es	-1	-1	1	8	312	100	0		117.125
654	9	Mi5	E5	336	336	1	4	625	95	96		117.375
655	9	Re5	D5	327	327	1	8	312	95	96		117.5
656	9	Do5	C5	318	318	1	8	312	95	96		117.625
657	9	Si4	B4	314	314	1	8	312	95	96		117.75
658	9	Do5	C5	318	318	1	4	625	95	96		118.0
659	9	La4	A4	305	305	1	4	625	95	96		118.25
660	9	Do5	C5	318	318	1	4	625	95	96		118.5
661	9	Mi5	E5	336	336	1	4	625	95	96		118.75
662	9	La5	A5	358	358	1	4	625	95	96		119.0
663	9	Si5	B5	367	367	1	8	312	95	96		119.125
664	9	Sol5	G5	349	349	1	8	312	95	96		119.25
665	9	Fa5	F5	340	340	1	8	312	95	96		119.375
666	9	Mi5	E5	336	336	1	8	312	95	96		119.5
667	9	Re5	D5	327	327	1	2	1250	95	96		120.0
668	9	Si4	B4	314	314	1	8	312	95	96		120.125
669	9	Do5	C5	318	318	3	8	938	95	96		120.5
670	9	Si4	B4	314	314	1	4	625	95	96		120.75
671	9	Mi5	E5	336	336	1	4	625	95	96		121.0
672	9	Do5	C5	318	318	1	8	312	95	96		121.125
673	9	Si4	B4	314	314	1	8	312	95	96		121.25
674	9	La4	A4	305	305	1	8	312	95	96		121.375
675	9	Sol4#4	G4#4	300	300	1	8	312	95	96		121.5
676	9	La4	A4	305	305	1	2	1250	95	96		122.0
677	9	Es	Es	-1	-1	1	8	312	100	0		122.125
678	9	La5	A5	358	358	1	4	625	95	96		122.375
679	9	Si5	B5	367	367	1	8	312	95	96		122.5
680	9	Do6	C6	371	371	1	8	312	95	96		122.625
681	9	Si5	B5	367	367	1	8	312	95	96		122.75
682	9	La5	A5	358	358	1	8	312	95	96		122.875
683	9	Sol5	G5	349	349	1	8	312	95	96		123.0
684	9	La5	A5	358	358	1	8	312	95	96		123.125
685	9	Sol5	G5	349	349	1	8	312	95	96		123.25
686	9	La5	A5	358	358	1	8	312	95	96		123.375
687	9	Si5	B5	367	367	1	8	312	95	96		123.5
688	9	Do6	C6	371	371	1	2	1250	95	96		124.0
689	9	Do6	C6	371	371	1	4	625	95	96		124.25
690	9	Do6	C6	371	371	1	4	625	95	96		124.5
691	9	Do6	C6	371	371	1	4	625	95	96		124.75
692	9	Si5	B5	367	367	1	4	625	95	96		125.0
693	9	La5	A5	358	358	1	8	312	95	96		125.125
694	9	Sol5	G5	349	349	1	8	312	95	96		125.25
695	9	La5	A5	358	358	1	8	312	95	96		125.375
696	9	Si5	B5	367	367	1	8	312	95	96		125.5
697	9	Do6	C6	371	371	1	4	625	95	96		125.75
698	9	Es	Es	-1	-1	1	4	625	100	0		126.0
699	9	Re6	D6	380	380	1	8	312	95	96		126.125
700	9	Do6	C6	371	371	1	8	312	95	96		126.25
701	9	Si5	B5	367	367	1	4	625	95	96		126.5
702	9	Re6	D6	380	380	1	8	312	95	96		126.625
703	9	Do6	C6	371	371	1	8	312	95	96		126.75
704	9	Si5	B5	367	367	1	4	625	95	96		127.0
705	9	Do6	C6	371	371	1	8	312	95	96		127.125
706	9	Si5	B5	367	367	1	8	312	95	96		127.25
707	9	La5	A5	358	358	1	4	625	95	96		127.5
708	9	Do6	C6	371	371	1	8	312	95	96		127.625
709	9	Si5	B5	367	367	1	8	312	95	96		127.75
710	9	La5	A5	358	358	1	4	625	95	96		128.0
711	9	Si5	B5	367	367	1	8	312	95	96		128.125
712	9	La5	A5	358	358	1	8	312	95	96		128.25
713	9	Sol5	G5	349	349	1	4	625	95	96		128.5
714	9	Si5	B5	367	367	1	8	312	95	96		128.625
715	9	La5	A5	358	358	1	8	312	95	96		128.75
716	9	Sol5	G5	349	349	1	4	625	95	96		129.0
717	9	Es	Es	-1	-1	1	4	625	100	0		129.25
718	9	Si5	B5	367	367	1	8	312	95	96		129.375
719	9	Sol5	G5	349	349	1	8	312	95	96		129.5
720	9	Fa5	F5	340	340	1	8	312	95	96		129.625
721	9	Mi5	E5	336	336	1	8	312	95	96		129.75
722	9	Mi5	E5	336	336	1	4	625	95	96		130.0
723	9	Es	Es	-1	-1	1	8	312	100	0		130.125
724	9	Do6	C6	371	371	1	8	312	95	96		130.25
725	9	Si5	B5	367	367	1	8	312	95	96		130.375
726	9	La5	A5	358	358	1	8	312	95	96		130.5
727	9	Sol5	G5	349	349	1	8	312	95	96		130.625
728	9	Fa5	F5	340	340	1	8	312	95	96		130.75
729	9	Mi5	E5	336	336	1	4	625	95	96		131.0
730	9	Es	Es	-1	-1	1	8	312	100	0		131.125
731	9	Mi5	E5	336	336	1	4	625	95	96		131.375
732	9	La5	A5	358	358	1	8	312	95	96		131.5
733	9	Sol5	G5	349	349	1	8	312	95	96		131.625
734	9	Si5	B5	367	367	3	8	938	95	96		132.0
735	9	Es	Es	-1	-1	1	8	312	100	0		132.125
736	9	La5	A5	358	358	1	4	625	95	96		132.375
737	9	Sol5	G5	349	349	1	8	312	95	96		132.5
738	9	Fa5	F5	340	340	3	16	469	95	96		132.6875
739	9	Mi5	E5	336	336	1	16	156	95	96		132.75
740	9	Fa5	F5	340	340	1	4	625	95	96		133.0
741	9	Es	Es	-1	-1	1	4	625	100	0		133.25
742	9	Mi5	E5	336	336	1	8	312	95	96		133.375
743	9	Fa5	F5	340	340	1	8	312	95	96		133.5
744	9	Mi5	E5	336	336	1	2	1250	95	96		134.0
745	9	Es	Es	-1	-1	1	4	625	100	0		134.25
746	9	Mi5	E5	336	336	1	8	312	95	96		134.375
747	9	Sol5	G5	349	349	1	8	312	95	96		134.5
748	9	Fa5	F5	340	340	1	8	312	95	96		134.625
749	9	Mi5	E5	336	336	1	8	312	95	96		134.75
750	9	Mi5	E5	336	336	1	4	625	95	96		135.0
751	9	Es	Es	-1	-1	1	8	312	100	0		135.125
752	9	Fa5	F5	340	340	1	8	312	95	96		135.25
753	9	Mi5	E5	336	336	1	8	312	95	96		135.375
754	9	Re5	D5	327	327	1	8	312	95	96		135.5
755	9	Do5	C5	318	318	1	8	312	95	96		135.625
756	9	Re5	D5	327	327	1	8	312	95	96		135.75
757	9	Mi5	E5	336	336	1	4	625	95	96		136.0
758	9	Mi5	E5	336	336	1	8	312	95	96		136.125
759	9	Fa5	F5	340	340	3	8	938	95	96		136.5
760	9	Sol5	G5	349	349	1	4	625	95	96		136.75
761	9	La5	A5	358	358	1	4	625	95	96		137.0
762	9	Es	Es	-1	-1	1	8	312	100	0		137.125
763	9	Fa5	F5	340	340	1	4	625	95	96		137.375
764	9	Mi5	E5	336	336	1	8	312	95	96		137.5
765	9	Re5	D5	327	327	1	2	1250	95	96		138.0
766	9	Fa5	F5	340	340	1	4	625	95	96		138.25
767	9	Mi5	E5	336	336	1	4	625	95	96		138.5
768	9	Re5	D5	327	327	1	2	1250	95	96		139.0
769	9	Mi5	E5	336	336	1	8	312	95	96		139.125
770	9	Re5	D5	327	327	1	8	312	95	96		139.25
771	9	Do5	C5	318	318	1	8	312	95	96		139.375
772	9	Si4	B4	314	314	1	8	312	95	96		139.5
773	9	Si4	B4	314	314	1	2	1250	95	96		140.0
774	9	La4	A4	305	305	1	4	625	95	96		140.25
775	9	Do5	C5	318	318	1	4	625	95	96		140.5
776	9	Mi5	E5	336	336	1	4	625	95	96		140.75
777	9	La5	A5	358	358	1	4	625	95	96		141.0
778	9	Si5	B5	367	367	1	8	312	95	96		141.125
779	9	Sol5	G5	349	349	1	8	312	95	96		141.25
780	9	Fa5	F5	340	340	1	8	312	95	96		141.375
781	9	Mi5	E5	336	336	1	8	312	95	96		141.5
782	9	Re5	D5	327	327	1	2	1250	95	96		142.0
783	9	Si4	B4	314	314	1	8	312	95	96		142.125
784	9	Do5	C5	318	318	3	8	938	95	96		142.5
785	9	Si4	B4	314	314	1	4	625	95	96		142.75
786	9	Mi5	E5	336	336	1	4	625	95	96		143.0
787	9	Do5	C5	318	318	1	8	312	95	96		143.125
788	9	Si4	B4	314	314	1	8	312	95	96		143.25
789	9	La4	A4	305	305	1	8	312	95	96		143.375
790	9	Sol4#4	G4#4	300	300	1	8	312	95	96		143.5
791	9	La4	A4	305	305	1	2	1250	95	96		144.0
792	9	Mi5	E5	336	336	1	8	312	95	96		144.125
793	9	Fa5	F5	340	340	3	8	938	95	96		144.5
794	9	Mi5	E5	336	336	1	4	625	95	96		144.75
795	9	Re5	D5	327	327	1	8	312	95	96		144.875
796	9	Do5	C5	318	318	1	8	312	95	96		145.0
797	9	Fa5	F5	340	340	1	8	312	95	96		145.125
798	9	Mi5	E5	336	336	3	8	938	95	96		145.5
799	9	Mi5	E5	336	336	1	4	625	95	96		145.75
800	9	Es	Es	-1	-1	1	4	625	100	0		146.0
801	9	Re5	D5	327	327	1	4	625	95	96		146.25
802	9	Fa5	F5	340	340	1	4	625	95	96		146.5
803	9	Mi5	E5	336	336	1	8	312	95	96		146.625
804	9	Re5	D5	327	327	3	8	938	95	96		147.0
805	9	Mi5	E5	336	336	1	8	312	95	96		147.125
806	9	Do5	C5	318	318	1	4	625	95	96		147.375
807	9	Si4	B4	314	314	1	8	312	95	96		147.5
808	9	Si4	B4	314	314	1	2	1250	95	96		148.0
809	9	Sol5	G5	349	349	1	4	625	95	96		148.25
810	9	Sol5	G5	349	349	1	8	312	95	96		148.375
811	9	Sol5	G5	349	349	1	8	312	95	96		148.5
812	9	Sol5	G5	349	349	1	2	1250	95	96		149.0
813	9	La5	A5	358	358	1	4	625	95	96		149.25
814	9	Sol5	G5	349	349	1	8	312	95	96		149.375
815	9	Fa5	F5	340	340	1	8	312	95	96		149.5
816	9	Fa5	F5	340	340	1	2	1250	95	96		150.0
817	9	Fa5	F5	340	340	1	8	312	95	96		150.125
818	9	La5	A5	358	358	3	8	938	95	96		150.5
819	9	Sol5	G5	349	349	1	8	312	95	96		150.625
820	9	Si5	B5	367	367	3	8	938	95	96		151.0
821	9	Sol5	G5	349	349	1	8	312	95	96		151.125
822	9	Fa5	F5	340	340	1	4	625	95	96		151.375
823	9	Mi5	E5	336	336	1	8	312	95	96		151.5
824	9	Mi5	E5	336	336	1	2	1250	95	96		152.0
825	9	Es	Es	-1	-1	1	8	312	100	0		152.125
826	9	Fa5	F5	340	340	1	8	312	95	96		152.25
827	9	Mi5	E5	336	336	1	8	312	95	96		152.375
828	9	Re5	D5	327	327	1	8	312	95	96		152.5
829	9	Do5	C5	318	318	1	8	312	95	96		152.625
830	9	Si4	B4	314	314	1	8	312	95	96		152.75
831	9	La4	A4	305	305	1	4	625	95	96		153.0
832	9	Mi5	E5	336	336	1	8	312	95	96		153.125
833	9	Fa5	F5	340	340	3	8	938	95	96		153.5
834	9	Mi5	E5	336	336	1	4	625	95	96		153.75
835	9	Re5	D5	327	327	1	8	312	95	96		153.875
836	9	Do5	C5	318	318	1	8	312	95	96		154.0
837	9	Fa5	F5	340	340	1	8	312	95	96		154.125
838	9	Mi5	E5	336	336	3	8	938	95	96		154.5
839	9	Mi5	E5	336	336	1	4	625	95	96		154.75
840	9	Es	Es	-1	-1	1	4	625	100	0		155.0
841	9	Re5	D5	327	327	1	4	625	95	96		155.25
842	9	Fa5	F5	340	340	1	4	625	95	96		155.5
843	9	Mi5	E5	336	336	1	8	312	95	96		155.625
844	9	Re5	D5	327	327	3	8	938	95	96		156.0
845	9	Mi5	E5	336	336	1	8	312	95	96		156.125
846	9	Do5	C5	318	318	1	4	625	95	96		156.375
847	9	Si4	B4	314	314	1	8	312	95	96		156.5
848	9	Si4	B4	314	314	1	2	1250	95	96		157.0
849	9	Sol5	G5	349	349	1	4	625	95	96		157.25
850	9	Sol5	G5	349	349	1	8	312	95	96		157.375
851	9	Sol5	G5	349	349	1	8	312	95	96		157.5
852	9	Sol5	G5	349	349	1	2	1250	95	96		158.0
853	9	La5	A5	358	358	1	4	625	95	96		158.25
854	9	Sol5	G5	349	349	1	8	312	95	96		158.375
855	9	Fa5	F5	340	340	1	8	312	95	96		158.5
856	9	Fa5	F5	340	340	1	2	1250	95	96		159.0
857	9	Fa5	F5	340	340	1	8	312	95	96		159.125
858	9	La5	A5	358	358	3	8	938	95	96		159.5
859	9	Sol5	G5	349	349	1	8	312	95	96		159.625
860	9	Si5	B5	367	367	3	8	938	95	96		160.0
861	9	Sol5	G5	349	349	1	8	312	95	96		160.125
862	9	Fa5	F5	340	340	1	4	625	95	96		160.375
863	9	Mi5	E5	336	336	1	8	312	95	96		160.5
864	9	Mi5	E5	336	336	1	2	1250	95	96		161.0
865	9	Es	Es	-1	-1	1	8	312	100	0		161.125
866	9	Do6	C6	371	371	1	8	312	95	96		161.25
867	9	Si5	B5	367	367	1	8	312	95	96		161.375
868	9	La5	A5	358	358	1	8	312	95	96		161.5
869	9	Sol5	G5	349	349	1	8	312	95	96		161.625
870	9	Fa5	F5	340	340	1	8	312	95	96		161.75
871	9	Mi5	E5	336	336	1	4	625	95	96		162.0
872	9	Es	Es	-1	-1	1	4	625	100	0		162.25
873	9	La5	A5	358	358	1	8	312	95	96		162.375
874	9	La5	A5	358	358	1	8	312	95	96		162.5
875	9	La5	A5	358	358	1	4	625	95	96		162.75
876	9	La5	A5	358	358	1	4	625	95	96		163.0
877	9	Es	Es	-1	-1	1	4	625	100	0		163.25
878	9	Sol5	G5	349	349	1	8	312	95	96		163.375
879	9	Si5	B5	367	367	1	8	312	95	96		163.5
880	9	La5	A5	358	358	1	4	625	95	96		163.75
881	9	Es	Es	-1	-1	1	4	625	100	0		164.0
882	9	Si5	B5	367	367	1	4	625	95	96		164.25
883	9	Do6	C6	371	371	1	4	625	95	96		164.5
884	9	Si5	B5	367	367	1	8	312	95	96		164.625
885	9	La5	A5	358	358	3	8	938	95	96		165.0
886	9	Si5	B5	367	367	1	4	625	95	96		165.25
887	9	La5	A5	358	358	1	8	312	95	96		165.375
888	9	Sol5	G5	349	349	1	8	312	95	96		165.5
889	9	Sol5	G5	349	349	1	2	1250	95	96		166.0
890	9	Sol5	G5	349	349	1	4	625	95	96		166.25
891	9	Sol5	G5	349	349	1	4	625	95	96		166.5
892	9	Sol5	G5	349	349	1	2	1250	95	96		167.0
893	9	La5	A5	358	358	1	8	312	95	96		167.125
894	9	La5	A5	358	358	1	4	625	95	96		167.375
895	9	Sol5	G5	349	349	1	8	312	95	96		167.5
896	9	Fa5	F5	340	340	3	16	469	95	96		167.6875
897	9	Mi5	E5	336	336	1	16	156	95	96		167.75
898	9	Fa5	F5	340	340	1	4	625	95	96		168.0
899	9	Mi5	E5	336	336	1	8	312	95	96		168.125
900	9	Fa5	F5	340	340	3	8	938	95	96		168.5
901	9	Sol5	G5	349	349	1	4	625	95	96		168.75
902	9	La5	A5	358	358	1	4	625	95	96		169.0
903	9	Sol5	G5	349	349	1	8	312	95	96		169.125
904	9	Fa5	F5	340	340	1	8	312	95	96		169.25
905	9	Mi5	E5	336	336	1	8	312	95	96		169.375
906	9	Fa5	F5	340	340	1	8	312	95	96		169.5
907	9	Mi5	E5	336	336	1	2	1250	95	96		170.0
908	9	Es	Es	-1	-1	1	8	312	100	0		170.125
909	9	Do6	C6	371	371	1	8	312	95	96		170.25
910	9	Si5	B5	367	367	1	8	312	95	96		170.375
911	9	La5	A5	358	358	1	8	312	95	96		170.5
912	9	Sol5	G5	349	349	1	8	312	95	96		170.625
913	9	Fa5	F5	340	340	1	8	312	95	96		170.75
914	9	Mi5	E5	336	336	1	4	625	95	96		171.0
915	9	Sol5	G5	349	349	1	4	625	95	96		171.25
916	9	Sol5	G5	349	349	1	4	625	95	96		171.5
917	9	Sol5	G5	349	349	1	2	1250	95	96		172.0
918	9	La5	A5	358	358	1	8	312	95	96		172.125
919	9	Sol5	G5	349	349	1	4	625	95	96		172.375
920	9	Fa5	F5	340	340	1	8	312	95	96		172.5
921	9	Mi5	E5	336	336	1	2	1250	95	96		173.0
922	9	Si4	B4	314	314	1	8	312	95	96		173.125
923	9	Do5	C5	318	318	3	8	938	95	96		173.5
924	9	Si4	B4	314	314	1	4	625	95	96		173.75
925	9	Mi5	E5	336	336	1	4	625	95	96		174.0
926	9	Do5	C5	318	318	1	8	312	95	96		174.125
927	9	Si4	B4	314	314	1	8	312	95	96		174.25
928	9	La4	A4	305	305	1	8	312	95	96		174.375
929	9	Sol4#4	G4#4	300	300	1	8	312	95	96		174.5
930	9	La4	A4	305	305	1	2	1250	95	96		175.0
931	9	Si4	B4	314	314	1	8	312	95	96		175.125
932	9	Do5	C5	318	318	3	8	938	95	96		175.5
933	9	Si4	B4	314	314	1	4	625	95	96		175.75
934	9	Re5	D5	327	327	1	4	625	95	96		176.0
935	9	Do5	C5	318	318	1	8	312	95	96		176.125
936	9	Si4	B4	314	314	1	8	312	95	96		176.25
937	9	La4	A4	305	305	1	8	312	95	96		176.375
938	9	Sol4#4	G4#4	300	300	1	8	312	95	96		176.5
939	9	La4	A4	305	305	1	2	1250	95	96		177.0
940	9	Si4	B4	314	314	1	8	312	95	96		177.125
941	9	Do5	C5	318	318	3	8	938	95	96		177.5
942	9	Si4	B4	314	314	1	4	625	95	96		177.75
943	9	Re5	D5	327	327	1	4	625	95	96		178.0
944	9	Do5	C5	318	318	1	8	312	95	96		178.125
945	9	Si4	B4	314	314	1	8	312	95	96		178.25
946	9	La4	A4	305	305	1	8	312	95	96		178.375
947	9	Sol4#4	G4#4	300	300	1	8	312	95	96		178.5
948	9	La4	A4	305	305	1	2	1250	95	96		179.0
