Sira	Kod	Nota53	NotaAE	Koma53	KomaAE	Pay	Payda	Ms	LNS	Bas	Soz1	Offset
1	51			0	0	28	4	0	60	0	Devr-i Kebîr	0.0
2	9	Do5	C5	318	318	1	2	2000	95	96	Ku	0.0714285714286
3	9	Re5b3	D5b4	324	323	1	4	1000	99	96	dû	0.107142857143
4	9	Mi5	E5	336	336	1	4	1000	95	96		0.142857142857
5	9	Re5b3	D5b4	324	323	1	8	500	99	96	mün 	0.160714285714
6	9	Mi5	E5	336	336	1	8	500	99	96		0.178571428571
7	9	Re5b3	D5b4	324	323	1	8	500	99	96		0.196428571429
8	9	Do5	C5	318	318	1	8	500	99	96		0.214285714286
9	9	Do5	C5	318	318	1	8	500	99	96		0.232142857143
10	9	Re5b3	D5b4	324	323	1	8	500	99	96		0.25
11	9	Do5	C5	318	318	1	8	500	99	96		0.267857142857
12	9	Si4b1	B4b1	313	313	1	8	500	95	96		0.285714285714
13	9	Si4b1	B4b1	313	313	1	16	250	99	96	rah 	0.294642857143
14	9	La4	A4	305	305	1	16	250	99	96		0.303571428571
15	9	Si4b1	B4b1	313	313	1	16	250	99	96		0.3125
16	9	Re5b3	D5b4	324	323	1	16	250	99	96		0.321428571429
17	9	Do5	C5	318	318	3	32	375	99	96		0.334821428571
18	9	Re5b3	D5b4	324	323	1	32	125	99	96		0.339285714286
19	9	Do5	C5	318	318	1	16	250	99	96		0.348214285714
20	9	Si4b1	B4b1	313	313	1	16	250	99	96		0.357142857143
21	9	La4	A4	305	305	3	8	1500	95	96		0.410714285714
22	9	Es	Es	-1	-1	1	8	500	100	0		0.428571428571
23	9	Sol4	G4	296	296	1	8	500	99	96	rah	0.446428571429
24	9	La4	A4	305	305	1	16	250	99	96		0.455357142857
25	9	Si4b1	B4b1	313	313	1	16	250	99	96		0.464285714286
26	9	La4	A4	305	305	1	8	500	99	96		0.482142857143
27	9	Si4b1	B4b1	313	313	1	8	500	99	96		0.5
28	9	Do5	C5	318	318	1	8	500	99	96		0.517857142857
29	9	Re5b3	D5b4	324	323	1	8	500	99	96		0.535714285714
30	9	Do5	C5	318	318	1	8	500	99	96		0.553571428571
31	9	Si4b1	B4b1	313	313	1	8	500	95	96		0.571428571429
32	9	La4	A4	305	305	3	32	375	99	96	me	0.584821428571
33	9	Si4b1	B4b1	313	313	1	32	125	99	96		0.589285714286
34	9	La4	A4	305	305	1	16	250	99	96		0.598214285714
35	9	Sol4	G4	296	296	1	16	250	99	96		0.607142857143
36	9	La4	A4	305	305	1	8	500	99	96		0.625
37	9	Si4b1	B4b1	313	313	1	8	500	95	96		0.642857142857
38	9	Do5	C5	318	318	3	8	1500	99	96	ti 	0.696428571429
39	9	Re5b3	D5b4	324	323	1	8	500	95	96		0.714285714286
40	9	Re5b3	D5b4	324	323	1	8	500	99	96	zevk_	0.732142857143
41	9	Do5	C5	318	318	1	16	250	99	96		0.741071428571
42	9	Re5b3	D5b4	324	323	1	16	250	99	96		0.75
43	9	Do5	C5	318	318	1	8	500	99	96		0.767857142857
44	9	Re5b3	D5b4	324	323	1	8	500	99	96		0.785714285714
45	9	Do5	C5	318	318	3	32	375	99	96		0.799107142857
46	9	Re5b3	D5b4	324	323	1	32	125	99	96		0.803571428571
47	9	Do5	C5	318	318	1	16	250	99	96		0.8125
48	9	Si4b1	B4b1	313	313	1	16	250	99	96		0.821428571429
49	9	La4	A4	305	305	1	16	250	99	96		0.830357142857
50	9	Si4b1	B4b1	313	313	1	16	250	99	96		0.839285714286
51	9	Do5	C5	318	318	1	16	250	99	96		0.848214285714
52	9	Re5b3	D5b4	324	323	1	16	250	95	96		0.857142857143
53	9	Si4b1	B4b1	313	313	1	8	500	99	96	u 	0.875
54	8	Re5b3	D5b4	324	323	0	0	0	99	96		0.875
55	9	Do5	C5	318	318	1	4	1000	95	96		0.910714285714
56	9	Es	Es	-1	-1	1	8	500	100	0		0.928571428571
57	10	Mi5	E5	336	336	1	8	500	99	96	zevk_	0.946428571429
58	8	Fa5	F5	340	340	0	0	0	99	96		0.946428571429
59	9	Mi5	E5	336	336	1	16	250	99	96		0.955357142857
60	9	Re5b3	D5b4	324	323	1	16	250	95	96		0.964285714286
61	9	Do5	C5	318	318	1	8	500	99	96	u 	0.982142857143
62	9	Si4b1	B4b1	313	313	1	8	500	95	96		1.0
63	9	Do5	C5	318	318	3	8	1500	95	96	sa	1.05357142857
64	9	Es	Es	-1	-1	1	8	500	100	0		1.07142857143
65	9	Re5b3	D5b4	324	323	1	4	1000	99	96	fâ	1.10714285714
66	9	Mi5	E5	336	336	1	4	1000	95	96		1.14285714286
67	9	Re5b3	D5b4	324	323	1	8	500	99	96	dır 	1.16071428571
68	9	Mi5	E5	336	336	1	8	500	99	96		1.17857142857
69	9	Re5b3	D5b4	324	323	1	8	500	99	96		1.19642857143
70	9	Do5	C5	318	318	1	8	500	99	96		1.21428571429
71	9	Do5	C5	318	318	1	8	500	99	96		1.23214285714
72	9	Re5b3	D5b4	324	323	1	8	500	99	96		1.25
73	9	Do5	C5	318	318	1	8	500	99	96		1.26785714286
74	9	Si4b1	B4b1	313	313	1	8	500	95	96		1.28571428571
75	9	Si4b1	B4b1	313	313	1	16	250	99	96	yâ 	1.29464285714
76	9	La4	A4	305	305	1	16	250	99	96		1.30357142857
77	9	Si4b1	B4b1	313	313	1	16	250	99	96		1.3125
78	9	Re5b3	D5b4	324	323	1	16	250	99	96		1.32142857143
79	9	Do5	C5	318	318	3	32	375	99	96		1.33482142857
80	9	Re5b3	D5b4	324	323	1	32	125	99	96		1.33928571429
81	9	Do5	C5	318	318	1	16	250	99	96		1.34821428571
82	9	Si4b1	B4b1	313	313	1	16	250	99	96		1.35714285714
83	9	La4	A4	305	305	3	8	1500	95	96		1.41071428571
84	9	Es	Es	-1	-1	1	8	500	100	0		1.42857142857
85	9	Sol4	G4	296	296	1	8	500	99	96	yâ 	1.44642857143
86	9	La4	A4	305	305	1	16	250	99	96		1.45535714286
87	9	Si4b1	B4b1	313	313	1	16	250	99	96		1.46428571429
88	9	La4	A4	305	305	1	8	500	99	96		1.48214285714
89	9	Si4b1	B4b1	313	313	1	8	500	99	96		1.5
90	9	Do5	C5	318	318	1	8	500	99	96		1.51785714286
91	8	Mi5	E5	336	336	0	0	0	99	96		1.51785714286
92	9	Re5b3	D5b4	324	323	1	8	500	99	96		1.53571428571
93	9	Do5	C5	318	318	1	8	500	99	96		1.55357142857
94	9	Si4b1	B4b1	313	313	1	8	500	95	96		1.57142857143
95	9	La4	A4	305	305	3	32	375	99	96	Re	1.58482142857
96	9	Si4b1	B4b1	313	313	1	32	125	99	96		1.58928571429
97	9	La4	A4	305	305	1	16	250	99	96		1.59821428571
98	9	Sol4	G4	296	296	1	16	250	99	96		1.60714285714
99	9	La4	A4	305	305	1	8	500	99	96		1.625
100	9	Si4b1	B4b1	313	313	1	8	500	95	96		1.64285714286
101	9	Do5	C5	318	318	3	8	1500	99	96	sûl 	1.69642857143
102	9	Re5b3	D5b4	324	323	1	8	500	99	96		1.71428571429
103	9	Re5b3	D5b4	324	323	1	8	500	95	96		1.73214285714
104	9	Do5	C5	318	318	1	4	1000	99	96	Al	1.76785714286
105	9	Re5b3	D5b4	324	323	1	8	500	99	96		1.78571428571
106	10	Do5	C5	318	318	1	8	500	99	96		1.80357142857
107	8	Re5b3	D5b4	324	323	0	0	0	99	96		1.80357142857
108	9	Do5	C5	318	318	1	16	250	99	96		1.8125
109	9	Si4b1	B4b1	313	313	1	16	250	99	96		1.82142857143
110	9	La4	A4	305	305	1	16	250	99	96		1.83035714286
111	9	Si4b1	B4b1	313	313	1	16	250	99	96		1.83928571429
112	9	Do5	C5	318	318	1	16	250	99	96		1.84821428571
113	9	Re5b3	D5b4	324	323	1	16	250	95	96		1.85714285714
114	9	Si4b1	B4b1	313	313	1	8	500	99	96	lah  	1.875
115	8	Re5b3	D5b4	324	323	0	0	0	99	96		1.875
116	9	Do5	C5	318	318	1	4	1000	95	96		1.91071428571
117	9	Es	Es	-1	-1	1	8	500	100	0		1.92857142857
118	9	Mi5	E5	336	336	3	16	750	99	96	Ah 	1.95535714286
119	9	Re5b3	D5b4	324	323	1	16	250	99	96		1.96428571429
120	9	Do5	C5	318	318	1	4	1000	95	96		2.0
121	9	Re5	D5	327	327	1	8	500	99	96	zu	2.01785714286
122	9	Mi5	E5	336	336	1	8	500	99	96		2.03571428571
123	9	Re5	D5	327	327	1	8	500	99	96		2.05357142857
124	9	Mi5	E5	336	336	1	8	500	95	96		2.07142857143
125	9	Re5	D5	327	327	3	8	1500	99	96	hû	2.125
126	9	Sol5	G5	349	349	1	8	500	95	96		2.14285714286
127	8	La5	A5	358	358	0	0	0	95	96		2.14285714286
128	9	Sol5	G5	349	349	1	8	500	99	96	run 	2.16071428571
129	9	Fa5	F5	340	340	1	8	500	99	96		2.17857142857
130	9	Mi5	E5	336	336	1	8	500	99	96		2.19642857143
131	9	La5b1	A5b1	357	357	1	8	500	99	96		2.21428571429
132	9	Sol5	G5	349	349	1	8	500	99	96		2.23214285714
133	9	Fa5	F5	340	340	1	8	500	99	96		2.25
134	9	Mi5	E5	336	336	1	8	500	99	96		2.26785714286
135	9	Re5b3	D5b4	324	323	1	8	500	95	96		2.28571428571
136	9	Do5	C5	318	318	1	8	500	99	96	der	2.30357142857
137	9	Re5b3	D5b4	324	323	1	8	500	99	96		2.32142857143
138	9	Mi5	E5	336	336	3	32	375	99	96		2.33482142857
139	9	Fa5	F5	340	340	1	32	125	99	96		2.33928571429
140	9	Mi5	E5	336	336	1	16	250	99	96		2.34821428571
141	9	Re5b3	D5b4	324	323	1	16	250	99	96		2.35714285714
142	9	Do5	C5	318	318	1	8	500	99	96		2.375
143	9	Re5b3	D5b4	324	323	1	8	500	99	96		2.39285714286
144	9	Do5	C5	318	318	1	8	500	99	96		2.41071428571
145	9	Si4b1	B4b1	313	313	1	8	500	95	96		2.42857142857
146	9	Do5	C5	318	318	1	2	2000	95	96	di 	2.5
147	9	Es	Es	-1	-1	1	2	2000	100	0		2.57142857143
148	9	Re5	D5	327	327	1	8	500	99	96	di 	2.58928571429
149	9	Mi5	E5	336	336	1	8	500	99	96		2.60714285714
150	9	Re5	D5	327	327	1	8	500	99	96		2.625
151	9	Mi5	E5	336	336	1	8	500	95	96		2.64285714286
152	9	Mi5	E5	336	336	3	8	1500	99	96	uş	2.69642857143
153	9	Sol5	G5	349	349	1	8	500	95	96		2.71428571429
154	8	La5	A5	358	358	0	0	0	95	96		2.71428571429
155	9	Sol5	G5	349	349	1	8	500	99	96	şâ	2.73214285714
156	9	Fa5	F5	340	340	1	8	500	99	96		2.75
157	9	Mi5	E5	336	336	1	8	500	99	96		2.76785714286
158	9	La5b1	A5b1	357	357	1	8	500	99	96		2.78571428571
159	9	Sol5	G5	349	349	1	8	500	99	96		2.80357142857
160	9	Fa5	F5	340	340	1	8	500	99	96		2.82142857143
161	9	Mi5	E5	336	336	1	8	500	99	96		2.83928571429
162	9	Re5b3	D5b4	324	323	1	8	500	95	96		2.85714285714
163	9	Do5	C5	318	318	1	8	500	99	96	ka 	2.875
164	9	Re5b3	D5b4	324	323	1	8	500	99	96		2.89285714286
165	9	Mi5	E5	336	336	3	32	375	99	96		2.90625
166	9	Fa5	F5	340	340	1	32	125	99	96		2.91071428571
167	9	Mi5	E5	336	336	1	16	250	99	96		2.91964285714
168	9	Re5b3	D5b4	324	323	1	16	250	99	96		2.92857142857
169	9	Do5	C5	318	318	1	8	500	99	96		2.94642857143
170	9	Re5b3	D5b4	324	323	1	8	500	99	96		2.96428571429
171	9	Do5	C5	318	318	1	8	500	99	96		2.98214285714
172	8	Si4b1	B4b1	313	313	0	0	0	99	96		2.98214285714
173	9	Re5b3	D5b4	324	323	1	8	500	99	96		3.0
174	9	Do5	C5	318	318	1	4	1000	95	96	de	3.03571428571
175	9	Es	Es	-1	-1	1	4	1000	100	0		3.07142857143
176	9	Re5	D5	327	327	1	4	1000	99	96	vâ	3.10714285714
177	9	Mi5	E5	336	336	1	4	1000	95	96		3.14285714286
178	9	Re5	D5	327	327	1	8	500	99	96	dır 	3.16071428571
179	9	Mi5	E5	336	336	1	8	500	99	96		3.17857142857
180	9	Re5	D5	327	327	1	8	500	99	96		3.19642857143
181	9	Do5	C5	318	318	1	8	500	99	96		3.21428571429
182	9	Do5	C5	318	318	1	8	500	99	96		3.23214285714
183	9	Re5b3	D5b4	324	323	1	8	500	99	96		3.25
184	9	Do5	C5	318	318	1	8	500	99	96		3.26785714286
185	9	Si4b1	B4b1	313	313	1	8	500	95	96		3.28571428571
186	9	Si4b1	B4b1	313	313	1	16	250	99	96	yâ 	3.29464285714
187	9	La4	A4	305	305	1	16	250	99	96		3.30357142857
188	9	Si4b1	B4b1	313	313	1	16	250	99	96		3.3125
189	9	Re5b3	D5b4	324	323	1	16	250	99	96		3.32142857143
190	9	Do5	C5	318	318	3	32	375	99	96		3.33482142857
191	9	Re5b3	D5b4	324	323	1	32	125	99	96		3.33928571429
192	9	Do5	C5	318	318	1	16	250	99	96		3.34821428571
193	9	Si4b1	B4b1	313	313	1	16	250	99	96		3.35714285714
194	9	La4	A4	305	305	3	8	1500	95	96		3.41071428571
195	9	Es	Es	-1	-1	1	8	500	100	0		3.42857142857
196	9	Sol4	G4	296	296	1	8	500	99	96	yâ 	3.44642857143
197	9	La4	A4	305	305	1	16	250	99	96		3.45535714286
198	9	Si4b1	B4b1	313	313	1	16	250	99	96		3.46428571429
199	9	La4	A4	305	305	1	8	500	99	96		3.48214285714
200	9	Si4b1	B4b1	313	313	1	8	500	99	96		3.5
201	9	Do5	C5	318	318	1	8	500	99	96		3.51785714286
202	9	Re5b3	D5b4	324	323	1	8	500	99	96		3.53571428571
203	9	Do5	C5	318	318	1	8	500	99	96		3.55357142857
204	9	Si4b1	B4b1	313	313	1	8	500	95	96		3.57142857143
205	9	La4	A4	305	305	3	32	375	99	96	Re	3.58482142857
206	9	Si4b1	B4b1	313	313	1	32	125	99	96		3.58928571429
207	9	La4	A4	305	305	1	16	250	99	96		3.59821428571
208	9	Sol4	G4	296	296	1	16	250	99	96		3.60714285714
209	9	La4	A4	305	305	1	8	500	99	96		3.625
210	9	Si4b1	B4b1	313	313	1	8	500	95	96		3.64285714286
211	9	Do5	C5	318	318	3	8	1500	99	96	sûl 	3.69642857143
212	9	Re5b3	D5b4	324	323	1	8	500	99	96		3.71428571429
213	9	Re5b3	D5b4	324	323	1	8	500	95	96		3.73214285714
214	9	Do5	C5	318	318	1	4	1000	99	96	Al	3.76785714286
215	9	Re5b3	D5b4	324	323	1	8	500	99	96		3.78571428571
216	10	Do5	C5	318	318	1	8	500	99	96		3.80357142857
217	8	Re5b3	D5b4	324	323	0	0	0	99	96		3.80357142857
218	9	Do5	C5	318	318	1	16	250	99	96		3.8125
219	9	Si4b1	B4b1	313	313	1	16	250	99	96		3.82142857143
220	9	La4	A4	305	305	1	16	250	99	96		3.83035714286
221	9	Si4b1	B4b1	313	313	1	16	250	99	96		3.83928571429
222	9	Do5	C5	318	318	1	16	250	99	96		3.84821428571
223	9	Re5b3	D5b4	324	323	1	16	250	95	96		3.85714285714
224	9	Si4b1	B4b1	313	313	1	8	500	99	96	lah 	3.875
225	8	Re5b3	D5b4	324	323	0	0	0	99	96		3.875
226	9	Do5	C5	318	318	3	8	1500	95	96		3.92857142857
227	9	Mi5	E5	336	336	3	16	750	99	96	Al	3.95535714286
228	9	Re5b3	D5b4	324	323	1	16	250	95	96		3.96428571429
229	9	Do5	C5	318	318	1	4	1000	95	96	lah  	4.0
230	9	Do5	C5	318	318	1	2	2000	95	96	Ku	4.07142857143
231	9	Re5b3	D5b4	324	323	1	4	1000	99	96	dû	4.10714285714
232	9	Mi5	E5	336	336	1	4	1000	95	96		4.14285714286
233	9	Re5b3	D5b4	324	323	1	8	500	99	96	mün 	4.16071428571
234	9	Mi5	E5	336	336	1	8	500	99	96		4.17857142857
235	9	Re5b3	D5b4	324	323	1	8	500	99	96		4.19642857143
236	9	Do5	C5	318	318	1	8	500	99	96		4.21428571429
237	9	Do5	C5	318	318	1	8	500	99	96		4.23214285714
238	9	Re5b3	D5b4	324	323	1	8	500	99	96		4.25
239	9	Do5	C5	318	318	1	8	500	99	96		4.26785714286
240	9	Si4b1	B4b1	313	313	1	8	500	95	96		4.28571428571
241	9	Si4b1	B4b1	313	313	1	16	250	99	96	rah 	4.29464285714
242	9	La4	A4	305	305	1	16	250	99	96		4.30357142857
243	9	Si4b1	B4b1	313	313	1	16	250	99	96		4.3125
244	9	Re5b3	D5b4	324	323	1	16	250	99	96		4.32142857143
245	9	Do5	C5	318	318	3	32	375	99	96		4.33482142857
246	9	Re5b3	D5b4	324	323	1	32	125	99	96		4.33928571429
247	9	Do5	C5	318	318	1	16	250	99	96		4.34821428571
248	9	Si4b1	B4b1	313	313	1	16	250	99	96		4.35714285714
249	9	La4	A4	305	305	3	8	1500	95	96		4.41071428571
250	9	Es	Es	-1	-1	1	8	500	100	0		4.42857142857
251	9	Sol4	G4	296	296	1	8	500	99	96	rah	4.44642857143
252	9	La4	A4	305	305	1	16	250	99	96		4.45535714286
253	9	Si4b1	B4b1	313	313	1	16	250	99	96		4.46428571429
254	9	La4	A4	305	305	1	8	500	99	96		4.48214285714
255	9	Si4b1	B4b1	313	313	1	8	500	99	96		4.5
256	9	Do5	C5	318	318	1	8	500	99	96		4.51785714286
257	9	Re5b3	D5b4	324	323	1	8	500	99	96		4.53571428571
258	9	Do5	C5	318	318	1	8	500	99	96		4.55357142857
259	9	Si4b1	B4b1	313	313	1	8	500	95	96		4.57142857143
260	9	La4	A4	305	305	3	32	375	99	96	me	4.58482142857
261	9	Si4b1	B4b1	313	313	1	32	125	99	96		4.58928571429
262	9	La4	A4	305	305	1	16	250	99	96		4.59821428571
263	9	Sol4	G4	296	296	1	16	250	99	96		4.60714285714
264	9	La4	A4	305	305	1	8	500	99	96		4.625
265	9	Si4b1	B4b1	313	313	1	8	500	95	96		4.64285714286
266	9	Do5	C5	318	318	3	8	1500	99	96	ti 	4.69642857143
267	9	Re5b3	D5b4	324	323	1	8	500	95	96		4.71428571429
268	9	Re5b3	D5b4	324	323	1	8	500	99	96	zevk_	4.73214285714
269	9	Do5	C5	318	318	1	16	250	99	96		4.74107142857
270	9	Re5b3	D5b4	324	323	1	16	250	99	96		4.75
271	9	Do5	C5	318	318	1	8	500	99	96		4.76785714286
272	9	Re5b3	D5b4	324	323	1	8	500	99	96		4.78571428571
273	9	Do5	C5	318	318	3	32	375	99	96		4.79910714286
274	9	Re5b3	D5b4	324	323	1	32	125	99	96		4.80357142857
275	9	Do5	C5	318	318	1	16	250	99	96		4.8125
276	9	Si4b1	B4b1	313	313	1	16	250	99	96		4.82142857143
277	9	La4	A4	305	305	1	16	250	99	96		4.83035714286
278	9	Si4b1	B4b1	313	313	1	16	250	99	96		4.83928571429
279	9	Do5	C5	318	318	1	16	250	99	96		4.84821428571
280	9	Re5b3	D5b4	324	323	1	16	250	95	96		4.85714285714
281	9	Si4b1	B4b1	313	313	1	8	500	99	96	u 	4.875
282	8	Re5b3	D5b4	324	323	0	0	0	99	96		4.875
283	9	Do5	C5	318	318	1	4	1000	95	96		4.91071428571
284	9	Es	Es	-1	-1	1	8	500	100	0		4.92857142857
285	10	Mi5	E5	336	336	1	8	500	99	96	zevk_	4.94642857143
286	8	Fa5	F5	340	340	0	0	0	99	96		4.94642857143
287	9	Mi5	E5	336	336	1	16	250	99	96		4.95535714286
288	9	Re5b3	D5b4	324	323	1	16	250	95	96		4.96428571429
289	9	Do5	C5	318	318	1	8	500	99	96	u 	4.98214285714
290	9	Si4b1	B4b1	313	313	1	8	500	95	96		5.0
291	9	Do5	C5	318	318	3	8	1500	95	96	sa	5.05357142857
292	9	Es	Es	-1	-1	1	8	500	100	0		5.07142857143
293	9	Re5b3	D5b4	324	323	1	4	1000	99	96	fâ	5.10714285714
294	9	Mi5	E5	336	336	1	4	1000	95	96		5.14285714286
295	9	Re5b3	D5b4	324	323	1	8	500	99	96	dır 	5.16071428571
296	9	Mi5	E5	336	336	1	8	500	99	96		5.17857142857
297	9	Re5b3	D5b4	324	323	1	8	500	99	96		5.19642857143
298	9	Do5	C5	318	318	1	8	500	99	96		5.21428571429
299	9	Do5	C5	318	318	1	8	500	99	96		5.23214285714
300	9	Re5b3	D5b4	324	323	1	8	500	99	96		5.25
301	9	Do5	C5	318	318	1	8	500	99	96		5.26785714286
302	9	Si4b1	B4b1	313	313	1	8	500	95	96		5.28571428571
303	9	Si4b1	B4b1	313	313	1	16	250	99	96	yâ 	5.29464285714
304	9	La4	A4	305	305	1	16	250	99	96		5.30357142857
305	9	Si4b1	B4b1	313	313	1	16	250	99	96		5.3125
306	9	Re5b3	D5b4	324	323	1	16	250	99	96		5.32142857143
307	9	Do5	C5	318	318	3	32	375	99	96		5.33482142857
308	9	Re5b3	D5b4	324	323	1	32	125	99	96		5.33928571429
309	9	Do5	C5	318	318	1	16	250	99	96		5.34821428571
310	9	Si4b1	B4b1	313	313	1	16	250	99	96		5.35714285714
311	9	La4	A4	305	305	3	8	1500	95	96		5.41071428571
312	9	Es	Es	-1	-1	1	8	500	100	0		5.42857142857
313	9	Sol4	G4	296	296	1	8	500	99	96	yâ 	5.44642857143
314	9	La4	A4	305	305	1	16	250	99	96		5.45535714286
315	9	Si4b1	B4b1	313	313	1	16	250	99	96		5.46428571429
316	9	La4	A4	305	305	1	8	500	99	96		5.48214285714
317	9	Si4b1	B4b1	313	313	1	8	500	99	96		5.5
318	9	Do5	C5	318	318	1	8	500	99	96		5.51785714286
319	8	Mi5	E5	336	336	0	0	0	99	96		5.51785714286
320	9	Re5b3	D5b4	324	323	1	8	500	99	96		5.53571428571
321	9	Do5	C5	318	318	1	8	500	99	96		5.55357142857
322	9	Si4b1	B4b1	313	313	1	8	500	95	96		5.57142857143
323	9	La4	A4	305	305	3	32	375	99	96	Re	5.58482142857
324	9	Si4b1	B4b1	313	313	1	32	125	99	96		5.58928571429
325	9	La4	A4	305	305	1	16	250	99	96		5.59821428571
326	9	Sol4	G4	296	296	1	16	250	99	96		5.60714285714
327	9	La4	A4	305	305	1	8	500	99	96		5.625
328	9	Si4b1	B4b1	313	313	1	8	500	95	96		5.64285714286
329	9	Do5	C5	318	318	3	8	1500	99	96	sûl 	5.69642857143
330	9	Re5b3	D5b4	324	323	1	8	500	99	96		5.71428571429
331	9	Re5b3	D5b4	324	323	1	8	500	95	96		5.73214285714
332	9	Do5	C5	318	318	1	4	1000	99	96	Al	5.76785714286
333	9	Re5b3	D5b4	324	323	1	8	500	99	96		5.78571428571
334	10	Do5	C5	318	318	1	8	500	99	96		5.80357142857
335	8	Re5b3	D5b4	324	323	0	0	0	99	96		5.80357142857
336	9	Do5	C5	318	318	1	16	250	99	96		5.8125
337	9	Si4b1	B4b1	313	313	1	16	250	99	96		5.82142857143
338	9	La4	A4	305	305	1	16	250	99	96		5.83035714286
339	9	Si4b1	B4b1	313	313	1	16	250	99	96		5.83928571429
340	9	Do5	C5	318	318	1	16	250	99	96		5.84821428571
341	9	Re5b3	D5b4	324	323	1	16	250	95	96		5.85714285714
342	9	Si4b1	B4b1	313	313	1	8	500	99	96	lah  	5.875
343	8	Re5b3	D5b4	324	323	0	0	0	99	96		5.875
344	9	Do5	C5	318	318	1	4	1000	95	96		5.91071428571
345	9	Es	Es	-1	-1	1	8	500	100	0		5.92857142857
346	9	Mi5	E5	336	336	3	16	750	99	96	Ah 	5.95535714286
347	9	Re5b3	D5b4	324	323	1	16	250	99	96		5.96428571429
348	9	Do5	C5	318	318	1	4	1000	95	96		6.0
349	9	Re5	D5	327	327	1	8	500	99	96	zu	6.01785714286
350	9	Mi5	E5	336	336	1	8	500	99	96		6.03571428571
351	9	Re5	D5	327	327	1	8	500	99	96		6.05357142857
352	9	Mi5	E5	336	336	1	8	500	95	96		6.07142857143
353	9	Re5	D5	327	327	3	8	1500	99	96	hû	6.125
354	9	Sol5	G5	349	349	1	8	500	95	96		6.14285714286
355	8	La5	A5	358	358	0	0	0	95	96		6.14285714286
356	9	Sol5	G5	349	349	1	8	500	99	96	run 	6.16071428571
357	9	Fa5	F5	340	340	1	8	500	99	96		6.17857142857
358	9	Mi5	E5	336	336	1	8	500	99	96		6.19642857143
359	9	La5b1	A5b1	357	357	1	8	500	99	96		6.21428571429
360	9	Sol5	G5	349	349	1	8	500	99	96		6.23214285714
361	9	Fa5	F5	340	340	1	8	500	99	96		6.25
362	9	Mi5	E5	336	336	1	8	500	99	96		6.26785714286
363	9	Re5b3	D5b4	324	323	1	8	500	95	96		6.28571428571
364	9	Do5	C5	318	318	1	8	500	99	96	der	6.30357142857
365	9	Re5b3	D5b4	324	323	1	8	500	99	96		6.32142857143
366	9	Mi5	E5	336	336	3	32	375	99	96		6.33482142857
367	9	Fa5	F5	340	340	1	32	125	99	96		6.33928571429
368	9	Mi5	E5	336	336	1	16	250	99	96		6.34821428571
369	9	Re5b3	D5b4	324	323	1	16	250	99	96		6.35714285714
370	9	Do5	C5	318	318	1	8	500	99	96		6.375
371	9	Re5b3	D5b4	324	323	1	8	500	99	96		6.39285714286
372	9	Do5	C5	318	318	1	8	500	99	96		6.41071428571
373	9	Si4b1	B4b1	313	313	1	8	500	95	96		6.42857142857
374	9	Do5	C5	318	318	1	2	2000	95	96	di 	6.5
375	9	Es	Es	-1	-1	1	2	2000	100	0		6.57142857143
376	9	Re5	D5	327	327	1	8	500	99	96	di 	6.58928571429
377	9	Mi5	E5	336	336	1	8	500	99	96		6.60714285714
378	9	Re5	D5	327	327	1	8	500	99	96		6.625
379	9	Mi5	E5	336	336	1	8	500	95	96		6.64285714286
380	9	Mi5	E5	336	336	3	8	1500	99	96	uş	6.69642857143
381	9	Sol5	G5	349	349	1	8	500	95	96		6.71428571429
382	8	La5	A5	358	358	0	0	0	95	96		6.71428571429
383	9	Sol5	G5	349	349	1	8	500	99	96	şâ	6.73214285714
384	9	Fa5	F5	340	340	1	8	500	99	96		6.75
385	9	Mi5	E5	336	336	1	8	500	99	96		6.76785714286
386	9	La5b1	A5b1	357	357	1	8	500	99	96		6.78571428571
387	9	Sol5	G5	349	349	1	8	500	99	96		6.80357142857
388	9	Fa5	F5	340	340	1	8	500	99	96		6.82142857143
389	9	Mi5	E5	336	336	1	8	500	99	96		6.83928571429
390	9	Re5b3	D5b4	324	323	1	8	500	95	96		6.85714285714
391	9	Do5	C5	318	318	1	8	500	99	96	ka 	6.875
392	9	Re5b3	D5b4	324	323	1	8	500	99	96		6.89285714286
393	9	Mi5	E5	336	336	3	32	375	99	96		6.90625
394	9	Fa5	F5	340	340	1	32	125	99	96		6.91071428571
395	9	Mi5	E5	336	336	1	16	250	99	96		6.91964285714
396	9	Re5b3	D5b4	324	323	1	16	250	99	96		6.92857142857
397	9	Do5	C5	318	318	1	8	500	99	96		6.94642857143
398	9	Re5b3	D5b4	324	323	1	8	500	99	96		6.96428571429
399	9	Do5	C5	318	318	1	8	500	99	96		6.98214285714
400	8	Si4b1	B4b1	313	313	0	0	0	99	96		6.98214285714
401	9	Re5b3	D5b4	324	323	1	8	500	99	96		7.0
402	9	Do5	C5	318	318	1	4	1000	95	96	de	7.03571428571
403	9	Es	Es	-1	-1	1	4	1000	100	0		7.07142857143
404	9	Re5	D5	327	327	1	4	1000	99	96	vâ	7.10714285714
405	9	Mi5	E5	336	336	1	4	1000	95	96		7.14285714286
406	9	Re5	D5	327	327	1	8	500	99	96	dır 	7.16071428571
407	9	Mi5	E5	336	336	1	8	500	99	96		7.17857142857
408	9	Re5	D5	327	327	1	8	500	99	96		7.19642857143
409	9	Do5	C5	318	318	1	8	500	99	96		7.21428571429
410	9	Do5	C5	318	318	1	8	500	99	96		7.23214285714
411	9	Re5b3	D5b4	324	323	1	8	500	99	96		7.25
412	9	Do5	C5	318	318	1	8	500	99	96		7.26785714286
413	9	Si4b1	B4b1	313	313	1	8	500	95	96		7.28571428571
414	9	Si4b1	B4b1	313	313	1	16	250	99	96	yâ 	7.29464285714
415	9	La4	A4	305	305	1	16	250	99	96		7.30357142857
416	9	Si4b1	B4b1	313	313	1	16	250	99	96		7.3125
417	9	Re5b3	D5b4	324	323	1	16	250	99	96		7.32142857143
418	9	Do5	C5	318	318	3	32	375	99	96		7.33482142857
419	9	Re5b3	D5b4	324	323	1	32	125	99	96		7.33928571429
420	9	Do5	C5	318	318	1	16	250	99	96		7.34821428571
421	9	Si4b1	B4b1	313	313	1	16	250	99	96		7.35714285714
422	9	La4	A4	305	305	3	8	1500	95	96		7.41071428571
423	9	Es	Es	-1	-1	1	8	500	100	0		7.42857142857
424	9	Sol4	G4	296	296	1	8	500	99	96	yâ 	7.44642857143
425	9	La4	A4	305	305	1	16	250	99	96		7.45535714286
426	9	Si4b1	B4b1	313	313	1	16	250	99	96		7.46428571429
427	9	La4	A4	305	305	1	8	500	99	96		7.48214285714
428	9	Si4b1	B4b1	313	313	1	8	500	99	96		7.5
429	9	Do5	C5	318	318	1	8	500	99	96		7.51785714286
430	9	Re5b3	D5b4	324	323	1	8	500	99	96		7.53571428571
431	9	Do5	C5	318	318	1	8	500	99	96		7.55357142857
432	9	Si4b1	B4b1	313	313	1	8	500	95	96		7.57142857143
433	9	La4	A4	305	305	3	32	375	99	96	Re	7.58482142857
434	9	Si4b1	B4b1	313	313	1	32	125	99	96		7.58928571429
435	9	La4	A4	305	305	1	16	250	99	96		7.59821428571
436	9	Sol4	G4	296	296	1	16	250	99	96		7.60714285714
437	9	La4	A4	305	305	1	8	500	99	96		7.625
438	9	Si4b1	B4b1	313	313	1	8	500	95	96		7.64285714286
439	9	Do5	C5	318	318	3	8	1500	99	96	sûl 	7.69642857143
440	9	Re5b3	D5b4	324	323	1	8	500	99	96		7.71428571429
441	9	Re5b3	D5b4	324	323	1	8	500	95	96		7.73214285714
442	9	Do5	C5	318	318	1	4	1000	99	96	Al	7.76785714286
443	9	Re5b3	D5b4	324	323	1	8	500	99	96		7.78571428571
444	10	Do5	C5	318	318	1	8	500	99	96		7.80357142857
445	8	Re5b3	D5b4	324	323	0	0	0	99	96		7.80357142857
446	9	Do5	C5	318	318	1	16	250	99	96		7.8125
447	9	Si4b1	B4b1	313	313	1	16	250	99	96		7.82142857143
448	9	La4	A4	305	305	1	16	250	99	96		7.83035714286
449	9	Si4b1	B4b1	313	313	1	16	250	99	96		7.83928571429
450	9	Do5	C5	318	318	1	16	250	99	96		7.84821428571
451	9	Re5b3	D5b4	324	323	1	16	250	95	96		7.85714285714
452	9	Si4b1	B4b1	313	313	1	8	500	99	96	lah 	7.875
453	8	Re5b3	D5b4	324	323	0	0	0	99	96		7.875
454	9	Do5	C5	318	318	3	8	1500	95	96		7.92857142857
455	9	Mi5	E5	336	336	3	16	750	99	96	Al	7.95535714286
456	9	Re5b3	D5b4	324	323	1	16	250	95	96		7.96428571429
457	9	Do5	C5	318	318	1	4	1000	95	96	lah  	8.0
