Sira	Kod	Nota53	NotaAE	Koma53	KomaAE	Pay	Payda	Ms	LNS	Bas	Soz1	Offset
1	51			0	0	3	4	0	4	0	Semâî	0.0
2	9	Fa5#4	F5#4	344	344	1	2	1000	95	96		0.666666666667
3	9	Fa5#4	F5#4	344	344	1	4	500	95	96		1.0
4	9	Fa5#4	F5#4	344	344	1	2	1000	95	96		1.66666666667
5	9	Mi5#4	E5#4	340	340	1	4	500	95	96		2.0
6	9	Re5	D5	327	327	1	2	1000	95	96		2.66666666667
7	9	Mi5#4	E5#4	340	340	1	4	500	95	96		3.0
8	9	Fa5#4	F5#4	344	344	1	2	1000	95	96		3.66666666667
9	9	Es	Es	-1	-1	1	4	500	100	0		4.0
10	9	Fa5#4	F5#4	344	344	1	2	1000	95	96		4.66666666667
11	9	Sol5	G5	349	349	1	4	500	95	96		5.0
12	9	La5	A5	358	358	1	2	1000	95	96		5.66666666667
13	9	Sol5	G5	349	349	1	4	500	95	96		6.0
14	9	La5	A5	358	358	1	4	500	95	96		6.33333333333
15	9	Sol5	G5	349	349	1	4	500	95	96		6.66666666667
16	9	Fa5#4	F5#4	344	344	1	4	500	95	96		7.0
17	9	Mi5#4	E5#4	340	340	1	4	500	95	96		7.33333333333
18	9	Fa5#4	F5#4	344	344	1	2	1000	95	96		8.0
19	9	Fa5#4	F5#4	344	344	1	4	500	95	96		8.33333333333
20	9	La5	A5	358	358	1	2	1000	95	96		9.0
21	9	La5	A5	358	358	1	2	1000	95	96		9.66666666667
22	9	Sol5#4	G5#4	353	353	1	8	250	95	96		9.83333333333
23	9	La5	A5	358	358	1	8	250	95	96		10.0
24	9	Si5b1	B5b1	366	366	1	2	1000	95	96		10.6666666667
25	9	La5	A5	358	358	1	4	500	95	96		11.0
26	9	La5	A5	358	358	1	4	500	95	96		11.3333333333
27	9	Sol5#4	G5#4	353	353	1	4	500	95	96		11.6666666667
28	9	Fa5#4	F5#4	344	344	1	4	500	95	96		12.0
29	9	Fa5#4	F5#4	344	344	1	4	500	95	96		12.3333333333
30	9	Sol5	G5	349	349	1	4	500	95	96		12.6666666667
31	9	Fa5#4	F5#4	344	344	1	4	500	95	96		13.0
32	9	La5	A5	358	358	1	2	1000	95	96		13.6666666667
33	9	Sol5	G5	349	349	1	4	500	95	96		14.0
34	9	Sol5	G5	349	349	1	4	500	95	96		14.3333333333
35	9	Fa5#4	F5#4	344	344	1	4	500	95	96		14.6666666667
36	9	Mi5#4	E5#4	340	340	1	4	500	95	96		15.0
37	9	Fa5#4	F5#4	344	344	1	2	1000	95	96		15.6666666667
38	9	Es	Es	-1	-1	1	4	500	100	0		16.0
39	9	Fa5#4	F5#4	344	344	1	2	1000	95	96		16.6666666667
40	9	Fa5#4	F5#4	344	344	1	4	500	95	96		17.0
41	9	La5	A5	358	358	3	4	1500	95	96		18.0
42	9	Sol5	G5	349	349	1	2	1000	95	96		18.6666666667
43	9	Fa5#4	F5#4	344	344	1	4	500	95	96		19.0
44	9	Mi5#4	E5#4	340	340	1	4	500	95	96		19.3333333333
45	9	Re5	D5	327	327	1	2	1000	95	96		20.0
46	9	Sol5	G5	349	349	1	2	1000	95	96		20.6666666667
47	9	Fa5#4	F5#4	344	344	1	4	500	95	96		21.0
48	9	Mi5#4	E5#4	340	340	1	4	500	95	96		21.3333333333
49	9	Re5	D5	327	327	1	4	500	95	96		21.6666666667
50	9	Do5#4	C5#4	322	322	1	4	500	95	96		22.0
51	9	Si4b1	B4b1	313	313	1	4	500	95	96		22.3333333333
52	9	La4#4	A4#4	309	309	1	4	500	95	96		22.6666666667
53	9	Si4b1	B4b1	313	313	1	4	500	95	96		23.0
54	9	Do5#4	C5#4	322	322	1	2	1000	95	96		23.6666666667
55	9	Es	Es	-1	-1	1	4	500	100	0		24.0
56	9	Do5#4	C5#4	322	322	1	4	500	95	96		24.3333333333
57	9	Re5	D5	327	327	1	2	1000	95	96		25.0
58	9	Re5	D5	327	327	1	2	1000	95	96		25.6666666667
59	9	Do5#4	C5#4	322	322	1	4	500	95	96		26.0
60	9	Do5#4	C5#4	322	322	1	2	1000	95	96		26.6666666667
61	9	Si4b1	B4b1	313	313	1	4	500	95	96		27.0
62	9	Si4b1	B4b1	313	313	1	4	500	95	96		27.3333333333
63	9	La4#4	A4#4	309	309	1	4	500	95	96		27.6666666667
64	9	Sol4	G4	296	296	1	4	500	95	96		28.0
65	9	La4#4	A4#4	309	309	1	4	500	95	96		28.3333333333
66	9	Si4b1	B4b1	313	313	1	4	500	95	96		28.6666666667
67	9	Do5#4	C5#4	322	322	1	4	500	95	96		29.0
68	9	Re5	D5	327	327	1	4	500	95	96		29.3333333333
69	9	Do5#4	C5#4	322	322	1	4	500	95	96		29.6666666667
70	9	Si4b1	B4b1	313	313	1	4	500	95	96		30.0
71	9	La4#4	A4#4	309	309	1	2	1000	95	96		30.6666666667
72	9	Sol4	G4	296	296	1	4	500	95	96		31.0
73	9	Fa4#4	F4#4	291	291	1	2	1000	95	96		31.6666666667
74	9	Es	Es	-1	-1	1	4	500	100	0		32.0
