Sira	Kod	Nota53	NotaAE	Koma53	KomaAE	Pay	Payda	Ms	LNS	Bas	Soz1	Offset
1	9	Sol5	G5	349	349	1	16	227	95	96	ARANAĞME	0.027778
2	9	Fa5#4	F5#4	344	344	1	16	227	95	96	.	0.055556
3	9	Mi5#4	E5#4	340	340	1	16	227	95	96	.	0.083333
4	9	Fa5#4	F5#4	344	344	1	16	227	95	96	.	0.111111
5	9	Sol5	G5	349	349	1	8	455	95	96	.	0.166667
6	9	La5	A5	358	358	1	8	455	95	96	.	0.222222
7	9	Fa5#4	F5#4	344	344	3	16	682	95	96	.	0.305556
8	9	Sol5	G5	349	349	1	16	227	95	96	.	0.333333
9	9	Mi5#4	E5#4	340	340	3	16	682	95	96	.	0.416667
10	9	Fa5#4	F5#4	344	344	1	16	227	95	96	.	0.444444
11	9	Re5	D5	327	327	3	16	682	95	96	.	0.527778
12	9	Mi5	E5	336	336	1	16	227	95	96	.	0.555556
13	9	Do5	C5	318	318	1	8	455	95	96	.	0.611111
14	9	Re5	D5	327	327	1	8	455	95	96	.	0.666667
15	9	Si4b1	B4b1	313	313	1	8	455	95	96	.	0.722222
16	9	Do5	C5	318	318	1	8	455	95	96	.	0.777778
17	9	La4	A4	305	305	1	8	455	95	96	.	0.833333
18	9	Si4b1	B4b1	313	313	1	8	455	95	96	.	0.888889
19	9	La4	A4	305	305	1	8	455	95	96	.	0.944444
20	9	Sol4	G4	296	296	1	8	455	95	96	.	1.000000
21	9	Fa4#4	F4#4	291	291	3	16	682	95	96	.	1.083333
22	9	Sol4	G4	296	296	1	16	227	95	96	.	1.111111
23	9	La4	A4	305	305	1	8	455	95	96	.	1.166667
24	9	Si4b1	B4b1	313	313	1	8	455	95	96	.	1.222222
25	9	Do5	C5	318	318	1	16	227	95	96	.	1.250000
26	9	Re5	D5	327	327	1	16	227	95	96	.	1.277778
27	9	Mi5	E5	336	336	1	16	227	95	96	.	1.305556
28	9	Fa5	F5	340	340	1	16	227	95	96	.	1.333333
29	9	Mi5	E5	336	336	1	16	227	95	96	.	1.361111
30	9	Re5	D5	327	327	1	16	227	95	96	.	1.388889
31	9	Do5	C5	318	318	1	16	227	95	96	.	1.416667
32	9	Si4b1	B4b1	313	313	1	16	227	95	96	.	1.444444
33	9	La4	A4	305	305	3	16	682	95	96	.	1.527778
34	9	Si4b1	B4b1	313	313	1	16	227	95	96	.	1.555556
35	9	La4	A4	305	305	1	16	227	95	96	.	1.583333
36	9	Sol4	G4	296	296	1	16	227	95	96	.	1.611111
37	9	Sol4	G4	296	296	1	16	227	95	96	.	1.638889
38	9	Fa4#4	F4#4	291	291	1	16	227	95	96	.	1.666667
39	9	Fa4#4	F4#4	291	291	1	4	909	95	96	.	1.777778
40	9	Re5	D5	327	327	3	16	682	95	96	.	1.861111
41	9	Mi5#4	E5#4	340	340	1	16	227	95	96	.	1.888889
42	9	Fa5#4	F5#4	344	344	1	4	909	95	96	.	2.000000
43	9	Sol5	G5	349	349	1	16	227	95	96	ARANAĞME	2.027778
44	9	Fa5#4	F5#4	344	344	1	16	227	95	96	.	2.055556
45	9	Mi5#4	E5#4	340	340	1	16	227	95	96	.	2.083333
46	9	Fa5#4	F5#4	344	344	1	16	227	95	96	.	2.111111
47	9	Sol5	G5	349	349	1	8	455	95	96	.	2.166667
48	9	La5	A5	358	358	1	8	455	95	96	.	2.222222
49	9	Fa5#4	F5#4	344	344	3	16	682	95	96	.	2.305556
50	9	Sol5	G5	349	349	1	16	227	95	96	.	2.333333
51	9	Mi5#4	E5#4	340	340	3	16	682	95	96	.	2.416667
52	9	Fa5#4	F5#4	344	344	1	16	227	95	96	.	2.444444
53	9	Re5	D5	327	327	3	16	682	95	96	.	2.527778
54	9	Mi5	E5	336	336	1	16	227	95	96	.	2.555556
55	9	Do5	C5	318	318	1	8	455	95	96	.	2.611111
56	9	Re5	D5	327	327	1	8	455	95	96	.	2.666667
57	9	Si4b1	B4b1	313	313	1	8	455	95	96	.	2.722222
58	9	Do5	C5	318	318	1	8	455	95	96	.	2.777778
59	9	La4	A4	305	305	1	8	455	95	96	.	2.833333
60	9	Si4b1	B4b1	313	313	1	8	455	95	96	.	2.888889
61	9	La4	A4	305	305	1	8	455	95	96	.	2.944444
62	9	Sol4	G4	296	296	1	8	455	95	96	.	3.000000
63	9	Fa4#4	F4#4	291	291	3	16	682	95	96	.	3.083333
64	9	Sol4	G4	296	296	1	16	227	95	96	.	3.111111
65	9	La4	A4	305	305	1	8	455	95	96	.	3.166667
66	9	Si4b1	B4b1	313	313	1	8	455	95	96	.	3.222222
67	9	Do5	C5	318	318	1	16	227	95	96	.	3.250000
68	9	Re5	D5	327	327	1	16	227	95	96	.	3.277778
69	9	Mi5	E5	336	336	1	16	227	95	96	.	3.305556
70	9	Fa5	F5	340	340	1	16	227	95	96	.	3.333333
71	9	Mi5	E5	336	336	1	16	227	95	96	.	3.361111
72	9	Re5	D5	327	327	1	16	227	95	96	.	3.388889
73	9	Do5	C5	318	318	1	16	227	95	96	.	3.416667
74	9	Si4b1	B4b1	313	313	1	16	227	95	96	.	3.444444
75	9	La4	A4	305	305	3	16	682	95	96	.	3.527778
76	9	Si4b1	B4b1	313	313	1	16	227	95	96	.	3.555556
77	9	La4	A4	305	305	1	16	227	95	96	.	3.583333
78	9	Sol4	G4	296	296	1	16	227	95	96	.	3.611111
79	9	Sol4	G4	296	296	1	16	227	95	96	.	3.638889
80	9	Fa4#4	F4#4	291	291	1	16	227	95	96	.	3.666667
81	9	Fa4#4	F4#4	291	291	1	4	909	95	96	.	3.777778
82	9	Mi4#4	E4#4	287	287	1	16	227	95	96	.	3.805556
83	9	Fa4#4	F4#4	291	291	1	16	227	95	96	.	3.833333
84	9	Sol4	G4	296	296	1	16	227	95	96	.	3.861111
85	9	Mi4#4	E4#4	287	287	1	16	227	95	96	.	3.888889
86	9	Fa4#4	F4#4	291	291	1	4	909	95	96	.	4.000000
87	9	Es	Es	-1	-1	1	2	1818	100	0		4.222222
88	9	Es	Es	-1	-1	1	8	455	100	0		4.277778
89	9	Fa5#4	F5#4	344	344	1	16	227	99	96	Bir 	4.305555
90	9	Sol5	G5	349	349	1	16	227	99	96		4.333333
91	9	Fa5#4	F5#4	344	344	1	8	455	95	96		4.388889
92	9	Mi5#4	E5#4	340	340	1	8	455	95	96	gö	4.444445
93	9	Fa5#4	F5#4	344	344	1	16	227	99	96	ren 	4.472222
94	9	Sol5	G5	349	349	1	16	227	99	96		4.500000
95	9	Sol5	G5	349	349	1	24	152	99	96		4.518518
96	9	Fa5#4	F5#4	344	344	1	24	152	99	96		4.537037
97	9	Mi5#4	E5#4	340	340	1	24	152	99	96		4.555555
98	9	Re5	D5	327	327	1	4	909	95	96		4.666667
99	9	Sol5	G5	349	349	1	8	455	99	96	bir 	4.722222
100	9	Fa5#4	F5#4	344	344	1	16	227	99	96		4.750000
101	9	Mi5#4	E5#4	340	340	1	16	227	99	96		4.777778
102	9	Re5	D5	327	327	1	8	455	99	96		4.833333
103	9	Do5#4	C5#4	322	322	1	16	227	99	96		4.861111
104	9	Si4#4	B4#4	318	318	1	16	227	99	96		4.888889
105	9	Do5#4	C5#4	322	322	1	8	455	99	96		4.944445
106	9	Re5	D5	327	327	1	8	455	99	96		5.000000
107	9	Mi5#4	E5#4	340	340	1	16	227	99	96		5.027778
108	9	Fa5#4	F5#4	344	344	1	8	455	99	96		5.083333
109	9	Mi5#4	E5#4	340	340	1	16	227	99	96		5.111111
110	9	Re5	D5	327	327	1	8	455	99	96		5.166667
111	9	Do5#4	C5#4	322	322	1	24	152	99	96		5.185185
112	9	Si4#4	B4#4	318	318	1	24	152	99	96		5.203704
113	9	Do5#4	C5#4	322	322	1	24	152	95	96		5.222222
114	9	Es	Es	-1	-1	1	8	455	100	0		5.277778
115	9	La5	A5	358	358	1	8	455	99	96	dem 	5.333333
116	9	Sol5	G5	349	349	1	8	455	95	96		5.388889
117	9	Fa5#4	F5#4	344	344	1	8	455	95	96	u	5.444445
118	9	Mi5#4	E5#4	340	340	1	8	455	99	96	nut	5.500000
119	9	Re5	D5	327	327	1	8	455	99	96		5.555555
120	9	La5	A5	358	358	1	8	455	99	96		5.611111
121	9	Sol5	G5	349	349	1	16	227	99	96		5.638889
122	9	Fa5#4	F5#4	344	344	1	16	227	95	96		5.666667
123	9	Fa5#4	F5#4	344	344	3	8	1364	99	96	maz 	5.833333
124	9	Fa5#4	F5#4	344	344	1	16	227	99	96		5.861111
125	9	Mi5#4	E5#4	340	340	1	16	227	99	96		5.888889
126	9	Mi5#4	E5#4	340	340	1	16	227	99	96		5.916667
127	9	Re5	D5	327	327	1	16	227	99	96		5.944445
128	9	Re5	D5	327	327	1	16	227	99	96		5.972222
129	9	Do5#4	C5#4	322	322	1	16	227	99	96		6.000000
130	9	Re5	D5	327	327	1	2	1818	95	96		6.222222
131	9	Es	Es	-1	-1	1	8	455	100	0		6.277778
132	9	Do6	C6	371	371	1	16	227	99	96	sen 	6.305555
133	9	Si5b1	B5b1	366	366	1	16	227	99	96		6.333333
134	9	La5	A5	358	358	1	8	455	95	96		6.388889
135	9	Sol5	G5	349	349	1	8	455	95	96	gi	6.444445
136	9	Fa5#4	F5#4	344	344	3	16	682	99	96	bi 	6.527778
137	9	Mi5#4	E5#4	340	340	1	16	227	99	96		6.555555
138	9	Re5	D5	327	327	1	4	909	95	96		6.666667
139	9	Sol5#4	G5#4	353	353	1	16	227	99	96	bir 	6.694445
140	9	La5	A5	358	358	1	8	455	99	96		6.750000
141	9	Sol5#4	G5#4	353	353	1	16	227	99	96		6.777778
142	9	Fa5#4	F5#4	344	344	1	8	455	99	96		6.833333
143	9	Mi5#4	E5#4	340	340	1	8	455	99	96		6.888889
144	9	Fa5#4	F5#4	344	344	1	8	455	99	96		6.944445
145	9	Sol5#4	G5#4	353	353	1	8	455	99	96		7.000000
146	9	La5	A5	358	358	1	16	227	99	96		7.027778
147	9	Si5b1	B5b1	366	366	1	16	227	99	96		7.055555
148	9	Sol5#4	G5#4	353	353	1	16	227	99	96		7.083333
149	9	Fa5#4	F5#4	344	344	1	16	227	99	96		7.111111
150	9	Mi5#4	E5#4	340	340	1	16	227	99	96		7.138889
151	9	Re5	D5	327	327	1	16	227	99	96		7.166667
152	9	Do5#4	C5#4	322	322	1	16	227	99	96		7.194445
153	9	Si4#4	B4#4	318	318	1	16	227	99	96		7.222222
154	9	Do5#4	C5#4	322	322	1	8	455	95	96		7.277778
155	9	La5	A5	358	358	1	8	455	99	96	meh	7.333333
156	9	Sol5	G5	349	349	1	8	455	99	96		7.388889
157	9	Fa5#4	F5#4	344	344	1	8	455	99	96		7.444445
158	9	Mi5#4	E5#4	340	340	1	8	455	99	96		7.500000
159	9	Re5	D5	327	327	1	8	455	99	96		7.555555
160	9	Sol5	G5	349	349	1	8	455	95	96		7.611111
161	9	Sol5	G5	349	349	1	16	227	99	96	ve	7.638889
162	11	Fa5#4	F5#4	344	344	1	16	227	95	96		7.666667
163	9	Fa5#4	F5#4	344	344	3	8	1364	95	96	şi  	7.833333
164	9	Fa5#4	F5#4	344	344	1	16	227	95	96	SAZ	7.861111
165	9	Sol5	G5	349	349	1	16	227	95	96	.	7.888889
166	9	Fa5#4	F5#4	344	344	1	16	227	95	96	.	7.916667
167	9	Mi5#4	E5#4	340	340	1	16	227	95	96	.	7.944445
168	9	Re5	D5	327	327	1	16	227	95	96	.	7.972222
169	9	Mi5#4	E5#4	340	340	1	16	227	95	96	.	8.000000
170	9	Fa5#4	F5#4	344	344	1	2	1818	95	96	.	8.222222
171	9	Es	Es	-1	-1	1	8	455	100	0		8.277778
172	9	Fa5#4	F5#4	344	344	1	8	455	99	96	Gön	8.333333
173	9	La5	A5	358	358	1	8	455	95	96		8.388889
174	9	La5	A5	358	358	1	8	455	95	96	lü	8.444445
175	9	La5	A5	358	358	1	2	1818	95	96	mün 	8.666667
176	9	Re6	D6	380	380	1	2	1818	99	96	yıl	8.888889
177	9	Do6	C6	371	371	1	8	455	99	96		8.944445
178	9	Si5b1	B5b1	366	366	1	8	455	99	96		9.000000
179	9	La5	A5	358	358	3	32	341	99	96		9.041667
180	9	Si5b1	B5b1	366	366	1	32	114	99	96		9.055555
181	9	La5	A5	358	358	1	16	227	99	96		9.083333
182	9	Sol5	G5	349	349	1	16	227	99	96		9.111111
183	9	Fa5#4	F5#4	344	344	1	16	227	99	96		9.138889
184	9	Mi5#4	E5#4	340	340	1	16	227	99	96		9.166667
185	9	Fa5#4	F5#4	344	344	1	16	227	99	96		9.194445
186	9	Sol5	G5	349	349	1	16	227	99	96		9.222222
187	9	La5	A5	358	358	1	16	227	99	96		9.250000
188	9	Si5b1	B5b1	366	366	1	16	227	95	96		9.277778
189	9	Do6	C6	371	371	1	16	227	99	96	lar 	9.305555
190	9	Si5b1	B5b1	366	366	1	16	227	99	96		9.333333
191	9	La5	A5	358	358	1	8	455	95	96		9.388889
192	9	La5	A5	358	358	1	16	227	99	96	da 	9.416667
193	9	Sol5	G5	349	349	1	16	227	95	96		9.444445
194	9	Sol5	G5	349	349	3	16	682	99	96	geç	9.527778
195	9	Fa5#4	F5#4	344	344	1	16	227	99	96		9.555555
196	9	Fa5#4	F5#4	344	344	3	32	341	99	96		9.597222
197	9	Sol5	G5	349	349	1	32	114	99	96		9.611111
198	9	Fa5#4	F5#4	344	344	1	16	227	99	96		9.638889
199	9	Mi5	E5	336	336	1	16	227	95	96		9.666667
200	9	Mi5	E5	336	336	3	8	1364	99	96	se 	9.833333
201	9	Do5#4	C5#4	322	322	1	8	455	99	96		9.888889
202	9	Re5	D5	327	327	1	8	455	99	96		9.944445
203	9	Do5#4	C5#4	322	322	1	16	227	99	96		9.972222
204	9	Re5	D5	327	327	1	16	227	99	96		10.000000
205	9	Mi5	E5	336	336	1	2	1818	95	96		10.222220
206	9	Es	Es	-1	-1	1	8	455	100	0		10.277780
207	9	La4	A4	305	305	1	8	455	99	96	sön	10.333330
208	9	Do5#4	C5#4	322	322	1	8	455	95	96		10.388890
209	9	Mi5	E5	336	336	1	8	455	95	96	mez 	10.444440
210	9	Sol5	G5	349	349	1	8	455	99	96	as	10.500000
211	9	Fa5#4	F5#4	344	344	1	8	455	99	96		10.555560
212	9	Mi5	E5	336	336	1	8	455	99	96		10.611110
213	9	Re5	D5	327	327	1	8	455	95	96		10.666670
214	9	Do5#4	C5#4	322	322	1	8	455	99	96	la 	10.722220
215	9	Re5	D5	327	327	1	16	227	99	96		10.750000
216	9	Do5#4	C5#4	322	322	1	16	227	99	96		10.777780
217	9	Re5	D5	327	327	1	16	227	99	96		10.805560
218	9	Do5#4	C5#4	322	322	1	16	227	99	96		10.833330
219	9	Si4b1	B4b1	313	313	1	16	227	99	96		10.861110
220	9	La4#4	A4#4	309	309	1	16	227	99	96		10.888890
221	9	Si4b1	B4b1	313	313	1	4	909	99	96		11.000000
222	9	La4	A4	305	305	1	16	227	99	96		11.027780
223	9	Si4b1	B4b1	313	313	1	8	455	99	96		11.083330
224	9	La4	A4	305	305	1	16	227	99	96		11.111110
225	9	Sol4	G4	296	296	1	16	227	99	96		11.138890
226	9	Fa4#4	F4#4	291	291	1	16	227	99	96		11.166670
227	9	Sol4	G4	296	296	1	16	227	99	96		11.194440
228	9	La4	A4	305	305	1	16	227	99	96		11.222220
229	9	Si4b1	B4b1	313	313	1	16	227	99	96		11.250000
230	9	Re5	D5	327	327	1	16	227	95	96		11.277780
231	9	Do5	C5	318	318	1	4	909	99	96	â	11.388890
232	9	Si4b1	B4b1	313	313	1	16	227	99	96		11.416670
233	9	La4	A4	305	305	1	16	227	99	96		11.444440
234	9	La4	A4	305	305	3	16	682	99	96		11.527780
235	9	Sol4	G4	296	296	1	16	227	99	96		11.555560
236	9	La4	A4	305	305	1	16	227	99	96		11.583330
237	9	Sol4	G4	296	296	1	16	227	95	96		11.611110
238	9	Sol4	G4	296	296	1	16	227	99	96	te	11.638890
239	9	Fa4#4	F4#4	291	291	1	16	227	95	96		11.666670
240	9	Fa4#4	F4#4	291	291	3	8	1364	95	96	şi  	11.833330
241	9	Fa5#4	F5#4	344	344	1	16	227	95	96	SAZ	11.861110
242	9	Sol5	G5	349	349	1	16	227	95	96	.	11.888890
243	9	Fa5#4	F5#4	344	344	1	16	227	95	96	.	11.916670
244	9	Mi5#4	E5#4	340	340	1	16	227	95	96	.	11.944440
245	9	Re5	D5	327	327	1	16	227	95	96	.	11.972220
246	9	Mi5#4	E5#4	340	340	1	16	227	95	96	.	12.000000
247	9	Fa5#4	F5#4	344	344	1	2	1818	95	96	.	12.222220
248	9	Es	Es	-1	-1	1	8	455	100	0		12.277780
249	9	Fa5#4	F5#4	344	344	1	8	455	99	96	Gön	12.333330
250	9	La5	A5	358	358	1	8	455	95	96		12.388890
251	9	La5	A5	358	358	1	8	455	95	96	lü	12.444440
252	9	La5	A5	358	358	1	2	1818	95	96	mün 	12.666670
253	9	Re6	D6	380	380	1	2	1818	99	96	yıl	12.888890
254	9	Do6	C6	371	371	1	8	455	99	96		12.944440
255	9	Si5b1	B5b1	366	366	1	8	455	99	96		13.000000
256	9	La5	A5	358	358	3	32	341	99	96		13.041670
257	9	Si5b1	B5b1	366	366	1	32	114	99	96		13.055560
258	9	La5	A5	358	358	1	16	227	99	96		13.083330
259	9	Sol5	G5	349	349	1	16	227	99	96		13.111110
260	9	Fa5#4	F5#4	344	344	1	16	227	99	96		13.138890
261	9	Mi5#4	E5#4	340	340	1	16	227	99	96		13.166670
262	9	Fa5#4	F5#4	344	344	1	16	227	99	96		13.194440
263	9	Sol5	G5	349	349	1	16	227	99	96		13.222220
264	9	La5	A5	358	358	1	16	227	99	96		13.250000
265	9	Si5b1	B5b1	366	366	1	16	227	95	96		13.277780
266	9	Do6	C6	371	371	1	16	227	99	96	lar 	13.305560
267	9	Si5b1	B5b1	366	366	1	16	227	99	96		13.333330
268	9	La5	A5	358	358	1	8	455	95	96		13.388890
269	9	La5	A5	358	358	1	16	227	99	96	da 	13.416670
270	9	Sol5	G5	349	349	1	16	227	95	96		13.444440
271	9	Sol5	G5	349	349	3	16	682	99	96	geç	13.527780
272	9	Fa5#4	F5#4	344	344	1	16	227	99	96		13.555560
273	9	Fa5#4	F5#4	344	344	3	32	341	99	96		13.597220
274	9	Sol5	G5	349	349	1	32	114	99	96		13.611110
275	9	Fa5#4	F5#4	344	344	1	16	227	99	96		13.638890
276	9	Mi5	E5	336	336	1	16	227	95	96		13.666670
277	9	Mi5	E5	336	336	3	8	1364	99	96	se 	13.833330
278	9	Do5#4	C5#4	322	322	1	8	455	99	96		13.888890
279	9	Re5	D5	327	327	1	8	455	99	96		13.944440
280	9	Do5#4	C5#4	322	322	1	16	227	99	96		13.972220
281	9	Re5	D5	327	327	1	16	227	99	96		14.000000
282	9	Mi5	E5	336	336	1	2	1818	95	96		14.222220
283	9	Es	Es	-1	-1	1	8	455	100	0		14.277780
284	9	La4	A4	305	305	1	8	455	99	96	sön	14.333330
285	9	Do5#4	C5#4	322	322	1	8	455	95	96		14.388890
286	9	Mi5	E5	336	336	1	8	455	95	96	mez 	14.444440
287	9	Sol5	G5	349	349	1	8	455	99	96	as	14.500000
288	9	Fa5#4	F5#4	344	344	1	8	455	99	96		14.555560
289	9	Mi5	E5	336	336	1	8	455	99	96		14.611110
290	9	Re5	D5	327	327	1	8	455	95	96		14.666670
291	9	Do5#4	C5#4	322	322	1	8	455	99	96	la 	14.722220
292	9	Re5	D5	327	327	1	16	227	99	96		14.750000
293	9	Do5#4	C5#4	322	322	1	16	227	99	96		14.777780
294	9	Re5	D5	327	327	1	16	227	99	96		14.805560
295	9	Do5#4	C5#4	322	322	1	16	227	99	96		14.833330
296	9	Si4b1	B4b1	313	313	1	16	227	99	96		14.861110
297	9	La4#4	A4#4	309	309	1	16	227	99	96		14.888890
298	9	Si4b1	B4b1	313	313	1	4	909	99	96		15.000000
299	9	La4	A4	305	305	1	16	227	99	96		15.027780
300	9	Si4b1	B4b1	313	313	1	8	455	99	96		15.083330
301	9	La4	A4	305	305	1	16	227	99	96		15.111110
302	9	Sol4	G4	296	296	1	16	227	99	96		15.138890
303	9	Fa4#4	F4#4	291	291	1	16	227	99	96		15.166670
304	9	Sol4	G4	296	296	1	16	227	99	96		15.194440
305	9	La4	A4	305	305	1	16	227	99	96		15.222220
306	9	Si4b1	B4b1	313	313	1	16	227	99	96		15.250000
307	9	Re5	D5	327	327	1	16	227	95	96		15.277780
308	9	Do5	C5	318	318	1	4	909	99	96	â	15.388890
309	9	Si4b1	B4b1	313	313	1	16	227	99	96		15.416670
310	9	La4	A4	305	305	1	16	227	99	96		15.444440
311	9	La4	A4	305	305	3	16	682	99	96		15.527780
312	9	Sol4	G4	296	296	1	16	227	99	96		15.555560
313	9	La4	A4	305	305	1	16	227	99	96		15.583330
314	9	Sol4	G4	296	296	1	16	227	95	96		15.611110
315	9	Sol4	G4	296	296	1	16	227	99	96	te	15.638890
316	9	Fa4#4	F4#4	291	291	1	16	227	95	96		15.666670
317	9	Fa4#4	F4#4	291	291	3	8	1364	95	96	şi  	15.833330
318	9	Do5#4	C5#4	322	322	1	16	227	95	96	SAZ	15.861110
319	9	Re5	D5	327	327	1	16	227	95	96	.	15.888890
320	9	Do5#4	C5#4	322	322	1	16	227	95	96	.	15.916670
321	9	Si4b1	B4b1	313	313	1	16	227	95	96	.	15.944440
322	9	La4#4	A4#4	309	309	1	16	227	95	96	.	15.972220
323	9	Si4b1	B4b1	313	313	1	16	227	95	96	.	16.000000
324	9	Do5#4	C5#4	322	322	1	2	1818	95	96	.	16.222220
325	9	Es	Es	-1	-1	1	8	455	100	0		16.277780
326	9	Si4b1	B4b1	313	313	1	4	909	95	96	Can 	16.388890
327	9	Do5#4	C5#4	322	322	1	8	455	95	96	ya	16.444440
328	9	Do5#4	C5#4	322	322	1	2	1818	95	96	kan 	16.666670
329	9	Mi5	E5	336	336	1	8	455	99	96	ruh	16.722220
330	9	Re5#4	D5#4	331	331	1	8	455	99	96		16.777780
331	9	Mi5	E5	336	336	1	8	455	99	96		16.833330
332	9	Fa5#4	F5#4	344	344	1	8	455	99	96		16.888890
333	9	Mi5#4	E5#4	340	340	1	8	455	99	96		16.944440
334	9	Re5#4	D5#4	331	331	1	8	455	99	96		17.000000
335	9	Mi5	E5	336	336	1	8	455	99	96		17.055560
336	9	Re5#4	D5#4	331	331	1	16	227	99	96		17.083330
337	9	Mi5	E5	336	336	1	16	227	99	96		17.111110
338	9	Do5#4	C5#4	322	322	3	8	1364	95	96		17.277780
339	9	Si4b1	B4b1	313	313	1	4	909	95	96	sâ	17.388890
340	9	Do5#4	C5#4	322	322	1	8	455	95	96	rı	17.444440
341	9	Do5#4	C5#4	322	322	3	16	682	99	96	nın 	17.527780
342	9	Si4b1	B4b1	313	313	1	16	227	99	96		17.555560
343	9	La4	A4	305	305	1	4	909	95	96		17.666670
344	9	Si4b1	B4b1	313	313	1	8	455	99	96	hiç 	17.722220
345	9	Fa5#4	F5#4	344	344	1	8	455	99	96		17.777780
346	9	Mi5	E5	336	336	1	8	455	99	96		17.833330
347	9	Re5	D5	327	327	1	8	455	99	96		17.888890
348	9	Do5#4	C5#4	322	322	1	8	455	99	96		17.944440
349	9	Si4b1	B4b1	313	313	1	8	455	99	96		18.000000
350	9	La4	A4	305	305	3	16	682	99	96		18.083330
351	9	Sol4	G4	296	296	1	16	227	99	96		18.111110
352	9	Fa4#4	F4#4	291	291	1	4	909	95	96		18.222220
353	9	Es	Es	-1	-1	1	8	455	100	0		18.277780
354	9	Fa5#4	F5#4	344	344	1	4	909	95	96	bir 	18.388890
355	9	Fa5#4	F5#4	344	344	1	8	455	95	96	gü	18.444440
356	9	Fa5#4	F5#4	344	344	3	16	682	99	96	zel	18.527780
357	9	Mi5#4	E5#4	340	340	1	16	227	99	96		18.555560
358	9	Re5	D5	327	327	1	4	909	95	96		18.666670
359	9	Sol5#4	G5#4	353	353	1	16	227	99	96	de 	18.694440
360	9	La5	A5	358	358	1	8	455	99	96		18.750000
361	9	Sol5#4	G5#4	353	353	1	16	227	99	96		18.777780
362	9	Fa5#4	F5#4	344	344	1	8	455	99	96		18.833330
363	9	Mi5#4	E5#4	340	340	1	8	455	99	96		18.888890
364	9	Fa5#4	F5#4	344	344	1	8	455	99	96		18.944440
365	9	Sol5#4	G5#4	353	353	1	8	455	99	96		19.000000
366	9	La5	A5	358	358	1	16	227	99	96		19.027780
367	9	Si5b1	B5b1	366	366	1	16	227	99	96		19.055560
368	9	Sol5#4	G5#4	353	353	1	16	227	99	96		19.083330
369	9	Fa5#4	F5#4	344	344	1	16	227	99	96		19.111110
370	9	Mi5#4	E5#4	340	340	1	16	227	99	96		19.138890
371	9	Re5	D5	327	327	1	16	227	99	96		19.166670
372	9	Do5#4	C5#4	322	322	1	16	227	95	96		19.194440
373	9	Si4b1	B4b1	313	313	1	16	227	95	96		19.222220
374	9	Do5#4	C5#4	322	322	1	8	455	95	96		19.277780
375	9	La5	A5	358	358	1	8	455	99	96	yok 	19.333330
376	9	Sol5	G5	349	349	1	8	455	99	96		19.388890
377	9	Fa5#4	F5#4	344	344	1	8	455	99	96		19.444440
378	9	Mi5#4	E5#4	340	340	1	8	455	99	96		19.500000
379	9	Re5	D5	327	327	1	8	455	99	96		19.555560
380	9	Sol5	G5	349	349	1	8	455	95	96		19.611110
381	9	Sol5	G5	349	349	1	16	227	99	96	e	19.638890
382	9	Fa5#4	F5#4	344	344	1	16	227	95	96		19.666670
383	9	Fa5#4	F5#4	344	344	3	8	1364	95	96	şi  	19.833330
384	9	Fa5#4	F5#4	344	344	1	16	227	95	96	SAZ	19.861110
385	9	Sol5	G5	349	349	1	16	227	95	96	.	19.888890
386	9	Fa5#4	F5#4	344	344	1	16	227	95	96	.	19.916670
387	9	Mi5#4	E5#4	340	340	1	16	227	95	96	.	19.944440
388	9	Re5	D5	327	327	1	16	227	95	96	.	19.972220
389	9	Mi5#4	E5#4	340	340	1	16	227	95	96	.	20.000000
390	9	Fa5#4	F5#4	344	344	1	2	1818	95	96	.	20.222220
391	9	Es	Es	-1	-1	1	8	455	100	0		20.277780
392	9	Fa5#4	F5#4	344	344	1	8	455	99	96	Gön	20.333330
393	9	La5	A5	358	358	1	8	455	95	96		20.388890
394	9	La5	A5	358	358	1	8	455	95	96	lü	20.444440
395	9	La5	A5	358	358	1	2	1818	95	96	mün 	20.666670
396	9	Re6	D6	380	380	1	2	1818	99	96	yıl	20.888890
397	9	Do6	C6	371	371	1	8	455	99	96		20.944440
398	9	Si5b1	B5b1	366	366	1	8	455	99	96		21.000000
399	9	La5	A5	358	358	3	32	341	99	96		21.041670
400	9	Si5b1	B5b1	366	366	1	32	114	99	96		21.055560
401	9	La5	A5	358	358	1	16	227	99	96		21.083330
402	9	Sol5	G5	349	349	1	16	227	99	96		21.111110
403	9	Fa5#4	F5#4	344	344	1	16	227	99	96		21.138890
404	9	Mi5#4	E5#4	340	340	1	16	227	99	96		21.166670
405	9	Fa5#4	F5#4	344	344	1	16	227	99	96		21.194440
406	9	Sol5	G5	349	349	1	16	227	99	96		21.222220
407	9	La5	A5	358	358	1	16	227	99	96		21.250000
408	9	Si5b1	B5b1	366	366	1	16	227	95	96		21.277780
409	9	Do6	C6	371	371	1	16	227	99	96	lar 	21.305560
410	9	Si5b1	B5b1	366	366	1	16	227	99	96		21.333330
411	9	La5	A5	358	358	1	8	455	95	96		21.388890
412	9	La5	A5	358	358	1	16	227	99	96	da 	21.416670
413	9	Sol5	G5	349	349	1	16	227	95	96		21.444440
414	9	Sol5	G5	349	349	3	16	682	99	96	geç	21.527780
415	9	Fa5#4	F5#4	344	344	1	16	227	99	96		21.555560
416	9	Fa5#4	F5#4	344	344	3	32	341	99	96		21.597220
417	9	Sol5	G5	349	349	1	32	114	99	96		21.611110
418	9	Fa5#4	F5#4	344	344	1	16	227	99	96		21.638890
419	9	Mi5	E5	336	336	1	16	227	95	96		21.666670
420	9	Mi5	E5	336	336	3	8	1364	99	96	se 	21.833330
421	9	Do5#4	C5#4	322	322	1	8	455	99	96		21.888890
422	9	Re5	D5	327	327	1	8	455	99	96		21.944440
423	9	Do5#4	C5#4	322	322	1	16	227	99	96		21.972220
424	9	Re5	D5	327	327	1	16	227	99	96		22.000000
425	9	Mi5	E5	336	336	1	2	1818	95	96		22.222220
426	9	Es	Es	-1	-1	1	8	455	100	0		22.277780
427	9	La4	A4	305	305	1	8	455	99	96	sön	22.333330
428	9	Do5#4	C5#4	322	322	1	8	455	95	96		22.388890
429	9	Mi5	E5	336	336	1	8	455	95	96	mez 	22.444440
430	9	Sol5	G5	349	349	1	8	455	99	96	as	22.500000
431	9	Fa5#4	F5#4	344	344	1	8	455	99	96		22.555560
432	9	Mi5	E5	336	336	1	8	455	99	96		22.611110
433	9	Re5	D5	327	327	1	8	455	95	96		22.666670
434	9	Do5#4	C5#4	322	322	1	8	455	99	96	la 	22.722220
435	9	Re5	D5	327	327	1	16	227	99	96		22.750000
436	9	Do5#4	C5#4	322	322	1	16	227	99	96		22.777780
437	9	Re5	D5	327	327	1	16	227	99	96		22.805560
438	9	Do5#4	C5#4	322	322	1	16	227	99	96		22.833330
439	9	Si4b1	B4b1	313	313	1	16	227	99	96		22.861110
440	9	La4#4	A4#4	309	309	1	16	227	99	96		22.888890
441	9	Si4b1	B4b1	313	313	1	4	909	99	96		23.000000
442	9	La4	A4	305	305	1	16	227	99	96		23.027780
443	9	Si4b1	B4b1	313	313	1	8	455	99	96		23.083330
444	9	La4	A4	305	305	1	16	227	99	96		23.111110
445	9	Sol4	G4	296	296	1	16	227	99	96		23.138890
446	9	Fa4#4	F4#4	291	291	1	16	227	99	96		23.166670
447	9	Sol4	G4	296	296	1	16	227	99	96		23.194440
448	9	La4	A4	305	305	1	16	227	99	96		23.222220
449	9	Si4b1	B4b1	313	313	1	16	227	99	96		23.250000
450	9	Re5	D5	327	327	1	16	227	95	96		23.277780
451	9	Do5	C5	318	318	1	4	909	99	96	â	23.388890
452	9	Si4b1	B4b1	313	313	1	16	227	99	96		23.416670
453	9	La4	A4	305	305	1	16	227	99	96		23.444440
454	9	La4	A4	305	305	3	16	682	99	96		23.527780
455	9	Sol4	G4	296	296	1	16	227	99	96		23.555560
456	9	La4	A4	305	305	1	16	227	99	96		23.583330
457	9	Sol4	G4	296	296	1	16	227	95	96		23.611110
458	9	Sol4	G4	296	296	1	16	227	99	96	te	23.638890
459	9	Fa4#4	F4#4	291	291	1	16	227	95	96		23.666670
460	9	Fa4#4	F4#4	291	291	3	8	1364	95	96	şi  	23.833330
461	9	Fa5#4	F5#4	344	344	1	16	227	95	96	SAZ	23.861110
462	9	Sol5	G5	349	349	1	16	227	95	96	.	23.888890
463	9	Fa5#4	F5#4	344	344	1	16	227	95	96	.	23.916670
464	9	Mi5#4	E5#4	340	340	1	16	227	95	96	.	23.944440
465	9	Re5	D5	327	327	1	16	227	95	96	.	23.972220
466	9	Mi5#4	E5#4	340	340	1	16	227	95	96	.	24.000000
467	9	Fa5#4	F5#4	344	344	1	2	1818	95	96	.	24.222220
468	9	Es	Es	-1	-1	1	8	455	100	0		24.277780
469	9	Fa5#4	F5#4	344	344	1	8	455	99	96	Gön	24.333330
470	9	La5	A5	358	358	1	8	455	95	96		24.388890
471	9	La5	A5	358	358	1	8	455	95	96	lü	24.444440
472	9	La5	A5	358	358	1	2	1818	95	96	mün 	24.666670
473	9	Re6	D6	380	380	1	2	1818	99	96	yıl	24.888890
474	9	Do6	C6	371	371	1	8	455	99	96		24.944440
475	9	Si5b1	B5b1	366	366	1	8	455	99	96		25.000000
476	9	La5	A5	358	358	3	32	341	99	96		25.041670
477	9	Si5b1	B5b1	366	366	1	32	114	99	96		25.055560
478	9	La5	A5	358	358	1	16	227	99	96		25.083330
479	9	Sol5	G5	349	349	1	16	227	99	96		25.111110
480	9	Fa5#4	F5#4	344	344	1	16	227	99	96		25.138890
481	9	Mi5#4	E5#4	340	340	1	16	227	99	96		25.166670
482	9	Fa5#4	F5#4	344	344	1	16	227	99	96		25.194440
483	9	Sol5	G5	349	349	1	16	227	99	96		25.222220
484	9	La5	A5	358	358	1	16	227	99	96		25.250000
485	9	Si5b1	B5b1	366	366	1	16	227	95	96		25.277780
486	9	Do6	C6	371	371	1	16	227	99	96	lar 	25.305560
487	9	Si5b1	B5b1	366	366	1	16	227	99	96		25.333330
488	9	La5	A5	358	358	1	8	455	95	96		25.388890
489	9	La5	A5	358	358	1	16	227	99	96	da 	25.416670
490	9	Sol5	G5	349	349	1	16	227	95	96		25.444440
491	9	Sol5	G5	349	349	3	16	682	99	96	geç	25.527780
492	9	Fa5#4	F5#4	344	344	1	16	227	99	96		25.555560
493	9	Fa5#4	F5#4	344	344	3	32	341	99	96		25.597220
494	9	Sol5	G5	349	349	1	32	114	99	96		25.611110
495	9	Fa5#4	F5#4	344	344	1	16	227	99	96		25.638890
496	9	Mi5	E5	336	336	1	16	227	95	96		25.666670
497	9	Mi5	E5	336	336	3	8	1364	99	96	se 	25.833330
498	9	Do5#4	C5#4	322	322	1	8	455	99	96		25.888890
499	9	Re5	D5	327	327	1	8	455	99	96		25.944440
500	9	Do5#4	C5#4	322	322	1	16	227	99	96		25.972220
501	9	Re5	D5	327	327	1	16	227	99	96		26.000000
502	9	Mi5	E5	336	336	1	2	1818	95	96		26.222220
503	9	Es	Es	-1	-1	1	8	455	100	0		26.277780
504	9	La4	A4	305	305	1	8	455	99	96	sön	26.333330
505	9	Do5#4	C5#4	322	322	1	8	455	95	96		26.388890
506	9	Mi5	E5	336	336	1	8	455	95	96	mez 	26.444440
507	9	Sol5	G5	349	349	1	8	455	99	96	as	26.500000
508	9	Fa5#4	F5#4	344	344	1	8	455	99	96		26.555560
509	9	Mi5	E5	336	336	1	8	455	99	96		26.611110
510	9	Re5	D5	327	327	1	8	455	95	96		26.666670
511	9	Do5#4	C5#4	322	322	1	8	455	99	96	la 	26.722220
512	9	Re5	D5	327	327	1	16	227	99	96		26.750000
513	9	Do5#4	C5#4	322	322	1	16	227	99	96		26.777780
514	9	Re5	D5	327	327	1	16	227	99	96		26.805560
515	9	Do5#4	C5#4	322	322	1	16	227	99	96		26.833330
516	9	Si4b1	B4b1	313	313	1	16	227	99	96		26.861110
517	9	La4#4	A4#4	309	309	1	16	227	99	96		26.888890
518	9	Si4b1	B4b1	313	313	1	4	909	99	96		27.000000
519	9	La4	A4	305	305	1	16	227	99	96		27.027780
520	9	Si4b1	B4b1	313	313	1	8	455	99	96		27.083330
521	9	La4	A4	305	305	1	16	227	99	96		27.111110
522	9	Sol4	G4	296	296	1	16	227	99	96		27.138890
523	9	Fa4#4	F4#4	291	291	1	16	227	99	96		27.166670
524	9	Sol4	G4	296	296	1	16	227	99	96		27.194440
525	9	La4	A4	305	305	1	16	227	99	96		27.222220
526	9	Si4b1	B4b1	313	313	1	16	227	99	96		27.250000
527	9	Re5	D5	327	327	1	16	227	95	96		27.277780
528	9	Do5	C5	318	318	1	4	909	99	96	â	27.388890
529	9	Si4b1	B4b1	313	313	1	16	227	99	96		27.416670
530	9	La4	A4	305	305	1	16	227	99	96		27.444440
531	9	La4	A4	305	305	3	16	682	99	96		27.527780
532	9	Sol4	G4	296	296	1	16	227	99	96		27.555560
533	9	La4	A4	305	305	1	16	227	99	96		27.583330
534	9	Sol4	G4	296	296	1	16	227	95	96		27.611110
535	9	Sol4	G4	296	296	1	16	227	99	96	te	27.638890
536	9	Fa4#4	F4#4	291	291	1	16	227	95	96		27.666670
537	9	Fa4#4	F4#4	291	291	3	8	1364	95	96	şi  	27.833330
