Sýra	Kod	Nota53	NotaAE	Koma53	KomaAE	Pay	Payda	Ms	LNS	VelOn	Söz-1
1	9	Fa5	F5	340	340	3	8	1154	99	96	Ey 
2	9	Mi5	E5	336	336	1	8	385	95	96	
3	9	Sol5	G5	349	349	3	16	577	99	96	ka
4	9	Fa5	F5	340	340	1	16	192	99	96	
5	9	Mi5	E5	336	336	1	8	385	99	96	
6	9	Fa5	F5	340	340	1	8	385	99	96	
7	9	Mi5	E5	336	336	1	8	385	99	96	
8	9	Fa5	F5	340	340	1	8	385	99	96	
9	9	Mi5	E5	336	336	1	8	385	99	96	
10	9	Re5	D5	327	327	1	8	385	95	96	
11	9	Mi5	E5	336	336	1	8	385	99	96	þý 
12	9	Re5	D5	327	327	1	8	385	99	96	
13	9	Mi5	E5	336	336	1	8	385	95	96	
14	9	Do5	C5	318	318	1	8	385	95	96	ke
15	9	Re5	D5	327	327	3	8	1154	99	96	man 
16	9	Mi5	E5	336	336	1	8	385	99	96	
17	9	Re5	D5	327	327	1	8	385	99	96	
18	9	Mi5	E5	336	336	1	8	385	99	96	
19	9	Re5	D5	327	327	1	8	385	99	96	
20	9	Do5	C5	318	318	1	8	385	99	96	
21	9	Do5	C5	318	318	3	16	577	99	96	
22	9	Si4b1	B4b1	313	313	1	16	192	95	96	
23	9	Do5	C5	318	318	1	8	385	99	96	tîr_
24	9	Re5	D5	327	327	1	8	385	99	96	
25	9	Do5	C5	318	318	1	4	769	99	96	
26	9	Re5	D5	327	327	3	16	577	99	96	
27	9	Mi5	E5	336	336	1	16	192	99	96	
28	9	Re5	D5	327	327	1	8	385	99	96	
29	9	Do5	C5	318	318	1	4	769	99	96	
30	9	Si4b1	B4b1	313	313	1	8	385	95	96	
31	9	Re5	D5	327	327	1	8	385	99	96	i 
32	9	Do5	C5	318	318	1	16	192	99	96	
33	9	Si4b1	B4b1	313	313	1	16	192	99	96	
34	9	Fa5#4	F5#4	344	344	1	8	385	95	96	
35	9	Mi5b4	E5b4	332	332	1	16	192	99	96	mü
36	9	Re5	D5	327	327	1	16	192	95	96	
37	9	Re5	D5	327	327	1	8	385	99	96	jen 
38	9	Do5	C5	318	318	1	4	769	99	96	
39	9	Si4b2	B4b1	312	313	1	8	385	99	96	
40	9	Si4b2	B4b1	312	313	1	8	385	99	96	
41	9	La4	A4	305	305	3	8	1154	99	96	
42	9	Do5	C5	318	318	3	16	577	99	96	
43	9	Si4b5	B4b5	309	309	1	16	192	99	96	
44	9	La4	A4	305	305	3	4	2307	95	96	
45	9	Sol5	G5	349	349	3	16	577	99	96	ca
46	9	Fa5	F5	340	340	1	16	192	99	96	
47	9	Mi5	E5	336	336	1	8	385	99	96	
48	9	Sol5	G5	349	349	1	8	385	99	96	
49	9	Mi5	E5	336	336	1	4	769	99	96	
50	9	Fa5	F5	340	340	1	8	385	99	96	
51	9	Fa5	F5	340	340	3	8	1154	95	96	
52	9	Mi5	E5	336	336	1	4	769	95	96	
53	9	Sol5	G5	349	349	1	8	385	99	96	ný
54	9	Fa5	F5	340	340	1	16	192	99	96	
55	9	Sol5	G5	349	349	1	16	192	95	96	
56	9	Fa5	F5	340	340	1	8	385	99	96	ma 
57	9	Mi5	E5	336	336	1	16	192	99	96	
58	9	Fa5	F5	340	340	1	16	192	95	96	
59	9	Mi5	E5	336	336	1	8	385	99	96	ge 
60	9	Re5	D5	327	327	1	8	385	99	96	
61	9	Mi5	E5	336	336	1	8	385	99	96	
62	9	Fa5	F5	340	340	1	8	385	99	96	
63	9	Mi5	E5	336	336	1	8	385	99	96	
64	9	Fa5	F5	340	340	1	8	385	99	96	
65	9	Mi5	E5	336	336	1	4	769	99	96	
66	9	Re5	D5	327	327	2	8	770	95	96	
67	9	Re5	D5	327	327	1	8	385	99	96	geç
68	9	Mi5	E5	336	336	1	8	385	99	96	
69	9	Fa5	F5	340	340	1	4	769	99	96	
70	9	Sol5	G5	349	349	1	8	385	99	96	
71	9	La5	A5	358	358	1	8	385	99	96	
72	9	Sol5	G5	349	349	1	8	385	99	96	
73	9	Fa5	F5	340	340	1	8	385	99	96	
74	9	Mi5	E5	336	336	1	8	385	99	96	
75	9	Re5	D5	327	327	1	8	385	99	96	
76	9	Sol5	G5	349	349	3	16	577	99	96	
77	9	Fa5	F5	340	340	1	16	192	99	96	
78	9	Mi5	E5	336	336	1	8	385	99	96	
79	9	Re5	D5	327	327	1	8	385	95	96	
80	9	Do5	C5	318	318	1	4	769	99	96	ti  
81	9	Re5	D5	327	327	3	4	2307	95	96	
82	9	Re5	D5	327	327	1	8	385	99	96	Ah 
83	9	Mi5	E5	336	336	1	8	385	99	96	
84	9	Fa5	F5	340	340	1	8	385	99	96	
85	9	Sol5	G5	349	349	1	8	385	99	96	
86	9	Mi5	E5	336	336	1	8	385	99	96	
87	9	Fa5	F5	340	340	1	8	385	99	96	
88	9	Sol5	G5	349	349	1	8	385	99	96	
89	9	La5	A5	358	358	1	8	385	95	96	
90	9	La5	A5	358	358	3	16	577	99	96	ya 
91	9	Sol5	G5	349	349	1	16	192	99	96	
92	9	Fa5	F5	340	340	1	8	385	99	96	
93	9	La5	A5	358	358	1	8	385	95	96	
94	9	Sol5	G5	349	349	3	16	577	99	96	la 
95	9	Fa5	F5	340	340	1	16	192	99	96	
96	9	Fa5	F5	340	340	3	16	577	99	96	
97	9	Mi5	E5	336	336	1	16	192	99	96	
98	9	Mi5	E5	336	336	3	16	577	99	96	
99	9	Re5	D5	327	327	1	16	192	99	96	
100	9	Re5	D5	327	327	1	8	385	99	96	
101	9	Mi5	E5	336	336	1	8	385	99	96	
102	9	Re5	D5	327	327	1	8	385	95	96	
103	9	Do5	C5	318	318	1	4	769	99	96	ya 
104	9	Si4b1	B4b1	313	313	1	8	385	95	96	
105	9	Si4b1	B4b1	313	313	3	16	577	99	96	la 
106	9	La4	A4	305	305	1	16	192	99	96	
107	9	Do5	C5	318	318	3	16	577	99	96	
108	9	Si4b1	B4b1	313	313	1	16	192	99	96	
109	9	Si4b1	B4b1	313	313	1	8	385	99	96	
110	9	La4#3	A4#4	308	309	1	16	192	99	96	
111	9	Si4b1	B4b1	313	313	1	16	192	99	96	
112	9	Do5	C5	318	318	1	16	192	99	96	
113	9	Re5	D5	327	327	1	16	192	99	96	
114	9	Do5	C5	318	318	1	16	192	99	96	
115	9	Si4b1	B4b1	313	313	1	16	192	99	96	
116	9	Si4b1	B4b1	313	313	1	4	769	95	96	
117	9	Si4b1	B4b1	313	313	1	8	385	95	96	ye 
118	9	Do5	C5	318	318	1	8	385	95	96	le 
119	9	Re5	D5	327	327	3	16	577	99	96	lel 
120	9	Do5	C5	318	318	1	16	192	95	96	
121	9	Mi5	E5	336	336	3	16	577	99	96	lel 
122	9	Re5	D5	327	327	1	16	192	95	96	
123	8	Mi5	E5	336	336	1	64	48	95	96	
124	9	Re5	D5	327	327	1	8	385	99	96	lel 
125	9	Do5	C5	318	318	1	4	769	99	96	
126	9	Si4b2	B4b1	312	313	1	8	385	95	96	
127	8	Do5	C5	318	318	1	64	48	95	96	
128	9	Si4b2	B4b1	312	313	1	8	385	99	96	lel 
129	9	La4	A4	305	305	3	8	1154	95	96	
130	9	Do5	C5	318	318	3	16	577	99	96	li 
131	9	Si4b2	B4b1	312	313	1	16	192	99	96	
132	9	La4	A4	305	305	1	4	769	99	96	
133	9	La4	A4	305	305	1	8	385	99	96	
134	9	Si4b5	B4b5	309	309	1	8	385	99	96	
135	9	Do5	C5	318	318	1	8	385	99	96	
136	9	Mi5b4	E5b4	332	332	1	8	385	99	96	
137	9	Re5	D5	327	327	1	8	385	99	96	
138	9	Do5	C5	318	318	1	8	385	99	96	
139	9	Si4b5	B4b5	309	309	1	8	385	99	96	
140	9	La4	A4	305	305	1	8	385	99	96	
141	9	La4	A4	305	305	1	8	385	99	96	
142	9	Si4b5	B4b5	309	309	1	8	385	99	96	
143	9	La4	A4	305	305	1	8	385	99	96	
144	9	Sol4	G4	296	296	1	8	385	95	96	
145	9	La4	A4	305	305	3	16	577	99	96	ca
146	9	Sol4	G4	296	296	1	16	192	99	96	
147	9	Fa4	F4	287	287	1	8	385	99	96	
148	9	Sol4	G4	296	296	1	8	385	99	96	
149	9	La4	A4	305	305	1	8	385	99	96	
150	9	Si4b5	B4b5	309	309	1	8	385	99	96	
151	9	La4	A4	305	305	1	8	385	99	96	
152	9	Si4b5	B4b5	309	309	1	8	385	99	96	
153	9	La4	A4	305	305	1	8	385	99	96	
154	9	Si4b5	B4b5	309	309	1	8	385	99	96	
155	9	Sol4	G4	296	296	1	8	385	99	96	
156	9	Do5	C5	318	318	1	8	385	95	96	
157	9	Do5	C5	318	318	1	8	385	99	96	ný
158	9	Si4b5	B4b5	309	309	1	16	192	99	96	
159	9	Do5	C5	318	318	1	16	192	95	96	
160	9	Si4b5	B4b5	309	309	1	8	385	99	96	ma 
161	9	La4	A4	305	305	1	16	192	99	96	
162	9	Si4b5	B4b5	309	309	3	16	577	95	96	
163	9	La4	A4	305	305	1	4	769	99	96	ge 
164	9	Sol4	G4	296	296	1	8	385	99	96	
165	9	La4	A4	305	305	3	16	577	99	96	
166	9	Sol4	G4	296	296	1	16	192	99	96	
167	9	Fa4	F4	287	287	1	8	385	99	96	
168	9	Sol4	G4	296	296	1	8	385	99	96	
169	9	Fa4	F4	287	287	1	4	769	95	96	
170	9	Mi4	E4	283	283	1	8	385	99	96	ge 
171	9	Fa4	F4	287	287	1	8	385	99	96	
172	9	Sol4	G4	296	296	1	4	769	99	96	
173	8	Si4b5	B4b5	309	309	1	64	48	99	96	
174	9	La4	A4	305	305	1	8	385	99	96	
175	9	Sol4	G4	296	296	1	8	385	99	96	
176	9	Fa4	F4	287	287	1	8	385	99	96	
177	9	Mi4	E4	283	283	1	8	385	99	96	
178	9	Re4	D4	274	274	1	4	769	95	96	
179	9	Sol4	G4	296	296	1	8	385	99	96	geç
180	9	Fa4	F4	287	287	1	8	385	99	96	
181	9	Mi4	E4	283	283	1	8	385	99	96	
182	9	Re4	D4	274	274	1	8	385	95	96	
183	9	Do4#4	C4#4	269	269	1	4	769	95	96	ti 
184	9	Re4	D4	274	274	1	2	1538	95	96	
185	9	La5	A5	358	358	3	16	577	95	96	hey 
186	9	Sol5	G5	349	349	1	16	192	95	96	
187	9	Sol5	G5	349	349	3	16	577	95	96	ca
188	9	Fa5	F5	340	340	1	16	192	95	96	
189	9	Mi5	E5	336	336	1	8	385	95	96	
190	9	Sol5	G5	349	349	1	8	385	95	96	
191	9	Fa5	F5	340	340	4	8	1539	95	96	ným  
192	9	Fa5	F5	340	340	3	8	1154	99	96	Ey 
193	9	Mi5	E5	336	336	1	8	385	95	96	
194	9	Sol5	G5	349	349	3	16	577	99	96	ka
195	9	Fa5	F5	340	340	1	16	192	99	96	
196	9	Mi5	E5	336	336	1	8	385	99	96	
197	9	Fa5	F5	340	340	1	8	385	99	96	
198	9	Mi5	E5	336	336	1	8	385	99	96	
199	9	Fa5	F5	340	340	1	8	385	99	96	
200	9	Mi5	E5	336	336	1	8	385	99	96	
201	9	Re5	D5	327	327	1	8	385	95	96	
202	9	Mi5	E5	336	336	1	8	385	99	96	þý 
203	9	Re5	D5	327	327	1	8	385	99	96	
204	9	Mi5	E5	336	336	1	8	385	95	96	
205	9	Do5	C5	318	318	1	8	385	95	96	ke
206	9	Re5	D5	327	327	3	8	1154	99	96	man 
207	9	Mi5	E5	336	336	1	8	385	99	96	
208	9	Re5	D5	327	327	1	8	385	99	96	
209	9	Mi5	E5	336	336	1	8	385	99	96	
210	9	Re5	D5	327	327	1	8	385	99	96	
211	9	Do5	C5	318	318	1	8	385	99	96	
212	9	Do5	C5	318	318	3	16	577	99	96	
213	9	Si4b1	B4b1	313	313	1	16	192	95	96	
214	9	Do5	C5	318	318	1	8	385	99	96	tîr_
215	9	Re5	D5	327	327	1	8	385	99	96	
216	9	Do5	C5	318	318	1	4	769	99	96	
217	9	Re5	D5	327	327	3	16	577	99	96	
218	9	Mi5	E5	336	336	1	16	192	99	96	
219	9	Re5	D5	327	327	1	8	385	99	96	
220	9	Do5	C5	318	318	1	4	769	99	96	
221	9	Si4b1	B4b1	313	313	1	8	385	95	96	
222	9	Re5	D5	327	327	1	8	385	99	96	i 
223	9	Do5	C5	318	318	1	16	192	99	96	
224	9	Si4b1	B4b1	313	313	1	16	192	99	96	
225	9	Fa5#4	F5#4	344	344	1	8	385	95	96	
226	9	Mi5b4	E5b4	332	332	1	16	192	99	96	mü
227	9	Re5	D5	327	327	1	16	192	95	96	
228	9	Re5	D5	327	327	1	8	385	99	96	jen 
229	9	Do5	C5	318	318	1	4	769	99	96	
230	9	Si4b2	B4b1	312	313	1	8	385	99	96	
231	9	Si4b2	B4b1	312	313	1	8	385	99	96	
232	9	La4	A4	305	305	3	8	1154	99	96	
233	9	Do5	C5	318	318	3	16	577	99	96	
234	9	Si4b5	B4b5	309	309	1	16	192	99	96	
235	9	La4	A4	305	305	3	4	2307	95	96	
236	9	Sol5	G5	349	349	3	16	577	99	96	ca
237	9	Fa5	F5	340	340	1	16	192	99	96	
238	9	Mi5	E5	336	336	1	8	385	99	96	
239	9	Sol5	G5	349	349	1	8	385	99	96	
240	9	Mi5	E5	336	336	1	4	769	99	96	
241	9	Fa5	F5	340	340	1	8	385	99	96	
242	9	Fa5	F5	340	340	3	8	1154	95	96	
243	9	Mi5	E5	336	336	1	4	769	95	96	
244	9	Sol5	G5	349	349	1	8	385	99	96	ný
245	9	Fa5	F5	340	340	1	16	192	99	96	
246	9	Sol5	G5	349	349	1	16	192	95	96	
247	9	Fa5	F5	340	340	1	8	385	99	96	ma 
248	9	Mi5	E5	336	336	1	16	192	99	96	
249	9	Fa5	F5	340	340	1	16	192	95	96	
250	9	Mi5	E5	336	336	1	8	385	99	96	ge 
251	9	Re5	D5	327	327	1	8	385	99	96	
252	9	Mi5	E5	336	336	1	8	385	99	96	
253	9	Fa5	F5	340	340	1	8	385	99	96	
254	9	Mi5	E5	336	336	1	8	385	99	96	
255	9	Fa5	F5	340	340	1	8	385	99	96	
256	9	Mi5	E5	336	336	1	4	769	99	96	
257	9	Re5	D5	327	327	2	8	770	95	96	
258	9	Re5	D5	327	327	1	8	385	99	96	geç
259	9	Mi5	E5	336	336	1	8	385	99	96	
260	9	Fa5	F5	340	340	1	4	769	99	96	
261	9	Sol5	G5	349	349	1	8	385	99	96	
262	9	La5	A5	358	358	1	8	385	99	96	
263	9	Sol5	G5	349	349	1	8	385	99	96	
264	9	Fa5	F5	340	340	1	8	385	99	96	
265	9	Mi5	E5	336	336	1	8	385	99	96	
266	9	Re5	D5	327	327	1	8	385	99	96	
267	9	Sol5	G5	349	349	3	16	577	99	96	
268	9	Fa5	F5	340	340	1	16	192	99	96	
269	9	Mi5	E5	336	336	1	8	385	99	96	
270	9	Re5	D5	327	327	1	8	385	95	96	
271	9	Do5	C5	318	318	1	4	769	99	96	ti  
272	9	Re5	D5	327	327	3	4	2307	95	96	
273	9	Re5	D5	327	327	1	8	385	99	96	Ah 
274	9	Mi5	E5	336	336	1	8	385	99	96	
275	9	Fa5	F5	340	340	1	8	385	99	96	
276	9	Sol5	G5	349	349	1	8	385	99	96	
277	9	Mi5	E5	336	336	1	8	385	99	96	
278	9	Fa5	F5	340	340	1	8	385	99	96	
279	9	Sol5	G5	349	349	1	8	385	99	96	
280	9	La5	A5	358	358	1	8	385	95	96	
281	9	La5	A5	358	358	3	16	577	99	96	ya 
282	9	Sol5	G5	349	349	1	16	192	99	96	
283	9	Fa5	F5	340	340	1	8	385	99	96	
284	9	La5	A5	358	358	1	8	385	95	96	
285	9	Sol5	G5	349	349	3	16	577	99	96	la 
286	9	Fa5	F5	340	340	1	16	192	99	96	
287	9	Fa5	F5	340	340	3	16	577	99	96	
288	9	Mi5	E5	336	336	1	16	192	99	96	
289	9	Mi5	E5	336	336	3	16	577	99	96	
290	9	Re5	D5	327	327	1	16	192	99	96	
291	9	Re5	D5	327	327	1	8	385	99	96	
292	9	Mi5	E5	336	336	1	8	385	99	96	
293	9	Re5	D5	327	327	1	8	385	95	96	
294	9	Do5	C5	318	318	1	4	769	99	96	ya 
295	9	Si4b1	B4b1	313	313	1	8	385	95	96	
296	9	Si4b1	B4b1	313	313	3	16	577	99	96	la 
297	9	La4	A4	305	305	1	16	192	99	96	
298	9	Do5	C5	318	318	3	16	577	99	96	
299	9	Si4b1	B4b1	313	313	1	16	192	99	96	
300	9	Si4b1	B4b1	313	313	1	8	385	99	96	
301	9	La4#3	A4#4	308	309	1	16	192	99	96	
302	9	Si4b1	B4b1	313	313	1	16	192	99	96	
303	9	Do5	C5	318	318	1	16	192	99	96	
304	9	Re5	D5	327	327	1	16	192	99	96	
305	9	Do5	C5	318	318	1	16	192	99	96	
306	9	Si4b1	B4b1	313	313	1	16	192	99	96	
307	9	Si4b1	B4b1	313	313	1	4	769	95	96	
308	9	Si4b1	B4b1	313	313	1	8	385	95	96	ye 
309	9	Do5	C5	318	318	1	8	385	95	96	le 
310	9	Re5	D5	327	327	3	16	577	99	96	lel 
311	9	Do5	C5	318	318	1	16	192	95	96	
312	9	Mi5	E5	336	336	3	16	577	99	96	lel 
313	9	Re5	D5	327	327	1	16	192	95	96	
314	8	Mi5	E5	336	336	1	64	48	95	96	
315	9	Re5	D5	327	327	1	8	385	99	96	lel 
316	9	Do5	C5	318	318	1	4	769	99	96	
317	9	Si4b2	B4b1	312	313	1	8	385	95	96	
318	8	Do5	C5	318	318	1	64	48	95	96	
319	9	Si4b2	B4b1	312	313	1	8	385	99	96	lel 
320	9	La4	A4	305	305	3	8	1154	95	96	
321	9	Do5	C5	318	318	3	16	577	99	96	li 
322	9	Si4b2	B4b1	312	313	1	16	192	99	96	
323	9	La4	A4	305	305	1	4	769	99	96	
324	9	La4	A4	305	305	1	8	385	99	96	
325	9	Si4b5	B4b5	309	309	1	8	385	99	96	
326	9	Do5	C5	318	318	1	8	385	99	96	
327	9	Mi5b4	E5b4	332	332	1	8	385	99	96	
328	9	Re5	D5	327	327	1	8	385	99	96	
329	9	Do5	C5	318	318	1	8	385	99	96	
330	9	Si4b5	B4b5	309	309	1	8	385	99	96	
331	9	La4	A4	305	305	1	8	385	99	96	
332	9	La4	A4	305	305	1	8	385	99	96	
333	9	Si4b5	B4b5	309	309	1	8	385	99	96	
334	9	La4	A4	305	305	1	8	385	99	96	
335	9	Sol4	G4	296	296	1	8	385	95	96	
336	9	La4	A4	305	305	3	16	577	99	96	ca
337	9	Sol4	G4	296	296	1	16	192	99	96	
338	9	Fa4	F4	287	287	1	8	385	99	96	
339	9	Sol4	G4	296	296	1	8	385	99	96	
340	9	La4	A4	305	305	1	8	385	99	96	
341	9	Si4b5	B4b5	309	309	1	8	385	99	96	
342	9	La4	A4	305	305	1	8	385	99	96	
343	9	Si4b5	B4b5	309	309	1	8	385	99	96	
344	9	La4	A4	305	305	1	8	385	99	96	
345	9	Si4b5	B4b5	309	309	1	8	385	99	96	
346	9	Sol4	G4	296	296	1	8	385	99	96	
347	9	Do5	C5	318	318	1	8	385	95	96	
348	9	Do5	C5	318	318	1	8	385	99	96	ný
349	9	Si4b5	B4b5	309	309	1	16	192	99	96	
350	9	Do5	C5	318	318	1	16	192	95	96	
351	9	Si4b5	B4b5	309	309	1	8	385	99	96	ma 
352	9	La4	A4	305	305	1	16	192	99	96	
353	9	Si4b5	B4b5	309	309	3	16	577	95	96	
354	9	La4	A4	305	305	1	4	769	99	96	ge 
355	9	Sol4	G4	296	296	1	8	385	99	96	
356	9	La4	A4	305	305	3	16	577	99	96	
357	9	Sol4	G4	296	296	1	16	192	99	96	
358	9	Fa4	F4	287	287	1	8	385	99	96	
359	9	Sol4	G4	296	296	1	8	385	99	96	
360	9	Fa4	F4	287	287	1	4	769	95	96	
361	9	Mi4	E4	283	283	1	8	385	99	96	ge 
362	9	Fa4	F4	287	287	1	8	385	99	96	
363	9	Sol4	G4	296	296	1	4	769	99	96	
364	8	Si4b5	B4b5	309	309	1	64	48	99	96	
365	9	La4	A4	305	305	1	8	385	99	96	
366	9	Sol4	G4	296	296	1	8	385	99	96	
367	9	Fa4	F4	287	287	1	8	385	99	96	
368	9	Mi4	E4	283	283	1	8	385	99	96	
369	9	Re4	D4	274	274	1	4	769	95	96	
370	9	Sol4	G4	296	296	1	8	385	99	96	geç
371	9	Fa4	F4	287	287	1	8	385	99	96	
372	9	Mi4	E4	283	283	1	8	385	99	96	
373	9	Re4	D4	274	274	1	8	385	95	96	
374	9	Do4#4	C4#4	269	269	1	4	769	95	96	ti 
375	9	Re4	D4	274	274	1	2	1538	95	96	
376	9	Re5	D5	327	327	1	4	769	95	96	hey 
377	9	Re5	D5	327	327	3	16	577	95	96	ca
378	9	Do5	C5	318	318	1	16	192	95	96	
379	9	Si4b1	B4b1	313	313	1	8	385	95	96	
380	9	Do5	C5	318	318	1	8	385	95	96	
381	9	Re5	D5	327	327	4	8	1539	95	96	ným  
382	9	Re5	D5	327	327	3	16	577	99	96	Bu 
383	9	Do5	C5	318	318	1	16	192	99	96	
384	9	Si4b1	B4b1	313	313	1	8	385	99	96	
385	9	Do5	C5	318	318	1	8	385	95	96	
386	9	Re5	D5	327	327	1	8	385	99	96	geç 
387	9	Mi5b4	E5b4	332	332	1	8	385	99	96	
388	9	Re5	D5	327	327	1	8	385	99	96	
389	9	Mi5b4	E5b4	332	332	1	8	385	99	96	
390	9	Re5	D5	327	327	1	8	385	99	96	
391	9	Mi5b4	E5b4	332	332	1	8	385	99	96	
392	9	Re5	D5	327	327	1	8	385	99	96	
393	9	Do5	C5	318	318	1	8	385	95	96	
394	9	La5	A5	358	358	1	8	385	99	96	ni
395	9	Sol5	G5	349	349	1	4	769	95	96	
396	9	Fa5#4	F5#4	344	344	1	16	192	99	96	ge
397	9	Mi5	E5	336	336	1	16	192	95	96	
398	9	Sol5	G5	349	349	1	16	192	99	96	he 
399	9	Fa5#4	F5#4	344	344	1	16	192	99	96	
400	9	Mi5b4	E5b4	332	332	1	4	769	99	96	
401	8	Fa5#4	F5#4	344	344	1	128	24	99	96	
402	9	Mi5b4	E5b4	332	332	1	16	192	99	96	
403	9	Re5	D5	327	327	1	16	192	99	96	
404	9	Re5	D5	327	327	3	4	2307	95	96	
405	9	Re5	D5	327	327	1	8	385	99	96	sabr_
406	9	Mi5b4	E5b4	332	332	1	8	385	99	96	
407	9	Fa5#4	F5#4	344	344	1	8	385	99	96	
408	9	Sol5	G5	349	349	1	8	385	99	96	
409	9	La5	A5	358	358	1	16	192	99	96	
410	9	Si5b5	B5b5	362	362	3	16	577	99	96	
411	9	La5	A5	358	358	1	16	192	99	96	
412	9	Sol5	G5	349	349	1	16	192	99	96	
413	9	Fa5#4	F5#4	344	344	1	16	192	99	96	
414	9	Mi5b4	E5b4	332	332	1	16	192	99	96	
415	9	Re5	D5	327	327	3	16	577	99	96	
416	9	Mi5b4	E5b4	332	332	1	16	192	95	96	
417	9	Sol5	G5	349	349	1	16	192	99	96	ü 
418	9	Fa5#4	F5#4	344	344	1	16	192	99	96	
419	9	Mi5b4	E5b4	332	332	1	16	192	99	96	
420	9	Re5	D5	327	327	1	16	192	99	96	
421	9	Do5	C5	318	318	1	8	385	95	96	
422	9	Fa5#4	F5#4	344	344	1	8	385	95	96	te
423	9	Mi5b4	E5b4	332	332	1	8	385	99	96	ham
424	9	Re5	D5	327	327	1	8	385	99	96	
425	9	Do5	C5	318	318	1	4	769	99	96	
426	9	Si4b1	B4b1	313	313	1	8	385	99	96	
427	9	Do5	C5	318	318	1	8	385	99	96	
428	9	Re5	D5	327	327	1	8	385	99	96	
429	8	Mi5b4	E5b4	332	332	1	128	24	99	96	
430	9	Re5	D5	327	327	1	16	192	99	96	
431	9	Do5	C5	318	318	1	16	192	99	96	
432	9	Si4b1	B4b1	313	313	1	8	385	99	96	
433	9	Do5	C5	318	318	7	8	2692	95	96	
434	9	Sol5	G5	349	349	1	4	769	99	96	mül 
435	9	La5	A5	358	358	1	4	769	99	96	
436	9	La5	A5	358	358	1	8	385	99	96	
437	9	Do6	C6	371	371	1	8	385	99	96	
438	9	Si5b1	B5b1	366	366	1	8	385	99	96	
439	9	La5	A5	358	358	1	8	385	99	96	
440	9	Sol5	G5	349	349	1	8	385	99	96	
441	9	Fa5	F5	340	340	1	8	385	99	96	
442	9	Mi5	E5	336	336	1	4	769	95	96	
443	9	Mi5	E5	336	336	1	4	769	95	96	ni
444	9	Mi5	E5	336	336	1	8	385	99	96	ce 
445	9	Re5	D5	327	327	1	8	385	95	96	
446	9	Mi5b4	E5b4	332	332	3	16	577	99	96	mü 
447	9	Re5	D5	327	327	1	16	192	99	96	
448	9	Do5	C5	318	318	1	4	769	99	96	
449	9	Do5	C5	318	318	3	8	1154	99	96	
450	8	Re5	D5	327	327	1	128	24	99	96	
451	9	Do5	C5	318	318	1	16	192	99	96	
452	9	Si4b1	B4b1	313	313	1	16	192	99	96	
453	9	Si4b1	B4b1	313	313	2	8	770	95	96	
454	9	Si4b1	B4b1	313	313	1	8	385	99	96	müm
455	9	Do5	C5	318	318	1	8	385	99	96	
456	9	Re5	D5	327	327	1	4	769	99	96	
457	8	Mi5	E5	336	336	1	64	48	99	96	
458	9	Re5	D5	327	327	1	8	385	99	96	
459	9	Mi5	E5	336	336	1	8	385	99	96	
460	9	Si4b1	B4b1	313	313	1	4	769	99	96	
461	8	Do5	C5	318	318	1	64	48	99	96	
462	9	Si4b1	B4b1	313	313	1	8	385	99	96	
463	9	Do5	C5	318	318	1	8	385	99	96	
464	9	Si4b1	B4b1	313	313	1	4	769	99	96	
465	9	La4	A4	305	305	1	4	769	95	96	
466	9	Sol4	G4	296	296	1	4	769	99	96	kün  
467	9	La4	A4	305	305	1	2	1538	99	96	
468	9	Re5	D5	327	327	1	4	769	95	96	
469	9	Re5	D5	327	327	3	16	577	99	96	Ah 
470	9	Do5	C5	318	318	1	16	192	99	96	
471	9	Si4b1	B4b1	313	313	1	8	385	99	96	
472	9	Re5	D5	327	327	1	8	385	99	96	
473	9	Do5	C5	318	318	1	8	385	99	96	
474	9	Re5	D5	327	327	1	8	385	99	96	
475	9	Do5	C5	318	318	1	8	385	99	96	
476	9	Si4b1	B4b1	313	313	1	8	385	95	96	
477	9	Do5	C5	318	318	3	16	577	99	96	ya 
478	9	Si4b1	B4b1	313	313	1	16	192	99	96	
479	9	La4	A4	305	305	1	8	385	99	96	
480	9	Si4b1	B4b1	313	313	1	16	192	99	96	
481	9	Do5	C5	318	318	1	16	192	95	96	
482	9	Si4b1	B4b1	313	313	1	4	769	99	96	la 
483	9	Do5	C5	318	318	1	4	769	99	96	
484	9	Do5	C5	318	318	1	4	769	99	96	
485	9	Si4b1	B4b1	313	313	3	8	1154	95	96	
486	9	Si4b1	B4b1	313	313	3	8	1154	95	96	ya 
487	9	Si4b1	B4b1	313	313	3	8	1154	99	96	la 
488	9	La4	A4	305	305	1	16	192	99	96	
489	9	Sol4	G4	296	296	1	16	192	99	96	
490	9	Sol4	G4	296	296	1	2	1538	99	96	
491	9	Sol4	G4	296	296	2	8	770	95	96	
492	9	Si4b1	B4b1	313	313	1	8	385	95	96	ye 
493	9	Do5	C5	318	318	1	8	385	95	96	le 
494	9	Re5	D5	327	327	3	16	577	99	96	lel 
495	9	Do5	C5	318	318	1	16	192	95	96	
496	9	Mi5	E5	336	336	3	16	577	99	96	lel 
497	9	Re5	D5	327	327	1	16	192	95	96	
498	9	Mi5	E5	336	336	1	16	192	99	96	lel 
499	9	Re5	D5	327	327	1	16	192	99	96	
500	9	Do5	C5	318	318	1	4	769	99	96	
501	9	Si4b1	B4b1	313	313	1	8	385	95	96	
502	9	Si4b1	B4b1	313	313	1	8	385	99	96	lel 
503	9	La4	A4	305	305	3	8	1154	95	96	
504	9	Do5	C5	318	318	3	16	577	99	96	li 
505	9	Si4b1	B4b1	313	313	1	16	192	99	96	
506	9	La4	A4	305	305	1	4	769	99	96	
507	9	La4	A4	305	305	1	8	385	99	96	
508	9	Si4b1	B4b1	313	313	1	8	385	99	96	
509	9	Do5	C5	318	318	1	8	385	99	96	
510	9	Mi5b4	E5b4	332	332	1	8	385	99	96	
511	9	Re5	D5	327	327	1	8	385	99	96	
512	9	Do5	C5	318	318	1	8	385	99	96	
513	9	Si4b5	B4b5	309	309	1	8	385	99	96	
514	9	La4	A4	305	305	1	8	385	99	96	
515	9	La4	A4	305	305	1	8	385	99	96	
516	9	Si4b5	B4b5	309	309	1	8	385	99	96	
517	9	La4	A4	305	305	1	8	385	99	96	
518	9	Sol4	G4	296	296	1	8	385	95	96	
519	9	La4	A4	305	305	3	16	577	99	96	mül 
520	9	Sol4	G4	296	296	1	16	192	99	96	
521	9	Fa4	F4	287	287	1	8	385	99	96	
522	9	Sol4	G4	296	296	1	8	385	99	96	
523	9	La4	A4	305	305	1	8	385	99	96	
524	9	Si4b5	B4b5	309	309	1	8	385	99	96	
525	9	La4	A4	305	305	1	8	385	99	96	
526	9	Si4b5	B4b5	309	309	1	8	385	99	96	
527	9	La4	A4	305	305	1	8	385	99	96	
528	9	Si4b5	B4b5	309	309	1	8	385	99	96	
529	9	Sol4	G4	296	296	1	8	385	99	96	
530	9	Do5	C5	318	318	1	8	385	95	96	
531	9	Do5	C5	318	318	1	8	385	99	96	ni
532	9	Si4b5	B4b5	309	309	1	16	192	99	96	
533	9	Do5	C5	318	318	1	16	192	95	96	
534	9	Si4b5	B4b5	309	309	1	8	385	99	96	ce 
535	9	La4	A4	305	305	1	16	192	99	96	
536	9	Si4b5	B4b5	309	309	3	16	577	95	96	
537	9	La4	A4	305	305	1	4	769	99	96	mü 
538	9	Sol4	G4	296	296	1	8	385	99	96	
539	9	La4	A4	305	305	3	16	577	99	96	
540	9	Sol4	G4	296	296	1	16	192	99	96	
541	9	Fa4	F4	287	287	1	8	385	99	96	
542	9	Sol4	G4	296	296	1	8	385	99	96	
543	9	Fa4	F4	287	287	2	8	770	95	96	
544	9	Mi4	E4	283	283	1	8	385	99	96	mü 
545	9	Fa4	F4	287	287	1	8	385	99	96	
546	9	Sol4	G4	296	296	1	4	769	99	96	
547	8	Si4b5	B4b5	309	309	1	64	48	99	96	
548	9	La4	A4	305	305	1	8	385	99	96	
549	9	Sol4	G4	296	296	1	8	385	99	96	
550	9	Fa4	F4	287	287	1	8	385	99	96	
551	9	Mi4	E4	283	283	1	8	385	99	96	
552	9	Re4	D4	274	274	1	4	769	95	96	
553	9	Sol4	G4	296	296	1	8	385	99	96	müm
554	9	Fa4	F4	287	287	1	8	385	99	96	
555	9	Mi4	E4	283	283	1	8	385	99	96	
556	9	Re4	D4	274	274	1	8	385	95	96	
557	9	Do4#4	C4#4	269	269	1	4	769	99	96	kün 
558	9	Re4	D4	274	274	1	2	1538	95	96	
559	9	La5	A5	358	358	3	16	577	99	96	hey 
560	9	Sol5	G5	349	349	1	16	192	95	96	
561	9	Sol5	G5	349	349	3	16	577	99	96	ca
562	9	Fa5	F5	340	340	1	16	192	99	96	
563	9	Mi5	E5	336	336	1	8	385	99	96	
564	9	Sol5	G5	349	349	1	8	385	95	96	
565	9	Fa5	F5	340	340	4	8	1539	95	96	ným  
566	9	Fa5	F5	340	340	3	8	1154	99	96	Ev
567	9	Mi5	E5	336	336	1	8	385	95	96	
568	8	La5	A5	358	358	3	128	72	95	96	
569	9	Sol5	G5	349	349	3	16	577	99	96	vel 
570	9	Fa5	F5	340	340	1	16	192	99	96	
571	9	Mi5	E5	336	336	1	8	385	99	96	
572	9	Fa5	F5	340	340	1	8	385	99	96	
573	9	Mi5	E5	336	336	1	8	385	99	96	
574	9	Fa5	F5	340	340	1	8	385	99	96	
575	9	Mi5	E5	336	336	1	8	385	99	96	
576	9	Re5	D5	327	327	1	8	385	95	96	
577	9	Mi5	E5	336	336	1	8	385	99	96	na
578	9	Re5	D5	327	327	1	8	385	95	96	
579	9	Mi5	E5	336	336	1	8	385	99	96	za
580	9	Do5	C5	318	318	1	8	385	95	96	
581	9	Re5	D5	327	327	3	8	1154	99	96	rýn 
582	9	Mi5	E5	336	336	1	8	385	99	96	
583	9	Re5	D5	327	327	1	8	385	99	96	
584	9	Mi5	E5	336	336	1	8	385	99	96	
585	9	Re5	D5	327	327	1	8	385	99	96	
586	9	Do5	C5	318	318	1	8	385	99	96	
587	9	Do5	C5	318	318	3	16	577	99	96	
588	9	Si4b1	B4b1	313	313	1	16	192	95	96	
589	9	Do5	C5	318	318	1	8	385	99	96	sî
590	9	Re5	D5	327	327	1	8	385	99	96	
591	9	Do5	C5	318	318	1	4	769	99	96	
592	9	Re5	D5	327	327	1	16	192	99	96	
593	9	Mi5	E5	336	336	3	16	577	99	96	
594	9	Re5	D5	327	327	1	8	385	99	96	
595	9	Do5	C5	318	318	1	4	769	99	96	
596	9	Si4b1	B4b1	313	313	1	8	385	95	96	
597	9	Re5	D5	327	327	1	8	385	99	96	ne 
598	9	Do5	C5	318	318	1	16	192	99	96	
599	9	Si4b1	B4b1	313	313	1	16	192	95	96	
600	9	Fa5#4	F5#4	344	344	1	8	385	99	96	i 
601	9	Mi5b4	E5b4	332	332	1	16	192	99	96	
602	9	Re5	D5	327	327	1	16	192	95	96	
603	9	Re5	D5	327	327	1	8	385	99	96	sû
604	9	Do5	C5	318	318	1	4	769	99	96	
605	9	Si4b1	B4b1	313	313	1	8	385	99	96	
606	9	Si4b1	B4b1	313	313	1	8	385	99	96	
607	9	La4	A4	305	305	3	8	1154	99	96	
608	9	Do5	C5	318	318	3	16	577	99	96	
609	9	Si4b1	B4b1	313	313	1	16	192	99	96	
610	9	La4	A4	305	305	3	4	2307	95	96	
611	9	Sol5	G5	349	349	3	16	577	99	96	zâ
612	9	Fa5	F5	340	340	1	16	192	99	96	
613	9	Mi5	E5	336	336	1	8	385	99	96	
614	9	Sol5	G5	349	349	1	8	385	99	96	
615	9	Mi5	E5	336	336	1	4	769	99	96	
616	9	Fa5	F5	340	340	1	8	385	99	96	
617	9	Fa5	F5	340	340	1	8	385	99	96	
618	9	Fa5	F5	340	340	1	4	769	99	96	
619	9	Mi5	E5	336	336	1	4	769	95	96	
620	9	Sol5	G5	349	349	1	8	385	99	96	ný
621	9	Fa5	F5	340	340	1	16	192	99	96	
622	9	Sol5	G5	349	349	1	16	192	95	96	
623	9	Fa5	F5	340	340	1	8	385	99	96	ma 
624	9	Mi5	E5	336	336	1	16	192	99	96	
625	9	Fa5	F5	340	340	1	16	192	95	96	
626	9	Mi5	E5	336	336	1	8	385	99	96	ge 
627	9	Re5	D5	327	327	1	8	385	99	96	
628	9	Mi5	E5	336	336	1	8	385	99	96	
629	9	Fa5	F5	340	340	1	8	385	99	96	
630	9	Mi5	E5	336	336	1	8	385	99	96	
631	9	Fa5	F5	340	340	1	8	385	99	96	
632	9	Mi5	E5	336	336	1	4	769	99	96	
633	9	Re5	D5	327	327	2	8	770	95	96	
634	9	Re5	D5	327	327	1	8	385	99	96	geç
635	9	Mi5	E5	336	336	1	8	385	99	96	
636	9	Fa5	F5	340	340	1	4	769	99	96	
637	9	Sol5	G5	349	349	1	8	385	99	96	
638	9	La5	A5	358	358	1	8	385	99	96	
639	9	Sol5	G5	349	349	1	8	385	99	96	
640	9	Fa5	F5	340	340	1	8	385	99	96	
641	9	Mi5	E5	336	336	1	8	385	99	96	
642	9	Re5	D5	327	327	1	8	385	99	96	
643	8	La5	A5	358	358	3	128	72	99	96	
644	9	Sol5	G5	349	349	3	16	577	99	96	
645	9	Fa5	F5	340	340	1	16	192	99	96	
646	9	Mi5	E5	336	336	1	8	385	99	96	
647	9	Re5	D5	327	327	1	8	385	95	96	
648	9	Do5	C5	318	318	1	4	769	99	96	ti  
649	9	Re5	D5	327	327	3	4	2307	95	96	
650	9	Re5	D5	327	327	1	8	385	99	96	Ah 
651	9	Mi5	E5	336	336	1	8	385	99	96	
652	9	Fa5	F5	340	340	1	8	385	99	96	
653	9	Sol5	G5	349	349	1	8	385	99	96	
654	9	Mi5	E5	336	336	1	8	385	99	96	
655	9	Fa5	F5	340	340	1	8	385	99	96	
656	9	Sol5	G5	349	349	1	8	385	99	96	
657	9	La5	A5	358	358	1	8	385	95	96	
658	9	La5	A5	358	358	3	16	577	99	96	ya 
659	9	Sol5	G5	349	349	1	16	192	99	96	
660	9	Fa5	F5	340	340	1	8	385	99	96	
661	9	La5	A5	358	358	1	8	385	95	96	
662	9	Sol5	G5	349	349	3	16	577	99	96	la 
663	9	Fa5	F5	340	340	1	16	192	99	96	
664	9	Fa5	F5	340	340	3	16	577	99	96	
665	9	Mi5	E5	336	336	1	16	192	99	96	
666	9	Mi5	E5	336	336	3	16	577	99	96	
667	9	Re5	D5	327	327	1	16	192	99	96	
668	9	Re5	D5	327	327	1	8	385	99	96	
669	9	Mi5	E5	336	336	1	8	385	99	96	
670	9	Re5	D5	327	327	1	8	385	95	96	
671	9	Do5	C5	318	318	1	4	769	99	96	ya 
672	9	Si4b1	B4b1	313	313	1	8	385	95	96	
673	9	Si4b1	B4b1	313	313	3	16	577	99	96	la 
674	9	La4	A4	305	305	1	16	192	99	96	
675	9	Do5	C5	318	318	3	16	577	99	96	
676	9	Si4b1	B4b1	313	313	1	16	192	99	96	
677	9	Si4b1	B4b1	313	313	1	8	385	99	96	
678	9	La4	A4	305	305	1	16	192	99	96	
679	9	Si4b1	B4b1	313	313	1	16	192	99	96	
680	9	Do5	C5	318	318	1	16	192	99	96	
681	9	Re5	D5	327	327	1	16	192	99	96	
682	9	Do5	C5	318	318	1	16	192	99	96	
683	9	Si4b1	B4b1	313	313	1	16	192	99	96	
684	9	Si4b1	B4b1	313	313	2	8	770	95	96	
685	9	Si4b1	B4b1	313	313	1	8	385	95	96	ye 
686	9	Do5	C5	318	318	1	8	385	95	96	le 
687	9	Re5	D5	327	327	3	16	577	99	96	lel 
688	9	Do5	C5	318	318	1	16	192	95	96	
689	9	Mi5	E5	336	336	3	16	577	99	96	lel 
690	9	Re5	D5	327	327	1	16	192	95	96	
691	9	Mi5	E5	336	336	1	16	192	99	96	lel 
692	9	Re5	D5	327	327	1	16	192	99	96	
693	9	Do5	C5	318	318	1	4	769	99	96	
694	9	Si4b1	B4b1	313	313	1	8	385	95	96	
695	9	Si4b1	B4b1	313	313	1	8	385	99	96	lel 
696	9	La4	A4	305	305	3	8	1154	95	96	
697	9	Do5	C5	318	318	3	16	577	99	96	li 
698	9	Si4b1	B4b1	313	313	1	16	192	99	96	
699	9	La4	A4	305	305	1	4	769	99	96	
700	9	La4	A4	305	305	1	8	385	99	96	
701	9	Si4b5	B4b5	309	309	1	8	385	99	96	
702	9	Do5	C5	318	318	1	8	385	99	96	
703	9	Mi5b5	E5b5	331	331	1	8	385	99	96	
704	9	Re5	D5	327	327	1	8	385	99	96	
705	9	Do5	C5	318	318	1	8	385	99	96	
706	9	Si4b5	B4b5	309	309	1	8	385	99	96	
707	9	La4	A4	305	305	1	8	385	99	96	
708	9	La4	A4	305	305	1	8	385	99	96	
709	9	Si4b5	B4b5	309	309	1	8	385	99	96	
710	9	La4	A4	305	305	1	8	385	99	96	
711	9	Sol4	G4	296	296	1	8	385	95	96	
712	9	La4	A4	305	305	3	16	577	99	96	sû
713	9	Sol4	G4	296	296	1	16	192	99	96	
714	9	Fa4	F4	287	287	1	8	385	99	96	
715	9	Sol4	G4	296	296	1	8	385	95	96	
716	9	La4	A4	305	305	1	8	385	99	96	zâ
717	9	Si4b5	B4b5	309	309	1	8	385	99	96	
718	9	La4	A4	305	305	1	8	385	99	96	
719	9	Si4b5	B4b5	309	309	1	8	385	99	96	
720	9	La4	A4	305	305	1	8	385	99	96	
721	9	Si4b5	B4b5	309	309	1	8	385	99	96	
722	9	Sol4	G4	296	296	1	8	385	99	96	
723	9	Do5	C5	318	318	1	8	385	95	96	
724	9	Do5	C5	318	318	1	8	385	99	96	ný
725	9	Si4b5	B4b5	309	309	1	16	192	99	96	
726	9	Do5	C5	318	318	1	16	192	95	96	
727	9	Si4b5	B4b5	309	309	1	8	385	99	96	ma 
728	9	La4	A4	305	305	1	16	192	99	96	
729	9	Si4b5	B4b5	309	309	3	16	577	95	96	
730	9	La4	A4	305	305	1	4	769	99	96	ge 
731	9	Sol4	G4	296	296	1	8	385	99	96	
732	9	La4	A4	305	305	3	16	577	99	96	
733	9	Sol4	G4	296	296	1	16	192	99	96	
734	9	Fa4	F4	287	287	1	8	385	99	96	
735	9	Sol4	G4	296	296	1	8	385	99	96	
736	9	Fa4	F4	287	287	2	8	770	95	96	
737	9	Re4	D4	274	274	1	8	385	99	96	ge 
738	9	Fa4	F4	287	287	1	8	385	99	96	
739	9	Sol4	G4	296	296	1	4	769	99	96	
740	8	Si4b5	B4b5	309	309	1	64	48	99	96	
741	9	La4	A4	305	305	1	8	385	99	96	
742	9	Sol4	G4	296	296	1	8	385	99	96	
743	9	Fa4	F4	287	287	1	8	385	99	96	
744	9	Mi4	E4	283	283	1	8	385	99	96	
745	9	Re4	D4	274	274	1	4	769	95	96	
746	9	Sol4	G4	296	296	1	8	385	99	96	geç
747	9	Fa4	F4	287	287	1	8	385	99	96	
748	9	Mi4	E4	283	283	1	8	385	99	96	
749	9	Re4	D4	274	274	1	8	385	95	96	
750	9	Do4#4	C4#4	269	269	1	4	769	99	96	ti  
751	9	Re4	D4	274	274	6	8	2308	95	96	
