Sira	Kod	Nota53	NotaAE	Koma53	KomaAE	Pay	Payda	Ms	LNS	Bas	Soz1	Offset
1	9	Fa5	F5	340	340	3	8	1154	99	96	Ey 	0.0535714285714
2	9	Mi5	E5	336	336	1	8	385	95	96		0.0714285714286
3	9	Sol5	G5	349	349	3	16	577	99	96	ka	0.0982142857143
4	9	Fa5	F5	340	340	1	16	192	99	96		0.107142857143
5	9	Mi5	E5	336	336	1	8	385	99	96		0.125
6	9	Fa5	F5	340	340	1	8	385	99	96		0.142857142857
7	9	Mi5	E5	336	336	1	8	385	99	96		0.160714285714
8	9	Fa5	F5	340	340	1	8	385	99	96		0.178571428571
9	9	Mi5	E5	336	336	1	8	385	99	96		0.196428571429
10	9	Re5	D5	327	327	1	8	385	95	96		0.214285714286
11	9	Mi5	E5	336	336	1	8	385	99	96	şı 	0.232142857143
12	9	Re5	D5	327	327	1	8	385	99	96		0.25
13	9	Mi5	E5	336	336	1	8	385	95	96		0.267857142857
14	9	Do5	C5	318	318	1	8	385	95	96	ke	0.285714285714
15	9	Re5	D5	327	327	3	8	1154	99	96	man 	0.339285714286
16	9	Mi5	E5	336	336	1	8	385	99	96		0.357142857143
17	9	Re5	D5	327	327	1	8	385	99	96		0.375
18	9	Mi5	E5	336	336	1	8	385	99	96		0.392857142857
19	9	Re5	D5	327	327	1	8	385	99	96		0.410714285714
20	9	Do5	C5	318	318	1	8	385	99	96		0.428571428571
21	9	Do5	C5	318	318	3	16	577	99	96		0.455357142857
22	9	Si4b1	B4b1	313	313	1	16	192	95	96		0.464285714286
23	9	Do5	C5	318	318	1	8	385	99	96	tîr_	0.482142857143
24	9	Re5	D5	327	327	1	8	385	99	96		0.5
25	9	Do5	C5	318	318	1	4	769	99	96		0.535714285714
26	9	Re5	D5	327	327	3	16	577	99	96		0.5625
27	9	Mi5	E5	336	336	1	16	192	99	96		0.571428571429
28	9	Re5	D5	327	327	1	8	385	99	96		0.589285714286
29	9	Do5	C5	318	318	1	4	769	99	96		0.625
30	9	Si4b1	B4b1	313	313	1	8	385	95	96		0.642857142857
31	9	Re5	D5	327	327	1	8	385	99	96	i 	0.660714285714
32	9	Do5	C5	318	318	1	16	192	99	96		0.669642857143
33	9	Si4b1	B4b1	313	313	1	16	192	99	96		0.678571428571
34	9	Fa5#4	F5#4	344	344	1	8	385	95	96		0.696428571429
35	9	Mi5b4	E5b4	332	332	1	16	192	99	96	mü	0.705357142857
36	9	Re5	D5	327	327	1	16	192	95	96		0.714285714286
37	9	Re5	D5	327	327	1	8	385	99	96	jen 	0.732142857143
38	9	Do5	C5	318	318	1	4	769	99	96		0.767857142857
39	9	Si4b2	B4b1	312	313	1	8	385	99	96		0.785714285714
40	9	Si4b2	B4b1	312	313	1	8	385	99	96		0.803571428571
41	9	La4	A4	305	305	3	8	1154	99	96		0.857142857143
42	9	Do5	C5	318	318	3	16	577	99	96		0.883928571429
43	9	Si4b5	B4b5	309	309	1	16	192	99	96		0.892857142857
44	9	La4	A4	305	305	1	2	1538	95	96		0.964285714286
45	9	Es	Es	-1	-1	1	4	769	100	0		1.0
46	9	Sol5	G5	349	349	3	16	577	99	96	ca	1.02678571429
47	9	Fa5	F5	340	340	1	16	192	99	96		1.03571428571
48	9	Mi5	E5	336	336	1	8	385	99	96		1.05357142857
49	9	Sol5	G5	349	349	1	8	385	99	96		1.07142857143
50	9	Mi5	E5	336	336	1	4	769	99	96		1.10714285714
51	9	Fa5	F5	340	340	1	8	385	99	96		1.125
52	9	Fa5	F5	340	340	1	8	385	100	96		1.14285714286
53	9	Fa5	F5	340	340	1	4	769	99	96		1.17857142857
54	9	Mi5	E5	336	336	1	4	769	95	96		1.21428571429
55	9	Sol5	G5	349	349	1	8	385	99	96	nı	1.23214285714
56	9	Fa5	F5	340	340	1	16	192	99	96		1.24107142857
57	9	Sol5	G5	349	349	1	16	192	95	96		1.25
58	9	Fa5	F5	340	340	1	8	385	99	96	ma 	1.26785714286
59	9	Mi5	E5	336	336	1	16	192	99	96		1.27678571429
60	9	Fa5	F5	340	340	1	16	192	95	96		1.28571428571
61	9	Mi5	E5	336	336	1	8	385	99	96	ge 	1.30357142857
62	9	Re5	D5	327	327	1	8	385	99	96		1.32142857143
63	9	Mi5	E5	336	336	1	8	385	99	96		1.33928571429
64	9	Fa5	F5	340	340	1	8	385	99	96		1.35714285714
65	9	Mi5	E5	336	336	1	8	385	99	96		1.375
66	9	Fa5	F5	340	340	1	8	385	99	96		1.39285714286
67	9	Mi5	E5	336	336	1	4	769	99	96		1.42857142857
68	9	Re5	D5	327	327	1	8	385	95	96		1.44642857143
69	9	Es	Es	-1	-1	1	8	385	100	0		1.46428571429
70	9	Re5	D5	327	327	1	8	385	99	96	geç	1.48214285714
71	9	Mi5	E5	336	336	1	8	385	99	96		1.5
72	9	Fa5	F5	340	340	1	4	769	99	96		1.53571428571
73	9	Sol5	G5	349	349	1	8	385	99	96		1.55357142857
74	9	La5	A5	358	358	1	8	385	99	96		1.57142857143
75	9	Sol5	G5	349	349	1	8	385	99	96		1.58928571429
76	9	Fa5	F5	340	340	1	8	385	99	96		1.60714285714
77	9	Mi5	E5	336	336	1	8	385	99	96		1.625
78	9	Re5	D5	327	327	1	8	385	99	96		1.64285714286
79	9	Sol5	G5	349	349	3	16	577	99	96		1.66964285714
80	9	Fa5	F5	340	340	1	16	192	99	96		1.67857142857
81	9	Mi5	E5	336	336	1	8	385	99	96		1.69642857143
82	9	Re5	D5	327	327	1	8	385	95	96		1.71428571429
83	9	Do5	C5	318	318	1	4	769	99	96	ti  	1.75
84	9	Re5	D5	327	327	1	2	1538	95	96		1.82142857143
85	9	Es	Es	-1	-1	1	4	769	100	0		1.85714285714
86	9	Re5	D5	327	327	1	8	385	99	96	Ah 	1.875
87	9	Mi5	E5	336	336	1	8	385	99	96		1.89285714286
88	9	Fa5	F5	340	340	1	8	385	99	96		1.91071428571
89	9	Sol5	G5	349	349	1	8	385	99	96		1.92857142857
90	9	Mi5	E5	336	336	1	8	385	99	96		1.94642857143
91	9	Fa5	F5	340	340	1	8	385	99	96		1.96428571429
92	9	Sol5	G5	349	349	1	8	385	99	96		1.98214285714
93	9	La5	A5	358	358	1	8	385	95	96		2.0
94	9	La5	A5	358	358	3	16	577	99	96	ya 	2.02678571429
95	9	Sol5	G5	349	349	1	16	192	99	96		2.03571428571
96	9	Fa5	F5	340	340	1	8	385	99	96		2.05357142857
97	9	La5	A5	358	358	1	8	385	95	96		2.07142857143
98	9	Sol5	G5	349	349	3	16	577	99	96	la 	2.09821428571
99	9	Fa5	F5	340	340	1	16	192	99	96		2.10714285714
100	9	Fa5	F5	340	340	3	16	577	99	96		2.13392857143
101	9	Mi5	E5	336	336	1	16	192	99	96		2.14285714286
102	9	Mi5	E5	336	336	3	16	577	99	96		2.16964285714
103	9	Re5	D5	327	327	1	16	192	99	96		2.17857142857
104	9	Re5	D5	327	327	1	8	385	99	96		2.19642857143
105	9	Mi5	E5	336	336	1	8	385	99	96		2.21428571429
106	9	Re5	D5	327	327	1	8	385	95	96		2.23214285714
107	9	Do5	C5	318	318	1	4	769	99	96	ya 	2.26785714286
108	9	Si4b1	B4b1	313	313	1	8	385	95	96		2.28571428571
109	9	Si4b1	B4b1	313	313	3	16	577	99	96	la 	2.3125
110	9	La4	A4	305	305	1	16	192	99	96		2.32142857143
111	9	Do5	C5	318	318	3	16	577	99	96		2.34821428571
112	9	Si4b1	B4b1	313	313	1	16	192	99	96		2.35714285714
113	9	Si4b1	B4b1	313	313	1	8	385	99	96		2.375
114	9	La4#3	A4#4	308	309	1	16	192	99	96		2.38392857143
115	9	Si4b1	B4b1	313	313	1	16	192	99	96		2.39285714286
116	9	Do5	C5	318	318	1	16	192	99	96		2.40178571429
117	9	Re5	D5	327	327	1	16	192	99	96		2.41071428571
118	9	Do5	C5	318	318	1	16	192	99	96		2.41964285714
119	9	Si4b1	B4b1	313	313	1	16	192	99	96		2.42857142857
120	9	Si4b1	B4b1	313	313	1	4	769	95	96		2.46428571429
121	9	Si4b1	B4b1	313	313	1	8	385	95	96	ye 	2.48214285714
122	9	Do5	C5	318	318	1	8	385	95	96	le 	2.5
123	9	Re5	D5	327	327	3	16	577	99	96	lel 	2.52678571429
124	9	Do5	C5	318	318	1	16	192	95	96		2.53571428571
125	9	Mi5	E5	336	336	3	16	577	99	96	lel 	2.5625
126	9	Re5	D5	327	327	1	16	192	95	96		2.57142857143
127	8	Mi5	E5	336	336	0	0	0	95	96		2.57142857143
128	9	Re5	D5	327	327	1	8	385	99	96	lel 	2.58928571429
129	9	Do5	C5	318	318	1	4	769	99	96		2.625
130	9	Si4b2	B4b1	312	313	1	8	385	95	96		2.64285714286
131	8	Do5	C5	318	318	0	0	0	95	96		2.64285714286
132	9	Si4b2	B4b1	312	313	1	8	385	99	96	lel 	2.66071428571
133	9	La4	A4	305	305	3	8	1154	95	96		2.71428571429
134	9	Do5	C5	318	318	3	16	577	99	96	li 	2.74107142857
135	9	Si4b2	B4b1	312	313	1	16	192	99	96		2.75
136	9	La4	A4	305	305	1	4	769	99	96		2.78571428571
137	9	La4	A4	305	305	1	8	385	99	96		2.80357142857
138	9	Si4b5	B4b5	309	309	1	8	385	99	96		2.82142857143
139	9	Do5	C5	318	318	1	8	385	99	96		2.83928571429
140	9	Mi5b4	E5b4	332	332	1	8	385	99	96		2.85714285714
141	9	Re5	D5	327	327	1	8	385	99	96		2.875
142	9	Do5	C5	318	318	1	8	385	99	96		2.89285714286
143	9	Si4b5	B4b5	309	309	1	8	385	99	96		2.91071428571
144	9	La4	A4	305	305	1	8	385	99	96		2.92857142857
145	9	La4	A4	305	305	1	8	385	99	96		2.94642857143
146	9	Si4b5	B4b5	309	309	1	8	385	99	96		2.96428571429
147	9	La4	A4	305	305	1	8	385	99	96		2.98214285714
148	9	Sol4	G4	296	296	1	8	385	95	96		3.0
149	9	La4	A4	305	305	3	16	577	99	96	ca	3.02678571429
150	9	Sol4	G4	296	296	1	16	192	99	96		3.03571428571
151	9	Fa4	F4	287	287	1	8	385	99	96		3.05357142857
152	9	Sol4	G4	296	296	1	8	385	99	96		3.07142857143
153	9	La4	A4	305	305	1	8	385	99	96		3.08928571429
154	9	Si4b5	B4b5	309	309	1	8	385	99	96		3.10714285714
155	9	La4	A4	305	305	1	8	385	99	96		3.125
156	9	Si4b5	B4b5	309	309	1	8	385	99	96		3.14285714286
157	9	La4	A4	305	305	1	8	385	99	96		3.16071428571
158	9	Si4b5	B4b5	309	309	1	8	385	99	96		3.17857142857
159	9	Sol4	G4	296	296	1	8	385	99	96		3.19642857143
160	9	Do5	C5	318	318	1	8	385	95	96		3.21428571429
161	9	Do5	C5	318	318	1	8	385	99	96	nı	3.23214285714
162	9	Si4b5	B4b5	309	309	1	16	192	99	96		3.24107142857
163	9	Do5	C5	318	318	1	16	192	95	96		3.25
164	9	Si4b5	B4b5	309	309	1	8	385	99	96	ma 	3.26785714286
165	9	La4	A4	305	305	1	16	192	99	96		3.27678571429
166	9	Si4b5	B4b5	309	309	1	16	192	95	96		3.28571428571
167	9	Es	Es	-1	-1	1	8	385	100	0		3.30357142857
168	9	La4	A4	305	305	1	4	769	99	96	ge 	3.33928571429
169	9	Sol4	G4	296	296	1	8	385	99	96		3.35714285714
170	9	La4	A4	305	305	3	16	577	99	96		3.38392857143
171	9	Sol4	G4	296	296	1	16	192	99	96		3.39285714286
172	9	Fa4	F4	287	287	1	8	385	99	96		3.41071428571
173	9	Sol4	G4	296	296	1	8	385	99	96		3.42857142857
174	9	Fa4	F4	287	287	1	4	769	95	96		3.46428571429
175	9	Mi4	E4	283	283	1	8	385	99	96	ge 	3.48214285714
176	9	Fa4	F4	287	287	1	8	385	99	96		3.5
177	9	Sol4	G4	296	296	1	4	769	99	96		3.53571428571
178	8	Si4b5	B4b5	309	309	0	0	0	99	96		3.53571428571
179	9	La4	A4	305	305	1	8	385	99	96		3.55357142857
180	9	Sol4	G4	296	296	1	8	385	99	96		3.57142857143
181	9	Fa4	F4	287	287	1	8	385	99	96		3.58928571429
182	9	Mi4	E4	283	283	1	8	385	99	96		3.60714285714
183	9	Re4	D4	274	274	1	4	769	95	96		3.64285714286
184	9	Sol4	G4	296	296	1	8	385	99	96	geç	3.66071428571
185	9	Fa4	F4	287	287	1	8	385	99	96		3.67857142857
186	9	Mi4	E4	283	283	1	8	385	99	96		3.69642857143
187	9	Re4	D4	274	274	1	8	385	95	96		3.71428571429
188	9	Do4#4	C4#4	269	269	1	4	769	95	96	ti 	3.75
189	9	Re4	D4	274	274	1	2	1538	95	96		3.82142857143
190	9	La5	A5	358	358	3	16	577	95	96	hey 	3.84821428571
191	9	Sol5	G5	349	349	1	16	192	95	96		3.85714285714
192	9	Sol5	G5	349	349	3	16	577	95	96	ca	3.88392857143
193	9	Fa5	F5	340	340	1	16	192	95	96		3.89285714286
194	9	Mi5	E5	336	336	1	8	385	95	96		3.91071428571
195	9	Sol5	G5	349	349	1	8	385	95	96		3.92857142857
196	9	Fa5	F5	340	340	3	8	1154	95	96	nım  	3.98214285714
197	9	Es	Es	-1	-1	1	8	385	100	0		4.0
198	9	Fa5	F5	340	340	3	8	1154	99	96	Ey 	4.05357142857
199	9	Mi5	E5	336	336	1	8	385	95	96		4.07142857143
200	9	Sol5	G5	349	349	3	16	577	99	96	ka	4.09821428571
201	9	Fa5	F5	340	340	1	16	192	99	96		4.10714285714
202	9	Mi5	E5	336	336	1	8	385	99	96		4.125
203	9	Fa5	F5	340	340	1	8	385	99	96		4.14285714286
204	9	Mi5	E5	336	336	1	8	385	99	96		4.16071428571
205	9	Fa5	F5	340	340	1	8	385	99	96		4.17857142857
206	9	Mi5	E5	336	336	1	8	385	99	96		4.19642857143
207	9	Re5	D5	327	327	1	8	385	95	96		4.21428571429
208	9	Mi5	E5	336	336	1	8	385	99	96	şı 	4.23214285714
209	9	Re5	D5	327	327	1	8	385	99	96		4.25
210	9	Mi5	E5	336	336	1	8	385	95	96		4.26785714286
211	9	Do5	C5	318	318	1	8	385	95	96	ke	4.28571428571
212	9	Re5	D5	327	327	3	8	1154	99	96	man 	4.33928571429
213	9	Mi5	E5	336	336	1	8	385	99	96		4.35714285714
214	9	Re5	D5	327	327	1	8	385	99	96		4.375
215	9	Mi5	E5	336	336	1	8	385	99	96		4.39285714286
216	9	Re5	D5	327	327	1	8	385	99	96		4.41071428571
217	9	Do5	C5	318	318	1	8	385	99	96		4.42857142857
218	9	Do5	C5	318	318	3	16	577	99	96		4.45535714286
219	9	Si4b1	B4b1	313	313	1	16	192	95	96		4.46428571429
220	9	Do5	C5	318	318	1	8	385	99	96	tîr_	4.48214285714
221	9	Re5	D5	327	327	1	8	385	99	96		4.5
222	9	Do5	C5	318	318	1	4	769	99	96		4.53571428571
223	9	Re5	D5	327	327	3	16	577	99	96		4.5625
224	9	Mi5	E5	336	336	1	16	192	99	96		4.57142857143
225	9	Re5	D5	327	327	1	8	385	99	96		4.58928571429
226	9	Do5	C5	318	318	1	4	769	99	96		4.625
227	9	Si4b1	B4b1	313	313	1	8	385	95	96		4.64285714286
228	9	Re5	D5	327	327	1	8	385	99	96	i 	4.66071428571
229	9	Do5	C5	318	318	1	16	192	99	96		4.66964285714
230	9	Si4b1	B4b1	313	313	1	16	192	99	96		4.67857142857
231	9	Fa5#4	F5#4	344	344	1	8	385	95	96		4.69642857143
232	9	Mi5b4	E5b4	332	332	1	16	192	99	96	mü	4.70535714286
233	9	Re5	D5	327	327	1	16	192	95	96		4.71428571429
234	9	Re5	D5	327	327	1	8	385	99	96	jen 	4.73214285714
235	9	Do5	C5	318	318	1	4	769	99	96		4.76785714286
236	9	Si4b2	B4b1	312	313	1	8	385	99	96		4.78571428571
237	9	Si4b2	B4b1	312	313	1	8	385	99	96		4.80357142857
238	9	La4	A4	305	305	3	8	1154	99	96		4.85714285714
239	9	Do5	C5	318	318	3	16	577	99	96		4.88392857143
240	9	Si4b5	B4b5	309	309	1	16	192	99	96		4.89285714286
241	9	La4	A4	305	305	1	2	1538	95	96		4.96428571429
242	9	Es	Es	-1	-1	1	4	769	100	0		5.0
243	9	Sol5	G5	349	349	3	16	577	99	96	ca	5.02678571429
244	9	Fa5	F5	340	340	1	16	192	99	96		5.03571428571
245	9	Mi5	E5	336	336	1	8	385	99	96		5.05357142857
246	9	Sol5	G5	349	349	1	8	385	99	96		5.07142857143
247	9	Mi5	E5	336	336	1	4	769	99	96		5.10714285714
248	9	Fa5	F5	340	340	1	8	385	99	96		5.125
249	9	Fa5	F5	340	340	1	8	385	100	96		5.14285714286
250	9	Fa5	F5	340	340	1	4	769	99	96		5.17857142857
251	9	Mi5	E5	336	336	1	4	769	95	96		5.21428571429
252	9	Sol5	G5	349	349	1	8	385	99	96	nı	5.23214285714
253	9	Fa5	F5	340	340	1	16	192	99	96		5.24107142857
254	9	Sol5	G5	349	349	1	16	192	95	96		5.25
255	9	Fa5	F5	340	340	1	8	385	99	96	ma 	5.26785714286
256	9	Mi5	E5	336	336	1	16	192	99	96		5.27678571429
257	9	Fa5	F5	340	340	1	16	192	95	96		5.28571428571
258	9	Mi5	E5	336	336	1	8	385	99	96	ge 	5.30357142857
259	9	Re5	D5	327	327	1	8	385	99	96		5.32142857143
260	9	Mi5	E5	336	336	1	8	385	99	96		5.33928571429
261	9	Fa5	F5	340	340	1	8	385	99	96		5.35714285714
262	9	Mi5	E5	336	336	1	8	385	99	96		5.375
263	9	Fa5	F5	340	340	1	8	385	99	96		5.39285714286
264	9	Mi5	E5	336	336	1	4	769	99	96		5.42857142857
265	9	Re5	D5	327	327	1	8	385	95	96		5.44642857143
266	9	Es	Es	-1	-1	1	8	385	100	0		5.46428571429
267	9	Re5	D5	327	327	1	8	385	99	96	geç	5.48214285714
268	9	Mi5	E5	336	336	1	8	385	99	96		5.5
269	9	Fa5	F5	340	340	1	4	769	99	96		5.53571428571
270	9	Sol5	G5	349	349	1	8	385	99	96		5.55357142857
271	9	La5	A5	358	358	1	8	385	99	96		5.57142857143
272	9	Sol5	G5	349	349	1	8	385	99	96		5.58928571429
273	9	Fa5	F5	340	340	1	8	385	99	96		5.60714285714
274	9	Mi5	E5	336	336	1	8	385	99	96		5.625
275	9	Re5	D5	327	327	1	8	385	99	96		5.64285714286
276	9	Sol5	G5	349	349	3	16	577	99	96		5.66964285714
277	9	Fa5	F5	340	340	1	16	192	99	96		5.67857142857
278	9	Mi5	E5	336	336	1	8	385	99	96		5.69642857143
279	9	Re5	D5	327	327	1	8	385	95	96		5.71428571429
280	9	Do5	C5	318	318	1	4	769	99	96	ti  	5.75
281	9	Re5	D5	327	327	1	2	1538	95	96		5.82142857143
282	9	Es	Es	-1	-1	1	4	769	100	0		5.85714285714
283	9	Re5	D5	327	327	1	8	385	99	96	Ah 	5.875
284	9	Mi5	E5	336	336	1	8	385	99	96		5.89285714286
285	9	Fa5	F5	340	340	1	8	385	99	96		5.91071428571
286	9	Sol5	G5	349	349	1	8	385	99	96		5.92857142857
287	9	Mi5	E5	336	336	1	8	385	99	96		5.94642857143
288	9	Fa5	F5	340	340	1	8	385	99	96		5.96428571429
289	9	Sol5	G5	349	349	1	8	385	99	96		5.98214285714
290	9	La5	A5	358	358	1	8	385	95	96		6.0
291	9	La5	A5	358	358	3	16	577	99	96	ya 	6.02678571429
292	9	Sol5	G5	349	349	1	16	192	99	96		6.03571428571
293	9	Fa5	F5	340	340	1	8	385	99	96		6.05357142857
294	9	La5	A5	358	358	1	8	385	95	96		6.07142857143
295	9	Sol5	G5	349	349	3	16	577	99	96	la 	6.09821428571
296	9	Fa5	F5	340	340	1	16	192	99	96		6.10714285714
297	9	Fa5	F5	340	340	3	16	577	99	96		6.13392857143
298	9	Mi5	E5	336	336	1	16	192	99	96		6.14285714286
299	9	Mi5	E5	336	336	3	16	577	99	96		6.16964285714
300	9	Re5	D5	327	327	1	16	192	99	96		6.17857142857
301	9	Re5	D5	327	327	1	8	385	99	96		6.19642857143
302	9	Mi5	E5	336	336	1	8	385	99	96		6.21428571429
303	9	Re5	D5	327	327	1	8	385	95	96		6.23214285714
304	9	Do5	C5	318	318	1	4	769	99	96	ya 	6.26785714286
305	9	Si4b1	B4b1	313	313	1	8	385	95	96		6.28571428571
306	9	Si4b1	B4b1	313	313	3	16	577	99	96	la 	6.3125
307	9	La4	A4	305	305	1	16	192	99	96		6.32142857143
308	9	Do5	C5	318	318	3	16	577	99	96		6.34821428571
309	9	Si4b1	B4b1	313	313	1	16	192	99	96		6.35714285714
310	9	Si4b1	B4b1	313	313	1	8	385	99	96		6.375
311	9	La4#3	A4#4	308	309	1	16	192	99	96		6.38392857143
312	9	Si4b1	B4b1	313	313	1	16	192	99	96		6.39285714286
313	9	Do5	C5	318	318	1	16	192	99	96		6.40178571429
314	9	Re5	D5	327	327	1	16	192	99	96		6.41071428571
315	9	Do5	C5	318	318	1	16	192	99	96		6.41964285714
316	9	Si4b1	B4b1	313	313	1	16	192	99	96		6.42857142857
317	9	Si4b1	B4b1	313	313	1	4	769	95	96		6.46428571429
318	9	Si4b1	B4b1	313	313	1	8	385	95	96	ye 	6.48214285714
319	9	Do5	C5	318	318	1	8	385	95	96	le 	6.5
320	9	Re5	D5	327	327	3	16	577	99	96	lel 	6.52678571429
321	9	Do5	C5	318	318	1	16	192	95	96		6.53571428571
322	9	Mi5	E5	336	336	3	16	577	99	96	lel 	6.5625
323	9	Re5	D5	327	327	1	16	192	95	96		6.57142857143
324	8	Mi5	E5	336	336	0	0	0	95	96		6.57142857143
325	9	Re5	D5	327	327	1	8	385	99	96	lel 	6.58928571429
326	9	Do5	C5	318	318	1	4	769	99	96		6.625
327	9	Si4b2	B4b1	312	313	1	8	385	95	96		6.64285714286
328	8	Do5	C5	318	318	0	0	0	95	96		6.64285714286
329	9	Si4b2	B4b1	312	313	1	8	385	99	96	lel 	6.66071428571
330	9	La4	A4	305	305	3	8	1154	95	96		6.71428571429
331	9	Do5	C5	318	318	3	16	577	99	96	li 	6.74107142857
332	9	Si4b2	B4b1	312	313	1	16	192	99	96		6.75
333	9	La4	A4	305	305	1	4	769	99	96		6.78571428571
334	9	La4	A4	305	305	1	8	385	99	96		6.80357142857
335	9	Si4b5	B4b5	309	309	1	8	385	99	96		6.82142857143
336	9	Do5	C5	318	318	1	8	385	99	96		6.83928571429
337	9	Mi5b4	E5b4	332	332	1	8	385	99	96		6.85714285714
338	9	Re5	D5	327	327	1	8	385	99	96		6.875
339	9	Do5	C5	318	318	1	8	385	99	96		6.89285714286
340	9	Si4b5	B4b5	309	309	1	8	385	99	96		6.91071428571
341	9	La4	A4	305	305	1	8	385	99	96		6.92857142857
342	9	La4	A4	305	305	1	8	385	99	96		6.94642857143
343	9	Si4b5	B4b5	309	309	1	8	385	99	96		6.96428571429
344	9	La4	A4	305	305	1	8	385	99	96		6.98214285714
345	9	Sol4	G4	296	296	1	8	385	95	96		7.0
346	9	La4	A4	305	305	3	16	577	99	96	ca	7.02678571429
347	9	Sol4	G4	296	296	1	16	192	99	96		7.03571428571
348	9	Fa4	F4	287	287	1	8	385	99	96		7.05357142857
349	9	Sol4	G4	296	296	1	8	385	99	96		7.07142857143
350	9	La4	A4	305	305	1	8	385	99	96		7.08928571429
351	9	Si4b5	B4b5	309	309	1	8	385	99	96		7.10714285714
352	9	La4	A4	305	305	1	8	385	99	96		7.125
353	9	Si4b5	B4b5	309	309	1	8	385	99	96		7.14285714286
354	9	La4	A4	305	305	1	8	385	99	96		7.16071428571
355	9	Si4b5	B4b5	309	309	1	8	385	99	96		7.17857142857
356	9	Sol4	G4	296	296	1	8	385	99	96		7.19642857143
357	9	Do5	C5	318	318	1	8	385	95	96		7.21428571429
358	9	Do5	C5	318	318	1	8	385	99	96	nı	7.23214285714
359	9	Si4b5	B4b5	309	309	1	16	192	99	96		7.24107142857
360	9	Do5	C5	318	318	1	16	192	95	96		7.25
361	9	Si4b5	B4b5	309	309	1	8	385	99	96	ma 	7.26785714286
362	9	La4	A4	305	305	1	16	192	99	96		7.27678571429
363	9	Si4b5	B4b5	309	309	1	16	192	95	96		7.28571428571
364	9	Es	Es	-1	-1	1	8	385	100	0		7.30357142857
365	9	La4	A4	305	305	1	4	769	99	96	ge 	7.33928571429
366	9	Sol4	G4	296	296	1	8	385	99	96		7.35714285714
367	9	La4	A4	305	305	3	16	577	99	96		7.38392857143
368	9	Sol4	G4	296	296	1	16	192	99	96		7.39285714286
369	9	Fa4	F4	287	287	1	8	385	99	96		7.41071428571
370	9	Sol4	G4	296	296	1	8	385	99	96		7.42857142857
371	9	Fa4	F4	287	287	1	4	769	95	96		7.46428571429
372	9	Mi4	E4	283	283	1	8	385	99	96	ge 	7.48214285714
373	9	Fa4	F4	287	287	1	8	385	99	96		7.5
374	9	Sol4	G4	296	296	1	4	769	99	96		7.53571428571
375	8	Si4b5	B4b5	309	309	0	0	0	99	96		7.53571428571
376	9	La4	A4	305	305	1	8	385	99	96		7.55357142857
377	9	Sol4	G4	296	296	1	8	385	99	96		7.57142857143
378	9	Fa4	F4	287	287	1	8	385	99	96		7.58928571429
379	9	Mi4	E4	283	283	1	8	385	99	96		7.60714285714
380	9	Re4	D4	274	274	1	4	769	95	96		7.64285714286
381	9	Sol4	G4	296	296	1	8	385	99	96	geç	7.66071428571
382	9	Fa4	F4	287	287	1	8	385	99	96		7.67857142857
383	9	Mi4	E4	283	283	1	8	385	99	96		7.69642857143
384	9	Re4	D4	274	274	1	8	385	95	96		7.71428571429
385	9	Do4#4	C4#4	269	269	1	4	769	95	96	ti 	7.75
386	9	Re4	D4	274	274	1	2	1538	95	96		7.82142857143
387	9	Re5	D5	327	327	1	4	769	95	96	hey 	7.85714285714
388	9	Re5	D5	327	327	3	16	577	95	96	ca	7.88392857143
389	9	Do5	C5	318	318	1	16	192	95	96		7.89285714286
390	9	Si4b1	B4b1	313	313	1	8	385	95	96		7.91071428571
391	9	Do5	C5	318	318	1	8	385	95	96		7.92857142857
392	9	Re5	D5	327	327	3	8	1154	95	96	nım  	7.98214285714
393	9	Es	Es	-1	-1	1	8	385	100	0		8.0
394	9	Re5	D5	327	327	3	16	577	99	96	Bu 	8.02678571429
395	9	Do5	C5	318	318	1	16	192	99	96		8.03571428571
396	9	Si4b1	B4b1	313	313	1	8	385	99	96		8.05357142857
397	9	Do5	C5	318	318	1	8	385	95	96		8.07142857143
398	9	Re5	D5	327	327	1	8	385	99	96	geç 	8.08928571429
399	9	Mi5b4	E5b4	332	332	1	8	385	99	96		8.10714285714
400	9	Re5	D5	327	327	1	8	385	99	96		8.125
401	9	Mi5b4	E5b4	332	332	1	8	385	99	96		8.14285714286
402	9	Re5	D5	327	327	1	8	385	99	96		8.16071428571
403	9	Mi5b4	E5b4	332	332	1	8	385	99	96		8.17857142857
404	9	Re5	D5	327	327	1	8	385	99	96		8.19642857143
405	9	Do5	C5	318	318	1	8	385	95	96		8.21428571429
406	9	La5	A5	358	358	1	8	385	99	96	ni	8.23214285714
407	9	Sol5	G5	349	349	1	4	769	95	96		8.26785714286
408	9	Fa5#4	F5#4	344	344	1	16	192	99	96	ge	8.27678571429
409	9	Mi5	E5	336	336	1	16	192	95	96		8.28571428571
410	9	Sol5	G5	349	349	1	16	192	99	96	he 	8.29464285714
411	9	Fa5#4	F5#4	344	344	1	16	192	99	96		8.30357142857
412	9	Mi5b4	E5b4	332	332	1	4	769	99	96		8.33928571429
413	8	Fa5#4	F5#4	344	344	0	0	0	99	96		8.33928571429
414	9	Mi5b4	E5b4	332	332	1	16	192	99	96		8.34821428571
415	9	Re5	D5	327	327	1	16	192	99	96		8.35714285714
416	9	Re5	D5	327	327	1	2	1538	95	96		8.42857142857
417	9	Es	Es	-1	-1	1	4	769	100	0		8.46428571429
418	9	Re5	D5	327	327	1	8	385	99	96	sabr_	8.48214285714
419	9	Mi5b4	E5b4	332	332	1	8	385	99	96		8.5
420	9	Fa5#4	F5#4	344	344	1	8	385	99	96		8.51785714286
421	9	Sol5	G5	349	349	1	8	385	99	96		8.53571428571
422	9	La5	A5	358	358	1	16	192	99	96		8.54464285714
423	9	Si5b5	B5b5	362	362	3	16	577	99	96		8.57142857143
424	9	La5	A5	358	358	1	16	192	99	96		8.58035714286
425	9	Sol5	G5	349	349	1	16	192	99	96		8.58928571429
426	9	Fa5#4	F5#4	344	344	1	16	192	99	96		8.59821428571
427	9	Mi5b4	E5b4	332	332	1	16	192	99	96		8.60714285714
428	9	Re5	D5	327	327	3	16	577	99	96		8.63392857143
429	9	Mi5b4	E5b4	332	332	1	16	192	95	96		8.64285714286
430	9	Sol5	G5	349	349	1	16	192	99	96	ü 	8.65178571429
431	9	Fa5#4	F5#4	344	344	1	16	192	99	96		8.66071428571
432	9	Mi5b4	E5b4	332	332	1	16	192	99	96		8.66964285714
433	9	Re5	D5	327	327	1	16	192	99	96		8.67857142857
434	9	Do5	C5	318	318	1	8	385	95	96		8.69642857143
435	9	Fa5#4	F5#4	344	344	1	8	385	95	96	te	8.71428571429
436	9	Mi5b4	E5b4	332	332	1	8	385	99	96	ham	8.73214285714
437	9	Re5	D5	327	327	1	8	385	99	96		8.75
438	9	Do5	C5	318	318	1	4	769	99	96		8.78571428571
439	9	Si4b1	B4b1	313	313	1	8	385	99	96		8.80357142857
440	9	Do5	C5	318	318	1	8	385	99	96		8.82142857143
441	9	Re5	D5	327	327	1	8	385	99	96		8.83928571429
442	8	Mi5b4	E5b4	332	332	0	0	0	99	96		8.83928571429
443	9	Re5	D5	327	327	1	16	192	99	96		8.84821428571
444	9	Do5	C5	318	318	1	16	192	99	96		8.85714285714
445	9	Si4b1	B4b1	313	313	1	8	385	99	96		8.875
446	9	Do5	C5	318	318	3	8	1154	95	96		8.92857142857
447	9	Es	Es	-1	-1	1	2	1538	100	0		9.0
448	9	Sol5	G5	349	349	1	4	769	99	96	mül 	9.03571428571
449	9	La5	A5	358	358	1	4	769	99	96		9.07142857143
450	9	La5	A5	358	358	1	8	385	99	96		9.08928571429
451	9	Do6	C6	371	371	1	8	385	99	96		9.10714285714
452	9	Si5b1	B5b1	366	366	1	8	385	99	96		9.125
453	9	La5	A5	358	358	1	8	385	99	96		9.14285714286
454	9	Sol5	G5	349	349	1	8	385	99	96		9.16071428571
455	9	Fa5	F5	340	340	1	8	385	99	96		9.17857142857
456	9	Mi5	E5	336	336	1	4	769	95	96		9.21428571429
457	9	Mi5	E5	336	336	1	4	769	95	96	ni	9.25
458	9	Mi5	E5	336	336	1	8	385	99	96	ce 	9.26785714286
459	9	Re5	D5	327	327	1	8	385	95	96		9.28571428571
460	9	Mi5b4	E5b4	332	332	3	16	577	99	96	mü 	9.3125
461	9	Re5	D5	327	327	1	16	192	99	96		9.32142857143
462	9	Do5	C5	318	318	1	4	769	99	96		9.35714285714
463	9	Do5	C5	318	318	3	8	1154	99	96		9.41071428571
464	8	Re5	D5	327	327	0	0	0	99	96		9.41071428571
465	9	Do5	C5	318	318	1	16	192	99	96		9.41964285714
466	9	Si4b1	B4b1	313	313	1	16	192	99	96		9.42857142857
467	9	Si4b1	B4b1	313	313	1	8	385	95	96		9.44642857143
468	9	Es	Es	-1	-1	1	8	385	100	0		9.46428571429
469	9	Si4b1	B4b1	313	313	1	8	385	99	96	müm	9.48214285714
470	9	Do5	C5	318	318	1	8	385	99	96		9.5
471	9	Re5	D5	327	327	1	4	769	99	96		9.53571428571
472	8	Mi5	E5	336	336	0	0	0	99	96		9.53571428571
473	9	Re5	D5	327	327	1	8	385	99	96		9.55357142857
474	9	Mi5	E5	336	336	1	8	385	99	96		9.57142857143
475	9	Si4b1	B4b1	313	313	1	4	769	99	96		9.60714285714
476	8	Do5	C5	318	318	0	0	0	99	96		9.60714285714
477	9	Si4b1	B4b1	313	313	1	8	385	99	96		9.625
478	9	Do5	C5	318	318	1	8	385	99	96		9.64285714286
479	9	Si4b1	B4b1	313	313	1	4	769	99	96		9.67857142857
480	9	La4	A4	305	305	1	4	769	95	96		9.71428571429
481	9	Sol4	G4	296	296	1	4	769	99	96	kün  	9.75
482	9	La4	A4	305	305	1	2	1538	99	96		9.82142857143
483	9	Re5	D5	327	327	1	4	769	95	96		9.85714285714
484	9	Re5	D5	327	327	3	16	577	99	96	Ah 	9.88392857143
485	9	Do5	C5	318	318	1	16	192	99	96		9.89285714286
486	9	Si4b1	B4b1	313	313	1	8	385	99	96		9.91071428571
487	9	Re5	D5	327	327	1	8	385	99	96		9.92857142857
488	9	Do5	C5	318	318	1	8	385	99	96		9.94642857143
489	9	Re5	D5	327	327	1	8	385	99	96		9.96428571429
490	9	Do5	C5	318	318	1	8	385	99	96		9.98214285714
491	9	Si4b1	B4b1	313	313	1	8	385	95	96		10.0
492	9	Do5	C5	318	318	3	16	577	99	96	ya 	10.0267857143
493	9	Si4b1	B4b1	313	313	1	16	192	99	96		10.0357142857
494	9	La4	A4	305	305	1	8	385	99	96		10.0535714286
495	9	Si4b1	B4b1	313	313	1	16	192	99	96		10.0625
496	9	Do5	C5	318	318	1	16	192	95	96		10.0714285714
497	9	Si4b1	B4b1	313	313	1	4	769	99	96	la 	10.1071428571
498	9	Do5	C5	318	318	1	4	769	99	96		10.1428571429
499	9	Do5	C5	318	318	1	4	769	99	96		10.1785714286
500	9	Si4b1	B4b1	313	313	1	4	769	95	96		10.2142857143
501	9	Es	Es	-1	-1	1	8	385	100	0		10.2321428571
502	9	Si4b1	B4b1	313	313	3	8	1154	95	96	ya 	10.2857142857
503	9	Si4b1	B4b1	313	313	3	8	1154	99	96	la 	10.3392857143
504	9	La4	A4	305	305	1	16	192	99	96		10.3482142857
505	9	Sol4	G4	296	296	1	16	192	99	96		10.3571428571
506	9	Sol4	G4	296	296	1	2	1538	99	96		10.4285714286
507	9	Sol4	G4	296	296	1	8	385	95	96		10.4464285714
508	9	Es	Es	-1	-1	1	8	385	100	0		10.4642857143
509	9	Si4b1	B4b1	313	313	1	8	385	95	96	ye 	10.4821428571
510	9	Do5	C5	318	318	1	8	385	95	96	le 	10.5
511	9	Re5	D5	327	327	3	16	577	99	96	lel 	10.5267857143
512	9	Do5	C5	318	318	1	16	192	95	96		10.5357142857
513	9	Mi5	E5	336	336	3	16	577	99	96	lel 	10.5625
514	9	Re5	D5	327	327	1	16	192	95	96		10.5714285714
515	9	Mi5	E5	336	336	1	16	192	99	96	lel 	10.5803571429
516	9	Re5	D5	327	327	1	16	192	99	96		10.5892857143
517	9	Do5	C5	318	318	1	4	769	99	96		10.625
518	9	Si4b1	B4b1	313	313	1	8	385	95	96		10.6428571429
519	9	Si4b1	B4b1	313	313	1	8	385	99	96	lel 	10.6607142857
520	9	La4	A4	305	305	3	8	1154	95	96		10.7142857143
521	9	Do5	C5	318	318	3	16	577	99	96	li 	10.7410714286
522	9	Si4b1	B4b1	313	313	1	16	192	99	96		10.75
523	9	La4	A4	305	305	1	4	769	99	96		10.7857142857
524	9	La4	A4	305	305	1	8	385	99	96		10.8035714286
525	9	Si4b1	B4b1	313	313	1	8	385	99	96		10.8214285714
526	9	Do5	C5	318	318	1	8	385	99	96		10.8392857143
527	9	Mi5b4	E5b4	332	332	1	8	385	99	96		10.8571428571
528	9	Re5	D5	327	327	1	8	385	99	96		10.875
529	9	Do5	C5	318	318	1	8	385	99	96		10.8928571429
530	9	Si4b5	B4b5	309	309	1	8	385	99	96		10.9107142857
531	9	La4	A4	305	305	1	8	385	99	96		10.9285714286
532	9	La4	A4	305	305	1	8	385	99	96		10.9464285714
533	9	Si4b5	B4b5	309	309	1	8	385	99	96		10.9642857143
534	9	La4	A4	305	305	1	8	385	99	96		10.9821428571
535	9	Sol4	G4	296	296	1	8	385	95	96		11.0
536	9	La4	A4	305	305	3	16	577	99	96	mül 	11.0267857143
537	9	Sol4	G4	296	296	1	16	192	99	96		11.0357142857
538	9	Fa4	F4	287	287	1	8	385	99	96		11.0535714286
539	9	Sol4	G4	296	296	1	8	385	99	96		11.0714285714
540	9	La4	A4	305	305	1	8	385	99	96		11.0892857143
541	9	Si4b5	B4b5	309	309	1	8	385	99	96		11.1071428571
542	9	La4	A4	305	305	1	8	385	99	96		11.125
543	9	Si4b5	B4b5	309	309	1	8	385	99	96		11.1428571429
544	9	La4	A4	305	305	1	8	385	99	96		11.1607142857
545	9	Si4b5	B4b5	309	309	1	8	385	99	96		11.1785714286
546	9	Sol4	G4	296	296	1	8	385	99	96		11.1964285714
547	9	Do5	C5	318	318	1	8	385	95	96		11.2142857143
548	9	Do5	C5	318	318	1	8	385	99	96	ni	11.2321428571
549	9	Si4b5	B4b5	309	309	1	16	192	99	96		11.2410714286
550	9	Do5	C5	318	318	1	16	192	95	96		11.25
551	9	Si4b5	B4b5	309	309	1	8	385	99	96	ce 	11.2678571429
552	9	La4	A4	305	305	1	16	192	99	96		11.2767857143
553	9	Si4b5	B4b5	309	309	1	16	192	95	96		11.2857142857
554	9	Es	Es	-1	-1	1	8	385	100	0		11.3035714286
555	9	La4	A4	305	305	1	4	769	99	96	mü 	11.3392857143
556	9	Sol4	G4	296	296	1	8	385	99	96		11.3571428571
557	9	La4	A4	305	305	3	16	577	99	96		11.3839285714
558	9	Sol4	G4	296	296	1	16	192	99	96		11.3928571429
559	9	Fa4	F4	287	287	1	8	385	99	96		11.4107142857
560	9	Sol4	G4	296	296	1	8	385	99	96		11.4285714286
561	9	Fa4	F4	287	287	1	8	385	95	96		11.4464285714
562	9	Es	Es	-1	-1	1	8	385	100	0		11.4642857143
563	9	Mi4	E4	283	283	1	8	385	99	96	mü 	11.4821428571
564	9	Fa4	F4	287	287	1	8	385	99	96		11.5
565	9	Sol4	G4	296	296	1	4	769	99	96		11.5357142857
566	8	Si4b5	B4b5	309	309	0	0	0	99	96		11.5357142857
567	9	La4	A4	305	305	1	8	385	99	96		11.5535714286
568	9	Sol4	G4	296	296	1	8	385	99	96		11.5714285714
569	9	Fa4	F4	287	287	1	8	385	99	96		11.5892857143
570	9	Mi4	E4	283	283	1	8	385	99	96		11.6071428571
571	9	Re4	D4	274	274	1	4	769	95	96		11.6428571429
572	9	Sol4	G4	296	296	1	8	385	99	96	müm	11.6607142857
573	9	Fa4	F4	287	287	1	8	385	99	96		11.6785714286
574	9	Mi4	E4	283	283	1	8	385	99	96		11.6964285714
575	9	Re4	D4	274	274	1	8	385	95	96		11.7142857143
576	9	Do4#4	C4#4	269	269	1	4	769	99	96	kün 	11.75
577	9	Re4	D4	274	274	1	2	1538	95	96		11.8214285714
578	9	La5	A5	358	358	3	16	577	99	96	hey 	11.8482142857
579	9	Sol5	G5	349	349	1	16	192	95	96		11.8571428571
580	9	Sol5	G5	349	349	3	16	577	99	96	ca	11.8839285714
581	9	Fa5	F5	340	340	1	16	192	99	96		11.8928571429
582	9	Mi5	E5	336	336	1	8	385	99	96		11.9107142857
583	9	Sol5	G5	349	349	1	8	385	95	96		11.9285714286
584	9	Fa5	F5	340	340	3	8	1154	95	96	nım  	11.9821428571
585	9	Es	Es	-1	-1	1	8	385	100	0		12.0
586	9	Fa5	F5	340	340	3	8	1154	99	96	Ev	12.0535714286
587	9	Mi5	E5	336	336	1	8	385	95	96		12.0714285714
588	8	La5	A5	358	358	0	0	0	95	96		12.0714285714
589	9	Sol5	G5	349	349	3	16	577	99	96	vel 	12.0982142857
590	9	Fa5	F5	340	340	1	16	192	99	96		12.1071428571
591	9	Mi5	E5	336	336	1	8	385	99	96		12.125
592	9	Fa5	F5	340	340	1	8	385	99	96		12.1428571429
593	9	Mi5	E5	336	336	1	8	385	99	96		12.1607142857
594	9	Fa5	F5	340	340	1	8	385	99	96		12.1785714286
595	9	Mi5	E5	336	336	1	8	385	99	96		12.1964285714
596	9	Re5	D5	327	327	1	8	385	95	96		12.2142857143
597	9	Mi5	E5	336	336	1	8	385	99	96	na	12.2321428571
598	9	Re5	D5	327	327	1	8	385	95	96		12.25
599	9	Mi5	E5	336	336	1	8	385	99	96	za	12.2678571429
600	9	Do5	C5	318	318	1	8	385	95	96		12.2857142857
601	9	Re5	D5	327	327	3	8	1154	99	96	rın 	12.3392857143
602	9	Mi5	E5	336	336	1	8	385	99	96		12.3571428571
603	9	Re5	D5	327	327	1	8	385	99	96		12.375
604	9	Mi5	E5	336	336	1	8	385	99	96		12.3928571429
605	9	Re5	D5	327	327	1	8	385	99	96		12.4107142857
606	9	Do5	C5	318	318	1	8	385	99	96		12.4285714286
607	9	Do5	C5	318	318	3	16	577	99	96		12.4553571429
608	9	Si4b1	B4b1	313	313	1	16	192	95	96		12.4642857143
609	9	Do5	C5	318	318	1	8	385	99	96	sî	12.4821428571
610	9	Re5	D5	327	327	1	8	385	99	96		12.5
611	9	Do5	C5	318	318	1	4	769	99	96		12.5357142857
612	9	Re5	D5	327	327	1	16	192	99	96		12.5446428571
613	9	Mi5	E5	336	336	3	16	577	99	96		12.5714285714
614	9	Re5	D5	327	327	1	8	385	99	96		12.5892857143
615	9	Do5	C5	318	318	1	4	769	99	96		12.625
616	9	Si4b1	B4b1	313	313	1	8	385	95	96		12.6428571429
617	9	Re5	D5	327	327	1	8	385	99	96	ne 	12.6607142857
618	9	Do5	C5	318	318	1	16	192	99	96		12.6696428571
619	9	Si4b1	B4b1	313	313	1	16	192	95	96		12.6785714286
620	9	Fa5#4	F5#4	344	344	1	8	385	99	96	i 	12.6964285714
621	9	Mi5b4	E5b4	332	332	1	16	192	99	96		12.7053571429
622	9	Re5	D5	327	327	1	16	192	95	96		12.7142857143
623	9	Re5	D5	327	327	1	8	385	99	96	sû	12.7321428571
624	9	Do5	C5	318	318	1	4	769	99	96		12.7678571429
625	9	Si4b1	B4b1	313	313	1	8	385	99	96		12.7857142857
626	9	Si4b1	B4b1	313	313	1	8	385	99	96		12.8035714286
627	9	La4	A4	305	305	3	8	1154	99	96		12.8571428571
628	9	Do5	C5	318	318	3	16	577	99	96		12.8839285714
629	9	Si4b1	B4b1	313	313	1	16	192	99	96		12.8928571429
630	9	La4	A4	305	305	1	4	769	95	96		12.9285714286
631	9	Es	Es	-1	-1	1	2	1538	100	0		13.0
632	9	Sol5	G5	349	349	3	16	577	99	96	zâ	13.0267857143
633	9	Fa5	F5	340	340	1	16	192	99	96		13.0357142857
634	9	Mi5	E5	336	336	1	8	385	99	96		13.0535714286
635	9	Sol5	G5	349	349	1	8	385	99	96		13.0714285714
636	9	Mi5	E5	336	336	1	4	769	99	96		13.1071428571
637	9	Fa5	F5	340	340	1	8	385	99	96		13.125
638	9	Fa5	F5	340	340	1	8	385	99	96		13.1428571429
639	9	Fa5	F5	340	340	1	4	769	99	96		13.1785714286
640	9	Mi5	E5	336	336	1	4	769	95	96		13.2142857143
641	9	Sol5	G5	349	349	1	8	385	99	96	nı	13.2321428571
642	9	Fa5	F5	340	340	1	16	192	99	96		13.2410714286
643	9	Sol5	G5	349	349	1	16	192	95	96		13.25
644	9	Fa5	F5	340	340	1	8	385	99	96	ma 	13.2678571429
645	9	Mi5	E5	336	336	1	16	192	99	96		13.2767857143
646	9	Fa5	F5	340	340	1	16	192	95	96		13.2857142857
647	9	Mi5	E5	336	336	1	8	385	99	96	ge 	13.3035714286
648	9	Re5	D5	327	327	1	8	385	99	96		13.3214285714
649	9	Mi5	E5	336	336	1	8	385	99	96		13.3392857143
650	9	Fa5	F5	340	340	1	8	385	99	96		13.3571428571
651	9	Mi5	E5	336	336	1	8	385	99	96		13.375
652	9	Fa5	F5	340	340	1	8	385	99	96		13.3928571429
653	9	Mi5	E5	336	336	1	4	769	99	96		13.4285714286
654	9	Re5	D5	327	327	1	8	385	95	96		13.4464285714
655	9	Es	Es	-1	-1	1	8	385	100	0		13.4642857143
656	9	Re5	D5	327	327	1	8	385	99	96	geç	13.4821428571
657	9	Mi5	E5	336	336	1	8	385	99	96		13.5
658	9	Fa5	F5	340	340	1	4	769	99	96		13.5357142857
659	9	Sol5	G5	349	349	1	8	385	99	96		13.5535714286
660	9	La5	A5	358	358	1	8	385	99	96		13.5714285714
661	9	Sol5	G5	349	349	1	8	385	99	96		13.5892857143
662	9	Fa5	F5	340	340	1	8	385	99	96		13.6071428571
663	9	Mi5	E5	336	336	1	8	385	99	96		13.625
664	9	Re5	D5	327	327	1	8	385	99	96		13.6428571429
665	8	La5	A5	358	358	0	0	0	99	96		13.6428571429
666	9	Sol5	G5	349	349	3	16	577	99	96		13.6696428571
667	9	Fa5	F5	340	340	1	16	192	99	96		13.6785714286
668	9	Mi5	E5	336	336	1	8	385	99	96		13.6964285714
669	9	Re5	D5	327	327	1	8	385	95	96		13.7142857143
670	9	Do5	C5	318	318	1	4	769	99	96	ti  	13.75
671	9	Re5	D5	327	327	1	2	1538	95	96		13.8214285714
672	9	Es	Es	-1	-1	1	4	769	100	0		13.8571428571
673	9	Re5	D5	327	327	1	8	385	99	96	Ah 	13.875
674	9	Mi5	E5	336	336	1	8	385	99	96		13.8928571429
675	9	Fa5	F5	340	340	1	8	385	99	96		13.9107142857
676	9	Sol5	G5	349	349	1	8	385	99	96		13.9285714286
677	9	Mi5	E5	336	336	1	8	385	99	96		13.9464285714
678	9	Fa5	F5	340	340	1	8	385	99	96		13.9642857143
679	9	Sol5	G5	349	349	1	8	385	99	96		13.9821428571
680	9	La5	A5	358	358	1	8	385	95	96		14.0
681	9	La5	A5	358	358	3	16	577	99	96	ya 	14.0267857143
682	9	Sol5	G5	349	349	1	16	192	99	96		14.0357142857
683	9	Fa5	F5	340	340	1	8	385	99	96		14.0535714286
684	9	La5	A5	358	358	1	8	385	95	96		14.0714285714
685	9	Sol5	G5	349	349	3	16	577	99	96	la 	14.0982142857
686	9	Fa5	F5	340	340	1	16	192	99	96		14.1071428571
687	9	Fa5	F5	340	340	3	16	577	99	96		14.1339285714
688	9	Mi5	E5	336	336	1	16	192	99	96		14.1428571429
689	9	Mi5	E5	336	336	3	16	577	99	96		14.1696428571
690	9	Re5	D5	327	327	1	16	192	99	96		14.1785714286
691	9	Re5	D5	327	327	1	8	385	99	96		14.1964285714
692	9	Mi5	E5	336	336	1	8	385	99	96		14.2142857143
693	9	Re5	D5	327	327	1	8	385	95	96		14.2321428571
694	9	Do5	C5	318	318	1	4	769	99	96	ya 	14.2678571429
695	9	Si4b1	B4b1	313	313	1	8	385	95	96		14.2857142857
696	9	Si4b1	B4b1	313	313	3	16	577	99	96	la 	14.3125
697	9	La4	A4	305	305	1	16	192	99	96		14.3214285714
698	9	Do5	C5	318	318	3	16	577	99	96		14.3482142857
699	9	Si4b1	B4b1	313	313	1	16	192	99	96		14.3571428571
700	9	Si4b1	B4b1	313	313	1	8	385	99	96		14.375
701	9	La4	A4	305	305	1	16	192	99	96		14.3839285714
702	9	Si4b1	B4b1	313	313	1	16	192	99	96		14.3928571429
703	9	Do5	C5	318	318	1	16	192	99	96		14.4017857143
704	9	Re5	D5	327	327	1	16	192	99	96		14.4107142857
705	9	Do5	C5	318	318	1	16	192	99	96		14.4196428571
706	9	Si4b1	B4b1	313	313	1	16	192	99	96		14.4285714286
707	9	Si4b1	B4b1	313	313	1	8	385	95	96		14.4464285714
708	9	Es	Es	-1	-1	1	8	385	100	0		14.4642857143
709	9	Si4b1	B4b1	313	313	1	8	385	95	96	ye 	14.4821428571
710	9	Do5	C5	318	318	1	8	385	95	96	le 	14.5
711	9	Re5	D5	327	327	3	16	577	99	96	lel 	14.5267857143
712	9	Do5	C5	318	318	1	16	192	95	96		14.5357142857
713	9	Mi5	E5	336	336	3	16	577	99	96	lel 	14.5625
714	9	Re5	D5	327	327	1	16	192	95	96		14.5714285714
715	9	Mi5	E5	336	336	1	16	192	99	96	lel 	14.5803571429
716	9	Re5	D5	327	327	1	16	192	99	96		14.5892857143
717	9	Do5	C5	318	318	1	4	769	99	96		14.625
718	9	Si4b1	B4b1	313	313	1	8	385	95	96		14.6428571429
719	9	Si4b1	B4b1	313	313	1	8	385	99	96	lel 	14.6607142857
720	9	La4	A4	305	305	3	8	1154	95	96		14.7142857143
721	9	Do5	C5	318	318	3	16	577	99	96	li 	14.7410714286
722	9	Si4b1	B4b1	313	313	1	16	192	99	96		14.75
723	9	La4	A4	305	305	1	4	769	99	96		14.7857142857
724	9	La4	A4	305	305	1	8	385	99	96		14.8035714286
725	9	Si4b5	B4b5	309	309	1	8	385	99	96		14.8214285714
726	9	Do5	C5	318	318	1	8	385	99	96		14.8392857143
727	9	Mi5b5	E5b5	331	331	1	8	385	99	96		14.8571428571
728	9	Re5	D5	327	327	1	8	385	99	96		14.875
729	9	Do5	C5	318	318	1	8	385	99	96		14.8928571429
730	9	Si4b5	B4b5	309	309	1	8	385	99	96		14.9107142857
731	9	La4	A4	305	305	1	8	385	99	96		14.9285714286
732	9	La4	A4	305	305	1	8	385	99	96		14.9464285714
733	9	Si4b5	B4b5	309	309	1	8	385	99	96		14.9642857143
734	9	La4	A4	305	305	1	8	385	99	96		14.9821428571
735	9	Sol4	G4	296	296	1	8	385	95	96		15.0
736	9	La4	A4	305	305	3	16	577	99	96	sû	15.0267857143
737	9	Sol4	G4	296	296	1	16	192	99	96		15.0357142857
738	9	Fa4	F4	287	287	1	8	385	99	96		15.0535714286
739	9	Sol4	G4	296	296	1	8	385	95	96		15.0714285714
740	9	La4	A4	305	305	1	8	385	99	96	zâ	15.0892857143
741	9	Si4b5	B4b5	309	309	1	8	385	99	96		15.1071428571
742	9	La4	A4	305	305	1	8	385	99	96		15.125
743	9	Si4b5	B4b5	309	309	1	8	385	99	96		15.1428571429
744	9	La4	A4	305	305	1	8	385	99	96		15.1607142857
745	9	Si4b5	B4b5	309	309	1	8	385	99	96		15.1785714286
746	9	Sol4	G4	296	296	1	8	385	99	96		15.1964285714
747	9	Do5	C5	318	318	1	8	385	95	96		15.2142857143
748	9	Do5	C5	318	318	1	8	385	99	96	nı	15.2321428571
749	9	Si4b5	B4b5	309	309	1	16	192	99	96		15.2410714286
750	9	Do5	C5	318	318	1	16	192	95	96		15.25
751	9	Si4b5	B4b5	309	309	1	8	385	99	96	ma 	15.2678571429
752	9	La4	A4	305	305	1	16	192	99	96		15.2767857143
753	9	Si4b5	B4b5	309	309	1	16	192	95	96		15.2857142857
754	9	Es	Es	-1	-1	1	8	385	100	0		15.3035714286
755	9	La4	A4	305	305	1	4	769	99	96	ge 	15.3392857143
756	9	Sol4	G4	296	296	1	8	385	99	96		15.3571428571
757	9	La4	A4	305	305	3	16	577	99	96		15.3839285714
758	9	Sol4	G4	296	296	1	16	192	99	96		15.3928571429
759	9	Fa4	F4	287	287	1	8	385	99	96		15.4107142857
760	9	Sol4	G4	296	296	1	8	385	99	96		15.4285714286
761	9	Fa4	F4	287	287	1	8	385	95	96		15.4464285714
762	9	Es	Es	-1	-1	1	8	385	100	0		15.4642857143
763	9	Re4	D4	274	274	1	8	385	99	96	ge 	15.4821428571
764	9	Fa4	F4	287	287	1	8	385	99	96		15.5
765	9	Sol4	G4	296	296	1	4	769	99	96		15.5357142857
766	8	Si4b5	B4b5	309	309	0	0	0	99	96		15.5357142857
767	9	La4	A4	305	305	1	8	385	99	96		15.5535714286
768	9	Sol4	G4	296	296	1	8	385	99	96		15.5714285714
769	9	Fa4	F4	287	287	1	8	385	99	96		15.5892857143
770	9	Mi4	E4	283	283	1	8	385	99	96		15.6071428571
771	9	Re4	D4	274	274	1	4	769	95	96		15.6428571429
772	9	Sol4	G4	296	296	1	8	385	99	96	geç	15.6607142857
773	9	Fa4	F4	287	287	1	8	385	99	96		15.6785714286
774	9	Mi4	E4	283	283	1	8	385	99	96		15.6964285714
775	9	Re4	D4	274	274	1	8	385	95	96		15.7142857143
776	9	Do4#4	C4#4	269	269	1	4	769	99	96	ti  	15.75
777	9	Re4	D4	274	274	5	8	1923	95	96		15.8392857143
778	9	Es	Es	-1	-1	1	8	385	100	0		15.8571428571
