Sira	Kod	Nota53	NotaAE	Koma53	KomaAE	Pay	Payda	Ms	LNS	Bas	Soz1	Offset
1	9	Es	Es	-1	-1	1	4	1053	100	0		0.125000
2	11	Sol5	G5	349	349	1	8	526	99	96	Per	0.187500
3	9	Sol5	G5	349	349	1	8	526	99	96		0.250000
4	9	Sol5	G5	349	349	1	4	1053	95	96		0.375000
5	9	Sol5	G5	349	349	1	4	1053	95	96	de 	0.500000
6	9	La5	A5	358	358	3	16	789	99	96	i 	0.593750
7	9	Sol5	G5	349	349	1	16	263	99	96		0.625000
8	9	Fa5#3	F5#4	343	344	1	8	526	99	96		0.687500
9	9	La5	A5	358	358	1	8	526	95	96		0.750000
10	9	Sol5	G5	349	349	3	16	789	99	96	pest	0.843750
11	9	Fa5#3	F5#4	343	344	1	16	263	99	96		0.875000
12	9	Sol5	G5	349	349	1	8	526	99	96		0.937500
13	9	La5	A5	358	358	1	8	526	99	96		1.000000
14	9	Sol5	G5	349	349	1	4	1053	95	96		1.125000
15	11	Fa5#3	F5#4	343	344	1	8	526	99	96	ten 	1.187500
16	9	Fa5#3	F5#4	343	344	1	8	526	99	96		1.250000
17	9	Fa5#3	F5#4	343	344	1	4	1053	50	96		1.375000
18	9	Fa5#3	F5#4	343	344	1	4	1053	95	96	ne	1.500000
19	9	Mi5	E5	336	336	1	8	526	99	96	zâ	1.562500
20	9	Fa5#3	F5#4	343	344	1	8	526	99	96		1.625000
21	9	Sol5	G5	349	349	1	8	526	99	96		1.687500
22	9	La5	A5	358	358	1	8	526	95	96		1.750000
23	9	La5	A5	358	358	1	8	526	99	96	ket	1.812500
24	9	Sol5	G5	349	349	1	8	526	99	96		1.875000
25	9	Fa5	F5	340	340	1	8	526	99	96		1.937500
26	9	Mi5	E5	336	336	1	8	526	99	96		2.000000
27	9	Re5	D5	327	327	1	4	1053	95	96		2.125000
28	9	Re5	D5	327	327	1	4	1053	99	96	le 	2.250000
29	9	Do6	C6	371	371	1	4	1053	95	96		2.375000
30	9	Do6	C6	371	371	1	4	1053	95	96	o 	2.500000
31	12	Do6	C6	371	371	1	8	526	99	96	meh 	2.562500
32	9	Si5b1	B5b1	366	366	1	4	1053	99	96		2.687500
33	9	La5	A5	358	358	1	8	526	95	96		2.750000
34	10	La5	A5	358	358	1	4	1053	99	96	çok 	2.875000
35	8	Do6	C6	371	371	0	0	0	99	96		2.875000
36	11	Si5b1	B5b1	366	366	1	8	526	99	96		2.937500
37	9	La5	A5	358	358	1	8	526	99	96		3.000000
38	9	Sol5	G5	349	349	1	4	1053	95	96		3.125000
39	9	La5	A5	358	358	1	8	526	99	96	iş 	3.187500
40	9	Do6	C6	371	371	1	8	526	99	96		3.250000
41	9	Si5b1	B5b1	366	366	1	4	1053	95	96		3.375000
42	9	La5	A5	358	358	1	8	526	99	96	ya	3.437500
43	9	Si5b1	B5b1	366	366	1	8	526	95	96		3.500000
44	12	La5	A5	358	358	1	8	526	99	96	par  	3.562500
45	11	Sol5	G5	349	349	1	8	526	99	96		3.625000
46	11	Sol5	G5	349	349	1	8	526	99	96		3.687500
47	10	Fa5#3	F5#4	343	344	1	8	526	99	96		3.750000
48	8	La5	A5	358	358	0	0	0	99	96		3.750000
49	9	Sol5	G5	349	349	3	8	1579	95	96		3.937500
50	9	Es	Es	-1	-1	1	8	526	100	0		4.000000
51	9	Es	Es	-1	-1	1	4	1053	100	0		4.125000
52	9	Sol5	G5	349	349	1	2	2106	95	96	Fasl_	4.375000
53	9	Sol5	G5	349	349	1	4	1053	95	96	ı 	4.500000
54	9	La5	A5	358	358	1	4	1053	99	96	Ger	4.625000
55	9	Sol5	G5	349	349	1	8	526	99	96		4.687500
56	9	Fa5#3	F5#4	343	344	1	8	526	95	96		4.750000
57	9	Sol5	G5	349	349	3	16	789	99	96	dâ	4.843750
58	9	Fa5#3	F5#4	343	344	1	16	263	99	96		4.875000
59	9	Mi5	E5	336	336	1	4	1053	95	96		5.000000
60	9	Es	Es	-1	-1	1	4	1053	100	0		5.125000
61	9	Re5	D5	327	327	1	8	526	99	96	ni	5.187500
62	9	Mi5b3	E5b4	333	332	1	8	526	99	96		5.250000
63	9	Re5	D5	327	327	1	8	526	99	96		5.312500
64	9	Mi5b3	E5b4	333	332	1	8	526	95	96		5.375000
65	9	Re5	D5	327	327	1	8	526	99	96	ye	5.437500
66	9	Do5	C5	318	318	1	8	526	95	96		5.500000
67	9	Re5	D5	327	327	1	4	1053	99	96	de 	5.625000
68	11	Mi5b3	E5b4	333	332	1	8	526	99	96		5.687500
69	9	Re5	D5	327	327	1	8	526	95	96		5.750000
70	12	Do5	C5	318	318	3	16	789	99	96	Uş	5.843750
71	9	Si4b2	B4b1	312	313	1	16	263	99	96		5.875000
72	9	Do5	C5	318	318	1	4	1053	95	96		6.000000
73	9	Es	Es	-1	-1	1	4	1053	100	0		6.125000
74	11	Fa5	F5	340	340	1	8	526	99	96	şâk_	6.187500
75	9	Fa5	F5	340	340	1	8	526	99	96		6.250000
76	9	Fa5	F5	340	340	1	4	1053	95	96		6.375000
77	9	Fa5	F5	340	340	1	8	526	99	96	ı 	6.437500
78	9	Mi5	E5	336	336	1	8	526	95	96		6.500000
79	9	Mi5	E5	336	336	1	8	526	99	96	zâ	6.562500
80	9	Re5	D5	327	327	1	8	526	99	96		6.625000
81	9	Re5	D5	327	327	1	8	526	99	96		6.687500
82	9	Sol5	G5	349	349	1	8	526	95	96		6.750000
83	9	Sol5	G5	349	349	3	16	789	99	96	re 	6.843750
84	9	Fa5#3	F5#4	343	344	1	16	263	99	96		6.875000
85	9	Mi5b3	E5b4	333	332	1	8	526	99	96		6.937500
86	9	Re5	D5	327	327	1	8	526	99	96		7.000000
87	9	Do5	C5	318	318	1	4	1053	50	96		7.125000
88	11	Do5	C5	318	318	1	8	526	99	96	dik 	7.187500
89	9	Do5	C5	318	318	1	8	526	99	96		7.250000
90	9	Do5	C5	318	318	1	4	1053	95	96		7.375000
91	9	Do5	C5	318	318	1	8	526	99	96	çı	7.437500
92	9	Si4b2	B4b1	312	313	1	8	526	95	96		7.500000
93	9	Si4b2	B4b1	312	313	1	8	526	99	96	kar  	7.562500
94	9	La4	A4	305	305	1	8	526	99	96		7.625000
95	8	Do5	C5	318	318	0	0	0	99	96		7.625000
96	9	Si4b2	B4b1	312	313	1	8	526	99	96		7.687500
97	11	La4	A4	305	305	1	8	526	99	96		7.750000
98	9	La4	A4	305	305	3	8	1579	95	96		7.937500
99	9	Es	Es	-1	-1	1	8	526	100	0		8.000000
