Sira	Kod	Nota53	NotaAE	Koma53	KomaAE	Pay	Payda	Ms	LNS	Bas	Soz1	Offset
1	51			0	0	4	4	0	6	0	Sofyan	0.0
2	9	Es	Es	-1	-1	1	8	625	100	0	ARANAĞME	0.125
3	9	Mi5	E5	336	336	1	16	312	95	96		0.1875
4	9	Fa5	F5	340	340	1	16	312	95	96	.	0.25
5	9	Fa5	F5	340	340	1	8	625	95	96	.	0.375
6	9	Fa5	F5	340	340	1	16	312	95	96	.	0.4375
7	9	Mi5	E5	336	336	1	16	312	95	96	.	0.5
8	9	Fa5	F5	340	340	1	16	312	95	96	.	0.5625
9	8	Sol5	G5	349	349	0	0	0	95	84	.	0.5625
10	9	Fa5	F5	340	340	1	32	156	95	96	.	0.59375
11	9	Mi5	E5	336	336	1	32	156	95	96	.	0.625
12	9	Fa5	F5	340	340	1	16	312	95	96	.	0.6875
13	9	Sol5	G5	349	349	1	16	312	95	96	.	0.75
14	9	La5	A5	358	358	1	32	156	95	96	.	0.78125
15	9	Sol5	G5	349	349	1	32	156	95	96	.	0.8125
16	9	Fa5	F5	340	340	1	32	156	95	96	.	0.84375
17	9	Mi5	E5	336	336	1	32	156	95	96	.	0.875
18	9	Re5	D5	327	327	1	16	312	95	96	.	0.9375
19	9	Mi5	E5	336	336	1	16	312	95	96	.	1.0
20	9	Re5	D5	327	327	1	8	625	95	96	.	1.125
21	9	Mi5	E5	336	336	1	16	312	95	96	.	1.1875
22	9	Mi5	E5	336	336	1	16	312	95	96	.	1.25
23	9	Mi5	E5	336	336	1	16	312	95	96	.	1.3125
24	8	Fa5	F5	340	340	0	0	0	95	84	.	1.3125
25	9	Mi5	E5	336	336	1	32	156	95	96	.	1.34375
26	9	Re5	D5	327	327	1	32	156	95	96	.	1.375
27	9	Re5	D5	327	327	1	8	625	95	96	.	1.5
28	9	Re5	D5	327	327	1	32	156	95	96	.	1.53125
29	9	Mi5	E5	336	336	1	32	156	95	96	.	1.5625
30	9	Do5	C5	318	318	1	32	156	95	96	.	1.59375
31	9	Re5	D5	327	327	1	32	156	95	96	.	1.625
32	9	Do5	C5	318	318	1	8	625	95	96	.	1.75
33	9	Re5	D5	327	327	1	16	312	95	96	.	1.8125
34	8	Fa5	F5	340	340	0	0	0	95	84	.	1.8125
35	9	Mi5	E5	336	336	1	32	156	95	96	.	1.84375
36	9	Re5	D5	327	327	1	32	156	95	96	.	1.875
37	9	Re5	D5	327	327	1	8	625	95	96	.	2.0
38	9	Es	Es	-1	-1	1	8	625	100	0	.	2.125
39	9	Do5	C5	318	318	1	16	312	95	96	.	2.1875
40	9	Re5	D5	327	327	1	16	312	95	96	.	2.25
41	9	Re5	D5	327	327	1	8	625	95	96	.	2.375
42	9	Sol5	G5	349	349	1	8	625	95	96	.	2.5
43	9	Sol5	G5	349	349	1	16	312	95	96	.	2.5625
44	9	Fa5#3	F5#4	343	344	1	16	312	95	96	.	2.625
45	9	Mi5b4	E5b4	332	332	1	16	312	95	96	.	2.6875
46	9	Re5	D5	327	327	1	16	312	95	96	.	2.75
47	9	Re5	D5	327	327	1	32	156	95	96	.	2.78125
48	9	Do5	C5	318	318	1	32	156	95	96	.	2.8125
49	9	Si4b2	B4b1	312	313	1	32	156	95	96	.	2.84375
50	9	Re5	D5	327	327	1	32	156	95	96	.	2.875
51	10	Do5	C5	318	318	1	8	625	95	96	.	3.0
52	8	Re5	D5	327	327	0	0	0	95	84	.	3.0
53	9	Do5	C5	318	318	1	32	156	95	96	.	3.03125
54	9	Si4b2	B4b1	312	313	1	32	156	95	96	.	3.0625
55	9	La4	A4	305	305	1	32	156	95	96	.	3.09375
56	9	Sol4	G4	296	296	1	32	156	95	96	.	3.125
57	9	Si4b2	B4b1	312	313	1	16	312	95	96	.	3.1875
58	9	Do5	C5	318	318	1	16	312	95	96	.	3.25
59	9	Si4b2	B4b1	312	313	1	16	312	95	96	.	3.3125
60	9	La4	A4	305	305	1	16	312	95	96	.	3.375
61	9	La4	A4	305	305	1	8	625	95	96	.	3.5
62	9	La4	A4	305	305	1	4	1250	95	96	.	3.75
63	9	Mi5	E5	336	336	1	32	156	95	96	.	3.78125
64	9	Fa5	F5	340	340	1	32	156	95	96	.	3.8125
65	9	Sol5	G5	349	349	1	32	156	95	96	.	3.84375
66	9	Mi5	E5	336	336	1	32	156	95	96	.	3.875
67	9	Fa5	F5	340	340	1	8	625	95	96	.	4.0
68	9	Es	Es	-1	-1	1	8	625	100	0	ARANAĞME	4.125
69	9	Mi5	E5	336	336	1	16	312	95	96		4.1875
70	9	Fa5	F5	340	340	1	16	312	95	96	.	4.25
71	9	Fa5	F5	340	340	1	8	625	95	96	.	4.375
72	9	Fa5	F5	340	340	1	16	312	95	96	.	4.4375
73	9	Mi5	E5	336	336	1	16	312	95	96	.	4.5
74	9	Fa5	F5	340	340	1	16	312	95	96	.	4.5625
75	8	Sol5	G5	349	349	0	0	0	95	84	.	4.5625
76	9	Fa5	F5	340	340	1	32	156	95	96	.	4.59375
77	9	Mi5	E5	336	336	1	32	156	95	96	.	4.625
78	9	Fa5	F5	340	340	1	16	312	95	96	.	4.6875
79	9	Sol5	G5	349	349	1	16	312	95	96	.	4.75
80	9	La5	A5	358	358	1	32	156	95	96	.	4.78125
81	9	Sol5	G5	349	349	1	32	156	95	96	.	4.8125
82	9	Fa5	F5	340	340	1	32	156	95	96	.	4.84375
83	9	Mi5	E5	336	336	1	32	156	95	96	.	4.875
84	9	Re5	D5	327	327	1	16	312	95	96	.	4.9375
85	9	Mi5	E5	336	336	1	16	312	95	96	.	5.0
86	9	Re5	D5	327	327	1	8	625	95	96	.	5.125
87	9	Mi5	E5	336	336	1	16	312	95	96	.	5.1875
88	9	Mi5	E5	336	336	1	16	312	95	96	.	5.25
89	9	Mi5	E5	336	336	1	16	312	95	96	.	5.3125
90	8	Fa5	F5	340	340	0	0	0	95	84	.	5.3125
91	9	Mi5	E5	336	336	1	32	156	95	96	.	5.34375
92	9	Re5	D5	327	327	1	32	156	95	96	.	5.375
93	9	Re5	D5	327	327	1	8	625	95	96	.	5.5
94	9	Re5	D5	327	327	1	32	156	95	96	.	5.53125
95	9	Mi5	E5	336	336	1	32	156	95	96	.	5.5625
96	9	Do5	C5	318	318	1	32	156	95	96	.	5.59375
97	9	Re5	D5	327	327	1	32	156	95	96	.	5.625
98	9	Do5	C5	318	318	1	8	625	95	96	.	5.75
99	9	Re5	D5	327	327	1	16	312	95	96	.	5.8125
100	8	Fa5	F5	340	340	0	0	0	95	84	.	5.8125
101	9	Mi5	E5	336	336	1	32	156	95	96	.	5.84375
102	9	Re5	D5	327	327	1	32	156	95	96	.	5.875
103	9	Re5	D5	327	327	1	8	625	95	96	.	6.0
104	9	Es	Es	-1	-1	1	8	625	100	0	.	6.125
105	9	Do5	C5	318	318	1	16	312	95	96	.	6.1875
106	9	Re5	D5	327	327	1	16	312	95	96	.	6.25
107	9	Re5	D5	327	327	1	8	625	95	96	.	6.375
108	9	Sol5	G5	349	349	1	8	625	95	96	.	6.5
109	9	Sol5	G5	349	349	1	16	312	95	96	.	6.5625
110	9	Fa5#3	F5#4	343	344	1	16	312	95	96	.	6.625
111	9	Mi5b4	E5b4	332	332	1	16	312	95	96	.	6.6875
112	9	Re5	D5	327	327	1	16	312	95	96	.	6.75
113	9	Re5	D5	327	327	1	32	156	95	96	.	6.78125
114	9	Do5	C5	318	318	1	32	156	95	96	.	6.8125
115	9	Si4b2	B4b1	312	313	1	32	156	95	96	.	6.84375
116	9	Re5	D5	327	327	1	32	156	95	96	.	6.875
117	10	Do5	C5	318	318	1	8	625	95	96	.	7.0
118	8	Re5	D5	327	327	0	0	0	95	84	.	7.0
119	9	Do5	C5	318	318	1	32	156	95	96	.	7.03125
120	9	Si4b2	B4b1	312	313	1	32	156	95	96	.	7.0625
121	9	La4	A4	305	305	1	32	156	95	96	.	7.09375
122	9	Sol4	G4	296	296	1	32	156	95	96	.	7.125
123	9	Si4b2	B4b1	312	313	1	16	312	95	96	.	7.1875
124	9	Do5	C5	318	318	1	16	312	95	96	.	7.25
125	9	Si4b2	B4b1	312	313	1	16	312	95	96	.	7.3125
126	9	La4	A4	305	305	1	16	312	95	96	.	7.375
127	9	La4	A4	305	305	1	8	625	95	96	.	7.5
128	9	La4	A4	305	305	1	4	1250	95	96	.	7.75
129	9	La5	A5	358	358	1	32	156	95	96	.	7.78125
130	9	Sol5	G5	349	349	1	32	156	95	96	.	7.8125
131	9	Fa5#3	F5#4	343	344	1	32	156	95	96	.	7.84375
132	9	Sol5	G5	349	349	1	32	156	95	96	.	7.875
133	9	La5	A5	358	358	1	8	625	95	96	.	8.0
134	9	Es	Es	-1	-1	1	8	625	100	0		8.125
135	9	Fa5#3	F5#4	343	344	1	16	312	95	96	Dert	8.1875
136	9	Sol5	G5	349	349	1	16	312	95	96	li 	8.25
137	9	La5	A5	358	358	1	8	625	95	96	ne 	8.375
138	9	La5	A5	358	358	1	8	625	95	96	ağ	8.5
139	9	La5	A5	358	358	1	16	312	99	96	la	8.5625
140	9	Sol5	G5	349	349	1	32	156	99	96		8.59375
141	9	La5	A5	358	358	1	32	156	99	96		8.625
142	9	Sol5	G5	349	349	1	8	625	95	96		8.75
143	9	Sol5	G5	349	349	1	16	312	99	96	yıp 	8.8125
144	9	Fa5#3	F5#4	343	344	1	32	156	99	96		8.84375
145	9	Sol5	G5	349	349	1	32	156	99	96		8.875
146	9	Fa5#3	F5#4	343	344	1	8	625	95	96		9.0
147	9	Do6	C6	371	371	1	16	312	95	96	ge	9.0625
148	9	Do6	C6	371	371	1	8	625	99	96	zer	9.1875
149	9	Si5b2	B5b1	365	366	1	16	312	95	96		9.25
150	9	Si5b5	B5b5	362	362	1	16	312	99	96	sin 	9.3125
151	9	La5	A5	358	358	1	16	312	95	96		9.375
152	9	Si5b5	B5b5	362	362	1	16	312	99	96	bur	9.4375
153	9	La5	A5	358	358	1	16	312	95	96		9.5
154	9	La5	A5	358	358	3	16	938	95	96	da  	9.6875
155	9	Sol5	G5	349	349	1	32	156	95	96	SAZ	9.71875
156	9	Fa5#3	F5#4	343	344	1	32	156	95	96	.	9.75
157	9	Mi5	E5	336	336	1	32	156	95	96	.	9.78125
158	9	Re5	D5	327	327	1	32	156	95	96	.	9.8125
159	9	Do5	C5	318	318	1	32	156	95	96	.	9.84375
160	9	Si4b2	B4b1	312	313	1	32	156	95	96	.	9.875
161	9	La4	A4	305	305	1	8	625	95	96	.	10.0
162	9	Es	Es	-1	-1	1	8	625	100	0		10.125
163	9	Fa5#3	F5#4	343	344	1	16	312	95	96	Dert	10.1875
164	9	Sol5	G5	349	349	1	16	312	95	96	li 	10.25
165	9	La5	A5	358	358	1	8	625	95	96	ne 	10.375
166	9	La5	A5	358	358	1	8	625	95	96	ağ	10.5
167	9	La5	A5	358	358	1	16	312	99	96	la	10.5625
168	9	Sol5	G5	349	349	1	32	156	99	96		10.59375
169	9	La5	A5	358	358	1	32	156	99	96		10.625
170	9	Sol5	G5	349	349	1	8	625	95	96		10.75
171	9	Sol5	G5	349	349	1	32	156	99	96	yıp 	10.78125
172	9	La5	A5	358	358	1	32	156	99	96		10.8125
173	9	Fa5#3	F5#4	343	344	1	32	156	99	96		10.84375
174	9	Sol5	G5	349	349	1	32	156	99	96		10.875
175	9	Fa5#3	F5#4	343	344	1	8	625	95	96		11.0
176	9	Sol5	G5	349	349	1	16	312	95	96	ge	11.0625
177	9	Sol5	G5	349	349	1	8	625	99	96	zer	11.1875
178	9	Mi5	E5	336	336	1	16	312	95	96		11.25
179	9	Mi5	E5	336	336	1	16	312	99	96	sin 	11.3125
180	9	Re5	D5	327	327	1	16	312	95	96		11.375
181	9	Mi5	E5	336	336	1	16	312	99	96	bur	11.4375
182	9	Re5	D5	327	327	1	16	312	95	96		11.5
183	9	Re5	D5	327	327	1	4	1250	95	96	da  	11.75
184	9	Mi5	E5	336	336	1	32	156	95	96	SAZ	11.78125
185	9	Fa5	F5	340	340	1	32	156	95	96	.	11.8125
186	9	Sol5	G5	349	349	1	32	156	95	96	.	11.84375
187	9	Mi5	E5	336	336	1	32	156	95	96	.	11.875
188	9	Fa5	F5	340	340	1	8	625	95	96	.	12.0
189	9	Es	Es	-1	-1	1	8	625	100	0		12.125
190	9	Mi5	E5	336	336	1	16	312	95	96	Ağ	12.1875
191	9	Fa5	F5	340	340	1	16	312	95	96	la	12.25
192	10	Fa5	F5	340	340	1	8	625	95	96	tır	12.375
193	8	Sol5	G5	349	349	0	0	0	95	84		12.375
194	9	Fa5	F5	340	340	1	16	312	99	96	sa 	12.4375
195	9	Mi5	E5	336	336	1	16	312	95	96		12.5
196	10	Fa5	F5	340	340	1	16	312	99	96	Mev	12.5625
197	8	Sol5	G5	349	349	0	0	0	99	84		12.5625
198	9	Fa5	F5	340	340	1	32	156	99	96		12.59375
199	9	Mi5	E5	336	336	1	32	156	99	96		12.625
200	9	Fa5	F5	340	340	1	16	312	99	96		12.6875
201	9	Sol5	G5	349	349	1	16	312	95	96		12.75
202	9	La5	A5	358	358	1	32	156	99	96	lâm 	12.78125
203	9	Sol5	G5	349	349	1	32	156	99	96		12.8125
204	9	Fa5	F5	340	340	1	32	156	99	96		12.84375
205	9	Mi5	E5	336	336	1	32	156	99	96		12.875
206	9	Re5	D5	327	327	1	16	312	99	96		12.9375
207	9	Mi5	E5	336	336	1	16	312	99	96		13.0
208	9	Re5	D5	327	327	1	8	625	95	96		13.125
209	9	Mi5	E5	336	336	1	16	312	95	96	yi	13.1875
210	9	Mi5	E5	336	336	1	16	312	95	96	ne 	13.25
211	10	Mi5	E5	336	336	1	16	312	99	96	gül	13.3125
212	8	Fa5#3	F5#4	343	344	0	0	0	99	84		13.3125
213	9	Mi5	E5	336	336	1	32	156	99	96		13.34375
214	9	Re5	D5	327	327	1	32	156	95	96		13.375
215	9	Re5	D5	327	327	1	8	625	95	96	dü	13.5
216	9	Re5	D5	327	327	1	32	156	99	96	rür  	13.53125
217	9	Mi5	E5	336	336	1	32	156	99	96		13.5625
218	9	Do5	C5	318	318	1	32	156	99	96		13.59375
219	9	Re5	D5	327	327	1	32	156	99	96		13.625
220	9	Do5	C5	318	318	1	8	625	99	96		13.75
221	9	Re5	D5	327	327	1	16	312	99	96		13.8125
222	8	Fa5#3	F5#4	343	344	0	0	0	95	84		13.8125
223	9	Mi5	E5	336	336	1	32	156	99	96		13.84375
224	9	Re5	D5	327	327	1	32	156	99	96		13.875
225	9	Re5	D5	327	327	1	8	625	95	96		14.0
226	9	Es	Es	-1	-1	1	8	625	100	0		14.125
227	9	Do5	C5	318	318	1	16	312	95	96	Ağ	14.1875
228	9	Re5	D5	327	327	1	16	312	95	96	la	14.25
229	9	Re5	D5	327	327	1	8	625	95	96	tır	14.375
230	9	Sol5	G5	349	349	1	8	625	95	96	sa 	14.5
231	9	Sol5	G5	349	349	1	16	312	99	96	Mev	14.5625
232	9	Fa5#3	F5#4	343	344	1	16	312	99	96		14.625
233	9	Mi5b4	E5b4	332	332	1	16	312	99	96		14.6875
234	9	Re5	D5	327	327	1	16	312	95	96		14.75
235	9	Re5	D5	327	327	1	32	156	99	96	lâm 	14.78125
236	9	Do5	C5	318	318	1	32	156	99	96		14.8125
237	9	Si4b2	B4b1	312	313	1	32	156	99	96		14.84375
238	9	Re5	D5	327	327	1	32	156	99	96		14.875
239	9	Do5	C5	318	318	1	8	625	99	96		15.0
240	9	Do5	C5	318	318	1	32	156	99	96		15.03125
241	9	Si4b2	B4b1	312	313	1	32	156	99	96		15.0625
242	9	La4	A4	305	305	1	32	156	99	96		15.09375
243	9	Sol4	G4	296	296	1	32	156	95	96		15.125
244	9	Si4b2	B4b1	312	313	1	16	312	95	96	yi	15.1875
245	9	Do5	C5	318	318	1	16	312	95	96	ne 	15.25
246	9	Si4b2	B4b1	312	313	3	32	469	99	96	gül	15.34375
247	9	La4	A4	305	305	1	32	156	95	96		15.375
248	9	La4	A4	305	305	1	8	625	95	96	dü	15.5
249	9	La4	A4	305	305	1	4	1250	95	96	rür  	15.75
250	9	La5	A5	358	358	1	32	156	95	96	SAZ	15.78125
251	9	Sol5	G5	349	349	1	32	156	95	96	.	15.8125
252	9	Fa5#3	F5#4	343	344	1	32	156	95	96	.	15.84375
253	9	Sol5	G5	349	349	1	32	156	95	96	.	15.875
254	9	La5	A5	358	358	1	8	625	95	96	.	16.0
255	9	Es	Es	-1	-1	1	8	625	100	0		16.125
256	9	Fa5#3	F5#4	343	344	1	16	312	95	96	Dert	16.1875
257	9	Sol5	G5	349	349	1	16	312	95	96	li 	16.25
258	9	La5	A5	358	358	1	8	625	95	96	ne 	16.375
259	9	La5	A5	358	358	1	8	625	95	96	ağ	16.5
260	9	La5	A5	358	358	1	16	312	99	96	la	16.5625
261	9	Sol5	G5	349	349	1	32	156	99	96		16.59375
262	9	La5	A5	358	358	1	32	156	99	96		16.625
263	9	Sol5	G5	349	349	1	8	625	95	96		16.75
264	9	Sol5	G5	349	349	1	16	312	99	96	yıp 	16.8125
265	9	Fa5#3	F5#4	343	344	1	32	156	99	96		16.84375
266	9	Sol5	G5	349	349	1	32	156	99	96		16.875
267	9	Fa5#3	F5#4	343	344	1	8	625	95	96		17.0
268	9	Do6	C6	371	371	1	16	312	95	96	ge	17.0625
269	9	Do6	C6	371	371	1	8	625	99	96	zer	17.1875
270	9	Si5b2	B5b1	365	366	1	16	312	95	96		17.25
271	9	Si5b5	B5b5	362	362	1	16	312	99	96	sin 	17.3125
272	9	La5	A5	358	358	1	16	312	95	96		17.375
273	9	Si5b5	B5b5	362	362	1	16	312	99	96	bur	17.4375
274	9	La5	A5	358	358	1	16	312	95	96		17.5
275	9	La5	A5	358	358	3	16	938	95	96	da  	17.6875
276	9	Sol5	G5	349	349	1	32	156	95	96	SAZ	17.71875
277	9	Fa5#3	F5#4	343	344	1	32	156	95	96	.	17.75
278	9	Mi5	E5	336	336	1	32	156	95	96	.	17.78125
279	9	Re5	D5	327	327	1	32	156	95	96	.	17.8125
280	9	Do5	C5	318	318	1	32	156	95	96	.	17.84375
281	9	Si4b2	B4b1	312	313	1	32	156	95	96	.	17.875
282	9	La4	A4	305	305	1	8	625	95	96	.	18.0
283	9	Es	Es	-1	-1	1	8	625	100	0		18.125
284	9	Fa5#3	F5#4	343	344	1	16	312	95	96	Dert	18.1875
285	9	Sol5	G5	349	349	1	16	312	95	96	li 	18.25
286	9	La5	A5	358	358	1	8	625	95	96	ne 	18.375
287	9	La5	A5	358	358	1	8	625	95	96	ağ	18.5
288	9	La5	A5	358	358	1	16	312	99	96	la	18.5625
289	9	Sol5	G5	349	349	1	32	156	99	96		18.59375
290	9	La5	A5	358	358	1	32	156	99	96		18.625
291	9	Sol5	G5	349	349	1	8	625	95	96		18.75
292	9	Sol5	G5	349	349	1	32	156	99	96	yıp 	18.78125
293	9	La5	A5	358	358	1	32	156	99	96		18.8125
294	9	Fa5#3	F5#4	343	344	1	32	156	99	96		18.84375
295	9	Sol5	G5	349	349	1	32	156	99	96		18.875
296	9	Fa5#3	F5#4	343	344	1	8	625	95	96		19.0
297	9	Sol5	G5	349	349	1	16	312	95	96	ge	19.0625
298	9	Sol5	G5	349	349	1	8	625	99	96	zer	19.1875
299	9	Mi5	E5	336	336	1	16	312	95	96		19.25
300	9	Mi5	E5	336	336	1	16	312	99	96	sin 	19.3125
301	9	Re5	D5	327	327	1	16	312	95	96		19.375
302	9	Mi5	E5	336	336	1	16	312	99	96	bur	19.4375
303	9	Re5	D5	327	327	1	16	312	95	96		19.5
304	9	Re5	D5	327	327	1	4	1250	95	96	da  	19.75
305	9	Mi5	E5	336	336	1	32	156	95	96	SAZ	19.78125
306	9	Fa5	F5	340	340	1	32	156	95	96	.	19.8125
307	9	Sol5	G5	349	349	1	32	156	95	96	.	19.84375
308	9	Mi5	E5	336	336	1	32	156	95	96	.	19.875
309	9	Fa5	F5	340	340	1	8	625	95	96	.	20.0
310	9	Es	Es	-1	-1	1	8	625	100	0		20.125
311	9	Mi5	E5	336	336	1	16	312	95	96	Ağ	20.1875
312	9	Fa5	F5	340	340	1	16	312	95	96	la	20.25
313	10	Fa5	F5	340	340	1	8	625	95	96	tır	20.375
314	8	Sol5	G5	349	349	0	0	0	95	84		20.375
315	9	Fa5	F5	340	340	1	16	312	99	96	sa 	20.4375
316	9	Mi5	E5	336	336	1	16	312	95	96		20.5
317	10	Fa5	F5	340	340	1	16	312	99	96	Mev	20.5625
318	8	Sol5	G5	349	349	0	0	0	99	84		20.5625
319	9	Fa5	F5	340	340	1	32	156	99	96		20.59375
320	9	Mi5	E5	336	336	1	32	156	99	96		20.625
321	9	Fa5	F5	340	340	1	16	312	99	96		20.6875
322	9	Sol5	G5	349	349	1	16	312	95	96		20.75
323	9	La5	A5	358	358	1	32	156	99	96	lâm 	20.78125
324	9	Sol5	G5	349	349	1	32	156	99	96		20.8125
325	9	Fa5	F5	340	340	1	32	156	99	96		20.84375
326	9	Mi5	E5	336	336	1	32	156	99	96		20.875
327	9	Re5	D5	327	327	1	16	312	99	96		20.9375
328	9	Mi5	E5	336	336	1	16	312	99	96		21.0
329	9	Re5	D5	327	327	1	8	625	95	96		21.125
330	9	Mi5	E5	336	336	1	16	312	95	96	yi	21.1875
331	9	Mi5	E5	336	336	1	16	312	95	96	ne 	21.25
332	10	Mi5	E5	336	336	1	16	312	99	96	gül	21.3125
333	8	Fa5#3	F5#4	343	344	0	0	0	99	84		21.3125
334	9	Mi5	E5	336	336	1	32	156	99	96		21.34375
335	9	Re5	D5	327	327	1	32	156	95	96		21.375
336	9	Re5	D5	327	327	1	8	625	95	96	dü	21.5
337	9	Re5	D5	327	327	1	32	156	99	96	rür  	21.53125
338	9	Mi5	E5	336	336	1	32	156	99	96		21.5625
339	9	Do5	C5	318	318	1	32	156	99	96		21.59375
340	9	Re5	D5	327	327	1	32	156	99	96		21.625
341	9	Do5	C5	318	318	1	8	625	99	96		21.75
342	9	Re5	D5	327	327	1	16	312	99	96		21.8125
343	8	Fa5#3	F5#4	343	344	0	0	0	95	84		21.8125
344	9	Mi5	E5	336	336	1	32	156	99	96		21.84375
345	9	Re5	D5	327	327	1	32	156	99	96		21.875
346	9	Re5	D5	327	327	1	8	625	95	96		22.0
347	9	Es	Es	-1	-1	1	8	625	100	0		22.125
348	9	Do5	C5	318	318	1	16	312	95	96	Ağ	22.1875
349	9	Re5	D5	327	327	1	16	312	95	96	la	22.25
350	9	Re5	D5	327	327	1	8	625	95	96	tır	22.375
351	9	Sol5	G5	349	349	1	8	625	95	96	sa 	22.5
352	9	Sol5	G5	349	349	1	16	312	99	96	Mev	22.5625
353	9	Fa5#3	F5#4	343	344	1	16	312	99	96		22.625
354	9	Mi5b4	E5b4	332	332	1	16	312	99	96		22.6875
355	9	Re5	D5	327	327	1	16	312	95	96		22.75
356	9	Re5	D5	327	327	1	32	156	99	96	lâm 	22.78125
357	9	Do5	C5	318	318	1	32	156	99	96		22.8125
358	9	Si4b2	B4b1	312	313	1	32	156	99	96		22.84375
359	9	Re5	D5	327	327	1	32	156	99	96		22.875
360	9	Do5	C5	318	318	1	8	625	99	96		23.0
361	9	Do5	C5	318	318	1	32	156	99	96		23.03125
362	9	Si4b2	B4b1	312	313	1	32	156	99	96		23.0625
363	9	La4	A4	305	305	1	32	156	99	96		23.09375
364	9	Sol4	G4	296	296	1	32	156	95	96		23.125
365	9	Si4b2	B4b1	312	313	1	16	312	95	96	yi	23.1875
366	9	Do5	C5	318	318	1	16	312	95	96	ne 	23.25
367	9	Si4b2	B4b1	312	313	3	32	469	99	96	gül	23.34375
368	9	La4	A4	305	305	1	32	156	95	96		23.375
369	9	La4	A4	305	305	1	8	625	95	96	dü	23.5
370	9	La4	A4	305	305	1	4	1250	95	96	rür  	23.75
371	9	Mi5	E5	336	336	1	32	156	95	96	SAZ	23.78125
372	9	Fa5	F5	340	340	1	32	156	95	96	.	23.8125
373	9	Sol5	G5	349	349	1	32	156	95	96	.	23.84375
374	9	Mi5	E5	336	336	1	32	156	95	96	.	23.875
375	9	Fa5	F5	340	340	1	8	625	95	96	.	24.0
376	9	Es	Es	-1	-1	1	8	625	100	0	ARANAĞME	24.125
377	9	Mi5	E5	336	336	1	16	312	95	96		24.1875
378	9	Fa5	F5	340	340	1	16	312	95	96	.	24.25
379	9	Fa5	F5	340	340	1	8	625	95	96	.	24.375
380	9	Fa5	F5	340	340	1	16	312	95	96	.	24.4375
381	9	Mi5	E5	336	336	1	16	312	95	96	.	24.5
382	9	Fa5	F5	340	340	1	16	312	95	96	.	24.5625
383	8	Sol5	G5	349	349	0	0	0	95	84	.	24.5625
384	9	Fa5	F5	340	340	1	32	156	95	96	.	24.59375
385	9	Mi5	E5	336	336	1	32	156	95	96	.	24.625
386	9	Fa5	F5	340	340	1	16	312	95	96	.	24.6875
387	9	Sol5	G5	349	349	1	16	312	95	96	.	24.75
388	9	La5	A5	358	358	1	32	156	95	96	.	24.78125
389	9	Sol5	G5	349	349	1	32	156	95	96	.	24.8125
390	9	Fa5	F5	340	340	1	32	156	95	96	.	24.84375
391	9	Mi5	E5	336	336	1	32	156	95	96	.	24.875
392	9	Re5	D5	327	327	1	16	312	95	96	.	24.9375
393	9	Mi5	E5	336	336	1	16	312	95	96	.	25.0
394	9	Re5	D5	327	327	1	8	625	95	96	.	25.125
395	9	Mi5	E5	336	336	1	16	312	95	96	.	25.1875
396	9	Mi5	E5	336	336	1	16	312	95	96	.	25.25
397	9	Mi5	E5	336	336	1	16	312	95	96	.	25.3125
398	8	Fa5	F5	340	340	0	0	0	95	84	.	25.3125
399	9	Mi5	E5	336	336	1	32	156	95	96	.	25.34375
400	9	Re5	D5	327	327	1	32	156	95	96	.	25.375
401	9	Re5	D5	327	327	1	8	625	95	96	.	25.5
402	9	Re5	D5	327	327	1	32	156	95	96	.	25.53125
403	9	Mi5	E5	336	336	1	32	156	95	96	.	25.5625
404	9	Do5	C5	318	318	1	32	156	95	96	.	25.59375
405	9	Re5	D5	327	327	1	32	156	95	96	.	25.625
406	9	Do5	C5	318	318	1	8	625	95	96	.	25.75
407	9	Re5	D5	327	327	1	16	312	95	96	.	25.8125
408	8	Fa5	F5	340	340	0	0	0	95	84	.	25.8125
409	9	Mi5	E5	336	336	1	32	156	95	96	.	25.84375
410	9	Re5	D5	327	327	1	32	156	95	96	.	25.875
411	9	Re5	D5	327	327	1	8	625	95	96	.	26.0
412	9	Es	Es	-1	-1	1	8	625	100	0	.	26.125
413	9	Do5	C5	318	318	1	16	312	95	96	.	26.1875
414	9	Re5	D5	327	327	1	16	312	95	96	.	26.25
415	9	Re5	D5	327	327	1	8	625	95	96	.	26.375
416	9	Sol5	G5	349	349	1	8	625	95	96	.	26.5
417	9	Sol5	G5	349	349	1	16	312	95	96	.	26.5625
418	9	Fa5#3	F5#4	343	344	1	16	312	95	96	.	26.625
419	9	Mi5b4	E5b4	332	332	1	16	312	95	96	.	26.6875
420	9	Re5	D5	327	327	1	16	312	95	96	.	26.75
421	9	Re5	D5	327	327	1	32	156	95	96	.	26.78125
422	9	Do5	C5	318	318	1	32	156	95	96	.	26.8125
423	9	Si4b2	B4b1	312	313	1	32	156	95	96	.	26.84375
424	9	Re5	D5	327	327	1	32	156	95	96	.	26.875
425	10	Do5	C5	318	318	1	8	625	95	96	.	27.0
426	8	Re5	D5	327	327	0	0	0	95	84	.	27.0
427	9	Do5	C5	318	318	1	32	156	95	96	.	27.03125
428	9	Si4b2	B4b1	312	313	1	32	156	95	96	.	27.0625
429	9	La4	A4	305	305	1	32	156	95	96	.	27.09375
430	9	Sol4	G4	296	296	1	32	156	95	96	.	27.125
431	9	Si4b2	B4b1	312	313	1	16	312	95	96	.	27.1875
432	9	Do5	C5	318	318	1	16	312	95	96	.	27.25
433	9	Si4b2	B4b1	312	313	1	16	312	95	96	.	27.3125
434	9	La4	A4	305	305	1	16	312	95	96	.	27.375
435	9	La4	A4	305	305	1	8	625	95	96	.	27.5
436	9	La4	A4	305	305	1	4	1250	95	96	.	27.75
437	9	Mi5	E5	336	336	1	32	156	95	96	.	27.78125
438	9	Fa5	F5	340	340	1	32	156	95	96	.	27.8125
439	9	Sol5	G5	349	349	1	32	156	95	96	.	27.84375
440	9	Mi5	E5	336	336	1	32	156	95	96	.	27.875
441	9	Fa5	F5	340	340	1	8	625	95	96	.	28.0
442	9	Es	Es	-1	-1	1	8	625	100	0	ARANAĞME	28.125
443	9	Mi5	E5	336	336	1	16	312	95	96		28.1875
444	9	Fa5	F5	340	340	1	16	312	95	96	.	28.25
445	9	Fa5	F5	340	340	1	8	625	95	96	.	28.375
446	9	Fa5	F5	340	340	1	16	312	95	96	.	28.4375
447	9	Mi5	E5	336	336	1	16	312	95	96	.	28.5
448	9	Fa5	F5	340	340	1	16	312	95	96	.	28.5625
449	8	Sol5	G5	349	349	0	0	0	95	84	.	28.5625
450	9	Fa5	F5	340	340	1	32	156	95	96	.	28.59375
451	9	Mi5	E5	336	336	1	32	156	95	96	.	28.625
452	9	Fa5	F5	340	340	1	16	312	95	96	.	28.6875
453	9	Sol5	G5	349	349	1	16	312	95	96	.	28.75
454	9	La5	A5	358	358	1	32	156	95	96	.	28.78125
455	9	Sol5	G5	349	349	1	32	156	95	96	.	28.8125
456	9	Fa5	F5	340	340	1	32	156	95	96	.	28.84375
457	9	Mi5	E5	336	336	1	32	156	95	96	.	28.875
458	9	Re5	D5	327	327	1	16	312	95	96	.	28.9375
459	9	Mi5	E5	336	336	1	16	312	95	96	.	29.0
460	9	Re5	D5	327	327	1	8	625	95	96	.	29.125
461	9	Mi5	E5	336	336	1	16	312	95	96	.	29.1875
462	9	Mi5	E5	336	336	1	16	312	95	96	.	29.25
463	9	Mi5	E5	336	336	1	16	312	95	96	.	29.3125
464	8	Fa5	F5	340	340	0	0	0	95	84	.	29.3125
465	9	Mi5	E5	336	336	1	32	156	95	96	.	29.34375
466	9	Re5	D5	327	327	1	32	156	95	96	.	29.375
467	9	Re5	D5	327	327	1	8	625	95	96	.	29.5
468	9	Re5	D5	327	327	1	32	156	95	96	.	29.53125
469	9	Mi5	E5	336	336	1	32	156	95	96	.	29.5625
470	9	Do5	C5	318	318	1	32	156	95	96	.	29.59375
471	9	Re5	D5	327	327	1	32	156	95	96	.	29.625
472	9	Do5	C5	318	318	1	8	625	95	96	.	29.75
473	9	Re5	D5	327	327	1	16	312	95	96	.	29.8125
474	8	Fa5	F5	340	340	0	0	0	95	84	.	29.8125
475	9	Mi5	E5	336	336	1	32	156	95	96	.	29.84375
476	9	Re5	D5	327	327	1	32	156	95	96	.	29.875
477	9	Re5	D5	327	327	1	8	625	95	96	.	30.0
478	9	Es	Es	-1	-1	1	8	625	100	0	.	30.125
479	9	Do5	C5	318	318	1	16	312	95	96	.	30.1875
480	9	Re5	D5	327	327	1	16	312	95	96	.	30.25
481	9	Re5	D5	327	327	1	8	625	95	96	.	30.375
482	9	Sol5	G5	349	349	1	8	625	95	96	.	30.5
483	9	Sol5	G5	349	349	1	16	312	95	96	.	30.5625
484	9	Fa5#3	F5#4	343	344	1	16	312	95	96	.	30.625
485	9	Mi5b4	E5b4	332	332	1	16	312	95	96	.	30.6875
486	9	Re5	D5	327	327	1	16	312	95	96	.	30.75
487	9	Re5	D5	327	327	1	32	156	95	96	.	30.78125
488	9	Do5	C5	318	318	1	32	156	95	96	.	30.8125
489	9	Si4b2	B4b1	312	313	1	32	156	95	96	.	30.84375
490	9	Re5	D5	327	327	1	32	156	95	96	.	30.875
491	10	Do5	C5	318	318	1	8	625	95	96	.	31.0
492	8	Re5	D5	327	327	0	0	0	95	84	.	31.0
493	9	Do5	C5	318	318	1	32	156	95	96	.	31.03125
494	9	Si4b2	B4b1	312	313	1	32	156	95	96	.	31.0625
495	9	La4	A4	305	305	1	32	156	95	96	.	31.09375
496	9	Sol4	G4	296	296	1	32	156	95	96	.	31.125
497	9	Si4b2	B4b1	312	313	1	16	312	95	96	.	31.1875
498	9	Do5	C5	318	318	1	16	312	95	96	.	31.25
499	9	Si4b2	B4b1	312	313	1	16	312	95	96	.	31.3125
500	9	La4	A4	305	305	1	16	312	95	96	.	31.375
501	9	La4	A4	305	305	1	8	625	95	96	.	31.5
502	9	La4	A4	305	305	1	4	1250	95	96	.	31.75
503	9	La5	A5	358	358	1	32	156	95	96	.	31.78125
504	9	Sol5	G5	349	349	1	32	156	95	96	.	31.8125
505	9	Fa5#3	F5#4	343	344	1	32	156	95	96	.	31.84375
506	9	Sol5	G5	349	349	1	32	156	95	96	.	31.875
507	9	La5	A5	358	358	1	8	625	95	96	.	32.0
508	9	Es	Es	-1	-1	1	8	625	100	0		32.125
509	9	Fa5#3	F5#4	343	344	1	16	312	95	96	Sev	32.1875
510	9	Sol5	G5	349	349	1	8	625	95	96	dâ	32.3125
511	9	La5	A5	358	358	1	16	312	95	96	ya 	32.375
512	9	La5	A5	358	358	1	8	625	95	96	sal	32.5
513	9	La5	A5	358	358	1	16	312	99	96	ma 	32.5625
514	9	Sol5	G5	349	349	1	32	156	99	96		32.59375
515	9	La5	A5	358	358	1	32	156	99	96		32.625
516	9	Sol5	G5	349	349	1	8	625	95	96		32.75
517	9	Sol5	G5	349	349	1	16	312	99	96	şu 	32.8125
518	9	Fa5#3	F5#4	343	344	1	32	156	99	96		32.84375
519	9	Sol5	G5	349	349	1	32	156	99	96		32.875
520	9	Fa5#3	F5#4	343	344	1	8	625	95	96		33.0
521	9	Do6	C6	371	371	1	16	312	95	96	ga	33.0625
522	9	Do6	C6	371	371	1	8	625	99	96	rip 	33.1875
523	9	Si5b2	B5b1	365	366	1	16	312	95	96		33.25
524	9	Si5b5	B5b5	362	362	1	16	312	99	96	ba	33.3125
525	9	La5	A5	358	358	1	16	312	95	96		33.375
526	9	Si5b5	B5b5	362	362	1	16	312	99	96	şı	33.4375
527	9	La5	A5	358	358	1	16	312	95	96		33.5
528	9	La5	A5	358	358	3	16	938	95	96	nı  	33.6875
529	9	Sol5	G5	349	349	1	32	156	95	96	SAZ	33.71875
530	9	Fa5#3	F5#4	343	344	1	32	156	95	96	.	33.75
531	9	Mi5	E5	336	336	1	32	156	95	96	.	33.78125
532	9	Re5	D5	327	327	1	32	156	95	96	.	33.8125
533	9	Do5	C5	318	318	1	32	156	95	96	.	33.84375
534	9	Si4b2	B4b1	312	313	1	32	156	95	96	.	33.875
535	9	La4	A4	305	305	1	8	625	95	96	.	34.0
536	9	Es	Es	-1	-1	1	8	625	100	0		34.125
537	9	Fa5#3	F5#4	343	344	1	16	312	95	96	Sev	34.1875
538	9	Sol5	G5	349	349	1	8	625	95	96	dâ	34.3125
539	9	La5	A5	358	358	1	16	312	95	96	ya 	34.375
540	9	La5	A5	358	358	1	8	625	95	96	sal	34.5
541	9	La5	A5	358	358	1	16	312	99	96	ma 	34.5625
542	9	Sol5	G5	349	349	1	32	156	99	96		34.59375
543	9	La5	A5	358	358	1	32	156	99	96		34.625
544	9	Sol5	G5	349	349	1	8	625	95	96		34.75
545	9	Sol5	G5	349	349	1	32	156	99	96	şu 	34.78125
546	9	La5	A5	358	358	1	32	156	99	96		34.8125
547	9	Fa5#3	F5#4	343	344	1	32	156	99	96		34.84375
548	9	Sol5	G5	349	349	1	32	156	99	96		34.875
549	9	Fa5#3	F5#4	343	344	1	8	625	95	96		35.0
550	9	Sol5	G5	349	349	1	16	312	95	96	ga	35.0625
551	9	Sol5	G5	349	349	1	8	625	99	96	rip 	35.1875
552	9	Mi5	E5	336	336	1	16	312	95	96		35.25
553	9	Mi5	E5	336	336	1	16	312	99	96	ba	35.3125
554	9	Re5	D5	327	327	1	16	312	95	96		35.375
555	9	Mi5	E5	336	336	1	16	312	99	96	şı	35.4375
556	9	Re5	D5	327	327	1	16	312	95	96		35.5
557	9	Re5	D5	327	327	1	4	1250	95	96	nı  	35.75
558	9	Mi5	E5	336	336	1	32	156	95	96	SAZ	35.78125
559	9	Fa5	F5	340	340	1	32	156	95	96	.	35.8125
560	9	Sol5	G5	349	349	1	32	156	95	96	.	35.84375
561	9	Mi5	E5	336	336	1	32	156	95	96	.	35.875
562	9	Fa5	F5	340	340	1	8	625	95	96	.	36.0
563	9	Es	Es	-1	-1	1	8	625	100	0		36.125
564	9	Mi5	E5	336	336	1	16	312	95	96	A	36.1875
565	9	Fa5	F5	340	340	1	16	312	95	96	kı	36.25
566	10	Fa5	F5	340	340	1	8	625	95	96	tır 	36.375
567	8	Sol5	G5	349	349	0	0	0	95	84		36.375
568	9	Fa5	F5	340	340	1	16	312	99	96	gö	36.4375
569	9	Mi5	E5	336	336	1	16	312	95	96		36.5
570	10	Fa5	F5	340	340	1	16	312	99	96	zün	36.5625
571	8	Sol5	G5	349	349	0	0	0	99	84		36.5625
572	9	Fa5	F5	340	340	1	32	156	99	96		36.59375
573	9	Mi5	E5	336	336	1	32	156	99	96		36.625
574	9	Fa5	F5	340	340	1	16	312	99	96		36.6875
575	9	Sol5	G5	349	349	1	16	312	95	96		36.75
576	9	La5	A5	358	358	1	32	156	99	96	den 	36.78125
577	9	Sol5	G5	349	349	1	32	156	99	96		36.8125
578	9	Fa5	F5	340	340	1	32	156	99	96		36.84375
579	9	Mi5	E5	336	336	1	32	156	99	96		36.875
580	9	Re5	D5	327	327	1	16	312	99	96		36.9375
581	9	Mi5	E5	336	336	1	16	312	99	96		37.0
582	9	Re5	D5	327	327	1	8	625	95	96		37.125
583	9	Mi5	E5	336	336	1	16	312	95	96	kan	37.1875
584	9	Mi5	E5	336	336	1	16	312	95	96	lı 	37.25
585	10	Mi5	E5	336	336	1	16	312	99	96	ya	37.3125
586	8	Fa5#3	F5#4	343	344	0	0	0	99	84		37.3125
587	9	Mi5	E5	336	336	1	32	156	99	96		37.34375
588	9	Re5	D5	327	327	1	32	156	95	96		37.375
589	9	Re5	D5	327	327	1	8	625	95	96	şı	37.5
590	9	Re5	D5	327	327	1	32	156	99	96	nı  	37.53125
591	9	Mi5	E5	336	336	1	32	156	99	96		37.5625
592	9	Do5	C5	318	318	1	32	156	99	96		37.59375
593	9	Re5	D5	327	327	1	32	156	99	96		37.625
594	9	Do5	C5	318	318	1	8	625	99	96		37.75
595	9	Re5	D5	327	327	1	16	312	99	96		37.8125
596	8	Fa5#3	F5#4	343	344	0	0	0	95	84		37.8125
597	9	Mi5	E5	336	336	1	32	156	99	96		37.84375
598	9	Re5	D5	327	327	1	32	156	99	96		37.875
599	9	Re5	D5	327	327	1	8	625	95	96		38.0
600	9	Es	Es	-1	-1	1	8	625	100	0		38.125
601	9	Do5	C5	318	318	1	16	312	95	96	A	38.1875
602	9	Re5	D5	327	327	1	16	312	95	96	kı	38.25
603	9	Re5	D5	327	327	1	8	625	95	96	tır 	38.375
604	9	Sol5	G5	349	349	1	8	625	95	96	gö	38.5
605	9	Sol5	G5	349	349	1	16	312	99	96	zün	38.5625
606	9	Fa5#3	F5#4	343	344	1	16	312	99	96		38.625
607	9	Mi5b4	E5b4	332	332	1	16	312	99	96		38.6875
608	9	Re5	D5	327	327	1	16	312	95	96		38.75
609	9	Re5	D5	327	327	1	32	156	99	96	den 	38.78125
610	9	Do5	C5	318	318	1	32	156	99	96		38.8125
611	9	Si4b2	B4b1	312	313	1	32	156	99	96		38.84375
612	9	Re5	D5	327	327	1	32	156	99	96		38.875
613	9	Do5	C5	318	318	1	8	625	99	96		39.0
614	9	Do5	C5	318	318	1	32	156	99	96		39.03125
615	9	Si4b2	B4b1	312	313	1	32	156	99	96		39.0625
616	9	La4	A4	305	305	1	32	156	99	96		39.09375
617	9	Sol4	G4	296	296	1	32	156	95	96		39.125
618	9	Si4b2	B4b1	312	313	1	16	312	95	96	kan	39.1875
619	9	Do5	C5	318	318	1	16	312	95	96	lı 	39.25
620	9	Si4b2	B4b1	312	313	3	32	469	99	96	ya	39.34375
621	9	La4	A4	305	305	1	32	156	95	96		39.375
622	9	La4	A4	305	305	1	8	625	95	96	şı	39.5
623	9	La4	A4	305	305	1	4	1250	95	96	nı  	39.75
624	9	La5	A5	358	358	1	32	156	95	96	SAZ	39.78125
625	9	Sol5	G5	349	349	1	32	156	95	96	.	39.8125
626	9	Fa5#3	F5#4	343	344	1	32	156	95	96	.	39.84375
627	9	Sol5	G5	349	349	1	32	156	95	96	.	39.875
628	9	La5	A5	358	358	1	8	625	95	96	.	40.0
629	9	Es	Es	-1	-1	1	8	625	100	0		40.125
630	9	Fa5#3	F5#4	343	344	1	16	312	95	96	Sev	40.1875
631	9	Sol5	G5	349	349	1	8	625	95	96	dâ	40.3125
632	9	La5	A5	358	358	1	16	312	95	96	ya 	40.375
633	9	La5	A5	358	358	1	8	625	95	96	sal	40.5
634	9	La5	A5	358	358	1	16	312	99	96	ma 	40.5625
635	9	Sol5	G5	349	349	1	32	156	99	96		40.59375
636	9	La5	A5	358	358	1	32	156	99	96		40.625
637	9	Sol5	G5	349	349	1	8	625	95	96		40.75
638	9	Sol5	G5	349	349	1	16	312	99	96	şu 	40.8125
639	9	Fa5#3	F5#4	343	344	1	32	156	99	96		40.84375
640	9	Sol5	G5	349	349	1	32	156	99	96		40.875
641	9	Fa5#3	F5#4	343	344	1	8	625	95	96		41.0
642	9	Do6	C6	371	371	1	16	312	95	96	ga	41.0625
643	9	Do6	C6	371	371	1	8	625	99	96	rip 	41.1875
644	9	Si5b2	B5b1	365	366	1	16	312	95	96		41.25
645	9	Si5b5	B5b5	362	362	1	16	312	99	96	ba	41.3125
646	9	La5	A5	358	358	1	16	312	95	96		41.375
647	9	Si5b5	B5b5	362	362	1	16	312	99	96	şı	41.4375
648	9	La5	A5	358	358	1	16	312	95	96		41.5
649	9	La5	A5	358	358	3	16	938	95	96	nı  	41.6875
650	9	Sol5	G5	349	349	1	32	156	95	96	SAZ	41.71875
651	9	Fa5#3	F5#4	343	344	1	32	156	95	96	.	41.75
652	9	Mi5	E5	336	336	1	32	156	95	96	.	41.78125
653	9	Re5	D5	327	327	1	32	156	95	96	.	41.8125
654	9	Do5	C5	318	318	1	32	156	95	96	.	41.84375
655	9	Si4b2	B4b1	312	313	1	32	156	95	96	.	41.875
656	9	La4	A4	305	305	1	8	625	95	96	.	42.0
657	9	Es	Es	-1	-1	1	8	625	100	0		42.125
658	9	Fa5#3	F5#4	343	344	1	16	312	95	96	Sev	42.1875
659	9	Sol5	G5	349	349	1	8	625	95	96	dâ	42.3125
660	9	La5	A5	358	358	1	16	312	95	96	ya 	42.375
661	9	La5	A5	358	358	1	8	625	95	96	sal	42.5
662	9	La5	A5	358	358	1	16	312	99	96	ma 	42.5625
663	9	Sol5	G5	349	349	1	32	156	99	96		42.59375
664	9	La5	A5	358	358	1	32	156	99	96		42.625
665	9	Sol5	G5	349	349	1	8	625	95	96		42.75
666	9	Sol5	G5	349	349	1	32	156	99	96	şu 	42.78125
667	9	La5	A5	358	358	1	32	156	99	96		42.8125
668	9	Fa5#3	F5#4	343	344	1	32	156	99	96		42.84375
669	9	Sol5	G5	349	349	1	32	156	99	96		42.875
670	9	Fa5#3	F5#4	343	344	1	8	625	95	96		43.0
671	9	Sol5	G5	349	349	1	16	312	95	96	ga	43.0625
672	9	Sol5	G5	349	349	1	8	625	99	96	rip 	43.1875
673	9	Mi5	E5	336	336	1	16	312	95	96		43.25
674	9	Mi5	E5	336	336	1	16	312	99	96	ba	43.3125
675	9	Re5	D5	327	327	1	16	312	95	96		43.375
676	9	Mi5	E5	336	336	1	16	312	99	96	şı	43.4375
677	9	Re5	D5	327	327	1	16	312	95	96		43.5
678	9	Re5	D5	327	327	1	4	1250	95	96	nı  	43.75
679	9	Mi5	E5	336	336	1	32	156	95	96	SAZ	43.78125
680	9	Fa5	F5	340	340	1	32	156	95	96	.	43.8125
681	9	Sol5	G5	349	349	1	32	156	95	96	.	43.84375
682	9	Mi5	E5	336	336	1	32	156	95	96	.	43.875
683	9	Fa5	F5	340	340	1	8	625	95	96	.	44.0
684	9	Es	Es	-1	-1	1	8	625	100	0		44.125
685	9	Mi5	E5	336	336	1	16	312	95	96	A	44.1875
686	9	Fa5	F5	340	340	1	16	312	95	96	kı	44.25
687	10	Fa5	F5	340	340	1	8	625	95	96	tır 	44.375
688	8	Sol5	G5	349	349	0	0	0	95	84		44.375
689	9	Fa5	F5	340	340	1	16	312	99	96	gö	44.4375
690	9	Mi5	E5	336	336	1	16	312	95	96		44.5
691	10	Fa5	F5	340	340	1	16	312	99	96	zün	44.5625
692	8	Sol5	G5	349	349	0	0	0	99	84		44.5625
693	9	Fa5	F5	340	340	1	32	156	99	96		44.59375
694	9	Mi5	E5	336	336	1	32	156	99	96		44.625
695	9	Fa5	F5	340	340	1	16	312	99	96		44.6875
696	9	Sol5	G5	349	349	1	16	312	95	96		44.75
697	9	La5	A5	358	358	1	32	156	99	96	den 	44.78125
698	9	Sol5	G5	349	349	1	32	156	99	96		44.8125
699	9	Fa5	F5	340	340	1	32	156	99	96		44.84375
700	9	Mi5	E5	336	336	1	32	156	99	96		44.875
701	9	Re5	D5	327	327	1	16	312	99	96		44.9375
702	9	Mi5	E5	336	336	1	16	312	99	96		45.0
703	9	Re5	D5	327	327	1	8	625	95	96		45.125
704	9	Mi5	E5	336	336	1	16	312	95	96	kan	45.1875
705	9	Mi5	E5	336	336	1	16	312	95	96	lı 	45.25
706	10	Mi5	E5	336	336	1	16	312	99	96	ya	45.3125
707	8	Fa5#3	F5#4	343	344	0	0	0	99	84		45.3125
708	9	Mi5	E5	336	336	1	32	156	99	96		45.34375
709	9	Re5	D5	327	327	1	32	156	95	96		45.375
710	9	Re5	D5	327	327	1	8	625	95	96	şı	45.5
711	9	Re5	D5	327	327	1	32	156	99	96	nı  	45.53125
712	9	Mi5	E5	336	336	1	32	156	99	96		45.5625
713	9	Do5	C5	318	318	1	32	156	99	96		45.59375
714	9	Re5	D5	327	327	1	32	156	99	96		45.625
715	9	Do5	C5	318	318	1	8	625	99	96		45.75
716	9	Re5	D5	327	327	1	16	312	99	96		45.8125
717	8	Fa5#3	F5#4	343	344	0	0	0	95	84		45.8125
718	9	Mi5	E5	336	336	1	32	156	99	96		45.84375
719	9	Re5	D5	327	327	1	32	156	99	96		45.875
720	9	Re5	D5	327	327	1	8	625	95	96		46.0
721	9	Es	Es	-1	-1	1	8	625	100	0		46.125
722	9	Do5	C5	318	318	1	16	312	95	96	A	46.1875
723	9	Re5	D5	327	327	1	16	312	95	96	kı	46.25
724	9	Re5	D5	327	327	1	8	625	95	96	tır 	46.375
725	9	Sol5	G5	349	349	1	8	625	95	96	gö	46.5
726	9	Sol5	G5	349	349	1	16	312	99	96	zün	46.5625
727	9	Fa5#3	F5#4	343	344	1	16	312	99	96		46.625
728	9	Mi5b4	E5b4	332	332	1	16	312	99	96		46.6875
729	9	Re5	D5	327	327	1	16	312	95	96		46.75
730	9	Re5	D5	327	327	1	32	156	99	96	den 	46.78125
731	9	Do5	C5	318	318	1	32	156	99	96		46.8125
732	9	Si4b2	B4b1	312	313	1	32	156	99	96		46.84375
733	9	Re5	D5	327	327	1	32	156	99	96		46.875
734	9	Do5	C5	318	318	1	8	625	99	96		47.0
735	9	Do5	C5	318	318	1	32	156	99	96		47.03125
736	9	Si4b2	B4b1	312	313	1	32	156	99	96		47.0625
737	9	La4	A4	305	305	1	32	156	99	96		47.09375
738	9	Sol4	G4	296	296	1	32	156	95	96		47.125
739	9	Si4b2	B4b1	312	313	1	16	312	95	96	kan	47.1875
740	9	Do5	C5	318	318	1	16	312	95	96	lı 	47.25
741	9	Si4b2	B4b1	312	313	3	32	469	99	96	ya	47.34375
742	9	La4	A4	305	305	1	32	156	95	96		47.375
743	9	La4	A4	305	305	1	8	625	95	96	şı	47.5
744	9	La4	A4	305	305	1	4	1250	95	96	nı  	47.75
745	9	Es	Es	-1	-1	1	4	1250	100	0		48.0
