Sira	Kod	Nota53	NotaAE	Koma53	KomaAE	Pay	Payda	Ms	LNS	Bas	Soz1	Offset
1	9	Do5#4	C5#4	322	322	1	16	208	95	96	ARANAĞME	0.100000
2	9	Re5	D5	327	327	1	16	208	95	96	.	0.200000
3	9	Do5#4	C5#4	322	322	1	16	208	95	96	.	0.300000
4	9	Re5	D5	327	327	1	16	208	95	96	.	0.400000
5	12	Mi5	E5	336	336	4	16	833	95	96	.	0.800000
6	9	Mi5	E5	336	336	1	16	208	95	96	.	0.900000
7	10	Re5	D5	327	327	1	16	208	95	96	.	1.000000
8	8	Mi5	E5	336	336	0	0	0	95	96	.	1.000000
9	9	Re5	D5	327	327	1	2	1666	95	96	.	1.800000
10	9	Es	Es	-1	-1	1	8	417	100	0	.	2.000000
11	53			0	0	0	0	0	0	0		2.000000
12	9	Re5	D5	327	327	1	16	208	95	96	.	2.100000
13	9	Mi5	E5	336	336	1	16	208	95	96	.	2.200000
14	9	Re5	D5	327	327	1	16	208	95	96	.	2.300000
15	9	Mi5	E5	336	336	1	16	208	95	96	.	2.400000
16	12	Fa5	F5	340	340	4	16	833	95	96	.	2.800000
17	9	Mi5	E5	336	336	1	16	208	95	96	.	2.900000
18	9	Re5	D5	327	327	1	16	208	95	96	.	3.000000
19	9	Do5#4	C5#4	322	322	1	2	1666	95	96	.	3.800000
20	9	Es	Es	-1	-1	1	8	417	100	0	.	4.000000
21	53			0	0	0	0	0	0	0		4.000000
22	9	Si4b4	B4b4	310	310	1	16	208	95	96	.	4.100000
23	9	Do5#4	C5#4	322	322	1	16	208	95	96	.	4.200000
24	9	Si4b4	B4b4	310	310	1	16	208	95	96	.	4.300000
25	9	Do5#4	C5#4	322	322	1	16	208	95	96	.	4.400000
26	12	Re5	D5	327	327	4	16	833	95	96	.	4.800000
27	9	Do5#4	C5#4	322	322	1	16	208	95	96	.	4.900000
28	9	Si4b4	B4b4	310	310	1	16	208	95	96	.	5.000000
29	9	Si4b4	B4b4	310	310	1	2	1666	95	96	.	5.800000
30	9	Es	Es	-1	-1	1	8	417	100	0	.	6.000000
31	53			0	0	0	0	0	0	0		6.000000
32	9	La4	A4	305	305	1	16	208	95	96	.	6.100000
33	9	Si4b4	B4b4	310	310	1	16	208	95	96	.	6.200000
34	9	La4	A4	305	305	1	16	208	95	96	.	6.300000
35	9	Si4b4	B4b4	310	310	1	16	208	95	96	.	6.400000
36	12	Do5#4	C5#4	322	322	4	16	833	95	96	.	6.800000
37	9	Si4b4	B4b4	310	310	1	16	208	95	96	.	6.900000
38	9	La4	A4	305	305	1	16	208	95	96	.	7.000000
39	9	La4	A4	305	305	1	4	833	95	96	SAZ	7.400000
40	53			0	0	0	0	0	0	0		7.400000
41	9	La4	A4	305	305	1	16	208	95	96	.	7.500000
42	9	Si4b4	B4b4	310	310	1	16	208	95	96	.	7.600000
43	9	Do5#4	C5#4	322	322	1	16	208	95	96	.	7.700000
44	9	Re5	D5	327	327	1	16	208	95	96	.	7.800000
45	9	Mi5	E5	336	336	1	8	417	95	96	.	8.000000
46	9	Do5#4	C5#4	322	322	1	16	208	95	96	ARANAĞME	8.100000
47	9	Re5	D5	327	327	1	16	208	95	96	.	8.200000
48	9	Do5#4	C5#4	322	322	1	16	208	95	96	.	8.300000
49	9	Re5	D5	327	327	1	16	208	95	96	.	8.400000
50	12	Mi5	E5	336	336	4	16	833	95	96	.	8.800000
51	9	Mi5	E5	336	336	1	16	208	95	96	.	8.900000
52	10	Re5	D5	327	327	1	16	208	95	96	.	9.000000
53	8	Mi5	E5	336	336	0	0	0	95	96	.	9.000000
54	9	Re5	D5	327	327	1	2	1666	95	96	.	9.800000
55	9	Es	Es	-1	-1	1	8	417	100	0	.	10.000000
56	53			0	0	0	0	0	0	0		10.000000
57	9	Re5	D5	327	327	1	16	208	95	96	.	10.100000
58	9	Mi5	E5	336	336	1	16	208	95	96	.	10.200000
59	9	Re5	D5	327	327	1	16	208	95	96	.	10.300000
60	9	Mi5	E5	336	336	1	16	208	95	96	.	10.400000
61	12	Fa5	F5	340	340	4	16	833	95	96	.	10.800000
62	9	Mi5	E5	336	336	1	16	208	95	96	.	10.900000
63	9	Re5	D5	327	327	1	16	208	95	96	.	11.000000
64	9	Do5#4	C5#4	322	322	1	2	1666	95	96	.	11.800000
65	9	Es	Es	-1	-1	1	8	417	100	0	.	12.000000
66	53			0	0	0	0	0	0	0		12.000000
67	9	Si4b4	B4b4	310	310	1	16	208	95	96	.	12.100000
68	9	Do5#4	C5#4	322	322	1	16	208	95	96	.	12.200000
69	9	Si4b4	B4b4	310	310	1	16	208	95	96	.	12.300000
70	9	Do5#4	C5#4	322	322	1	16	208	95	96	.	12.400000
71	12	Re5	D5	327	327	4	16	833	95	96	.	12.800000
72	9	Do5#4	C5#4	322	322	1	16	208	95	96	.	12.900000
73	9	Si4b4	B4b4	310	310	1	16	208	95	96	.	13.000000
74	9	Si4b4	B4b4	310	310	1	2	1666	95	96	.	13.800000
75	9	Es	Es	-1	-1	1	8	417	100	0	.	14.000000
76	53			0	0	0	0	0	0	0		14.000000
77	9	La4	A4	305	305	1	16	208	95	96	.	14.100000
78	9	Si4b4	B4b4	310	310	1	16	208	95	96	.	14.200000
79	9	La4	A4	305	305	1	16	208	95	96	.	14.300000
80	9	Si4b4	B4b4	310	310	1	16	208	95	96	.	14.400000
81	12	Do5#4	C5#4	322	322	4	16	833	95	96	.	14.800000
82	9	Si4b4	B4b4	310	310	1	16	208	95	96	.	14.900000
83	9	La4	A4	305	305	1	16	208	95	96	.	15.000000
84	53			0	0	0	0	0	0	0		15.000000
85	9	La4	A4	305	305	3	32	312	95	96	SAZ	15.150000
86	9	Do5#4	C5#4	322	322	1	32	104	95	96	.	15.200000
87	9	Si4b4	B4b4	310	310	1	16	208	95	96	.	15.300000
88	9	La4	A4	305	305	1	16	208	95	96	.	15.400000
89	9	Sol4	G4	296	296	1	16	208	95	96	.	15.500000
90	9	La4	A4	305	305	1	16	208	95	96	.	15.600000
91	9	Si4b4	B4b4	310	310	1	16	208	95	96	.	15.700000
92	9	Do5#4	C5#4	322	322	1	16	208	95	96	.	15.800000
93	9	Re5	D5	327	327	1	8	417	95	96	.	16.000000
94	53			0	0	0	0	0	0	0		16.000000
95	9	Do5#4	C5#4	322	322	1	8	417	99	96	Yâd 	16.200000
96	9	Re5	D5	327	327	1	8	417	95	96		16.400000
97	9	Mi5	E5	336	336	4	16	833	99	96	el	16.800000
98	9	Mi5	E5	336	336	1	16	208	99	96		16.900000
99	9	Re5	D5	327	327	1	16	208	95	96		17.000000
100	9	Re5	D5	327	327	5	8	2083	95	96	ler 	18.000000
101	53			0	0	0	0	0	0	0		18.000000
102	9	Re5	D5	327	327	1	16	208	99	96	al	18.100000
103	9	Do5#4	C5#4	322	322	1	16	208	99	96		18.200000
104	9	Re5	D5	327	327	1	16	208	99	96		18.300000
105	9	Mi5	E5	336	336	1	16	208	95	96		18.400000
106	12	Do5#4	C5#4	322	322	4	16	833	99	96	dı 	18.800000
107	9	Si4b4	B4b4	310	310	1	8	417	95	96		19.000000
108	53			0	0	0	0	0	0	0		19.000000
109	9	Do5#4	C5#4	322	322	1	16	208	99	96	be	19.100000
110	9	Si4b4	B4b4	310	310	1	16	208	99	96		19.200000
111	9	Si4b4	B4b4	310	310	1	16	208	99	96		19.300000
112	9	Re5	D5	327	327	1	16	208	95	96		19.400000
113	9	Re5	D5	327	327	3	8	1250	95	96	ni  	20.000000
114	53			0	0	0	0	0	0	0		20.000000
115	9	Do5#4	C5#4	322	322	1	8	417	99	96	Taş	20.200000
116	9	Re5	D5	327	327	1	8	417	95	96		20.400000
117	9	Mi5	E5	336	336	4	16	833	99	96	la	20.800000
118	9	Mi5	E5	336	336	1	16	208	99	96		20.900000
119	9	Re5	D5	327	327	1	16	208	95	96		21.000000
120	9	Re5	D5	327	327	5	8	2083	95	96	ra 	22.000000
121	53			0	0	0	0	0	0	0		22.000000
122	9	Re5	D5	327	327	1	16	208	99	96	çal	22.100000
123	9	Do5#4	C5#4	322	322	1	16	208	99	96		22.200000
124	9	Re5	D5	327	327	1	16	208	99	96		22.300000
125	9	Mi5	E5	336	336	1	16	208	95	96		22.400000
126	12	Do5#4	C5#4	322	322	4	16	833	99	96	dı 	22.800000
127	9	Si4b4	B4b4	310	310	1	8	417	95	96		23.000000
128	53			0	0	0	0	0	0	0		23.000000
129	9	Do5#4	C5#4	322	322	1	16	208	99	96	be	23.100000
130	9	Si4b4	B4b4	310	310	1	16	208	99	96		23.200000
131	9	Si4b4	B4b4	310	310	1	16	208	99	96		23.300000
132	9	Re5	D5	327	327	1	16	208	95	96		23.400000
133	9	Re5	D5	327	327	3	8	1250	95	96	ni  	24.000000
134	53			0	0	0	0	0	0	0		24.000000
135	9	Do5#4	C5#4	322	322	1	8	417	99	96	Yâr	24.200000
136	9	Re5	D5	327	327	1	8	417	95	96		24.400000
137	9	Mi5	E5	336	336	3	8	1250	95	96	dan 	25.000000
138	53			0	0	0	0	0	0	0		25.000000
139	9	Mi5	E5	336	336	1	8	417	99	96	a	25.200000
140	9	Re5	D5	327	327	1	8	417	95	96		25.400000
141	9	Sol5	G5	349	349	4	16	833	99	96	yır	25.800000
142	9	Sol5	G5	349	349	1	16	208	99	96		25.900000
143	9	Fa5	F5	340	340	1	16	208	95	96		26.000000
144	9	Fa5	F5	340	340	1	8	417	99	96	dı 	26.200000
145	7	Mi5	E5	336	336	2	16	417	95	96		26.400000
146	9	Re5	D5	327	327	1	16	208	99	96	fe	26.500000
147	9	Do5#4	C5#4	322	322	1	16	208	99	96		26.600000
148	9	Si4b4	B4b4	310	310	1	16	208	99	96		26.700000
149	9	La4	A4	305	305	1	16	208	99	96		26.800000
150	9	Re5	D5	327	327	1	16	208	99	96		26.900000
151	9	Do5#4	C5#4	322	322	1	16	208	95	96		27.000000
152	9	Do5#4	C5#4	322	322	4	16	833	95	96	lek  	27.400000
153	8	Re5	D5	327	327	0	0	0	95	96		27.400000
154	53			0	0	0	0	0	0	0		27.400000
155	9	Do5#4	C5#4	322	322	1	8	417	95	96	SAZ	27.600000
156	9	Si4b4	B4b4	310	310	1	8	417	95	96	.	27.800000
157	9	La4	A4	305	305	1	8	417	95	96	.	28.000000
158	53			0	0	0	0	0	0	0		28.000000
159	9	Si4b4	B4b4	310	310	2	16	417	99	96	Gur	28.200000
160	9	La4	A4	305	305	1	16	208	99	96		28.300000
161	9	Si4b4	B4b4	310	310	1	16	208	95	96		28.400000
162	9	La4	A4	305	305	1	8	417	99	96	be	28.600000
163	9	La4	A4	305	305	1	8	417	99	96		28.800000
164	9	Sol4	G4	296	296	1	8	417	95	96		29.000000
165	9	La4	A4	305	305	1	8	417	99	96	te 	29.200000
166	9	Si4b4	B4b4	310	310	1	8	417	95	96		29.400000
167	9	Do5#4	C5#4	322	322	2	16	417	99	96	sal	29.600000
168	9	Si4b4	B4b4	310	310	1	8	417	99	96		29.800000
169	9	Do5#4	C5#4	322	322	1	16	208	99	96		29.900000
170	9	Re5	D5	327	327	1	16	208	95	96		30.000000
171	9	Do5#4	C5#4	322	322	1	16	208	99	96	dı 	30.100000
172	9	Si4b4	B4b4	310	310	1	16	208	99	96		30.200000
173	9	La4	A4	305	305	1	16	208	99	96		30.300000
174	9	Si4b4	B4b4	310	310	1	16	208	95	96		30.400000
175	9	La4	A4	305	305	3	8	1250	95	96	be	31.000000
176	53			0	0	0	0	0	0	0		31.000000
177	9	La4	A4	305	305	1	4	833	95	96	ni  	31.400000
178	9	La4	A4	305	305	1	16	208	95	96	SAZ	31.500000
179	9	Si4b4	B4b4	310	310	1	16	208	95	96	.	31.600000
180	9	Do5#4	C5#4	322	322	1	16	208	95	96	.	31.700000
181	9	Re5	D5	327	327	1	16	208	95	96	.	31.800000
182	9	Mi5	E5	336	336	1	8	417	95	96	.	32.000000
183	9	Do5#4	C5#4	322	322	1	8	417	99	96	Yâr	32.200000
184	9	Re5	D5	327	327	1	8	417	95	96		32.400000
185	9	Mi5	E5	336	336	3	8	1250	95	96	dan 	33.000000
186	53			0	0	0	0	0	0	0		33.000000
187	9	Mi5	E5	336	336	1	8	417	99	96	a	33.200000
188	9	Re5	D5	327	327	1	8	417	95	96		33.400000
189	9	Sol5	G5	349	349	4	16	833	99	96	yır	33.800000
190	9	Sol5	G5	349	349	1	16	208	99	96		33.900000
191	9	Fa5	F5	340	340	1	16	208	95	96		34.000000
192	9	Fa5	F5	340	340	1	8	417	99	96	dı 	34.200000
193	7	Mi5	E5	336	336	2	16	417	95	96		34.400000
194	9	Re5	D5	327	327	1	16	208	99	96	fe	34.500000
195	9	Do5#4	C5#4	322	322	1	16	208	99	96		34.600000
196	9	Si4b4	B4b4	310	310	1	16	208	99	96		34.700000
197	9	La4	A4	305	305	1	16	208	99	96		34.800000
198	9	Re5	D5	327	327	1	16	208	99	96		34.900000
199	9	Do5#4	C5#4	322	322	1	16	208	95	96		35.000000
200	9	Do5#4	C5#4	322	322	4	16	833	95	96	lek  	35.400000
201	8	Re5	D5	327	327	0	0	0	95	96		35.400000
202	53			0	0	0	0	0	0	0		35.400000
203	9	Do5#4	C5#4	322	322	1	8	417	95	96	SAZ	35.600000
204	9	Si4b4	B4b4	310	310	1	8	417	95	96	.	35.800000
205	9	La4	A4	305	305	1	8	417	95	96	.	36.000000
206	53			0	0	0	0	0	0	0		36.000000
207	9	Si4b4	B4b4	310	310	2	16	417	99	96	Gur	36.200000
208	9	La4	A4	305	305	1	16	208	99	96		36.300000
209	9	Si4b4	B4b4	310	310	1	16	208	95	96		36.400000
210	9	La4	A4	305	305	1	8	417	99	96	be	36.600000
211	9	La4	A4	305	305	1	8	417	99	96		36.800000
212	9	Sol4	G4	296	296	1	8	417	95	96		37.000000
213	9	La4	A4	305	305	1	8	417	99	96	te 	37.200000
214	9	Si4b4	B4b4	310	310	1	8	417	95	96		37.400000
215	9	Do5#4	C5#4	322	322	2	16	417	99	96	sal	37.600000
216	9	Si4b4	B4b4	310	310	1	8	417	99	96		37.800000
217	9	Do5#4	C5#4	322	322	1	16	208	99	96		37.900000
218	9	Re5	D5	327	327	1	16	208	95	96		38.000000
219	9	Do5#4	C5#4	322	322	1	16	208	99	96	dı 	38.100000
220	9	Si4b4	B4b4	310	310	1	16	208	99	96		38.200000
221	9	La4	A4	305	305	1	16	208	99	96		38.300000
222	9	Si4b4	B4b4	310	310	1	16	208	95	96		38.400000
223	9	La4	A4	305	305	3	8	1250	95	96	be	39.000000
224	53			0	0	0	0	0	0	0		39.000000
225	53			0	0	0	0	0	0	0		39.000000
226	9	La4	A4	305	305	3	32	312	95	96	ni  	39.150000
227	9	Do5#4	C5#4	322	322	1	32	104	95	96	SAZ	39.200000
228	9	Si4b4	B4b4	310	310	1	16	208	95	96	.	39.300000
229	9	La4	A4	305	305	1	16	208	95	96	.	39.400000
230	9	Sol4	G4	296	296	1	16	208	95	96	.	39.500000
231	9	La4	A4	305	305	1	16	208	95	96	.	39.600000
232	9	Si4b4	B4b4	310	310	1	16	208	95	96	.	39.700000
233	9	Do5#4	C5#4	322	322	1	16	208	95	96	.	39.800000
234	9	Re5	D5	327	327	1	8	417	95	96	.	40.000000
235	8	Do5#4	C5#4	322	322	0	0	0	95	96		40.000000
236	9	Re5	D5	327	327	1	4	833	95	96	Yol 	40.400000
237	9	Re5	D5	327	327	1	8	417	95	96	ve	40.600000
238	7	Re5	D5	327	327	2	8	833	95	96	rin 	41.000000
239	53			0	0	0	0	0	0	0		41.000000
240	9	Re5	D5	327	327	3	32	312	95	96	SAZ	41.150000
241	9	Do5#4	C5#4	322	322	1	32	104	95	96	.	41.200000
242	9	Re5	D5	327	327	1	16	208	95	96	.	41.300000
243	9	Mi5	E5	336	336	1	16	208	95	96	.	41.400000
244	8	Mi5	E5	336	336	0	0	0	95	96	.	41.400000
245	9	Re5	D5	327	327	1	8	417	95	96	.	41.600000
246	9	Do5#4	C5#4	322	322	1	8	417	95	96	.	41.800000
247	9	Si4b4	B4b4	310	310	1	8	417	95	96	.	42.000000
248	53			0	0	0	0	0	0	0		42.000000
249	9	Re5	D5	327	327	2	16	417	99	96	ge	42.200000
250	9	Do5#4	C5#4	322	322	2	16	417	95	96		42.400000
251	9	Si4b4	B4b4	310	310	1	8	417	99	96	çe	42.600000
252	9	La4	A4	305	305	1	8	417	99	96		42.800000
253	9	Si4b4	B4b4	310	310	1	16	208	99	96		42.900000
254	9	Re5	D5	327	327	1	16	208	95	96		43.000000
255	9	Do5#4	C5#4	322	322	1	4	833	99	96	yim  	43.400000
256	9	Do5#4	C5#4	322	322	1	8	417	99	96		43.600000
257	9	Si4b4	B4b4	310	310	1	8	417	99	96		43.800000
258	9	La4	A4	305	305	1	8	417	95	96		44.000000
259	53			0	0	0	0	0	0	0		44.000000
260	9	La4	A4	305	305	1	8	417	99	96	Du	44.200000
261	9	Si4b4	B4b4	310	310	1	8	417	95	96		44.400000
262	9	Do5#4	C5#4	322	322	2	16	417	99	96	man	44.600000
263	9	Si4b4	B4b4	310	310	1	8	417	99	96		44.800000
264	9	Do5#4	C5#4	322	322	1	16	208	99	96		44.900000
265	9	Re5	D5	327	327	1	16	208	95	96		45.000000
266	9	Do5#4	C5#4	322	322	1	16	208	99	96	lı 	45.100000
267	9	Si4b4	B4b4	310	310	1	16	208	99	96		45.200000
268	9	La4	A4	305	305	1	16	208	99	96		45.300000
269	9	Si4b4	B4b4	310	310	1	16	208	95	96		45.400000
270	9	La4	A4	305	305	3	8	1250	95	96	dağ	46.000000
271	53			0	0	0	0	0	0	0		46.000000
272	9	La4	A4	305	305	5	8	2083	95	96	lar  	47.000000
273	53			0	0	0	0	0	0	0		47.000000
274	9	La4	A4	305	305	3	32	312	95	96	SAZ	47.150000
275	9	Do5#4	C5#4	322	322	1	32	104	95	96	.	47.200000
276	9	Si4b4	B4b4	310	310	1	16	208	95	96	.	47.300000
277	9	La4	A4	305	305	1	16	208	95	96	.	47.400000
278	9	Sol4	G4	296	296	1	16	208	95	96	.	47.500000
279	9	La4	A4	305	305	1	16	208	95	96	.	47.600000
280	9	Si4b4	B4b4	310	310	1	16	208	95	96	.	47.700000
281	9	Do5#4	C5#4	322	322	1	16	208	95	96	.	47.800000
282	9	Re5	D5	327	327	1	8	417	95	96	.	48.000000
283	8	Do5#4	C5#4	322	322	0	0	0	95	96		48.000000
284	53			0	0	0	0	0	0	0		48.000000
285	9	Re5	D5	327	327	1	4	833	95	96	Dağ	48.400000
286	9	Re5	D5	327	327	1	8	417	95	96	la	48.600000
287	7	Re5	D5	327	327	2	8	833	95	96	rın 	49.000000
288	53			0	0	0	0	0	0	0		49.000000
289	9	Re5	D5	327	327	3	32	312	95	96	SAZ	49.150000
290	9	Do5#4	C5#4	322	322	1	32	104	95	96	.	49.200000
291	9	Re5	D5	327	327	1	16	208	95	96	.	49.300000
292	9	Mi5	E5	336	336	1	16	208	95	96	.	49.400000
293	8	Mi5	E5	336	336	0	0	0	95	96	.	49.400000
294	9	Re5	D5	327	327	1	8	417	95	96	.	49.600000
295	9	Do5#4	C5#4	322	322	1	8	417	95	96	.	49.800000
296	9	Si4b4	B4b4	310	310	1	8	417	95	96	.	50.000000
297	9	Re5	D5	327	327	2	16	417	99	96	ar	50.200000
298	9	Do5#4	C5#4	322	322	2	16	417	95	96		50.400000
299	9	Si4b4	B4b4	310	310	1	8	417	99	96	dın	50.600000
300	9	La4	A4	305	305	1	8	417	99	96		50.800000
301	9	Si4b4	B4b4	310	310	1	16	208	99	96		50.900000
302	9	Re5	D5	327	327	1	16	208	95	96		51.000000
303	9	Do5#4	C5#4	322	322	1	4	833	99	96	dan  	51.400000
304	9	Do5#4	C5#4	322	322	1	8	417	99	96		51.600000
305	9	Si4b4	B4b4	310	310	1	8	417	99	96		51.800000
306	9	La4	A4	305	305	1	8	417	95	96		52.000000
307	53			0	0	0	0	0	0	0		52.000000
308	9	La4	A4	305	305	1	8	417	99	96	Naz	52.200000
309	9	Si4b4	B4b4	310	310	1	8	417	95	96		52.400000
310	9	Do5#4	C5#4	322	322	2	16	417	99	96	lı 	52.600000
311	9	Si4b4	B4b4	310	310	1	8	417	99	96		52.800000
312	9	Do5#4	C5#4	322	322	1	16	208	99	96		52.900000
313	9	Re5	D5	327	327	1	16	208	95	96		53.000000
314	9	Do5#4	C5#4	322	322	1	16	208	99	96	yâr 	53.100000
315	9	Si4b4	B4b4	310	310	1	16	208	99	96		53.200000
316	9	La4	A4	305	305	1	16	208	99	96		53.300000
317	9	Si4b4	B4b4	310	310	1	16	208	95	96		53.400000
318	9	La4	A4	305	305	3	8	1250	95	96	ağ	54.000000
319	9	La4	A4	305	305	5	8	2083	95	96	lar  	55.000000
320	53			0	0	0	0	0	0	0		55.000000
321	9	Do5#4	C5#4	322	322	1	16	208	95	96	ARANAĞME	55.100000
322	9	Re5	D5	327	327	1	16	208	95	96	.	55.200000
323	9	Do5#4	C5#4	322	322	1	16	208	95	96	.	55.300000
324	9	Re5	D5	327	327	1	16	208	95	96	.	55.400000
325	12	Mi5	E5	336	336	4	16	833	95	96	.	55.800000
326	9	Mi5	E5	336	336	1	16	208	95	96	.	55.900000
327	10	Re5	D5	327	327	1	16	208	95	96	.	56.000000
328	8	Mi5	E5	336	336	0	0	0	95	96	.	56.000000
329	9	Re5	D5	327	327	1	2	1666	95	96	.	56.800000
330	9	Es	Es	-1	-1	1	8	417	100	0	.	57.000000
331	53			0	0	0	0	0	0	0		57.000000
332	9	Re5	D5	327	327	1	16	208	95	96	.	57.100000
333	9	Mi5	E5	336	336	1	16	208	95	96	.	57.200000
334	9	Re5	D5	327	327	1	16	208	95	96	.	57.300000
335	9	Mi5	E5	336	336	1	16	208	95	96	.	57.400000
336	12	Fa5	F5	340	340	4	16	833	95	96	.	57.800000
337	9	Mi5	E5	336	336	1	16	208	95	96	.	57.900000
338	9	Re5	D5	327	327	1	16	208	95	96	.	58.000000
339	9	Do5#4	C5#4	322	322	1	2	1666	95	96	.	58.800000
340	9	Es	Es	-1	-1	1	8	417	100	0	.	59.000000
341	53			0	0	0	0	0	0	0		59.000000
342	9	Si4b4	B4b4	310	310	1	16	208	95	96	.	59.100000
343	9	Do5#4	C5#4	322	322	1	16	208	95	96	.	59.200000
344	9	Si4b4	B4b4	310	310	1	16	208	95	96	.	59.300000
345	9	Do5#4	C5#4	322	322	1	16	208	95	96	.	59.400000
346	12	Re5	D5	327	327	4	16	833	95	96	.	59.800000
347	9	Do5#4	C5#4	322	322	1	16	208	95	96	.	59.900000
348	9	Si4b4	B4b4	310	310	1	16	208	95	96	.	60.000000
349	9	Si4b4	B4b4	310	310	1	2	1666	95	96	.	60.800000
350	9	Es	Es	-1	-1	1	8	417	100	0	.	61.000000
351	53			0	0	0	0	0	0	0		61.000000
352	9	La4	A4	305	305	1	16	208	95	96	.	61.100000
353	9	Si4b4	B4b4	310	310	1	16	208	95	96	.	61.200000
354	9	La4	A4	305	305	1	16	208	95	96	.	61.300000
355	9	Si4b4	B4b4	310	310	1	16	208	95	96	.	61.400000
356	12	Do5#4	C5#4	322	322	4	16	833	95	96	.	61.800000
357	9	Si4b4	B4b4	310	310	1	16	208	95	96	.	61.900000
358	9	La4	A4	305	305	1	16	208	95	96	.	62.000000
359	9	La4	A4	305	305	1	4	833	95	96	SAZ	62.400000
360	53			0	0	0	0	0	0	0		62.400000
361	9	La4	A4	305	305	1	16	208	95	96	.	62.500000
362	9	Si4b4	B4b4	310	310	1	16	208	95	96	.	62.600000
363	9	Do5#4	C5#4	322	322	1	16	208	95	96	.	62.700000
364	9	Re5	D5	327	327	1	16	208	95	96	.	62.800000
365	9	Mi5	E5	336	336	1	8	417	95	96	.	63.000000
366	9	Do5#4	C5#4	322	322	1	16	208	95	96	ARANAĞME	63.100000
367	9	Re5	D5	327	327	1	16	208	95	96	.	63.200000
368	9	Do5#4	C5#4	322	322	1	16	208	95	96	.	63.300000
369	9	Re5	D5	327	327	1	16	208	95	96	.	63.400000
370	12	Mi5	E5	336	336	4	16	833	95	96	.	63.800000
371	9	Mi5	E5	336	336	1	16	208	95	96	.	63.900000
372	10	Re5	D5	327	327	1	16	208	95	96	.	64.000000
373	8	Mi5	E5	336	336	0	0	0	95	96	.	64.000000
374	9	Re5	D5	327	327	1	2	1666	95	96	.	64.800000
375	9	Es	Es	-1	-1	1	8	417	100	0	.	65.000000
376	53			0	0	0	0	0	0	0		65.000000
377	9	Re5	D5	327	327	1	16	208	95	96	.	65.100000
378	9	Mi5	E5	336	336	1	16	208	95	96	.	65.200000
379	9	Re5	D5	327	327	1	16	208	95	96	.	65.300000
380	9	Mi5	E5	336	336	1	16	208	95	96	.	65.400000
381	12	Fa5	F5	340	340	4	16	833	95	96	.	65.800000
382	9	Mi5	E5	336	336	1	16	208	95	96	.	65.900000
383	9	Re5	D5	327	327	1	16	208	95	96	.	66.000000
384	9	Do5#4	C5#4	322	322	1	2	1666	95	96	.	66.800000
385	9	Es	Es	-1	-1	1	8	417	100	0	.	67.000000
386	53			0	0	0	0	0	0	0		67.000000
387	9	Si4b4	B4b4	310	310	1	16	208	95	96	.	67.100000
388	9	Do5#4	C5#4	322	322	1	16	208	95	96	.	67.200000
389	9	Si4b4	B4b4	310	310	1	16	208	95	96	.	67.300000
390	9	Do5#4	C5#4	322	322	1	16	208	95	96	.	67.400000
391	12	Re5	D5	327	327	4	16	833	95	96	.	67.800000
392	9	Do5#4	C5#4	322	322	1	16	208	95	96	.	67.900000
393	9	Si4b4	B4b4	310	310	1	16	208	95	96	.	68.000000
394	9	Si4b4	B4b4	310	310	1	2	1666	95	96	.	68.800000
395	9	Es	Es	-1	-1	1	8	417	100	0	.	69.000000
396	53			0	0	0	0	0	0	0		69.000000
397	9	La4	A4	305	305	1	16	208	95	96	.	69.100000
398	9	Si4b4	B4b4	310	310	1	16	208	95	96	.	69.200000
399	9	La4	A4	305	305	1	16	208	95	96	.	69.300000
400	9	Si4b4	B4b4	310	310	1	16	208	95	96	.	69.400000
401	12	Do5#4	C5#4	322	322	4	16	833	95	96	.	69.800000
402	9	Si4b4	B4b4	310	310	1	16	208	95	96	.	69.900000
403	9	La4	A4	305	305	1	16	208	95	96	.	70.000000
404	53			0	0	0	0	0	0	0		70.000000
405	9	La4	A4	305	305	3	32	312	95	96	SAZ	70.150000
406	9	Do5#4	C5#4	322	322	1	32	104	95	96	.	70.200000
407	9	Si4b4	B4b4	310	310	1	16	208	95	96	.	70.300000
408	9	La4	A4	305	305	1	16	208	95	96	.	70.400000
409	9	Sol4	G4	296	296	1	16	208	95	96	.	70.500000
410	9	La4	A4	305	305	1	16	208	95	96	.	70.600000
411	9	Si4b4	B4b4	310	310	1	16	208	95	96	.	70.700000
412	9	Do5#4	C5#4	322	322	1	16	208	95	96	.	70.800000
413	9	Re5	D5	327	327	1	8	417	95	96	.	71.000000
414	53			0	0	0	0	0	0	0		71.000000
415	9	Do5#4	C5#4	322	322	1	8	417	99	96	Yâd 	71.200000
416	9	Re5	D5	327	327	1	8	417	95	96		71.400000
417	9	Mi5	E5	336	336	4	16	833	99	96	el	71.800000
418	9	Mi5	E5	336	336	1	16	208	99	96		71.900000
419	9	Re5	D5	327	327	1	16	208	95	96		72.000000
420	9	Re5	D5	327	327	5	8	2083	95	96	ler 	73.000000
421	53			0	0	0	0	0	0	0		73.000000
422	9	Re5	D5	327	327	1	16	208	99	96	al	73.100000
423	9	Do5#4	C5#4	322	322	1	16	208	99	96		73.200000
424	9	Re5	D5	327	327	1	16	208	99	96		73.300000
425	9	Mi5	E5	336	336	1	16	208	95	96		73.400000
426	12	Do5#4	C5#4	322	322	4	16	833	99	96	dı 	73.800000
427	9	Si4b4	B4b4	310	310	1	8	417	95	96		74.000000
428	53			0	0	0	0	0	0	0		74.000000
429	9	Do5#4	C5#4	322	322	1	16	208	99	96	be	74.100000
430	9	Si4b4	B4b4	310	310	1	16	208	99	96		74.200000
431	9	Si4b4	B4b4	310	310	1	16	208	99	96		74.300000
432	9	Re5	D5	327	327	1	16	208	95	96		74.400000
433	9	Re5	D5	327	327	3	8	1250	95	96	ni  	75.000000
434	53			0	0	0	0	0	0	0		75.000000
435	9	Do5#4	C5#4	322	322	1	8	417	99	96	Taş	75.200000
436	9	Re5	D5	327	327	1	8	417	95	96		75.400000
437	9	Mi5	E5	336	336	4	16	833	99	96	la	75.800000
438	9	Mi5	E5	336	336	1	16	208	99	96		75.900000
439	9	Re5	D5	327	327	1	16	208	95	96		76.000000
440	9	Re5	D5	327	327	5	8	2083	95	96	ra 	77.000000
441	53			0	0	0	0	0	0	0		77.000000
442	9	Re5	D5	327	327	1	16	208	99	96	çal	77.100000
443	9	Do5#4	C5#4	322	322	1	16	208	99	96		77.200000
444	9	Re5	D5	327	327	1	16	208	99	96		77.300000
445	9	Mi5	E5	336	336	1	16	208	95	96		77.400000
446	12	Do5#4	C5#4	322	322	4	16	833	99	96	dı 	77.800000
447	9	Si4b4	B4b4	310	310	1	8	417	95	96		78.000000
448	53			0	0	0	0	0	0	0		78.000000
449	9	Do5#4	C5#4	322	322	1	16	208	99	96	be	78.100000
450	9	Si4b4	B4b4	310	310	1	16	208	99	96		78.200000
451	9	Si4b4	B4b4	310	310	1	16	208	99	96		78.300000
452	9	Re5	D5	327	327	1	16	208	95	96		78.400000
453	9	Re5	D5	327	327	3	8	1250	95	96	ni  	79.000000
454	53			0	0	0	0	0	0	0		79.000000
455	9	Do5#4	C5#4	322	322	1	8	417	99	96	Yâr	79.200000
456	9	Re5	D5	327	327	1	8	417	95	96		79.400000
457	9	Mi5	E5	336	336	3	8	1250	95	96	dan 	80.000000
458	53			0	0	0	0	0	0	0		80.000000
459	9	Mi5	E5	336	336	1	8	417	99	96	a	80.200000
460	9	Re5	D5	327	327	1	8	417	95	96		80.400000
461	9	Sol5	G5	349	349	4	16	833	99	96	yır	80.800000
462	9	Sol5	G5	349	349	1	16	208	99	96		80.900000
463	9	Fa5	F5	340	340	1	16	208	95	96		81.000000
464	9	Fa5	F5	340	340	1	8	417	99	96	dı 	81.200000
465	7	Mi5	E5	336	336	2	16	417	95	96		81.400000
466	9	Re5	D5	327	327	1	16	208	99	96	fe	81.500000
467	9	Do5#4	C5#4	322	322	1	16	208	99	96		81.600000
468	9	Si4b4	B4b4	310	310	1	16	208	99	96		81.700000
469	9	La4	A4	305	305	1	16	208	99	96		81.800000
470	9	Re5	D5	327	327	1	16	208	99	96		81.900000
471	9	Do5#4	C5#4	322	322	1	16	208	95	96		82.000000
472	9	Do5#4	C5#4	322	322	4	16	833	95	96	lek  	82.400000
473	8	Re5	D5	327	327	0	0	0	95	96		82.400000
474	53			0	0	0	0	0	0	0		82.400000
475	9	Do5#4	C5#4	322	322	1	8	417	95	96	SAZ	82.600000
476	9	Si4b4	B4b4	310	310	1	8	417	95	96	.	82.800000
477	9	La4	A4	305	305	1	8	417	95	96	.	83.000000
478	53			0	0	0	0	0	0	0		83.000000
479	9	Si4b4	B4b4	310	310	2	16	417	99	96	Gur	83.200000
480	9	La4	A4	305	305	1	16	208	99	96		83.300000
481	9	Si4b4	B4b4	310	310	1	16	208	95	96		83.400000
482	9	La4	A4	305	305	1	8	417	99	96	be	83.600000
483	9	La4	A4	305	305	1	8	417	99	96		83.800000
484	9	Sol4	G4	296	296	1	8	417	95	96		84.000000
485	9	La4	A4	305	305	1	8	417	99	96	te 	84.200000
486	9	Si4b4	B4b4	310	310	1	8	417	95	96		84.400000
487	9	Do5#4	C5#4	322	322	2	16	417	99	96	sal	84.600000
488	9	Si4b4	B4b4	310	310	1	8	417	99	96		84.800000
489	9	Do5#4	C5#4	322	322	1	16	208	99	96		84.900000
490	9	Re5	D5	327	327	1	16	208	95	96		85.000000
491	9	Do5#4	C5#4	322	322	1	16	208	99	96	dı 	85.100000
492	9	Si4b4	B4b4	310	310	1	16	208	99	96		85.200000
493	9	La4	A4	305	305	1	16	208	99	96		85.300000
494	9	Si4b4	B4b4	310	310	1	16	208	95	96		85.400000
495	9	La4	A4	305	305	3	8	1250	95	96	be	86.000000
496	53			0	0	0	0	0	0	0		86.000000
497	9	La4	A4	305	305	1	4	833	95	96	ni  	86.400000
498	9	La4	A4	305	305	1	16	208	95	96	SAZ	86.500000
499	9	Si4b4	B4b4	310	310	1	16	208	95	96	.	86.600000
500	9	Do5#4	C5#4	322	322	1	16	208	95	96	.	86.700000
501	9	Re5	D5	327	327	1	16	208	95	96	.	86.800000
502	9	Mi5	E5	336	336	1	8	417	95	96	.	87.000000
503	9	Do5#4	C5#4	322	322	1	8	417	99	96	Yâr	87.200000
504	9	Re5	D5	327	327	1	8	417	95	96		87.400000
505	9	Mi5	E5	336	336	3	8	1250	95	96	dan 	88.000000
506	53			0	0	0	0	0	0	0		88.000000
507	9	Mi5	E5	336	336	1	8	417	99	96	a	88.200000
508	9	Re5	D5	327	327	1	8	417	95	96		88.400000
509	9	Sol5	G5	349	349	4	16	833	99	96	yır	88.800000
510	9	Sol5	G5	349	349	1	16	208	99	96		88.900000
511	9	Fa5	F5	340	340	1	16	208	95	96		89.000000
512	9	Fa5	F5	340	340	1	8	417	99	96	dı 	89.200000
513	7	Mi5	E5	336	336	2	16	417	95	96		89.400000
514	9	Re5	D5	327	327	1	16	208	99	96	fe	89.500000
515	9	Do5#4	C5#4	322	322	1	16	208	99	96		89.600000
516	9	Si4b4	B4b4	310	310	1	16	208	99	96		89.700000
517	9	La4	A4	305	305	1	16	208	99	96		89.800000
518	9	Re5	D5	327	327	1	16	208	99	96		89.900000
519	9	Do5#4	C5#4	322	322	1	16	208	95	96		90.000000
520	9	Do5#4	C5#4	322	322	4	16	833	95	96	lek  	90.400000
521	8	Re5	D5	327	327	0	0	0	95	96		90.400000
522	53			0	0	0	0	0	0	0		90.400000
523	9	Do5#4	C5#4	322	322	1	8	417	95	96	SAZ	90.600000
524	9	Si4b4	B4b4	310	310	1	8	417	95	96	.	90.800000
525	9	La4	A4	305	305	1	8	417	95	96	.	91.000000
526	53			0	0	0	0	0	0	0		91.000000
527	9	Si4b4	B4b4	310	310	2	16	417	99	96	Gur	91.200000
528	9	La4	A4	305	305	1	16	208	99	96		91.300000
529	9	Si4b4	B4b4	310	310	1	16	208	95	96		91.400000
530	9	La4	A4	305	305	1	8	417	99	96	be	91.600000
531	9	La4	A4	305	305	1	8	417	99	96		91.800000
532	9	Sol4	G4	296	296	1	8	417	95	96		92.000000
533	9	La4	A4	305	305	1	8	417	99	96	te 	92.200000
534	9	Si4b4	B4b4	310	310	1	8	417	95	96		92.400000
535	9	Do5#4	C5#4	322	322	2	16	417	99	96	sal	92.600000
536	9	Si4b4	B4b4	310	310	1	8	417	99	96		92.800000
537	9	Do5#4	C5#4	322	322	1	16	208	99	96		92.900000
538	9	Re5	D5	327	327	1	16	208	95	96		93.000000
539	9	Do5#4	C5#4	322	322	1	16	208	99	96	dı 	93.100000
540	9	Si4b4	B4b4	310	310	1	16	208	99	96		93.200000
541	9	La4	A4	305	305	1	16	208	99	96		93.300000
542	9	Si4b4	B4b4	310	310	1	16	208	95	96		93.400000
543	9	La4	A4	305	305	3	8	1250	95	96	be	94.000000
544	53			0	0	0	0	0	0	0		94.000000
545	53			0	0	0	0	0	0	0		94.000000
546	9	La4	A4	305	305	3	32	312	95	96	ni  	94.150000
547	9	Do5#4	C5#4	322	322	1	32	104	95	96	SAZ	94.200000
548	9	Si4b4	B4b4	310	310	1	16	208	95	96	.	94.300000
549	9	La4	A4	305	305	1	16	208	95	96	.	94.400000
550	9	Sol4	G4	296	296	1	16	208	95	96	.	94.500000
551	9	La4	A4	305	305	1	16	208	95	96	.	94.600000
552	9	Si4b4	B4b4	310	310	1	16	208	95	96	.	94.700000
553	9	Do5#4	C5#4	322	322	1	16	208	95	96	.	94.800000
554	9	Re5	D5	327	327	1	8	417	95	96	.	95.000000
555	8	Do5#4	C5#4	322	322	0	0	0	95	96		95.000000
556	9	Re5	D5	327	327	1	4	833	95	96	Yol 	95.400000
557	9	Re5	D5	327	327	1	8	417	95	96	ve	95.600000
558	7	Re5	D5	327	327	2	8	833	95	96	rin 	96.000000
559	53			0	0	0	0	0	0	0		96.000000
560	9	Re5	D5	327	327	3	32	312	95	96	SAZ	96.150000
561	9	Do5#4	C5#4	322	322	1	32	104	95	96	.	96.200000
562	9	Re5	D5	327	327	1	16	208	95	96	.	96.300000
563	9	Mi5	E5	336	336	1	16	208	95	96	.	96.400000
564	8	Mi5	E5	336	336	0	0	0	95	96	.	96.400000
565	9	Re5	D5	327	327	1	8	417	95	96	.	96.600000
566	9	Do5#4	C5#4	322	322	1	8	417	95	96	.	96.800000
567	9	Si4b4	B4b4	310	310	1	8	417	95	96	.	97.000000
568	53			0	0	0	0	0	0	0		97.000000
569	9	Re5	D5	327	327	2	16	417	99	96	ge	97.200000
570	9	Do5#4	C5#4	322	322	2	16	417	95	96		97.400000
571	9	Si4b4	B4b4	310	310	1	8	417	99	96	çe	97.600000
572	9	La4	A4	305	305	1	8	417	99	96		97.800000
573	9	Si4b4	B4b4	310	310	1	16	208	99	96		97.900000
574	9	Re5	D5	327	327	1	16	208	95	96		98.000000
575	9	Do5#4	C5#4	322	322	1	4	833	99	96	yim  	98.400000
576	9	Do5#4	C5#4	322	322	1	8	417	99	96		98.600000
577	9	Si4b4	B4b4	310	310	1	8	417	99	96		98.800000
578	9	La4	A4	305	305	1	8	417	95	96		99.000000
579	53			0	0	0	0	0	0	0		99.000000
580	9	La4	A4	305	305	1	8	417	99	96	Du	99.200000
581	9	Si4b4	B4b4	310	310	1	8	417	95	96		99.400000
582	9	Do5#4	C5#4	322	322	2	16	417	99	96	man	99.600000
583	9	Si4b4	B4b4	310	310	1	8	417	99	96		99.800000
584	9	Do5#4	C5#4	322	322	1	16	208	99	96		99.900000
585	9	Re5	D5	327	327	1	16	208	95	96		100.000000
586	9	Do5#4	C5#4	322	322	1	16	208	99	96	lı 	100.100000
587	9	Si4b4	B4b4	310	310	1	16	208	99	96		100.200000
588	9	La4	A4	305	305	1	16	208	99	96		100.300000
589	9	Si4b4	B4b4	310	310	1	16	208	95	96		100.400000
590	9	La4	A4	305	305	3	8	1250	95	96	dağ	101.000000
591	53			0	0	0	0	0	0	0		101.000000
592	9	La4	A4	305	305	5	8	2083	95	96	lar  	102.000000
593	53			0	0	0	0	0	0	0		102.000000
594	9	La4	A4	305	305	3	32	312	95	96	SAZ	102.150000
595	9	Do5#4	C5#4	322	322	1	32	104	95	96	.	102.200000
596	9	Si4b4	B4b4	310	310	1	16	208	95	96	.	102.300000
597	9	La4	A4	305	305	1	16	208	95	96	.	102.400000
598	9	Sol4	G4	296	296	1	16	208	95	96	.	102.500000
599	9	La4	A4	305	305	1	16	208	95	96	.	102.600000
600	9	Si4b4	B4b4	310	310	1	16	208	95	96	.	102.700000
601	9	Do5#4	C5#4	322	322	1	16	208	95	96	.	102.800000
602	9	Re5	D5	327	327	1	8	417	95	96	.	103.000000
603	8	Do5#4	C5#4	322	322	0	0	0	95	96		103.000000
604	53			0	0	0	0	0	0	0		103.000000
605	9	Re5	D5	327	327	1	4	833	95	96	Dağ	103.400000
606	9	Re5	D5	327	327	1	8	417	95	96	la	103.600000
607	7	Re5	D5	327	327	2	8	833	95	96	rın 	104.000000
608	53			0	0	0	0	0	0	0		104.000000
609	9	Re5	D5	327	327	3	32	312	95	96	SAZ	104.150000
610	9	Do5#4	C5#4	322	322	1	32	104	95	96	.	104.200000
611	9	Re5	D5	327	327	1	16	208	95	96	.	104.300000
612	9	Mi5	E5	336	336	1	16	208	95	96	.	104.400000
613	8	Mi5	E5	336	336	0	0	0	95	96	.	104.400000
614	9	Re5	D5	327	327	1	8	417	95	96	.	104.600000
615	9	Do5#4	C5#4	322	322	1	8	417	95	96	.	104.800000
616	9	Si4b4	B4b4	310	310	1	8	417	95	96	.	105.000000
617	9	Re5	D5	327	327	2	16	417	99	96	ar	105.200000
618	9	Do5#4	C5#4	322	322	2	16	417	95	96		105.400000
619	9	Si4b4	B4b4	310	310	1	8	417	99	96	dın	105.600000
620	9	La4	A4	305	305	1	8	417	99	96		105.800000
621	9	Si4b4	B4b4	310	310	1	16	208	99	96		105.900000
622	9	Re5	D5	327	327	1	16	208	95	96		106.000000
623	9	Do5#4	C5#4	322	322	1	4	833	99	96	dan  	106.400000
624	9	Do5#4	C5#4	322	322	1	8	417	99	96		106.600000
625	9	Si4b4	B4b4	310	310	1	8	417	99	96		106.800000
626	9	La4	A4	305	305	1	8	417	95	96		107.000000
627	53			0	0	0	0	0	0	0		107.000000
628	9	La4	A4	305	305	1	8	417	99	96	Naz	107.200000
629	9	Si4b4	B4b4	310	310	1	8	417	95	96		107.400000
630	9	Do5#4	C5#4	322	322	2	16	417	99	96	lı 	107.600000
631	9	Si4b4	B4b4	310	310	1	8	417	99	96		107.800000
632	9	Do5#4	C5#4	322	322	1	16	208	99	96		107.900000
633	9	Re5	D5	327	327	1	16	208	95	96		108.000000
634	9	Do5#4	C5#4	322	322	1	16	208	99	96	yâr 	108.100000
635	9	Si4b4	B4b4	310	310	1	16	208	99	96		108.200000
636	9	La4	A4	305	305	1	16	208	99	96		108.300000
637	9	Si4b4	B4b4	310	310	1	16	208	95	96		108.400000
638	9	La4	A4	305	305	3	8	1250	95	96	ağ	109.000000
639	9	La4	A4	305	305	5	8	2083	95	96	lar  	110.000000
640	53			0	0	0	0	0	0	0		110.000000
