Sýra	Kod	Nota53	NotaAE	Koma53	KomaAE	Pay	Payda	Ms	LNS	VelOn	Söz-1
1	9	La4	A4	305	305	1	4	769	95	96	ARANAÐME 
2	9	La4	A4	305	305	3	16	577	95	96	.
3	9	Fa5	F5	340	340	1	16	192	95	96	.
4	9	Mi5	E5	336	336	1	16	192	95	96	.
5	9	Re5	D5	327	327	1	16	192	95	96	.
6	9	Do5#4	C5#4	322	322	1	16	192	95	96	.
7	9	Si4b4	B4b4	310	310	1	16	192	95	96	.
8	9	Do5#4	C5#4	322	322	1	16	192	95	96	.
9	9	Re5	D5	327	327	1	16	192	95	96	.
10	9	Mi5	E5	336	336	2	8	770	95	96	.
11	9	Re5	D5	327	327	1	8	385	95	96	.
12	9	Mi5	E5	336	336	1	16	192	95	96	.
13	9	Fa5#4	F5#4	344	344	1	16	192	95	96	.
14	9	Sol5	G5	349	349	1	8	385	95	96	.
15	9	Fa5	F5	340	340	1	16	192	95	96	.
16	9	Mi5	E5	336	336	1	16	192	95	96	.
17	9	Mi5	E5	336	336	1	16	192	95	96	.
18	9	Re5	D5	327	327	1	16	192	95	96	.
19	9	Re5	D5	327	327	1	16	192	95	96	.
20	9	Do5#4	C5#4	322	322	1	16	192	95	96	.
21	9	Re5	D5	327	327	3	8	1154	95	96	.
22	9	Do5#4	C5#4	322	322	1	16	192	95	96	.
23	9	Re5	D5	327	327	1	16	192	95	96	.
24	9	Mi5	E5	336	336	1	16	192	95	96	.
25	9	Fa5#4	F5#4	344	344	1	16	192	95	96	.
26	9	Sol5	G5	349	349	1	8	385	95	96	.
27	9	Fa5	F5	340	340	1	16	192	95	96	.
28	9	Mi5	E5	336	336	1	16	192	95	96	.
29	9	Fa5	F5	340	340	1	8	385	95	96	.
30	9	Mi5	E5	336	336	1	16	192	95	96	.
31	9	Re5	D5	327	327	1	16	192	95	96	.
32	9	Do5#4	C5#4	322	322	1	16	192	95	96	.
33	9	Re5	D5	327	327	1	16	192	95	96	.
34	9	Do5#4	C5#4	322	322	1	16	192	95	96	.
35	9	Si4b4	B4b4	310	310	1	16	192	95	96	.
36	9	La4	A4	305	305	1	16	192	95	96	.
37	9	Sol4	G4	296	296	1	16	192	95	96	.
38	9	La4	A4	305	305	1	8	385	95	96	.
39	9	Si4b4	B4b4	310	310	1	16	192	95	96	.
40	9	La4	A4	305	305	1	16	192	95	96	.
41	9	Mi5	E5	336	336	1	8	385	95	96	.
42	9	Re5	D5	327	327	1	16	192	95	96	.
43	9	Do5#4	C5#4	322	322	1	16	192	95	96	.
44	9	Do5#4	C5#4	322	322	1	16	192	95	96	.
45	9	Si4b4	B4b4	310	310	1	16	192	95	96	.
46	9	Si4b4	B4b4	310	310	1	16	192	95	96	.
47	9	La4	A4	305	305	1	16	192	95	96	.
48	9	La4	A4	305	305	1	4	769	95	96	.
49	9	Si4b4	B4b4	310	310	1	16	192	95	96	.
50	9	Do5#4	C5#4	322	322	1	16	192	95	96	.
51	9	La4	A4	305	305	1	4	769	95	96	ARANAÐME 
52	9	La4	A4	305	305	3	16	577	95	96	.
53	9	Fa5	F5	340	340	1	16	192	95	96	.
54	9	Mi5	E5	336	336	1	16	192	95	96	.
55	9	Re5	D5	327	327	1	16	192	95	96	.
56	9	Do5#4	C5#4	322	322	1	16	192	95	96	.
57	9	Si4b4	B4b4	310	310	1	16	192	95	96	.
58	9	Do5#4	C5#4	322	322	1	16	192	95	96	.
59	9	Re5	D5	327	327	1	16	192	95	96	.
60	9	Mi5	E5	336	336	2	8	770	95	96	.
61	9	Re5	D5	327	327	1	8	385	95	96	.
62	9	Mi5	E5	336	336	1	16	192	95	96	.
63	9	Fa5#4	F5#4	344	344	1	16	192	95	96	.
64	9	Sol5	G5	349	349	1	8	385	95	96	.
65	9	Fa5	F5	340	340	1	16	192	95	96	.
66	9	Mi5	E5	336	336	1	16	192	95	96	.
67	9	Mi5	E5	336	336	1	16	192	95	96	.
68	9	Re5	D5	327	327	1	16	192	95	96	.
69	9	Re5	D5	327	327	1	16	192	95	96	.
70	9	Do5#4	C5#4	322	322	1	16	192	95	96	.
71	9	Re5	D5	327	327	3	8	1154	95	96	.
72	9	Do5#4	C5#4	322	322	1	16	192	95	96	.
73	9	Re5	D5	327	327	1	16	192	95	96	.
74	9	Mi5	E5	336	336	1	16	192	95	96	.
75	9	Fa5#4	F5#4	344	344	1	16	192	95	96	.
76	9	Sol5	G5	349	349	1	8	385	95	96	.
77	9	Fa5	F5	340	340	1	16	192	95	96	.
78	9	Mi5	E5	336	336	1	16	192	95	96	.
79	9	Fa5	F5	340	340	1	8	385	95	96	.
80	9	Mi5	E5	336	336	1	16	192	95	96	.
81	9	Re5	D5	327	327	1	16	192	95	96	.
82	9	Do5#4	C5#4	322	322	1	16	192	95	96	.
83	9	Re5	D5	327	327	1	16	192	95	96	.
84	9	Do5#4	C5#4	322	322	1	16	192	95	96	.
85	9	Si4b4	B4b4	310	310	1	16	192	95	96	.
86	9	La4	A4	305	305	1	16	192	95	96	.
87	9	Sol4	G4	296	296	1	16	192	95	96	.
88	9	La4	A4	305	305	1	8	385	95	96	.
89	9	Si4b4	B4b4	310	310	1	16	192	95	96	.
90	9	La4	A4	305	305	1	16	192	95	96	.
91	9	Mi5	E5	336	336	1	8	385	95	96	.
92	9	Re5	D5	327	327	1	16	192	95	96	.
93	9	Do5#4	C5#4	322	322	1	16	192	95	96	.
94	9	Do5#4	C5#4	322	322	1	16	192	95	96	.
95	9	Si4b4	B4b4	310	310	1	16	192	95	96	.
96	9	Si4b4	B4b4	310	310	1	16	192	95	96	.
97	9	La4	A4	305	305	1	16	192	95	96	.
98	9	La4	A4	305	305	1	4	769	95	96	.
99	9	Si4b4	B4b4	310	310	1	16	192	95	96	.
100	9	Do5#4	C5#4	322	322	1	16	192	95	96	.
101	9	La4	A4	305	305	1	4	769	95	96	.
102	9	La4	A4	305	305	3	16	577	95	96	Mâh 
103	9	Fa5	F5	340	340	1	16	192	95	96	yü
104	9	Mi5	E5	336	336	1	16	192	99	96	zü
105	9	Re5	D5	327	327	1	16	192	99	96	
106	9	Do5#4	C5#4	322	322	1	16	192	99	96	
107	9	Si4b4	B4b4	310	310	1	16	192	95	96	
108	9	Do5#4	C5#4	322	322	1	16	192	99	96	ne 
109	9	Re5	D5	327	327	1	16	192	99	96	
110	9	Mi5	E5	336	336	2	8	770	95	96	
111	9	Mi5	E5	336	336	1	16	192	99	96	â
112	9	Fa5	F5	340	340	1	16	192	99	96	
113	9	Mi5	E5	336	336	1	16	192	99	96	
114	9	Re5	D5	327	327	1	16	192	95	96	
115	9	Sol5	G5	349	349	3	16	577	99	96	þý
116	9	Fa5	F5	340	340	1	16	192	95	96	
117	9	Fa5	F5	340	340	1	16	192	99	96	ka
118	9	Mi5	E5	336	336	1	16	192	99	96	
119	9	Re5	D5	327	327	1	24	128	99	96	
120	9	Do5#4	C5#4	322	322	1	24	128	99	96	
121	9	Re5	D5	327	327	1	24	128	95	96	
122	9	Sol5	G5	349	349	1	4	769	99	96	ným  
123	9	Fa5	F5	340	340	1	16	192	99	96	
124	9	Mi5	E5	336	336	1	16	192	99	96	
125	9	Re5	D5	327	327	1	16	192	99	96	
126	9	Do5#4	C5#4	322	322	1	16	192	99	96	
127	9	Si4b4	B4b4	310	310	1	16	192	99	96	
128	9	La4	A4	305	305	2	16	384	95	96	
129	9	Do5#4	C5#4	322	322	1	8	385	95	96	Ta
130	9	Re5	D5	327	327	1	16	192	95	96	ze 
131	9	Do5#4	C5#4	322	322	1	16	192	99	96	bit
132	9	Si4b4	B4b4	310	310	1	16	192	99	96	
133	9	La4	A4	305	305	1	16	192	99	96	
134	9	Sol4	G4	296	296	1	16	192	95	96	
135	9	Do5#4	C5#4	322	322	1	8	385	99	96	miþ 
136	9	Re5	D5	327	327	1	4	769	95	96	
137	9	Do5#4	C5#4	322	322	1	8	385	99	96	gül 
138	9	Si4b4	B4b4	310	310	1	16	192	99	96	
139	9	La4	A4	305	305	1	16	192	99	96	
140	9	Mi5	E5	336	336	1	8	385	95	96	
141	9	Re5	D5	327	327	1	16	192	99	96	fi
142	9	Do5#4	C5#4	322	322	1	16	192	95	96	
143	9	Do5#4	C5#4	322	322	1	16	192	99	96	da
144	9	Si4b4	B4b4	310	310	1	16	192	99	96	
145	9	Si4b4	B4b4	310	310	1	16	192	99	96	
146	9	La4	A4	305	305	1	16	192	95	96	
147	9	La4	A4	305	305	1	4	769	99	96	ným  
148	9	Si4b4	B4b4	310	310	1	16	192	99	96	
149	9	Do5#4	C5#4	322	322	1	16	192	95	96	
150	9	La4	A4	305	305	1	4	769	95	96	.
151	9	La4	A4	305	305	3	16	577	95	96	Mâh 
152	9	Fa5	F5	340	340	1	16	192	95	96	yü
153	9	Mi5	E5	336	336	1	16	192	99	96	zü
154	9	Re5	D5	327	327	1	16	192	99	96	
155	9	Do5#4	C5#4	322	322	1	16	192	99	96	
156	9	Si4b4	B4b4	310	310	1	16	192	95	96	
157	9	Do5#4	C5#4	322	322	1	16	192	99	96	ne 
158	9	Re5	D5	327	327	1	16	192	99	96	
159	9	Mi5	E5	336	336	2	8	770	95	96	
160	9	Mi5	E5	336	336	1	16	192	99	96	â
161	9	Fa5	F5	340	340	1	16	192	99	96	
162	9	Mi5	E5	336	336	1	16	192	99	96	
163	9	Re5	D5	327	327	1	16	192	95	96	
164	9	Sol5	G5	349	349	3	16	577	99	96	þý
165	9	Fa5	F5	340	340	1	16	192	95	96	
166	9	Fa5	F5	340	340	1	16	192	99	96	ka
167	9	Mi5	E5	336	336	1	16	192	99	96	
168	9	Re5	D5	327	327	1	24	128	99	96	
169	9	Do5#4	C5#4	322	322	1	24	128	99	96	
170	9	Re5	D5	327	327	1	24	128	95	96	
171	9	Sol5	G5	349	349	1	4	769	99	96	ným  
172	9	Fa5	F5	340	340	1	16	192	99	96	
173	9	Mi5	E5	336	336	1	16	192	99	96	
174	9	Re5	D5	327	327	1	16	192	99	96	
175	9	Do5#4	C5#4	322	322	1	16	192	99	96	
176	9	Si4b4	B4b4	310	310	1	16	192	99	96	
177	9	La4	A4	305	305	2	16	384	95	96	
178	9	Do5#4	C5#4	322	322	1	8	385	95	96	Ta
179	9	Re5	D5	327	327	1	16	192	95	96	ze 
180	9	Do5#4	C5#4	322	322	1	16	192	99	96	bit
181	9	Si4b4	B4b4	310	310	1	16	192	99	96	
182	9	La4	A4	305	305	1	16	192	99	96	
183	9	Sol4	G4	296	296	1	16	192	95	96	
184	9	Do5#4	C5#4	322	322	1	8	385	99	96	miþ 
185	9	Re5	D5	327	327	1	4	769	95	96	
186	9	Do5#4	C5#4	322	322	1	8	385	99	96	gül 
187	9	Si4b4	B4b4	310	310	1	16	192	99	96	
188	9	La4	A4	305	305	1	16	192	99	96	
189	9	Mi5	E5	336	336	1	8	385	95	96	
190	9	Re5	D5	327	327	1	16	192	99	96	fi
191	9	Do5#4	C5#4	322	322	1	16	192	95	96	
192	9	Do5#4	C5#4	322	322	1	16	192	99	96	da
193	9	Si4b4	B4b4	310	310	1	16	192	99	96	
194	9	Si4b4	B4b4	310	310	1	16	192	99	96	
195	9	La4	A4	305	305	1	16	192	95	96	
196	9	La4	A4	305	305	1	4	769	99	96	ným  
197	9	Si4b4	B4b4	310	310	1	16	192	99	96	
198	9	Do5#4	C5#4	322	322	1	16	192	95	96	
199	9	La5	A5	358	358	1	4	769	95	96	E
200	9	Mi5	E5	336	336	1	4	769	95	96	fen
201	9	Do6	C6	371	371	1	16	192	99	96	dim 
202	9	Si5	B5	367	367	1	16	192	99	96	
203	9	La5	A5	358	358	1	16	192	99	96	
204	9	Si5	B5	367	367	1	16	192	95	96	
205	9	Sol5#4	G#4	353	353	1	8	385	99	96	naz
206	9	La5	A5	358	358	1	4	769	95	96	
207	9	La5	A5	358	358	1	16	192	99	96	lý 
208	9	Sol5	G5	349	349	1	16	192	99	96	
209	8	Si5b4	B5b4	363	363	1	128	24	99	96	
210	9	La5	A5	358	358	1	16	192	99	96	
211	9	Sol5	G5	349	349	1	16	192	95	96	
212	9	Sol5	G5	349	349	1	16	192	99	96	câ
213	9	Fa5#4	F5#4	344	344	1	16	192	99	96	
214	8	La5	A5	358	358	1	128	24	99	96	
215	9	Sol5	G5	349	349	1	16	192	99	96	
216	9	Fa5#4	F5#4	344	344	1	16	192	95	96	
217	9	Fa5#4	F5#4	344	344	1	16	192	99	96	nâ
218	9	Mi5	E5	336	336	1	16	192	99	96	
219	9	Mi5	E5	336	336	1	16	192	99	96	
220	9	Fa5#4	F5#4	344	344	1	16	192	95	96	
221	9	Sol5	G5	349	349	1	8	385	99	96	ným  
222	9	La5	A5	358	358	1	16	192	99	96	
223	9	Sol5	G5	349	349	1	16	192	99	96	
224	9	Fa5#4	F5#4	344	344	1	16	192	99	96	
225	9	Mi5	E5	336	336	1	16	192	99	96	
226	9	Re5	D5	327	327	3	8	1154	95	96	
227	9	Re5	D5	327	327	1	16	192	95	96	Se
228	9	Mi5	E5	336	336	1	16	192	95	96	ni 
229	9	Fa5#4	F5#4	344	344	1	16	192	99	96	ga
230	9	Sol5	G5	349	349	1	16	192	99	96	
231	9	Mi5	E5	336	336	1	16	192	99	96	
232	9	Sol5	G5	349	349	1	16	192	95	96	
233	9	Fa5#4	F5#4	344	344	3	8	1154	95	96	yet 
234	9	Re5	D5	327	327	1	4	769	95	96	sev
235	9	Sol5	G5	349	349	3	16	577	99	96	di 
236	9	Fa5#4	F5#4	344	344	1	16	192	95	96	
237	9	Fa5#4	F5#4	344	344	1	16	192	99	96	câ
238	9	Mi5	E5	336	336	1	16	192	99	96	
239	9	Re5	D5	327	327	1	24	128	99	96	
240	9	Do5#4	C5#4	322	322	1	24	128	99	96	
241	9	Re5	D5	327	327	1	24	128	95	96	
242	9	Sol5	G5	349	349	1	4	769	99	96	ným  
243	9	Fa5	F5	340	340	1	16	192	99	96	
244	9	Mi5	E5	336	336	1	16	192	99	96	
245	9	Re5	D5	327	327	1	16	192	99	96	
246	9	Do5#4	C5#4	322	322	1	16	192	99	96	
247	9	Si4b4	B4b4	310	310	1	16	192	99	96	
248	9	La4	A4	305	305	3	16	577	95	96	
249	9	Do5#4	C5#4	322	322	1	16	192	95	96	Se
250	9	Re5	D5	327	327	1	16	192	95	96	ve
251	9	Do5#4	C5#4	322	322	1	16	192	99	96	rim 
252	9	Si4b4	B4b4	310	310	1	16	192	99	96	
253	9	La4	A4	305	305	1	16	192	99	96	
254	9	Sol4	G4	296	296	1	16	192	95	96	
255	9	Do5#4	C5#4	322	322	1	8	385	99	96	yok
256	9	Re5	D5	327	327	1	4	769	95	96	
257	9	Do5#4	C5#4	322	322	1	8	385	99	96	tur 
258	9	Si4b4	B4b4	310	310	1	16	192	99	96	
259	9	La4	A4	305	305	1	16	192	99	96	
260	9	Mi5	E5	336	336	1	8	385	95	96	
261	9	Re5	D5	327	327	1	16	192	99	96	ya
262	9	Do5#4	C5#4	322	322	1	16	192	95	96	
263	9	Do5#4	C5#4	322	322	1	16	192	99	96	la
264	9	Si4b4	B4b4	310	310	1	16	192	99	96	
265	9	Si4b4	B4b4	310	310	1	16	192	99	96	
266	9	La4	A4	305	305	1	16	192	95	96	
267	9	La4	A4	305	305	3	8	1154	95	96	ným  
268	9	La5	A5	358	358	1	4	769	95	96	E
269	9	Mi5	E5	336	336	1	4	769	95	96	fen
270	9	Do6	C6	371	371	1	16	192	99	96	dim 
271	9	Si5	B5	367	367	1	16	192	99	96	
272	9	La5	A5	358	358	1	16	192	99	96	
273	9	Si5	B5	367	367	1	16	192	95	96	
274	9	Sol5#4	G#4	353	353	1	8	385	99	96	naz
275	9	La5	A5	358	358	1	4	769	95	96	
276	9	La5	A5	358	358	1	16	192	99	96	lý 
277	9	Sol5	G5	349	349	1	16	192	99	96	
278	8	Si5b4	B5b4	363	363	1	128	24	99	96	
279	9	La5	A5	358	358	1	16	192	99	96	
280	9	Sol5	G5	349	349	1	16	192	95	96	
281	9	Sol5	G5	349	349	1	16	192	99	96	câ
282	9	Fa5#4	F5#4	344	344	1	16	192	99	96	
283	8	La5	A5	358	358	1	128	24	99	96	
284	9	Sol5	G5	349	349	1	16	192	99	96	
285	9	Fa5#4	F5#4	344	344	1	16	192	95	96	
286	9	Fa5#4	F5#4	344	344	1	16	192	99	96	nâ
287	9	Mi5	E5	336	336	1	16	192	99	96	
288	9	Mi5	E5	336	336	1	16	192	99	96	
289	9	Fa5#4	F5#4	344	344	1	16	192	95	96	
290	9	Sol5	G5	349	349	1	8	385	99	96	ným  
291	9	La5	A5	358	358	1	16	192	99	96	
292	9	Sol5	G5	349	349	1	16	192	99	96	
293	9	Fa5#4	F5#4	344	344	1	16	192	99	96	
294	9	Mi5	E5	336	336	1	16	192	99	96	
295	9	Re5	D5	327	327	3	8	1154	95	96	
296	9	Re5	D5	327	327	1	16	192	95	96	Se
297	9	Mi5	E5	336	336	1	16	192	95	96	ni 
298	9	Fa5#4	F5#4	344	344	1	16	192	99	96	ga
299	9	Sol5	G5	349	349	1	16	192	99	96	
300	9	Mi5	E5	336	336	1	16	192	99	96	
301	9	Sol5	G5	349	349	1	16	192	95	96	
302	9	Fa5#4	F5#4	344	344	3	8	1154	95	96	yet 
303	9	Re5	D5	327	327	1	4	769	95	96	sev
304	9	Sol5	G5	349	349	3	16	577	99	96	di 
305	9	Fa5#4	F5#4	344	344	1	16	192	95	96	
306	9	Fa5#4	F5#4	344	344	1	16	192	99	96	câ
307	9	Mi5	E5	336	336	1	16	192	99	96	
308	9	Re5	D5	327	327	1	24	128	99	96	
309	9	Do5#4	C5#4	322	322	1	24	128	99	96	
310	9	Re5	D5	327	327	1	24	128	95	96	
311	9	Sol5	G5	349	349	1	4	769	99	96	ným  
312	9	Fa5	F5	340	340	1	16	192	99	96	
313	9	Mi5	E5	336	336	1	16	192	99	96	
314	9	Re5	D5	327	327	1	16	192	99	96	
315	9	Do5#4	C5#4	322	322	1	16	192	99	96	
316	9	Si4b4	B4b4	310	310	1	16	192	99	96	
317	9	La4	A4	305	305	3	16	577	95	96	
318	9	Do5#4	C5#4	322	322	1	16	192	95	96	Se
319	9	Re5	D5	327	327	1	16	192	95	96	ve
320	9	Do5#4	C5#4	322	322	1	16	192	99	96	rim 
321	9	Si4b4	B4b4	310	310	1	16	192	99	96	
322	9	La4	A4	305	305	1	16	192	99	96	
323	9	Sol4	G4	296	296	1	16	192	95	96	
324	9	Do5#4	C5#4	322	322	1	8	385	99	96	yok
325	9	Re5	D5	327	327	1	4	769	95	96	
326	9	Do5#4	C5#4	322	322	1	8	385	99	96	tur 
327	9	Si4b4	B4b4	310	310	1	16	192	99	96	
328	9	La4	A4	305	305	1	16	192	99	96	
329	9	Mi5	E5	336	336	1	8	385	95	96	
330	9	Re5	D5	327	327	1	16	192	99	96	ya
331	9	Do5#4	C5#4	322	322	1	16	192	95	96	
332	9	Do5#4	C5#4	322	322	1	16	192	99	96	la
333	9	Si4b4	B4b4	310	310	1	16	192	99	96	
334	9	Si4b4	B4b4	310	310	1	16	192	99	96	
335	9	La4	A4	305	305	1	16	192	95	96	
336	9	La4	A4	305	305	3	8	1154	95	96	ným  
337	9	La4	A4	305	305	1	4	769	95	96	ARANAÐME 
338	9	La4	A4	305	305	3	16	577	95	96	.
339	9	Fa5	F5	340	340	1	16	192	95	96	.
340	9	Mi5	E5	336	336	1	16	192	95	96	.
341	9	Re5	D5	327	327	1	16	192	95	96	.
342	9	Do5#4	C5#4	322	322	1	16	192	95	96	.
343	9	Si4b4	B4b4	310	310	1	16	192	95	96	.
344	9	Do5#4	C5#4	322	322	1	16	192	95	96	.
345	9	Re5	D5	327	327	1	16	192	95	96	.
346	9	Mi5	E5	336	336	2	8	770	95	96	.
347	9	Re5	D5	327	327	1	8	385	95	96	.
348	9	Mi5	E5	336	336	1	16	192	95	96	.
349	9	Fa5#4	F5#4	344	344	1	16	192	95	96	.
350	9	Sol5	G5	349	349	1	8	385	95	96	.
351	9	Fa5	F5	340	340	1	16	192	95	96	.
352	9	Mi5	E5	336	336	1	16	192	95	96	.
353	9	Mi5	E5	336	336	1	16	192	95	96	.
354	9	Re5	D5	327	327	1	16	192	95	96	.
355	9	Re5	D5	327	327	1	16	192	95	96	.
356	9	Do5#4	C5#4	322	322	1	16	192	95	96	.
357	9	Re5	D5	327	327	3	8	1154	95	96	.
358	9	Do5#4	C5#4	322	322	1	16	192	95	96	.
359	9	Re5	D5	327	327	1	16	192	95	96	.
360	9	Mi5	E5	336	336	1	16	192	95	96	.
361	9	Fa5#4	F5#4	344	344	1	16	192	95	96	.
362	9	Sol5	G5	349	349	1	8	385	95	96	.
363	9	Fa5	F5	340	340	1	16	192	95	96	.
364	9	Mi5	E5	336	336	1	16	192	95	96	.
365	9	Fa5	F5	340	340	1	8	385	95	96	.
366	9	Mi5	E5	336	336	1	16	192	95	96	.
367	9	Re5	D5	327	327	1	16	192	95	96	.
368	9	Do5#4	C5#4	322	322	1	16	192	95	96	.
369	9	Re5	D5	327	327	1	16	192	95	96	.
370	9	Do5#4	C5#4	322	322	1	16	192	95	96	.
371	9	Si4b4	B4b4	310	310	1	16	192	95	96	.
372	9	La4	A4	305	305	1	16	192	95	96	.
373	9	Sol4	G4	296	296	1	16	192	95	96	.
374	9	La4	A4	305	305	1	8	385	95	96	.
375	9	Si4b4	B4b4	310	310	1	16	192	95	96	.
376	9	La4	A4	305	305	1	16	192	95	96	.
377	9	Mi5	E5	336	336	1	8	385	95	96	.
378	9	Re5	D5	327	327	1	16	192	95	96	.
379	9	Do5#4	C5#4	322	322	1	16	192	95	96	.
380	9	Do5#4	C5#4	322	322	1	16	192	95	96	.
381	9	Si4b4	B4b4	310	310	1	16	192	95	96	.
382	9	Si4b4	B4b4	310	310	1	16	192	95	96	.
383	9	La4	A4	305	305	1	16	192	95	96	.
384	9	La4	A4	305	305	1	4	769	95	96	.
385	9	Si4b4	B4b4	310	310	1	16	192	95	96	.
386	9	Do5#4	C5#4	322	322	1	16	192	95	96	.
387	9	La4	A4	305	305	1	4	769	95	96	ARANAÐME 
388	9	La4	A4	305	305	3	16	577	95	96	.
389	9	Fa5	F5	340	340	1	16	192	95	96	.
390	9	Mi5	E5	336	336	1	16	192	95	96	.
391	9	Re5	D5	327	327	1	16	192	95	96	.
392	9	Do5#4	C5#4	322	322	1	16	192	95	96	.
393	9	Si4b4	B4b4	310	310	1	16	192	95	96	.
394	9	Do5#4	C5#4	322	322	1	16	192	95	96	.
395	9	Re5	D5	327	327	1	16	192	95	96	.
396	9	Mi5	E5	336	336	2	8	770	95	96	.
397	9	Re5	D5	327	327	1	8	385	95	96	.
398	9	Mi5	E5	336	336	1	16	192	95	96	.
399	9	Fa5#4	F5#4	344	344	1	16	192	95	96	.
400	9	Sol5	G5	349	349	1	8	385	95	96	.
401	9	Fa5	F5	340	340	1	16	192	95	96	.
402	9	Mi5	E5	336	336	1	16	192	95	96	.
403	9	Mi5	E5	336	336	1	16	192	95	96	.
404	9	Re5	D5	327	327	1	16	192	95	96	.
405	9	Re5	D5	327	327	1	16	192	95	96	.
406	9	Do5#4	C5#4	322	322	1	16	192	95	96	.
407	9	Re5	D5	327	327	3	8	1154	95	96	.
408	9	Do5#4	C5#4	322	322	1	16	192	95	96	.
409	9	Re5	D5	327	327	1	16	192	95	96	.
410	9	Mi5	E5	336	336	1	16	192	95	96	.
411	9	Fa5#4	F5#4	344	344	1	16	192	95	96	.
412	9	Sol5	G5	349	349	1	8	385	95	96	.
413	9	Fa5	F5	340	340	1	16	192	95	96	.
414	9	Mi5	E5	336	336	1	16	192	95	96	.
415	9	Fa5	F5	340	340	1	8	385	95	96	.
416	9	Mi5	E5	336	336	1	16	192	95	96	.
417	9	Re5	D5	327	327	1	16	192	95	96	.
418	9	Do5#4	C5#4	322	322	1	16	192	95	96	.
419	9	Re5	D5	327	327	1	16	192	95	96	.
420	9	Do5#4	C5#4	322	322	1	16	192	95	96	.
421	9	Si4b4	B4b4	310	310	1	16	192	95	96	.
422	9	La4	A4	305	305	1	16	192	95	96	.
423	9	Sol4	G4	296	296	1	16	192	95	96	.
424	9	La4	A4	305	305	1	8	385	95	96	.
425	9	Si4b4	B4b4	310	310	1	16	192	95	96	.
426	9	La4	A4	305	305	1	16	192	95	96	.
427	9	Mi5	E5	336	336	1	8	385	95	96	.
428	9	Re5	D5	327	327	1	16	192	95	96	.
429	9	Do5#4	C5#4	322	322	1	16	192	95	96	.
430	9	Do5#4	C5#4	322	322	1	16	192	95	96	.
431	9	Si4b4	B4b4	310	310	1	16	192	95	96	.
432	9	Si4b4	B4b4	310	310	1	16	192	95	96	.
433	9	La4	A4	305	305	1	16	192	95	96	.
434	9	La4	A4	305	305	1	4	769	95	96	.
435	9	Si4b4	B4b4	310	310	1	16	192	95	96	.
436	9	Do5#4	C5#4	322	322	1	16	192	95	96	.
437	9	La4	A4	305	305	1	4	769	95	96	.
438	9	La4	A4	305	305	3	16	577	95	96	Mâh 
439	9	Fa5	F5	340	340	1	16	192	95	96	yü
440	9	Mi5	E5	336	336	1	16	192	99	96	zü
441	9	Re5	D5	327	327	1	16	192	99	96	
442	9	Do5#4	C5#4	322	322	1	16	192	99	96	
443	9	Si4b4	B4b4	310	310	1	16	192	95	96	
444	9	Do5#4	C5#4	322	322	1	16	192	99	96	ne 
445	9	Re5	D5	327	327	1	16	192	99	96	
446	9	Mi5	E5	336	336	2	8	770	95	96	
447	9	Mi5	E5	336	336	1	16	192	99	96	â
448	9	Fa5	F5	340	340	1	16	192	99	96	
449	9	Mi5	E5	336	336	1	16	192	99	96	
450	9	Re5	D5	327	327	1	16	192	95	96	
451	9	Sol5	G5	349	349	3	16	577	99	96	þý
452	9	Fa5	F5	340	340	1	16	192	95	96	
453	9	Fa5	F5	340	340	1	16	192	99	96	ka
454	9	Mi5	E5	336	336	1	16	192	99	96	
455	9	Re5	D5	327	327	1	24	128	99	96	
456	9	Do5#4	C5#4	322	322	1	24	128	99	96	
457	9	Re5	D5	327	327	1	24	128	95	96	
458	9	Sol5	G5	349	349	1	4	769	99	96	ným  
459	9	Fa5	F5	340	340	1	16	192	99	96	
460	9	Mi5	E5	336	336	1	16	192	99	96	
461	9	Re5	D5	327	327	1	16	192	99	96	
462	9	Do5#4	C5#4	322	322	1	16	192	99	96	
463	9	Si4b4	B4b4	310	310	1	16	192	99	96	
464	9	La4	A4	305	305	2	16	384	95	96	
465	9	Do5#4	C5#4	322	322	1	8	385	95	96	Ta
466	9	Re5	D5	327	327	1	16	192	95	96	ze 
467	9	Do5#4	C5#4	322	322	1	16	192	99	96	bit
468	9	Si4b4	B4b4	310	310	1	16	192	99	96	
469	9	La4	A4	305	305	1	16	192	99	96	
470	9	Sol4	G4	296	296	1	16	192	95	96	
471	9	Do5#4	C5#4	322	322	1	8	385	99	96	miþ 
472	9	Re5	D5	327	327	1	4	769	95	96	
473	9	Do5#4	C5#4	322	322	1	8	385	99	96	gül 
474	9	Si4b4	B4b4	310	310	1	16	192	99	96	
475	9	La4	A4	305	305	1	16	192	99	96	
476	9	Mi5	E5	336	336	1	8	385	95	96	
477	9	Re5	D5	327	327	1	16	192	99	96	fi
478	9	Do5#4	C5#4	322	322	1	16	192	95	96	
479	9	Do5#4	C5#4	322	322	1	16	192	99	96	da
480	9	Si4b4	B4b4	310	310	1	16	192	99	96	
481	9	Si4b4	B4b4	310	310	1	16	192	99	96	
482	9	La4	A4	305	305	1	16	192	95	96	
483	9	La4	A4	305	305	1	4	769	99	96	ným  
484	9	Si4b4	B4b4	310	310	1	16	192	99	96	
485	9	Do5#4	C5#4	322	322	1	16	192	95	96	
486	9	La4	A4	305	305	1	4	769	95	96	.
487	9	La4	A4	305	305	3	16	577	95	96	Mâh 
488	9	Fa5	F5	340	340	1	16	192	95	96	yü
489	9	Mi5	E5	336	336	1	16	192	99	96	zü
490	9	Re5	D5	327	327	1	16	192	99	96	
491	9	Do5#4	C5#4	322	322	1	16	192	99	96	
492	9	Si4b4	B4b4	310	310	1	16	192	95	96	
493	9	Do5#4	C5#4	322	322	1	16	192	99	96	ne 
494	9	Re5	D5	327	327	1	16	192	99	96	
495	9	Mi5	E5	336	336	2	8	770	95	96	
496	9	Mi5	E5	336	336	1	16	192	99	96	â
497	9	Fa5	F5	340	340	1	16	192	99	96	
498	9	Mi5	E5	336	336	1	16	192	99	96	
499	9	Re5	D5	327	327	1	16	192	95	96	
500	9	Sol5	G5	349	349	3	16	577	99	96	þý
501	9	Fa5	F5	340	340	1	16	192	95	96	
502	9	Fa5	F5	340	340	1	16	192	99	96	ka
503	9	Mi5	E5	336	336	1	16	192	99	96	
504	9	Re5	D5	327	327	1	24	128	99	96	
505	9	Do5#4	C5#4	322	322	1	24	128	99	96	
506	9	Re5	D5	327	327	1	24	128	95	96	
507	9	Sol5	G5	349	349	1	4	769	99	96	ným  
508	9	Fa5	F5	340	340	1	16	192	99	96	
509	9	Mi5	E5	336	336	1	16	192	99	96	
510	9	Re5	D5	327	327	1	16	192	99	96	
511	9	Do5#4	C5#4	322	322	1	16	192	99	96	
512	9	Si4b4	B4b4	310	310	1	16	192	99	96	
513	9	La4	A4	305	305	2	16	384	95	96	
514	9	Do5#4	C5#4	322	322	1	8	385	95	96	Ta
515	9	Re5	D5	327	327	1	16	192	95	96	ze 
516	9	Do5#4	C5#4	322	322	1	16	192	99	96	bit
517	9	Si4b4	B4b4	310	310	1	16	192	99	96	
518	9	La4	A4	305	305	1	16	192	99	96	
519	9	Sol4	G4	296	296	1	16	192	95	96	
520	9	Do5#4	C5#4	322	322	1	8	385	99	96	miþ 
521	9	Re5	D5	327	327	1	4	769	95	96	
522	9	Do5#4	C5#4	322	322	1	8	385	99	96	gül 
523	9	Si4b4	B4b4	310	310	1	16	192	99	96	
524	9	La4	A4	305	305	1	16	192	99	96	
525	9	Mi5	E5	336	336	1	8	385	95	96	
526	9	Re5	D5	327	327	1	16	192	99	96	fi
527	9	Do5#4	C5#4	322	322	1	16	192	95	96	
528	9	Do5#4	C5#4	322	322	1	16	192	99	96	da
529	9	Si4b4	B4b4	310	310	1	16	192	99	96	
530	9	Si4b4	B4b4	310	310	1	16	192	99	96	
531	9	La4	A4	305	305	1	16	192	95	96	
532	9	La4	A4	305	305	1	4	769	99	96	ným  
533	9	Si4b4	B4b4	310	310	1	16	192	99	96	
534	9	Do5#4	C5#4	322	322	1	16	192	95	96	
535	9	La5	A5	358	358	1	4	769	95	96	E
536	9	Mi5	E5	336	336	1	4	769	95	96	fen
537	9	Do6	C6	371	371	1	16	192	99	96	dim 
538	9	Si5	B5	367	367	1	16	192	99	96	
539	9	La5	A5	358	358	1	16	192	99	96	
540	9	Si5	B5	367	367	1	16	192	95	96	
541	9	Sol5#4	G#4	353	353	1	8	385	99	96	naz
542	9	La5	A5	358	358	1	4	769	95	96	
543	9	La5	A5	358	358	1	16	192	99	96	lý 
544	9	Sol5	G5	349	349	1	16	192	99	96	
545	8	Si5b4	B5b4	363	363	1	128	24	99	96	
546	9	La5	A5	358	358	1	16	192	99	96	
547	9	Sol5	G5	349	349	1	16	192	95	96	
548	9	Sol5	G5	349	349	1	16	192	99	96	câ
549	9	Fa5#4	F5#4	344	344	1	16	192	99	96	
550	8	La5	A5	358	358	1	128	24	99	96	
551	9	Sol5	G5	349	349	1	16	192	99	96	
552	9	Fa5#4	F5#4	344	344	1	16	192	95	96	
553	9	Fa5#4	F5#4	344	344	1	16	192	99	96	nâ
554	9	Mi5	E5	336	336	1	16	192	99	96	
555	9	Mi5	E5	336	336	1	16	192	99	96	
556	9	Fa5#4	F5#4	344	344	1	16	192	95	96	
557	9	Sol5	G5	349	349	1	8	385	99	96	ným  
558	9	La5	A5	358	358	1	16	192	99	96	
559	9	Sol5	G5	349	349	1	16	192	99	96	
560	9	Fa5#4	F5#4	344	344	1	16	192	99	96	
561	9	Mi5	E5	336	336	1	16	192	99	96	
562	9	Re5	D5	327	327	3	8	1154	95	96	
563	9	Re5	D5	327	327	1	16	192	95	96	Se
564	9	Mi5	E5	336	336	1	16	192	95	96	ni 
565	9	Fa5#4	F5#4	344	344	1	16	192	99	96	ga
566	9	Sol5	G5	349	349	1	16	192	99	96	
567	9	Mi5	E5	336	336	1	16	192	99	96	
568	9	Sol5	G5	349	349	1	16	192	95	96	
569	9	Fa5#4	F5#4	344	344	3	8	1154	95	96	yet 
570	9	Re5	D5	327	327	1	4	769	95	96	sev
571	9	Sol5	G5	349	349	3	16	577	99	96	di 
572	9	Fa5#4	F5#4	344	344	1	16	192	95	96	
573	9	Fa5#4	F5#4	344	344	1	16	192	99	96	câ
574	9	Mi5	E5	336	336	1	16	192	99	96	
575	9	Re5	D5	327	327	1	24	128	99	96	
576	9	Do5#4	C5#4	322	322	1	24	128	99	96	
577	9	Re5	D5	327	327	1	24	128	95	96	
578	9	Sol5	G5	349	349	1	4	769	99	96	ným  
579	9	Fa5	F5	340	340	1	16	192	99	96	
580	9	Mi5	E5	336	336	1	16	192	99	96	
581	9	Re5	D5	327	327	1	16	192	99	96	
582	9	Do5#4	C5#4	322	322	1	16	192	99	96	
583	9	Si4b4	B4b4	310	310	1	16	192	99	96	
584	9	La4	A4	305	305	3	16	577	95	96	
585	9	Do5#4	C5#4	322	322	1	16	192	95	96	Se
586	9	Re5	D5	327	327	1	16	192	95	96	ve
587	9	Do5#4	C5#4	322	322	1	16	192	99	96	rim 
588	9	Si4b4	B4b4	310	310	1	16	192	99	96	
589	9	La4	A4	305	305	1	16	192	99	96	
590	9	Sol4	G4	296	296	1	16	192	95	96	
591	9	Do5#4	C5#4	322	322	1	8	385	99	96	yok
592	9	Re5	D5	327	327	1	4	769	95	96	
593	9	Do5#4	C5#4	322	322	1	8	385	99	96	tur 
594	9	Si4b4	B4b4	310	310	1	16	192	99	96	
595	9	La4	A4	305	305	1	16	192	99	96	
596	9	Mi5	E5	336	336	1	8	385	95	96	
597	9	Re5	D5	327	327	1	16	192	99	96	ya
598	9	Do5#4	C5#4	322	322	1	16	192	95	96	
599	9	Do5#4	C5#4	322	322	1	16	192	99	96	la
600	9	Si4b4	B4b4	310	310	1	16	192	99	96	
601	9	Si4b4	B4b4	310	310	1	16	192	99	96	
602	9	La4	A4	305	305	1	16	192	95	96	
603	9	La4	A4	305	305	3	8	1154	95	96	ným  
604	9	La5	A5	358	358	1	4	769	95	96	E
605	9	Mi5	E5	336	336	1	4	769	95	96	fen
606	9	Do6	C6	371	371	1	16	192	99	96	dim 
607	9	Si5	B5	367	367	1	16	192	99	96	
608	9	La5	A5	358	358	1	16	192	99	96	
609	9	Si5	B5	367	367	1	16	192	95	96	
610	9	Sol5#4	G#4	353	353	1	8	385	99	96	naz
611	9	La5	A5	358	358	1	4	769	95	96	
612	9	La5	A5	358	358	1	16	192	99	96	lý 
613	9	Sol5	G5	349	349	1	16	192	99	96	
614	8	Si5b4	B5b4	363	363	1	128	24	99	96	
615	9	La5	A5	358	358	1	16	192	99	96	
616	9	Sol5	G5	349	349	1	16	192	95	96	
617	9	Sol5	G5	349	349	1	16	192	99	96	câ
618	9	Fa5#4	F5#4	344	344	1	16	192	99	96	
619	8	La5	A5	358	358	1	128	24	99	96	
620	9	Sol5	G5	349	349	1	16	192	99	96	
621	9	Fa5#4	F5#4	344	344	1	16	192	95	96	
622	9	Fa5#4	F5#4	344	344	1	16	192	99	96	nâ
623	9	Mi5	E5	336	336	1	16	192	99	96	
624	9	Mi5	E5	336	336	1	16	192	99	96	
625	9	Fa5#4	F5#4	344	344	1	16	192	95	96	
626	9	Sol5	G5	349	349	1	8	385	99	96	ným  
627	9	La5	A5	358	358	1	16	192	99	96	
628	9	Sol5	G5	349	349	1	16	192	99	96	
629	9	Fa5#4	F5#4	344	344	1	16	192	99	96	
630	9	Mi5	E5	336	336	1	16	192	99	96	
631	9	Re5	D5	327	327	3	8	1154	95	96	
632	9	Re5	D5	327	327	1	16	192	95	96	Se
633	9	Mi5	E5	336	336	1	16	192	95	96	ni 
634	9	Fa5#4	F5#4	344	344	1	16	192	99	96	ga
635	9	Sol5	G5	349	349	1	16	192	99	96	
636	9	Mi5	E5	336	336	1	16	192	99	96	
637	9	Sol5	G5	349	349	1	16	192	95	96	
638	9	Fa5#4	F5#4	344	344	3	8	1154	95	96	yet 
639	9	Re5	D5	327	327	1	4	769	95	96	sev
640	9	Sol5	G5	349	349	3	16	577	99	96	di 
641	9	Fa5#4	F5#4	344	344	1	16	192	95	96	
642	9	Fa5#4	F5#4	344	344	1	16	192	99	96	câ
643	9	Mi5	E5	336	336	1	16	192	99	96	
644	9	Re5	D5	327	327	1	24	128	99	96	
645	9	Do5#4	C5#4	322	322	1	24	128	99	96	
646	9	Re5	D5	327	327	1	24	128	95	96	
647	9	Sol5	G5	349	349	1	4	769	99	96	ným  
648	9	Fa5	F5	340	340	1	16	192	99	96	
649	9	Mi5	E5	336	336	1	16	192	99	96	
650	9	Re5	D5	327	327	1	16	192	99	96	
651	9	Do5#4	C5#4	322	322	1	16	192	99	96	
652	9	Si4b4	B4b4	310	310	1	16	192	99	96	
653	9	La4	A4	305	305	3	16	577	95	96	
654	9	Do5#4	C5#4	322	322	1	16	192	95	96	Se
655	9	Re5	D5	327	327	1	16	192	95	96	ve
656	9	Do5#4	C5#4	322	322	1	16	192	99	96	rim 
657	9	Si4b4	B4b4	310	310	1	16	192	99	96	
658	9	La4	A4	305	305	1	16	192	99	96	
659	9	Sol4	G4	296	296	1	16	192	95	96	
660	9	Do5#4	C5#4	322	322	1	8	385	99	96	yok
661	9	Re5	D5	327	327	1	4	769	95	96	
662	9	Do5#4	C5#4	322	322	1	8	385	99	96	tur 
663	9	Si4b4	B4b4	310	310	1	16	192	99	96	
664	9	La4	A4	305	305	1	16	192	99	96	
665	9	Mi5	E5	336	336	1	8	385	95	96	
666	9	Re5	D5	327	327	1	16	192	99	96	ya
667	9	Do5#4	C5#4	322	322	1	16	192	95	96	
668	9	Do5#4	C5#4	322	322	1	16	192	99	96	la
669	9	Si4b4	B4b4	310	310	1	16	192	99	96	
670	9	Si4b4	B4b4	310	310	1	16	192	99	96	
671	9	La4	A4	305	305	1	16	192	95	96	
672	9	La4	A4	305	305	3	8	1154	95	96	ným  
