Sira	Kod	Nota53	NotaAE	Koma53	KomaAE	Pay	Payda	Ms	LNS	Bas	Soz1	Offset
1	9	Mi5	E5	336	336	3	16	577	95	96	ARANAĞME	0.107143
2	9	Fa5	F5	340	340	1	16	192	95	96	.	0.142857
3	9	Sol5	G5	349	349	1	4	769	95	96	.	0.285714
4	9	Sol5	G5	349	349	1	4	769	95	96	.	0.428571
5	9	Sol5	G5	349	349	1	8	385	95	96	.	0.500000
6	9	La5	A5	358	358	1	4	769	95	96	.	0.642857
7	9	Sol5	G5	349	349	1	8	385	95	96	.	0.714286
8	9	Fa5	F5	340	340	3	16	577	95	96	.	0.821429
9	9	Mi5	E5	336	336	1	16	192	95	96	.	0.857143
10	9	Re5	D5	327	327	1	4	769	95	96	.	1.000000
11	9	Re5	D5	327	327	3	16	577	95	96	.	1.107143
12	9	Mi5	E5	336	336	1	16	192	95	96	.	1.142857
13	9	Fa5	F5	340	340	1	4	769	95	96	.	1.285714
14	9	Fa5	F5	340	340	1	4	769	95	96	.	1.428571
15	9	Fa5	F5	340	340	1	8	385	95	96	.	1.500000
16	9	La5	A5	358	358	1	8	385	95	96	.	1.571429
17	9	Sol5	G5	349	349	1	8	385	95	96	.	1.642857
18	9	Fa5	F5	340	340	1	8	385	95	96	.	1.714286
19	9	Mi5	E5	336	336	1	8	385	95	96	.	1.785714
20	9	Re5	D5	327	327	1	8	385	95	96	.	1.857143
21	9	Do5	C5	318	318	1	4	769	95	96	.	2.000000
22	9	Re5	D5	327	327	1	4	769	95	96	.	2.142857
23	9	Mi5	E5	336	336	1	4	769	95	96	.	2.285714
24	9	Mi5	E5	336	336	1	8	385	95	96	.	2.357143
25	9	Fa5#4	F5#4	344	344	1	8	385	95	96	.	2.428571
26	9	Sol5	G5	349	349	1	8	385	95	96	.	2.500000
27	9	La5	A5	358	358	1	8	385	95	96	.	2.571429
28	9	Sol5	G5	349	349	1	8	385	95	96	.	2.642857
29	9	Fa5	F5	340	340	1	8	385	95	96	.	2.714286
30	9	Mi5	E5	336	336	1	8	385	95	96	.	2.785714
31	9	Re5	D5	327	327	1	8	385	95	96	.	2.857143
32	9	Do5#4	C5#4	322	322	1	8	385	95	96	.	2.928571
33	9	Si4b4	B4b4	310	310	1	8	385	95	96	.	3.000000
34	9	La4	A4	305	305	1	8	385	95	96	.	3.071429
35	9	Si4b4	B4b4	310	310	1	8	385	95	96	.	3.142857
36	9	Do5#4	C5#4	322	322	1	8	385	95	96	.	3.214286
37	9	La4	A4	305	305	1	8	385	95	96	.	3.285714
38	9	Si4b4	B4b4	310	310	1	8	385	95	96	.	3.357143
39	9	Sol4	G4	296	296	1	8	385	95	96	.	3.428571
40	9	La4	A4	305	305	3	16	577	95	96	.	3.535714
41	9	Si4b4	B4b4	310	310	1	16	192	95	96	.	3.571429
42	9	Do5#4	C5#4	322	322	1	8	385	95	96	.	3.642857
43	9	Re5	D5	327	327	1	8	385	95	96	.	3.714286
44	9	Mi5	E5	336	336	1	8	385	95	96	.	3.785714
45	9	Fa5#4	F5#4	344	344	1	8	385	95	96	.	3.857143
46	9	Sol5	G5	349	349	1	4	769	95	96	.	4.000000
47	9	Mi5	E5	336	336	3	16	577	95	96	ARANAĞME	4.107143
48	9	Fa5	F5	340	340	1	16	192	95	96	.	4.142857
49	9	Sol5	G5	349	349	1	4	769	95	96	.	4.285714
50	9	Sol5	G5	349	349	1	4	769	95	96	.	4.428571
51	9	Sol5	G5	349	349	1	8	385	95	96	.	4.500000
52	9	La5	A5	358	358	1	4	769	95	96	.	4.642857
53	9	Sol5	G5	349	349	1	8	385	95	96	.	4.714286
54	9	Fa5	F5	340	340	3	16	577	95	96	.	4.821429
55	9	Mi5	E5	336	336	1	16	192	95	96	.	4.857143
56	9	Re5	D5	327	327	1	4	769	95	96	.	5.000000
57	9	Re5	D5	327	327	3	16	577	95	96	.	5.107143
58	9	Mi5	E5	336	336	1	16	192	95	96	.	5.142857
59	9	Fa5	F5	340	340	1	4	769	95	96	.	5.285714
60	9	Fa5	F5	340	340	1	4	769	95	96	.	5.428571
61	9	Fa5	F5	340	340	1	8	385	95	96	.	5.500000
62	9	La5	A5	358	358	1	8	385	95	96	.	5.571429
63	9	Sol5	G5	349	349	1	8	385	95	96	.	5.642857
64	9	Fa5	F5	340	340	1	8	385	95	96	.	5.714286
65	9	Mi5	E5	336	336	1	8	385	95	96	.	5.785714
66	9	Re5	D5	327	327	1	8	385	95	96	.	5.857143
67	9	Do5	C5	318	318	1	4	769	95	96	.	6.000000
68	9	Re5	D5	327	327	1	4	769	95	96	.	6.142857
69	9	Mi5	E5	336	336	1	4	769	95	96	.	6.285714
70	9	Mi5	E5	336	336	1	8	385	95	96	.	6.357143
71	9	Fa5#4	F5#4	344	344	1	8	385	95	96	.	6.428571
72	9	Sol5	G5	349	349	1	8	385	95	96	.	6.500000
73	9	La5	A5	358	358	1	8	385	95	96	.	6.571429
74	9	Sol5	G5	349	349	1	8	385	95	96	.	6.642857
75	9	Fa5	F5	340	340	1	8	385	95	96	.	6.714286
76	9	Mi5	E5	336	336	1	8	385	95	96	.	6.785714
77	9	Re5	D5	327	327	1	8	385	95	96	.	6.857143
78	9	Do5#4	C5#4	322	322	1	8	385	95	96	.	6.928571
79	9	Si4b4	B4b4	310	310	1	8	385	95	96	.	7.000000
80	9	La4	A4	305	305	1	8	385	95	96	.	7.071429
81	9	Si4b4	B4b4	310	310	1	8	385	95	96	.	7.142857
82	9	Do5#4	C5#4	322	322	1	8	385	95	96	.	7.214286
83	9	La4	A4	305	305	1	8	385	95	96	.	7.285714
84	9	Si4b4	B4b4	310	310	1	8	385	95	96	.	7.357143
85	9	Sol4	G4	296	296	1	8	385	95	96	.	7.428571
86	9	La4	A4	305	305	3	4	2307	95	96	.	7.857143
87	9	Es	Es	-1	-1	1	4	769	100	0		8.000000
88	9	Re5	D5	327	327	1	2	1538	95	96	Â	8.285714
89	9	Mi5	E5	336	336	1	4	769	95	96	şık 	8.428572
90	9	Fa5	F5	340	340	1	16	192	99	96	ol	8.464286
91	9	Mi5	E5	336	336	1	16	192	99	96		8.500000
92	9	Fa5	F5	340	340	1	16	192	99	96		8.535714
93	9	Sol5	G5	349	349	1	16	192	99	96		8.571428
94	9	Fa5	F5	340	340	1	8	385	99	96		8.642858
95	9	Mi5	E5	336	336	1	8	385	95	96		8.714286
96	9	Mi5	E5	336	336	1	8	385	99	96	dum 	8.785714
97	9	Fa5	F5	340	340	1	8	385	99	96		8.857142
98	9	Mi5	E5	336	336	1	8	385	99	96		8.928572
99	9	Re5	D5	327	327	1	8	385	95	96		9.000000
100	9	Do5#4	C5#4	322	322	1	2	1538	95	96	yav	9.285714
101	9	Re5	D5	327	327	1	4	769	95	96	ru	9.428572
102	9	Do5#4	C5#4	322	322	1	8	385	99	96	ca	9.500000
103	9	Si4b4	B4b4	310	310	1	8	385	99	96		9.571428
104	9	Si4b4	B4b4	310	310	1	8	385	99	96		9.642858
105	9	La4	A4	305	305	1	8	385	95	96		9.714286
106	9	La4	A4	305	305	3	8	1154	95	96	ğım 	9.928572
107	9	Es	Es	-1	-1	1	8	385	100	0		10.000000
108	9	Re5	D5	327	327	3	16	577	99	96	yü	10.107140
109	9	Do5#4	C5#4	322	322	1	16	192	99	96		10.142860
110	9	Si4	B4	314	314	1	4	769	95	96		10.285710
111	9	Do5#4	C5#4	322	322	1	4	769	95	96	zü	10.428570
112	9	Re5	D5	327	327	1	8	385	99	96	ne 	10.500000
113	9	Mi5	E5	336	336	1	8	385	99	96		10.571430
114	9	Re5	D5	327	327	1	8	385	99	96		10.642860
115	9	Mi5	E5	336	336	1	8	385	99	96		10.714290
116	9	Fa5#4	F5#4	344	344	3	16	577	99	96		10.821430
117	9	Mi5	E5	336	336	1	16	192	99	96		10.857140
118	9	Re5	D5	327	327	1	4	769	95	96		11.000000
119	9	Mi5	E5	336	336	1	12	256	99	96	yü	11.047620
120	9	Fa5#4	F5#4	344	344	1	12	256	99	96		11.095240
121	9	La5	A5	358	358	1	12	256	99	96		11.142860
122	9	Sol5	G5	349	349	3	16	577	99	96		11.250000
123	9	Fa5#4	F5#4	344	344	1	16	192	95	96		11.285710
124	9	Fa5#4	F5#4	344	344	3	16	577	99	96	zü	11.392860
125	9	Mi5	E5	336	336	1	16	192	95	96		11.428570
126	9	Mi5	E5	336	336	3	8	1154	95	96	ne  	11.642860
127	9	Re5	D5	327	327	1	8	385	95	96	SAZ	11.714290
128	9	Do5#4	C5#4	322	322	1	8	385	95	96	.	11.785710
129	9	Si4b4	B4b4	310	310	1	8	385	95	96	.	11.857140
130	9	La4	A4	305	305	1	4	769	95	96	.	12.000000
131	9	Re5	D5	327	327	1	2	1538	95	96	Â	12.285710
132	9	Mi5	E5	336	336	1	4	769	95	96	şık 	12.428570
133	9	Fa5	F5	340	340	1	16	192	99	96	ol	12.464290
134	9	Mi5	E5	336	336	1	16	192	99	96		12.500000
135	9	Fa5	F5	340	340	1	16	192	99	96		12.535710
136	9	Sol5	G5	349	349	1	16	192	99	96		12.571430
137	9	Fa5	F5	340	340	1	8	385	99	96		12.642860
138	9	Mi5	E5	336	336	1	8	385	95	96		12.714290
139	9	Mi5	E5	336	336	1	8	385	99	96	dum 	12.785710
140	9	Fa5	F5	340	340	1	8	385	99	96		12.857140
141	9	Mi5	E5	336	336	1	8	385	99	96		12.928570
142	9	Re5	D5	327	327	1	8	385	95	96		13.000000
143	9	Do5#4	C5#4	322	322	1	2	1538	95	96	yav	13.285710
144	9	Re5	D5	327	327	1	4	769	95	96	ru	13.428570
145	9	Do5#4	C5#4	322	322	1	8	385	99	96	ca	13.500000
146	9	Si4b4	B4b4	310	310	1	8	385	99	96		13.571430
147	9	Si4b4	B4b4	310	310	1	8	385	99	96		13.642860
148	9	La4	A4	305	305	1	8	385	95	96		13.714290
149	9	La4	A4	305	305	3	8	1154	95	96	ğım 	13.928570
150	9	Es	Es	-1	-1	1	8	385	100	0		14.000000
151	9	Re5	D5	327	327	3	16	577	99	96	yü	14.107140
152	9	Do5#4	C5#4	322	322	1	16	192	99	96		14.142860
153	9	Si4	B4	314	314	1	4	769	95	96		14.285710
154	9	Do5#4	C5#4	322	322	1	4	769	95	96	zü	14.428570
155	9	Re5	D5	327	327	1	8	385	99	96	ne 	14.500000
156	9	Mi5	E5	336	336	1	8	385	99	96		14.571430
157	9	Re5	D5	327	327	1	8	385	99	96		14.642860
158	9	Mi5	E5	336	336	1	8	385	99	96		14.714290
159	9	Fa5#4	F5#4	344	344	3	16	577	99	96		14.821430
160	9	Mi5	E5	336	336	1	16	192	99	96		14.857140
161	9	Re5	D5	327	327	1	4	769	95	96		15.000000
162	9	Mi5	E5	336	336	1	12	256	99	96	yü	15.047620
163	9	Fa5#4	F5#4	344	344	1	12	256	99	96		15.095240
164	9	La5	A5	358	358	1	12	256	99	96		15.142860
165	9	Sol5	G5	349	349	3	16	577	99	96		15.250000
166	9	Fa5#4	F5#4	344	344	1	16	192	95	96		15.285710
167	9	Fa5#4	F5#4	344	344	3	16	577	99	96	zü	15.392860
168	9	Mi5	E5	336	336	1	16	192	95	96		15.428570
169	9	Mi5	E5	336	336	3	8	1154	95	96	ne  	15.642860
170	9	Sol5	G5	349	349	1	8	385	95	96	SAZ	15.714290
171	9	Fa5#4	F5#4	344	344	1	8	385	95	96	.	15.785710
172	9	Mi5#4	E5#4	340	340	1	8	385	95	96	.	15.857140
173	9	Fa5#4	F5#4	344	344	1	4	769	95	96	.	16.000000
174	9	Fa5#4	F5#4	344	344	1	2	1538	95	96	Hak 	16.285720
175	9	Mi5	E5	336	336	1	8	385	99	96	sak	16.357140
176	9	Fa5#4	F5#4	344	344	1	8	385	95	96		16.428570
177	9	Sol5	G5	349	349	1	4	769	99	96	la	16.571430
178	9	La5	A5	358	358	1	8	385	99	96		16.642860
179	9	Sol5	G5	349	349	1	8	385	95	96		16.714280
180	9	Fa5	F5	340	340	3	16	577	99	96	sın 	16.821430
181	9	Mi5	E5	336	336	1	16	192	99	96		16.857140
182	9	Re5	D5	327	327	1	4	769	95	96		17.000000
183	9	Sol5	G5	349	349	1	4	769	99	96	göz 	17.142860
184	9	Fa5	F5	340	340	1	4	769	95	96		17.285720
185	9	Mi5	E5	336	336	1	8	385	99	96	değ	17.357140
186	9	Fa5	F5	340	340	1	8	385	95	96		17.428570
187	9	Mi5	E5	336	336	1	8	385	99	96	me	17.500000
188	9	Re5	D5	327	327	1	4	769	99	96		17.642860
189	9	Mi5	E5	336	336	1	8	385	95	96		17.714280
190	9	Do5#4	C5#4	322	322	1	8	385	99	96	sin 	17.785720
191	9	Si4b4	B4b4	310	310	1	8	385	99	96		17.857140
192	9	La4	A4	305	305	1	4	769	95	96		18.000000
193	9	Do5#4	C5#4	322	322	1	8	385	99	96	gö	18.071430
194	9	Re5	D5	327	327	1	8	385	99	96		18.142860
195	9	Do5#4	C5#4	322	322	1	8	385	99	96		18.214280
196	9	Si4b4	B4b4	310	310	1	8	385	95	96		18.285720
197	9	Si4b4	B4b4	310	310	1	8	385	99	96	zü	18.357140
198	9	La4	A4	305	305	1	8	385	95	96		18.428570
199	9	La4	A4	305	305	1	8	385	99	96	ne 	18.500000
200	9	Si4b4	B4b4	310	310	1	8	385	99	96		18.571430
201	9	Do5#4	C5#4	322	322	1	8	385	99	96		18.642860
202	9	Re5	D5	327	327	1	8	385	99	96		18.714280
203	9	Mi5	E5	336	336	1	8	385	99	96		18.785720
204	9	Fa5	F5	340	340	1	16	192	99	96		18.821430
205	9	Sol5	G5	349	349	1	16	192	99	96		18.857140
206	9	Fa5	F5	340	340	1	16	192	99	96		18.892860
207	9	Mi5	E5	336	336	1	16	192	99	96		18.928570
208	9	Re5	D5	327	327	1	8	385	95	96		19.000000
209	9	Do5#4	C5#4	322	322	1	8	385	99	96	gö	19.071430
210	9	Re5	D5	327	327	1	8	385	99	96		19.142860
211	9	Do5#4	C5#4	322	322	1	8	385	99	96		19.214280
212	9	Si4b4	B4b4	310	310	1	8	385	95	96		19.285720
213	9	Si4b4	B4b4	310	310	1	8	385	99	96	zü	19.357140
214	9	La4	A4	305	305	1	8	385	95	96		19.428570
215	9	La4	A4	305	305	3	8	1154	95	96	ne  	19.642860
216	9	Sol5	G5	349	349	1	8	385	95	96	SAZ	19.714280
217	9	Fa5#4	F5#4	344	344	1	8	385	95	96	.	19.785720
218	9	Mi5#4	E5#4	340	340	1	8	385	95	96	.	19.857140
219	9	Fa5#4	F5#4	344	344	1	4	769	95	96	.	20.000000
220	9	Fa5#4	F5#4	344	344	1	2	1538	95	96	Hak 	20.285720
221	9	Mi5	E5	336	336	1	8	385	99	96	sak	20.357140
222	9	Fa5#4	F5#4	344	344	1	8	385	95	96		20.428570
223	9	Sol5	G5	349	349	1	4	769	99	96	la	20.571430
224	9	La5	A5	358	358	1	8	385	99	96		20.642860
225	9	Sol5	G5	349	349	1	8	385	95	96		20.714280
226	9	Fa5	F5	340	340	3	16	577	99	96	sın 	20.821430
227	9	Mi5	E5	336	336	1	16	192	99	96		20.857140
228	9	Re5	D5	327	327	1	4	769	95	96		21.000000
229	9	Sol5	G5	349	349	1	4	769	99	96	göz 	21.142860
230	9	Fa5	F5	340	340	1	4	769	95	96		21.285720
231	9	Mi5	E5	336	336	1	8	385	99	96	değ	21.357140
232	9	Fa5	F5	340	340	1	8	385	95	96		21.428570
233	9	Mi5	E5	336	336	1	8	385	99	96	me	21.500000
234	9	Re5	D5	327	327	1	4	769	99	96		21.642860
235	9	Mi5	E5	336	336	1	8	385	95	96		21.714280
236	9	Do5#4	C5#4	322	322	1	8	385	99	96	sin 	21.785720
237	9	Si4b4	B4b4	310	310	1	8	385	99	96		21.857140
238	9	La4	A4	305	305	1	4	769	95	96		22.000000
239	9	Do5#4	C5#4	322	322	1	8	385	99	96	gö	22.071430
240	9	Re5	D5	327	327	1	8	385	99	96		22.142860
241	9	Do5#4	C5#4	322	322	1	8	385	99	96		22.214280
242	9	Si4b4	B4b4	310	310	1	8	385	95	96		22.285720
243	9	Si4b4	B4b4	310	310	1	8	385	99	96	zü	22.357140
244	9	La4	A4	305	305	1	8	385	95	96		22.428570
245	9	La4	A4	305	305	1	8	385	99	96	ne 	22.500000
246	9	Si4b4	B4b4	310	310	1	8	385	99	96		22.571430
247	9	Do5#4	C5#4	322	322	1	8	385	99	96		22.642860
248	9	Re5	D5	327	327	1	8	385	99	96		22.714280
249	9	Mi5	E5	336	336	1	8	385	99	96		22.785720
250	9	Fa5	F5	340	340	1	16	192	99	96		22.821430
251	9	Sol5	G5	349	349	1	16	192	99	96		22.857140
252	9	Fa5	F5	340	340	1	16	192	99	96		22.892860
253	9	Mi5	E5	336	336	1	16	192	99	96		22.928570
254	9	Re5	D5	327	327	1	8	385	95	96		23.000000
255	9	Do5#4	C5#4	322	322	1	8	385	99	96	gö	23.071430
256	9	Re5	D5	327	327	1	8	385	99	96		23.142860
257	9	Do5#4	C5#4	322	322	1	8	385	99	96		23.214280
258	9	Si4b4	B4b4	310	310	1	8	385	95	96		23.285720
259	9	Si4b4	B4b4	310	310	1	8	385	99	96	zü	23.357140
260	9	La4	A4	305	305	1	8	385	95	96		23.428570
261	9	La4	A4	305	305	3	8	1154	95	96	ne  	23.642860
262	9	Sol5	G5	349	349	1	8	385	95	96	SAZ	23.714280
263	9	Fa5#4	F5#4	344	344	1	8	385	95	96	.	23.785720
264	9	Sol5	G5	349	349	1	8	385	95	96	.	23.857140
265	9	La5	A5	358	358	1	4	769	95	96	.	24.000000
266	9	La5	A5	358	358	1	2	1538	95	96	Can 	24.285720
267	9	La5	A5	358	358	1	4	769	95	96	da	24.428570
268	9	La5	A5	358	358	1	12	256	99	96	yan	24.476190
269	9	Sol5	G5	349	349	1	12	256	99	96		24.523810
270	9	La5	A5	358	358	1	12	256	99	96		24.571430
271	9	Si5	B5	367	367	1	8	385	99	96		24.642860
272	9	La5	A5	358	358	1	8	385	95	96		24.714280
273	9	La5	A5	358	358	3	8	1154	95	96	maz 	24.928570
274	9	Es	Es	-1	-1	1	8	385	100	0		25.000000
275	9	Fa5#4	F5#4	344	344	1	8	385	99	96	se	25.071430
276	9	Sol5	G5	349	349	1	8	385	99	96		25.142860
277	9	La5	A5	358	358	1	8	385	99	96		25.214280
278	9	Si5	B5	367	367	1	8	385	95	96		25.285720
279	9	Do6	C6	371	371	1	4	769	95	96	nin 	25.428570
280	9	Do6	C6	371	371	1	8	385	99	96	tat	25.500000
281	9	Si5b1	B5b1	366	366	1	4	769	99	96		25.642860
282	9	La5	A5	358	358	1	8	385	95	96		25.714280
283	9	Si5b4	B5b4	363	363	3	16	577	99	96	lı 	25.821430
284	9	La5	A5	358	358	1	16	192	99	96		25.857140
285	9	Sol5	G5	349	349	1	4	769	95	96		26.000000
286	9	Fa5#4	F5#4	344	344	1	8	385	99	96	sö	26.071430
287	9	Sol5	G5	349	349	1	8	385	99	96		26.142860
288	9	La5	A5	358	358	1	8	385	99	96		26.214280
289	9	Si5b4	B5b4	363	363	1	8	385	95	96		26.285720
290	9	Si5b4	B5b4	363	363	1	4	769	95	96	zü	26.428570
291	9	Si5b4	B5b4	363	363	3	8	1154	99	96	ne 	26.642860
292	9	La5	A5	358	358	1	8	385	99	96		26.714280
293	9	Si5b4	B5b4	363	363	3	16	577	99	96		26.821430
294	9	La5	A5	358	358	1	16	192	99	96		26.857140
295	9	Sol5	G5	349	349	1	4	769	95	96		27.000000
296	9	La5	A5	358	358	1	8	385	99	96	sö	27.071430
297	9	Si5b4	B5b4	363	363	1	8	385	99	96		27.142860
298	9	Do6#4	C6#4	375	375	1	8	385	99	96		27.214280
299	9	La5	A5	358	358	1	8	385	95	96		27.285720
300	9	Si5b4	B5b4	363	363	1	8	385	99	96	zü	27.357140
301	9	Sol5	G5	349	349	1	8	385	95	96		27.428570
302	9	La5	A5	358	358	3	8	1154	95	96	ne  	27.642860
303	9	Sol5	G5	349	349	1	8	385	95	96	SAZ	27.714280
304	9	Fa5#4	F5#4	344	344	1	8	385	95	96	.	27.785720
305	9	Sol5	G5	349	349	1	8	385	95	96	.	27.857140
306	9	La5	A5	358	358	1	4	769	95	96	.	28.000000
307	9	La5	A5	358	358	1	2	1538	95	96	Bak 	28.285720
308	9	La5	A5	358	358	1	8	385	99	96	sî	28.357140
309	9	Si5	B5	367	367	1	8	385	95	96		28.428570
310	9	La5	A5	358	358	1	8	385	99	96	ne	28.500000
311	9	Sol5	G5	349	349	1	8	385	99	96		28.571430
312	9	Fa5#4	F5#4	344	344	1	8	385	99	96		28.642860
313	9	Sol5	G5	349	349	1	8	385	95	96		28.714280
314	9	La5	A5	358	358	1	8	385	99	96	me 	28.785720
315	9	Si5	B5	367	367	1	8	385	99	96		28.857140
316	9	Re6	D6	380	380	1	8	385	99	96		28.928570
317	9	Do6	C6	371	371	1	8	385	95	96		29.000000
318	9	Do6	C6	371	371	1	8	385	99	96	aş	29.071430
319	9	Si5	B5	367	367	1	8	385	99	96		29.142860
320	9	Si5	B5	367	367	1	8	385	99	96		29.214280
321	9	La5	A5	358	358	1	8	385	95	96		29.285720
322	9	La5	A5	358	358	1	8	385	99	96	kın 	29.357140
323	9	Si5	B5	367	367	1	8	385	95	96		29.428570
324	9	La5	A5	358	358	1	8	385	99	96	i	29.500000
325	9	Sol5	G5	349	349	1	8	385	99	96		29.571430
326	9	Fa5#4	F5#4	344	344	1	8	385	99	96		29.642860
327	9	Sol5	G5	349	349	1	8	385	95	96		29.714280
328	9	Mi5	E5	336	336	3	8	1154	99	96	le 	29.928570
329	9	Re5	D5	327	327	1	8	385	95	96		30.000000
330	9	Do5#4	C5#4	322	322	1	8	385	99	96	ya	30.071430
331	9	Re5	D5	327	327	1	8	385	99	96		30.142860
332	9	Mi5	E5	336	336	1	8	385	99	96		30.214280
333	9	Fa5#4	F5#4	344	344	1	8	385	95	96		30.285720
334	9	Sol5	G5	349	349	1	8	385	99	96	nı	30.357140
335	9	La5	A5	358	358	1	8	385	95	96		30.428570
336	9	La5	A5	358	358	1	16	192	99	96	yor 	30.464280
337	9	Sol5	G5	349	349	1	16	192	99	96		30.500000
338	9	La5	A5	358	358	1	16	192	99	96		30.535720
339	9	Si5	B5	367	367	1	16	192	99	96		30.571430
340	9	La5	A5	358	358	1	8	385	99	96		30.642860
341	9	Sol5	G5	349	349	1	8	385	99	96		30.714280
342	9	Fa5#4	F5#4	344	344	3	16	577	99	96		30.821430
343	9	Mi5	E5	336	336	1	16	192	99	96		30.857140
344	9	Re5	D5	327	327	1	4	769	95	96		31.000000
345	9	La5	A5	358	358	1	16	192	99	96	ya	31.035720
346	9	Sol5	G5	349	349	1	16	192	99	96		31.071430
347	9	La5	A5	358	358	1	16	192	99	96		31.107140
348	9	Si5	B5	367	367	1	16	192	99	96		31.142860
349	9	La5	A5	358	358	1	8	385	99	96		31.214280
350	9	Fa5#4	F5#4	344	344	1	8	385	95	96		31.285720
351	9	Fa5#4	F5#4	344	344	1	8	385	99	96	nı	31.357140
352	9	Mi5	E5	336	336	1	8	385	95	96		31.428570
353	9	Mi5	E5	336	336	3	8	1154	95	96	yor  	31.642860
354	9	Sol5	G5	349	349	1	8	385	95	96	SAZ	31.714280
355	9	Fa5#4	F5#4	344	344	1	8	385	95	96	.	31.785720
356	9	Mi5#4	E5#4	340	340	1	8	385	95	96	.	31.857140
357	9	Fa5#4	F5#4	344	344	1	4	769	95	96	.	32.000000
358	9	Fa5#4	F5#4	344	344	1	2	1538	95	96	Hak 	32.285710
359	9	Mi5	E5	336	336	1	8	385	99	96	sak	32.357140
360	9	Fa5#4	F5#4	344	344	1	8	385	95	96		32.428570
361	9	Sol5	G5	349	349	1	4	769	99	96	la	32.571430
362	9	La5	A5	358	358	1	8	385	99	96		32.642860
363	9	Sol5	G5	349	349	1	8	385	95	96		32.714290
364	9	Fa5	F5	340	340	3	16	577	99	96	sın 	32.821430
365	9	Mi5	E5	336	336	1	16	192	99	96		32.857140
366	9	Re5	D5	327	327	1	4	769	95	96		33.000000
367	9	Sol5	G5	349	349	1	4	769	99	96	göz 	33.142860
368	9	Fa5	F5	340	340	1	4	769	95	96		33.285710
369	9	Mi5	E5	336	336	1	8	385	99	96	değ	33.357140
370	9	Fa5	F5	340	340	1	8	385	95	96		33.428570
371	9	Mi5	E5	336	336	1	8	385	99	96	me	33.500000
372	9	Re5	D5	327	327	1	4	769	99	96		33.642860
373	9	Mi5	E5	336	336	1	8	385	95	96		33.714290
374	9	Do5#4	C5#4	322	322	1	8	385	99	96	sin 	33.785710
375	9	Si4b4	B4b4	310	310	1	8	385	99	96		33.857140
376	9	La4	A4	305	305	1	4	769	95	96		34.000000
377	9	Do5#4	C5#4	322	322	1	8	385	99	96	gö	34.071430
378	9	Re5	D5	327	327	1	8	385	99	96		34.142860
379	9	Do5#4	C5#4	322	322	1	8	385	99	96		34.214290
380	9	Si4b4	B4b4	310	310	1	8	385	95	96		34.285710
381	9	Si4b4	B4b4	310	310	1	8	385	99	96	zü	34.357140
382	9	La4	A4	305	305	1	8	385	95	96		34.428570
383	9	La4	A4	305	305	1	8	385	99	96	ne 	34.500000
384	9	Si4b4	B4b4	310	310	1	8	385	99	96		34.571430
385	9	Do5#4	C5#4	322	322	1	8	385	99	96		34.642860
386	9	Re5	D5	327	327	1	8	385	99	96		34.714290
387	9	Mi5	E5	336	336	1	8	385	99	96		34.785710
388	9	Fa5	F5	340	340	1	16	192	99	96		34.821430
389	9	Sol5	G5	349	349	1	16	192	99	96		34.857140
390	9	Fa5	F5	340	340	1	16	192	99	96		34.892860
391	9	Mi5	E5	336	336	1	16	192	99	96		34.928570
392	9	Re5	D5	327	327	1	8	385	95	96		35.000000
393	9	Do5#4	C5#4	322	322	1	8	385	99	96		35.071430
394	9	Re5	D5	327	327	1	8	385	99	96	KARAR	35.142860
395	9	Do5#4	C5#4	322	322	1	8	385	99	96		35.214290
396	9	Si4b4	B4b4	310	310	1	8	385	95	96		35.285710
397	9	Si4b4	B4b4	310	310	1	8	385	99	96		35.357140
398	9	La4	A4	305	305	1	8	385	95	96		35.428570
399	9	La4	A4	305	305	3	4	2307	95	96		35.857140
400	9	Es	Es	-1	-1	1	4	769	100	0		36.000000
