Sira	Kod	Nota53	NotaAE	Koma53	KomaAE	Pay	Payda	Ms	LNS	Bas	Soz1	Offset
1	51			0	0	10	8	0	28	0	Curcuna	0.0
2	9	Do6#4	C6#4	375	375	1	16	192	95	96	ARANAĞME	0.05
3	9	Si5b4	B5b4	363	363	1	16	192	95	96	.	0.1
4	9	La5	A5	358	358	1	16	192	95	72	.	0.15
5	9	Si5b4	B5b4	363	363	1	16	192	95	80	.	0.2
6	9	La5	A5	358	358	7	8	2692	95	88	.	0.9
7	9	Si5b4	B5b4	363	363	1	8	385	95	112	.	1.0
8	9	Si5b4	B5b4	363	363	1	16	192	95	120	.	1.05
9	9	La5	A5	358	358	1	16	192	95	96	.	1.1
10	9	Sol5	G5	349	349	1	16	192	95	96	.	1.15
11	9	Fa5#4	F5#4	344	344	1	16	192	95	96	.	1.2
12	9	Sol5	G5	349	349	1	1	3077	95	96	.	2.0
13	9	Si5b4	B5b4	363	363	1	8	385	95	96	.	2.1
14	9	La5	A5	358	358	1	8	385	95	96	.	2.2
15	9	Si5b4	B5b4	363	363	6	16	1154	95	96	.	2.5
16	9	Si5b4	B5b4	363	363	1	4	769	95	96	.	2.7
17	9	La5	A5	358	358	1	8	385	95	96	.	2.8
18	9	Sol5	G5	349	349	1	8	385	95	96	.	2.9
19	9	Fa5#4	F5#4	344	344	1	8	385	95	72	.	3.0
20	9	Fa5#4	F5#4	344	344	3	8	1154	95	78	.	3.3
21	9	Fa5#4	F5#4	344	344	1	4	769	95	72	.	3.5
22	9	Fa5#4	F5#4	344	344	1	4	769	95	114	.	3.7
23	9	Fa5#4	F5#4	344	344	3	8	1154	95	96	.	4.0
24	9	Si5b4	B5b4	363	363	1	16	192	95	96	.	4.05
25	9	La5	A5	358	358	1	16	192	95	96	.	4.1
26	9	Sol5	G5	349	349	1	16	192	95	96	.	4.15
27	9	Fa5#4	F5#4	344	344	1	16	192	95	96	.	4.2
28	9	Sol5	G5	349	349	3	8	1154	95	96	.	4.5
29	9	Sol5	G5	349	349	1	8	385	95	96	.	4.6
30	9	Fa5#4	F5#4	344	344	1	8	385	95	96	.	4.7
31	10	Mi5	E5	336	336	1	8	385	95	96	.	4.8
32	8	Fa5	F5	340	340	0	0	0	95	96	.	4.8
33	9	Mi5	E5	336	336	1	8	385	95	96	.	4.9
34	9	Sol5	G5	349	349	1	8	385	95	96	.	5.0
35	9	Fa5	F5	340	340	1	8	385	95	96	.	5.1
36	9	Mi5	E5	336	336	1	8	385	95	96	.	5.2
37	9	Re5	D5	327	327	1	8	385	95	96	.	5.3
38	9	Sol5	G5	349	349	1	8	385	95	96	.	5.4
39	9	Fa5#2	F5#1	342	341	1	8	385	95	96	.	5.5
40	9	Fa5	F5	340	340	1	8	385	95	96	.	5.6
41	9	Mi5	E5	336	336	1	8	385	95	96	.	5.7
42	9	Re5	D5	327	327	3	8	1154	95	96	.	6.0
43	9	Es	Es	-1	-1	1	4	769	100	0		6.2
44	9	Do5#4	C5#4	322	322	1	8	385	95	96	.	6.3
45	9	Re5	D5	327	327	1	8	385	95	96	.	6.4
46	9	Mi5	E5	336	336	1	8	385	95	96	.	6.5
47	9	Fa5#4	F5#4	344	344	1	8	385	95	96	.	6.6
48	9	Sol5	G5	349	349	1	8	385	95	96	.	6.7
49	9	La5	A5	358	358	4	16	769	95	96	.	6.9
50	9	Si5b4	B5b4	363	363	1	8	385	95	96	.	7.0
51	9	La5	A5	358	358	1	8	385	95	96	.	7.1
52	9	Sol5	G5	349	349	1	8	385	95	96	.	7.2
53	9	Fa5	F5	340	340	1	8	385	95	96	.	7.3
54	9	Mi5	E5	336	336	1	8	385	95	96	.	7.4
55	9	Si5b4	B5b4	363	363	1	8	385	95	96	.	7.5
56	9	La5	A5	358	358	1	8	385	95	96	.	7.6
57	9	Sol5	G5	349	349	1	8	385	95	96	.	7.7
58	9	Fa5	F5	340	340	1	8	385	95	96	.	7.8
59	9	Mi5	E5	336	336	1	8	385	95	96	.	7.9
60	9	Re5	D5	327	327	1	8	385	95	96	.	8.0
61	9	Do5#4	C5#4	322	322	1	8	385	95	96	.	8.1
62	9	Si4b4	B4b4	310	310	1	8	385	95	96	.	8.2
63	9	Si4b4	B4b4	310	310	1	1	3077	95	96	.	9.0
64	9	La4	A4	305	305	1	8	385	50	96	.	9.1
65	9	Si4b4	B4b4	310	310	1	8	385	50	96	.	9.2
66	9	Si4b4	B4b4	310	310	1	8	385	50	96	.	9.3
67	9	Si4b4	B4b4	310	310	1	8	385	50	96	.	9.4
68	9	Si5b4	B5b4	363	363	1	8	385	95	96	.	9.5
69	9	La5	A5	358	358	1	8	385	95	96	.	9.6
70	9	Sol5	G5	349	349	1	8	385	95	96	.	9.7
71	9	Fa5	F5	340	340	1	8	385	95	96	.	9.8
72	9	Mi5	E5	336	336	1	8	385	95	96	.	9.9
73	9	Re5	D5	327	327	1	8	385	95	96	.	10.0
74	9	Do5#4	C5#4	322	322	1	8	385	95	96	.	10.1
75	9	Si4b4	B4b4	310	310	1	8	385	95	96	.	10.2
76	9	La4	A4	305	305	1	8	385	95	96	.	10.3
77	9	Si4b4	B4b4	310	310	1	8	385	95	96	.	10.4
78	9	La4	A4	305	305	1	8	385	95	96	.	10.5
79	9	La4	A4	305	305	1	4	769	95	96	.	10.7
80	9	Si4b4	B4b4	310	310	1	8	385	95	96	.	10.8
81	9	La4	A4	305	305	1	8	385	95	96	.	10.9
82	9	Si4b4	B4b4	310	310	1	8	385	95	96	.	11.0
83	9	La4	A4	305	305	3	8	1154	95	96	.	11.3
84	9	La5	A5	358	358	1	8	385	95	96	.	11.4
85	9	Sol5	G5	349	349	1	8	385	95	96	.	11.5
86	9	Fa5#4	F5#4	344	344	1	8	385	95	96	.	11.6
87	9	Sol5	G5	349	349	1	8	385	95	96	.	11.7
88	9	La5	A5	358	358	3	8	1154	95	96	.	12.0
89	9	Do6#4	C6#4	375	375	1	16	192	95	96	ARANAĞME	12.05
90	9	Si5b4	B5b4	363	363	1	16	192	95	96	.	12.1
91	9	La5	A5	358	358	1	16	192	95	72	.	12.15
92	9	Si5b4	B5b4	363	363	1	16	192	95	80	.	12.2
93	9	La5	A5	358	358	7	8	2692	95	88	.	12.9
94	9	Si5b4	B5b4	363	363	1	8	385	95	112	.	13.0
95	9	Si5b4	B5b4	363	363	1	16	192	95	120	.	13.05
96	9	La5	A5	358	358	1	16	192	95	96	.	13.1
97	9	Sol5	G5	349	349	1	16	192	95	96	.	13.15
98	9	Fa5#4	F5#4	344	344	1	16	192	95	96	.	13.2
99	9	Sol5	G5	349	349	1	1	3077	95	96	.	14.0
100	9	Si5b4	B5b4	363	363	1	8	385	95	96	.	14.1
101	9	La5	A5	358	358	1	8	385	95	96	.	14.2
102	9	Si5b4	B5b4	363	363	6	16	1154	95	96	.	14.5
103	9	Si5b4	B5b4	363	363	1	4	769	95	96	.	14.7
104	9	La5	A5	358	358	1	8	385	95	96	.	14.8
105	9	Sol5	G5	349	349	1	8	385	95	96	.	14.9
106	9	Fa5#4	F5#4	344	344	1	8	385	95	72	.	15.0
107	9	Fa5#4	F5#4	344	344	3	8	1154	95	78	.	15.3
108	9	Fa5#4	F5#4	344	344	1	4	769	95	72	.	15.5
109	9	Fa5#4	F5#4	344	344	1	4	769	95	114	.	15.7
110	9	Fa5#4	F5#4	344	344	3	8	1154	95	96	.	16.0
111	9	Si5b4	B5b4	363	363	1	16	192	95	96	.	16.05
112	9	La5	A5	358	358	1	16	192	95	96	.	16.1
113	9	Sol5	G5	349	349	1	16	192	95	96	.	16.15
114	9	Fa5#4	F5#4	344	344	1	16	192	95	96	.	16.2
115	9	Sol5	G5	349	349	3	8	1154	95	96	.	16.5
116	9	Sol5	G5	349	349	1	8	385	95	96	.	16.6
117	9	Fa5#4	F5#4	344	344	1	8	385	95	96	.	16.7
118	10	Mi5	E5	336	336	1	8	385	95	96	.	16.8
119	8	Fa5	F5	340	340	0	0	0	95	96	.	16.8
120	9	Mi5	E5	336	336	1	8	385	95	96	.	16.9
121	9	Sol5	G5	349	349	1	8	385	95	96	.	17.0
122	9	Fa5	F5	340	340	1	8	385	95	96	.	17.1
123	9	Mi5	E5	336	336	1	8	385	95	96	.	17.2
124	9	Re5	D5	327	327	1	8	385	95	96	.	17.3
125	9	Sol5	G5	349	349	1	8	385	95	96	.	17.4
126	9	Fa5#2	F5#1	342	341	1	8	385	95	96	.	17.5
127	9	Fa5	F5	340	340	1	8	385	95	96	.	17.6
128	9	Mi5	E5	336	336	1	8	385	95	96	.	17.7
129	9	Re5	D5	327	327	3	8	1154	95	96	.	18.0
130	9	Es	Es	-1	-1	1	4	769	100	0		18.2
131	9	Do5#4	C5#4	322	322	1	8	385	95	96	.	18.3
132	9	Re5	D5	327	327	1	8	385	95	96	.	18.4
133	9	Mi5	E5	336	336	1	8	385	95	96	.	18.5
134	9	Fa5#4	F5#4	344	344	1	8	385	95	96	.	18.6
135	9	Sol5	G5	349	349	1	8	385	95	96	.	18.7
136	9	La5	A5	358	358	4	16	769	95	96	.	18.9
137	9	Si5b4	B5b4	363	363	1	8	385	95	96	.	19.0
138	9	La5	A5	358	358	1	8	385	95	96	.	19.1
139	9	Sol5	G5	349	349	1	8	385	95	96	.	19.2
140	9	Fa5	F5	340	340	1	8	385	95	96	.	19.3
141	9	Mi5	E5	336	336	1	8	385	95	96	.	19.4
142	9	Si5b4	B5b4	363	363	1	8	385	95	96	.	19.5
143	9	La5	A5	358	358	1	8	385	95	96	.	19.6
144	9	Sol5	G5	349	349	1	8	385	95	96	.	19.7
145	9	Fa5	F5	340	340	1	8	385	95	96	.	19.8
146	9	Mi5	E5	336	336	1	8	385	95	96	.	19.9
147	9	Re5	D5	327	327	1	8	385	95	96	.	20.0
148	9	Do5#4	C5#4	322	322	1	8	385	95	96	.	20.1
149	9	Si4b4	B4b4	310	310	1	8	385	95	96	.	20.2
150	9	Si4b4	B4b4	310	310	1	1	3077	95	96	.	21.0
151	9	La4	A4	305	305	1	8	385	50	96	.	21.1
152	9	Si4b4	B4b4	310	310	1	8	385	50	96	.	21.2
153	9	Si4b4	B4b4	310	310	1	8	385	50	96	.	21.3
154	9	Si4b4	B4b4	310	310	1	8	385	50	96	.	21.4
155	9	Si5b4	B5b4	363	363	1	8	385	95	96	.	21.5
156	9	La5	A5	358	358	1	8	385	95	96	.	21.6
157	9	Sol5	G5	349	349	1	8	385	95	96	.	21.7
158	9	Fa5	F5	340	340	1	8	385	95	96	.	21.8
159	9	Mi5	E5	336	336	1	8	385	95	96	.	21.9
160	9	Re5	D5	327	327	1	8	385	95	96	.	22.0
161	9	Do5#4	C5#4	322	322	1	8	385	95	96	.	22.1
162	9	Si4b4	B4b4	310	310	1	8	385	95	96	.	22.2
163	9	La4	A4	305	305	1	8	385	95	96	.	22.3
164	9	Si4b4	B4b4	310	310	1	8	385	95	96	.	22.4
165	9	La4	A4	305	305	1	8	385	95	96	.	22.5
166	9	La4	A4	305	305	1	4	769	95	96	.	22.7
167	9	Si4b4	B4b4	310	310	1	8	385	95	96	.	22.8
168	9	La4	A4	305	305	1	8	385	95	96	.	22.9
169	9	Si4b4	B4b4	310	310	1	8	385	95	96	.	23.0
170	9	La4	A4	305	305	3	8	1154	95	96	.	23.3
171	9	La5	A5	358	358	1	8	385	95	96	.	23.4
172	9	Sol5	G5	349	349	1	8	385	95	96	.	23.5
173	9	Fa5#4	F5#4	344	344	1	8	385	95	96	.	23.6
174	9	Sol5	G5	349	349	1	8	385	95	96	.	23.7
175	9	La5	A5	358	358	3	8	1154	95	96	.	24.0
176	9	Es	Es	-1	-1	1	4	769	100	0		24.2
177	9	Sol5	G5	349	349	1	8	385	95	84	Gö	24.3
178	9	La5	A5	358	358	1	4	769	95	84	nül 	24.5
179	9	La5	A5	358	358	1	4	769	95	96	ya	24.7
180	10	La5	A5	358	358	1	8	385	99	96	ra	24.8
181	8	Si5b4	B5b4	363	363	0	0	0	99	96		24.8
182	9	La5	A5	358	358	1	8	385	99	96		24.9
183	9	Sol5	G5	349	349	1	8	385	95	96		25.0
184	9	La5	A5	358	358	1	8	385	99	96	sın	25.1
185	9	Si5b4	B5b4	363	363	1	8	385	99	96		25.2
186	9	Do6#4	C6#4	375	375	1	8	385	99	96		25.3
187	9	Re6	D6	380	380	1	8	385	99	96		25.4
188	9	Do6#4	C6#4	375	375	1	8	385	95	96		25.5
189	9	Si5b4	B5b4	363	363	3	16	577	99	96	dan 	25.65
190	9	La5	A5	358	358	1	16	192	99	72		25.7
191	9	Sol5	G5	349	349	1	4	769	95	78		25.9
192	9	Sol5	G5	349	349	1	16	192	95	84	SAZ	25.95
193	9	La5	A5	358	358	1	16	192	95	96	.	26.0
194	9	Si5b4	B5b4	363	363	1	4	769	50	96	.	26.2
195	9	Si5b4	B5b4	363	363	1	8	385	95	96	a	26.3
196	9	Si5b4	B5b4	363	363	1	4	769	95	96	cı 	26.5
197	9	Si5b4	B5b4	363	363	1	8	385	99	96	du	26.6
198	9	La5	A5	358	358	1	8	385	95	72		26.7
199	9	Sol5	G5	349	349	4	16	769	99	80	yan	26.9
200	9	Sol5	G5	349	349	1	16	192	99	88		26.95
201	10	Fa5#4	F5#4	344	344	1	16	192	95	96		27.0
202	8	Sol5	G5	349	349	0	0	0	95	104		27.0
203	9	Fa5#4	F5#4	344	344	5	8	1923	95	112	lar  	27.5
204	9	Do6#4	C6#4	375	375	1	8	385	95	120	SAZ	27.6
205	9	Si5b4	B5b4	363	363	1	16	192	95	96	.	27.65
206	9	La5	A5	358	358	1	16	192	95	96	.	27.7
207	9	Si5b4	B5b4	363	363	1	4	769	95	96	.	27.9
208	9	La5	A5	358	358	1	16	192	95	96	.	27.95
209	9	Do6#4	C6#4	375	375	1	16	192	95	96	.	28.0
210	9	Si5b4	B5b4	363	363	1	4	769	95	96	.	28.2
211	9	Do6#4	C6#4	375	375	2	16	385	95	96	Fe	28.3
212	9	Do6#4	C6#4	375	375	1	16	192	99	72	le	28.35
213	9	Si5b4	B5b4	363	363	1	16	192	99	73		28.4
214	9	La5	A5	358	358	1	8	385	95	73		28.5
215	9	La5	A5	358	358	1	4	769	99	74	ğin 	28.7
216	10	La5	A5	358	358	1	8	385	99	75		28.8
217	8	Si5b4	B5b4	363	363	0	0	0	99	75		28.8
218	9	La5	A5	358	358	2	16	385	99	76		28.9
219	9	Sol5	G5	349	349	1	8	385	95	77		29.0
220	8	Sol5	G5	349	349	0	0	0	95	77		29.0
221	9	Si5b4	B5b4	363	363	3	16	577	99	78	kah	29.15
222	9	La5	A5	358	358	1	16	192	99	96		29.2
223	9	Sol5	G5	349	349	1	8	385	95	96		29.3
224	9	Sol5	G5	349	349	1	4	769	95	96	rı	29.5
225	9	Sol5	G5	349	349	1	16	192	99	96	na 	29.55
226	9	Fa5#4	F5#4	344	344	1	16	192	99	96		29.6
227	9	Fa5#4	F5#4	344	344	1	8	385	99	96		29.7
228	9	Sol5	G5	349	349	1	8	385	99	96		29.8
229	9	Fa5#4	F5#4	344	344	2	16	385	99	96		29.9
230	9	Mi5	E5	336	336	1	8	385	95	96		30.0
231	9	Fa5#4	F5#4	344	344	2	16	385	99	84	bo	30.1
232	9	Sol5	G5	349	349	2	16	385	95	84		30.2
233	9	La5	A5	358	358	2	16	385	99	96	yun 	30.3
234	9	Si5b4	B5b4	363	363	2	16	385	99	96		30.4
235	9	Do6#4	C6#4	375	375	1	16	192	99	72		30.45
236	9	La5	A5	358	358	1	16	192	95	76		30.5
237	9	La5	A5	358	358	1	8	385	99	80	e	30.6
238	9	Sol5	G5	349	349	1	8	385	95	84		30.7
239	9	Fa5	F5	340	340	4	16	769	99	88	ğer	30.9
240	9	Fa5	F5	340	340	1	16	192	99	92		30.95
241	10	Mi5	E5	336	336	1	16	192	95	96		31.0
242	8	Fa5	F5	340	340	0	0	0	95	100		31.0
243	9	Mi5	E5	336	336	5	8	1923	95	104	miş  	31.5
244	9	Re6	D6	380	380	3	32	288	95	108	SAZ	31.575
245	9	Do6#4	C6#4	375	375	1	32	96	95	96	.	31.6
246	9	Re6	D6	380	380	1	16	192	95	96	.	31.65
247	9	Fa6	F6	393	393	1	16	192	95	96	.	31.7
248	9	Mi6	E6	389	389	1	16	192	95	96	.	31.75
249	9	Re6	D6	380	380	1	16	192	95	96	.	31.8
250	9	Do6#4	C6#4	375	375	1	16	192	95	96	.	31.85
251	9	Si5b4	B5b4	363	363	1	16	192	95	96	.	31.9
252	9	La5	A5	358	358	1	16	192	95	96	.	31.95
253	9	Sol5	G5	349	349	1	16	192	95	96	.	32.0
254	9	Es	Es	-1	-1	1	4	769	100	0		32.2
255	9	Sol5	G5	349	349	1	8	385	95	84	Gö	32.3
256	9	La5	A5	358	358	1	4	769	95	84	nül 	32.5
257	9	La5	A5	358	358	1	4	769	95	96	ya	32.7
258	10	La5	A5	358	358	1	8	385	99	96	ra	32.8
259	8	Si5b4	B5b4	363	363	0	0	0	99	96		32.8
260	9	La5	A5	358	358	1	8	385	99	96		32.9
261	9	Sol5	G5	349	349	1	8	385	95	96		33.0
262	9	La5	A5	358	358	1	8	385	99	96	sın	33.1
263	9	Si5b4	B5b4	363	363	1	8	385	99	96		33.2
264	9	Do6#4	C6#4	375	375	1	8	385	99	96		33.3
265	9	Re6	D6	380	380	1	8	385	99	96		33.4
266	9	Do6#4	C6#4	375	375	1	8	385	95	96		33.5
267	9	Si5b4	B5b4	363	363	3	16	577	99	96	dan 	33.65
268	9	La5	A5	358	358	1	16	192	99	72		33.7
269	9	Sol5	G5	349	349	1	4	769	95	78		33.9
270	9	Sol5	G5	349	349	1	16	192	95	84	SAZ	33.95
271	9	La5	A5	358	358	1	16	192	95	96	.	34.0
272	9	Si5b4	B5b4	363	363	1	4	769	50	96	.	34.2
273	9	Si5b4	B5b4	363	363	1	8	385	95	96	a	34.3
274	9	Si5b4	B5b4	363	363	1	4	769	95	96	cı 	34.5
275	9	Si5b4	B5b4	363	363	1	8	385	99	96	du	34.6
276	9	La5	A5	358	358	1	8	385	95	72		34.7
277	9	Sol5	G5	349	349	4	16	769	99	80	yan	34.9
278	9	Sol5	G5	349	349	1	16	192	99	88		34.95
279	10	Fa5#4	F5#4	344	344	1	16	192	95	96		35.0
280	8	Sol5	G5	349	349	0	0	0	95	104		35.0
281	9	Fa5#4	F5#4	344	344	5	8	1923	95	112	lar  	35.5
282	9	Do6#4	C6#4	375	375	1	8	385	95	120	SAZ	35.6
283	9	Si5b4	B5b4	363	363	1	16	192	95	96	.	35.65
284	9	La5	A5	358	358	1	16	192	95	96	.	35.7
285	9	Si5b4	B5b4	363	363	1	4	769	95	96	.	35.9
286	9	La5	A5	358	358	1	16	192	95	96	.	35.95
287	9	Do6#4	C6#4	375	375	1	16	192	95	96	.	36.0
288	9	Si5b4	B5b4	363	363	1	4	769	95	96	.	36.2
289	9	Do6#4	C6#4	375	375	2	16	385	95	96	Fe	36.3
290	9	Do6#4	C6#4	375	375	1	16	192	99	72	le	36.35
291	9	Si5b4	B5b4	363	363	1	16	192	99	73		36.4
292	9	La5	A5	358	358	1	8	385	95	73		36.5
293	9	La5	A5	358	358	1	4	769	99	74	ğin 	36.7
294	10	La5	A5	358	358	1	8	385	99	75		36.8
295	8	Si5b4	B5b4	363	363	0	0	0	99	75		36.8
296	9	La5	A5	358	358	2	16	385	99	76		36.9
297	9	Sol5	G5	349	349	1	8	385	95	77		37.0
298	8	Sol5	G5	349	349	0	0	0	95	77		37.0
299	9	Si5b4	B5b4	363	363	3	16	577	99	78	kah	37.15
300	9	La5	A5	358	358	1	16	192	99	96		37.2
301	9	Sol5	G5	349	349	1	8	385	95	96		37.3
302	9	Sol5	G5	349	349	1	4	769	95	96	rı	37.5
303	9	Sol5	G5	349	349	1	16	192	99	96	na 	37.55
304	9	Fa5#4	F5#4	344	344	1	16	192	99	96		37.6
305	9	Fa5#4	F5#4	344	344	1	8	385	99	96		37.7
306	9	Sol5	G5	349	349	1	8	385	99	96		37.8
307	9	Fa5#4	F5#4	344	344	2	16	385	99	96		37.9
308	9	Mi5	E5	336	336	1	8	385	95	96		38.0
309	9	Fa5#4	F5#4	344	344	2	16	385	99	84	bo	38.1
310	9	Sol5	G5	349	349	2	16	385	95	84		38.2
311	9	La5	A5	358	358	2	16	385	99	96	yun 	38.3
312	9	Si5b4	B5b4	363	363	2	16	385	99	96		38.4
313	9	Do6#4	C6#4	375	375	1	16	192	99	96		38.45
314	9	La5	A5	358	358	1	16	192	95	96		38.5
315	9	La5	A5	358	358	1	8	385	99	96	e	38.6
316	9	Sol5	G5	349	349	1	8	385	95	72		38.7
317	9	Fa5	F5	340	340	4	16	769	99	73	ğer	38.9
318	9	Fa5	F5	340	340	1	16	192	99	74		38.95
319	10	Mi5	E5	336	336	1	16	192	95	75		39.0
320	8	Fa5	F5	340	340	0	0	0	95	76		39.0
321	9	Mi5	E5	336	336	5	8	1923	95	77	miş  	39.5
322	9	Fa5#4	F5#4	344	344	1	8	385	95	78	SAZ	39.6
323	9	Sol5	G5	349	349	1	8	385	95	96	.	39.7
324	9	La5	A5	358	358	1	8	385	95	96	.	39.8
325	9	La5	A5	358	358	1	16	192	95	96	.	39.85
326	9	Si5b4	B5b4	363	363	1	16	192	95	96	.	39.9
327	9	Sol5	G5	349	349	1	16	192	95	96	.	39.95
328	9	Si5b4	B5b4	363	363	1	16	192	95	96	.	40.0
329	9	La5	A5	358	358	1	4	769	95	72	.	40.2
330	9	La5	A5	358	358	1	8	385	95	88	Ka	40.3
331	9	La5	A5	358	358	1	4	769	95	104	ra 	40.5
332	9	La5	A5	358	358	1	8	385	99	120	bah	40.6
333	9	Fa5#4	F5#4	344	344	1	8	385	99	96		40.7
334	9	Fa5	F5	340	340	4	16	769	99	96		40.9
335	9	La5	A5	358	358	1	8	385	95	96		41.0
336	9	La5	A5	358	358	9	8	3461	99	96	tın 	41.9
337	9	Sol5	G5	349	349	1	8	385	95	96		42.0
338	9	Es	Es	-1	-1	1	4	769	100	0		42.2
339	9	Fa5#4	F5#4	344	344	1	8	385	95	96	cil	42.3
340	9	Sol5	G5	349	349	1	8	385	99	96	ve	42.4
341	9	Fa5#4	F5#4	344	344	2	16	385	95	96		42.5
342	9	Sol5	G5	349	349	2	16	385	99	96	si	42.6
343	9	Fa5#4	F5#4	344	344	1	8	385	95	96		42.7
344	9	Sol5	G5	349	349	1	8	385	99	96	ne 	42.8
345	9	La5	A5	358	358	1	8	385	99	96		42.9
346	9	Si5	B5	367	367	1	8	385	95	96		43.0
347	9	Do6	C6	371	371	4	32	385	99	96	u	43.1
348	9	Si5b4	B5b4	363	363	1	16	192	99	96		43.15
349	9	La5	A5	358	358	1	16	192	95	96		43.2
350	9	Sol5	G5	349	349	2	16	385	99	96	yan	43.3
351	9	Fa5#4	F5#4	344	344	2	16	385	99	96		43.4
352	9	Mi5	E5	336	336	1	16	192	99	96		43.45
353	9	Re5	D5	327	327	1	16	192	95	96		43.5
354	9	Re5	D5	327	327	2	16	385	99	72	lar  	43.6
355	9	Re5	D5	327	327	1	16	192	99	73		43.65
356	9	Do5#4	C5#4	322	322	1	16	192	99	74		43.7
357	9	Re5	D5	327	327	3	8	1154	95	76		44.0
358	9	Es	Es	-1	-1	1	4	769	100	77		44.2
359	9	Do5#4	C5#4	322	322	1	8	385	95	78	Bir 	44.3
360	9	Re5	D5	327	327	2	16	385	99	96	gün 	44.4
361	9	Mi5	E5	336	336	2	16	385	95	96		44.5
362	9	Fa5#4	F5#4	344	344	2	16	385	99	72	o	44.6
363	9	Sol5	G5	349	349	1	8	385	95	72		44.7
364	9	La5	A5	358	358	3	8	1154	95	73	lur 	45.0
365	9	Sol5	G5	349	349	2	16	385	99	73	mu	45.1
366	9	Sol5	G5	349	349	1	16	192	99	74		45.15
367	9	Si5b4	B5b4	363	363	1	16	192	95	74		45.2
368	9	La5	A5	358	358	1	8	385	99	74	ra	45.3
369	9	Sol5	G5	349	349	1	8	385	99	75		45.4
370	9	Fa5	F5	340	340	1	8	385	95	75		45.5
371	8	Sol5	G5	349	349	0	0	0	95	76		45.5
372	9	Fa5	F5	340	340	1	8	385	99	76	dı	45.6
373	9	Mi5	E5	336	336	1	8	385	95	76		45.7
374	9	Re5	D5	327	327	3	16	577	99	77	na 	45.85
375	9	Do5#4	C5#4	322	322	1	16	192	99	77		45.9
376	9	Si4b4	B4b4	310	310	1	8	385	95	78		46.0
377	9	Do5#4	C5#4	322	322	2	16	385	99	78	e	46.1
378	9	Re5	D5	327	327	2	16	385	95	96		46.2
379	9	Mi5	E5	336	336	1	8	385	99	96	rer	46.3
380	9	Fa5	F5	340	340	2	16	385	99	96		46.4
381	9	Mi5	E5	336	336	2	16	385	99	96		46.5
382	9	Re5	D5	327	327	2	16	385	99	96		46.6
383	9	Do5#4	C5#4	322	322	1	8	385	99	96		46.7
384	9	Si4b4	B4b4	310	310	1	8	385	99	96		46.8
385	9	La4	A4	305	305	1	8	385	99	96		46.9
386	9	Do5#4	C5#4	322	322	2	16	385	95	96		47.0
387	8	Do5#4	C5#4	322	322	0	0	0	99	96		47.0
388	9	Si4b4	B4b4	310	310	9	8	3461	99	96	miş  	47.9
389	9	La4	A4	305	305	1	8	385	95	96		48.0
390	9	Es	Es	-1	-1	1	4	769	100	0		48.2
391	9	La4	A4	305	305	1	8	385	95	96	mu	48.3
392	9	La4	A4	305	305	1	8	385	99	96	ra	48.4
393	9	Si4b4	B4b4	310	310	1	8	385	95	96		48.5
394	9	Si4b4	B4b4	310	310	1	8	385	99	72	dı	48.6
395	9	La4	A4	305	305	1	8	385	95	82		48.7
396	9	La4	A4	305	305	1	8	385	99	91	na 	48.8
397	9	Si4b4	B4b4	310	310	1	8	385	99	101		48.9
398	9	Do5#4	C5#4	322	322	1	8	385	95	110		49.0
399	9	Re5	D5	327	327	2	16	385	99	120	e	49.1
400	9	Do5#4	C5#4	322	322	1	8	385	95	96		49.2
401	9	Si4b4	B4b4	310	310	4	16	769	99	96	rer	49.4
402	9	Si4b4	B4b4	310	310	1	16	192	99	96		49.45
403	9	La4	A4	305	305	1	16	192	95	96		49.5
404	9	La4	A4	305	305	5	8	1923	95	96	miş  	50.0
405	9	Do6#4	C6#4	375	375	1	16	192	95	96	ARANAĞME	50.05
406	9	Si5b4	B5b4	363	363	1	16	192	95	96	.	50.1
407	9	La5	A5	358	358	1	16	192	95	72	.	50.15
408	9	Si5b4	B5b4	363	363	1	16	192	95	80	.	50.2
409	9	La5	A5	358	358	7	8	2692	95	88	.	50.9
410	9	Si5b4	B5b4	363	363	1	8	385	95	112	.	51.0
411	9	Si5b4	B5b4	363	363	1	16	192	95	120	.	51.05
412	9	La5	A5	358	358	1	16	192	95	96	.	51.1
413	9	Sol5	G5	349	349	1	16	192	95	96	.	51.15
414	9	Fa5#4	F5#4	344	344	1	16	192	95	96	.	51.2
415	9	Sol5	G5	349	349	1	1	3077	95	96	.	52.0
416	9	Si5b4	B5b4	363	363	1	8	385	95	96	.	52.1
417	9	La5	A5	358	358	1	8	385	95	96	.	52.2
418	9	Si5b4	B5b4	363	363	6	16	1154	95	96	.	52.5
419	9	Si5b4	B5b4	363	363	1	4	769	95	96	.	52.7
420	9	La5	A5	358	358	1	8	385	95	96	.	52.8
421	9	Sol5	G5	349	349	1	8	385	95	96	.	52.9
422	9	Fa5#4	F5#4	344	344	1	8	385	95	72	.	53.0
423	9	Fa5#4	F5#4	344	344	3	8	1154	95	78	.	53.3
424	9	Fa5#4	F5#4	344	344	1	4	769	95	72	.	53.5
425	9	Fa5#4	F5#4	344	344	1	4	769	95	114	.	53.7
426	9	Fa5#4	F5#4	344	344	3	8	1154	95	96	.	54.0
427	9	Si5b4	B5b4	363	363	1	16	192	95	96	.	54.05
428	9	La5	A5	358	358	1	16	192	95	96	.	54.1
429	9	Sol5	G5	349	349	1	16	192	95	96	.	54.15
430	9	Fa5#4	F5#4	344	344	1	16	192	95	96	.	54.2
431	9	Sol5	G5	349	349	3	8	1154	95	96	.	54.5
432	9	Sol5	G5	349	349	1	8	385	95	96	.	54.6
433	9	Fa5#4	F5#4	344	344	1	8	385	95	96	.	54.7
434	10	Mi5	E5	336	336	1	8	385	95	96	.	54.8
435	8	Fa5	F5	340	340	0	0	0	95	96	.	54.8
436	9	Mi5	E5	336	336	1	8	385	95	96	.	54.9
437	9	Sol5	G5	349	349	1	8	385	95	96	.	55.0
438	9	Fa5	F5	340	340	1	8	385	95	96	.	55.1
439	9	Mi5	E5	336	336	1	8	385	95	96	.	55.2
440	9	Re5	D5	327	327	1	8	385	95	96	.	55.3
441	9	Sol5	G5	349	349	1	8	385	95	96	.	55.4
442	9	Fa5#2	F5#1	342	341	1	8	385	95	96	.	55.5
443	9	Fa5	F5	340	340	1	8	385	95	96	.	55.6
444	9	Mi5	E5	336	336	1	8	385	95	96	.	55.7
445	9	Re5	D5	327	327	3	8	1154	95	96	.	56.0
446	9	Es	Es	-1	-1	1	4	769	100	0		56.2
447	9	Do5#4	C5#4	322	322	1	8	385	95	96	.	56.3
448	9	Re5	D5	327	327	1	8	385	95	96	.	56.4
449	9	Mi5	E5	336	336	1	8	385	95	96	.	56.5
450	9	Fa5#4	F5#4	344	344	1	8	385	95	96	.	56.6
451	9	Sol5	G5	349	349	1	8	385	95	96	.	56.7
452	9	La5	A5	358	358	4	16	769	95	96	.	56.9
453	9	Si5b4	B5b4	363	363	1	8	385	95	96	.	57.0
454	9	La5	A5	358	358	1	8	385	95	96	.	57.1
455	9	Sol5	G5	349	349	1	8	385	95	96	.	57.2
456	9	Fa5	F5	340	340	1	8	385	95	96	.	57.3
457	9	Mi5	E5	336	336	1	8	385	95	96	.	57.4
458	9	Si5b4	B5b4	363	363	1	8	385	95	96	.	57.5
459	9	La5	A5	358	358	1	8	385	95	96	.	57.6
460	9	Sol5	G5	349	349	1	8	385	95	96	.	57.7
461	9	Fa5	F5	340	340	1	8	385	95	96	.	57.8
462	9	Mi5	E5	336	336	1	8	385	95	96	.	57.9
463	9	Re5	D5	327	327	1	8	385	95	96	.	58.0
464	9	Do5#4	C5#4	322	322	1	8	385	95	96	.	58.1
465	9	Si4b4	B4b4	310	310	1	8	385	95	96	.	58.2
466	9	Si4b4	B4b4	310	310	1	1	3077	95	96	.	59.0
467	9	La4	A4	305	305	1	8	385	50	96	.	59.1
468	9	Si4b4	B4b4	310	310	1	8	385	50	96	.	59.2
469	9	Si4b4	B4b4	310	310	1	8	385	50	96	.	59.3
470	9	Si4b4	B4b4	310	310	1	8	385	50	96	.	59.4
471	9	Si5b4	B5b4	363	363	1	8	385	95	96	.	59.5
472	9	La5	A5	358	358	1	8	385	95	96	.	59.6
473	9	Sol5	G5	349	349	1	8	385	95	96	.	59.7
474	9	Fa5	F5	340	340	1	8	385	95	96	.	59.8
475	9	Mi5	E5	336	336	1	8	385	95	96	.	59.9
476	9	Re5	D5	327	327	1	8	385	95	96	.	60.0
477	9	Do5#4	C5#4	322	322	1	8	385	95	96	.	60.1
478	9	Si4b4	B4b4	310	310	1	8	385	95	96	.	60.2
479	9	La4	A4	305	305	1	8	385	95	96	.	60.3
480	9	Si4b4	B4b4	310	310	1	8	385	95	96	.	60.4
481	9	La4	A4	305	305	1	8	385	95	96	.	60.5
482	9	La4	A4	305	305	1	4	769	95	96	.	60.7
483	9	Si4b4	B4b4	310	310	1	8	385	95	96	.	60.8
484	9	La4	A4	305	305	1	8	385	95	96	.	60.9
485	9	Si4b4	B4b4	310	310	1	8	385	95	96	.	61.0
486	9	La4	A4	305	305	3	8	1154	95	96	.	61.3
487	9	La5	A5	358	358	1	8	385	95	96	.	61.4
488	9	Sol5	G5	349	349	1	8	385	95	96	.	61.5
489	9	Fa5#4	F5#4	344	344	1	8	385	95	96	.	61.6
490	9	Sol5	G5	349	349	1	8	385	95	96	.	61.7
491	9	La5	A5	358	358	3	8	1154	95	96	.	62.0
492	9	Do6#4	C6#4	375	375	1	16	192	95	96	ARANAĞME	62.05
493	9	Si5b4	B5b4	363	363	1	16	192	95	96	.	62.1
494	9	La5	A5	358	358	1	16	192	95	72	.	62.15
495	9	Si5b4	B5b4	363	363	1	16	192	95	80	.	62.2
496	9	La5	A5	358	358	7	8	2692	95	88	.	62.9
497	9	Si5b4	B5b4	363	363	1	8	385	95	112	.	63.0
498	9	Si5b4	B5b4	363	363	1	16	192	95	120	.	63.05
499	9	La5	A5	358	358	1	16	192	95	96	.	63.1
500	9	Sol5	G5	349	349	1	16	192	95	96	.	63.15
501	9	Fa5#4	F5#4	344	344	1	16	192	95	96	.	63.2
502	9	Sol5	G5	349	349	1	1	3077	95	96	.	64.0
503	9	Si5b4	B5b4	363	363	1	8	385	95	96	.	64.1
504	9	La5	A5	358	358	1	8	385	95	96	.	64.2
505	9	Si5b4	B5b4	363	363	6	16	1154	95	96	.	64.5
506	9	Si5b4	B5b4	363	363	1	4	769	95	96	.	64.7
507	9	La5	A5	358	358	1	8	385	95	96	.	64.8
508	9	Sol5	G5	349	349	1	8	385	95	96	.	64.9
509	9	Fa5#4	F5#4	344	344	1	8	385	95	72	.	65.0
510	9	Fa5#4	F5#4	344	344	3	8	1154	95	78	.	65.3
511	9	Fa5#4	F5#4	344	344	1	4	769	95	72	.	65.5
512	9	Fa5#4	F5#4	344	344	1	4	769	95	114	.	65.7
513	9	Fa5#4	F5#4	344	344	3	8	1154	95	96	.	66.0
514	9	Si5b4	B5b4	363	363	1	16	192	95	96	.	66.05
515	9	La5	A5	358	358	1	16	192	95	96	.	66.1
516	9	Sol5	G5	349	349	1	16	192	95	96	.	66.15
517	9	Fa5#4	F5#4	344	344	1	16	192	95	96	.	66.2
518	9	Sol5	G5	349	349	3	8	1154	95	96	.	66.5
519	9	Sol5	G5	349	349	1	8	385	95	96	.	66.6
520	9	Fa5#4	F5#4	344	344	1	8	385	95	96	.	66.7
521	10	Mi5	E5	336	336	1	8	385	95	96	.	66.8
522	8	Fa5	F5	340	340	0	0	0	95	96	.	66.8
523	9	Mi5	E5	336	336	1	8	385	95	96	.	66.9
524	9	Sol5	G5	349	349	1	8	385	95	96	.	67.0
525	9	Fa5	F5	340	340	1	8	385	95	96	.	67.1
526	9	Mi5	E5	336	336	1	8	385	95	96	.	67.2
527	9	Re5	D5	327	327	1	8	385	95	96	.	67.3
528	9	Sol5	G5	349	349	1	8	385	95	96	.	67.4
529	9	Fa5#2	F5#1	342	341	1	8	385	95	96	.	67.5
530	9	Fa5	F5	340	340	1	8	385	95	96	.	67.6
531	9	Mi5	E5	336	336	1	8	385	95	96	.	67.7
532	9	Re5	D5	327	327	3	8	1154	95	96	.	68.0
533	9	Es	Es	-1	-1	1	4	769	100	0		68.2
534	9	Do5#4	C5#4	322	322	1	8	385	95	96	.	68.3
535	9	Re5	D5	327	327	1	8	385	95	96	.	68.4
536	9	Mi5	E5	336	336	1	8	385	95	96	.	68.5
537	9	Fa5#4	F5#4	344	344	1	8	385	95	96	.	68.6
538	9	Sol5	G5	349	349	1	8	385	95	96	.	68.7
539	9	La5	A5	358	358	4	16	769	95	96	.	68.9
540	9	Si5b4	B5b4	363	363	1	8	385	95	96	.	69.0
541	9	La5	A5	358	358	1	8	385	95	96	.	69.1
542	9	Sol5	G5	349	349	1	8	385	95	96	.	69.2
543	9	Fa5	F5	340	340	1	8	385	95	96	.	69.3
544	9	Mi5	E5	336	336	1	8	385	95	96	.	69.4
545	9	Si5b4	B5b4	363	363	1	8	385	95	96	.	69.5
546	9	La5	A5	358	358	1	8	385	95	96	.	69.6
547	9	Sol5	G5	349	349	1	8	385	95	96	.	69.7
548	9	Fa5	F5	340	340	1	8	385	95	96	.	69.8
549	9	Mi5	E5	336	336	1	8	385	95	96	.	69.9
550	9	Re5	D5	327	327	1	8	385	95	96	.	70.0
551	9	Do5#4	C5#4	322	322	1	8	385	95	96	.	70.1
552	9	Si4b4	B4b4	310	310	1	8	385	95	96	.	70.2
553	9	Si4b4	B4b4	310	310	1	1	3077	95	96	.	71.0
554	9	La4	A4	305	305	1	8	385	50	96	.	71.1
555	9	Si4b4	B4b4	310	310	1	8	385	50	96	.	71.2
556	9	Si4b4	B4b4	310	310	1	8	385	50	96	.	71.3
557	9	Si4b4	B4b4	310	310	1	8	385	50	96	.	71.4
558	9	Si5b4	B5b4	363	363	1	8	385	95	96	.	71.5
559	9	La5	A5	358	358	1	8	385	95	96	.	71.6
560	9	Sol5	G5	349	349	1	8	385	95	96	.	71.7
561	9	Fa5	F5	340	340	1	8	385	95	96	.	71.8
562	9	Mi5	E5	336	336	1	8	385	95	96	.	71.9
563	9	Re5	D5	327	327	1	8	385	95	96	.	72.0
564	9	Do5#4	C5#4	322	322	1	8	385	95	96	.	72.1
565	9	Si4b4	B4b4	310	310	1	8	385	95	96	.	72.2
566	9	La4	A4	305	305	1	8	385	95	96	.	72.3
567	9	Si4b4	B4b4	310	310	1	8	385	95	96	.	72.4
568	9	La4	A4	305	305	1	8	385	95	96	.	72.5
569	9	La4	A4	305	305	1	4	769	95	96	.	72.7
570	9	Si4b4	B4b4	310	310	1	8	385	95	96	.	72.8
571	9	La4	A4	305	305	1	8	385	95	96	.	72.9
572	9	Si4b4	B4b4	310	310	1	8	385	95	96	.	73.0
573	9	La4	A4	305	305	3	8	1154	95	96	.	73.3
574	9	La5	A5	358	358	1	8	385	95	96	.	73.4
575	9	Sol5	G5	349	349	1	8	385	95	96	.	73.5
576	9	Fa5#4	F5#4	344	344	1	8	385	95	96	.	73.6
577	9	Sol5	G5	349	349	1	8	385	95	96	.	73.7
578	9	La5	A5	358	358	3	8	1154	95	96	.	74.0
579	9	Es	Es	-1	-1	1	4	769	100	0		74.2
580	9	Sol5	G5	349	349	1	8	385	95	84	Gö	74.3
581	9	La5	A5	358	358	1	4	769	95	84	nül 	74.5
582	9	La5	A5	358	358	1	4	769	95	96	ya	74.7
583	10	La5	A5	358	358	1	8	385	99	96	ra	74.8
584	8	Si5b4	B5b4	363	363	0	0	0	99	96		74.8
585	9	La5	A5	358	358	1	8	385	99	96		74.9
586	9	Sol5	G5	349	349	1	8	385	95	96		75.0
587	9	La5	A5	358	358	1	8	385	99	96	sın	75.1
588	9	Si5b4	B5b4	363	363	1	8	385	99	96		75.2
589	9	Do6#4	C6#4	375	375	1	8	385	99	96		75.3
590	9	Re6	D6	380	380	1	8	385	99	96		75.4
591	9	Do6#4	C6#4	375	375	1	8	385	95	96		75.5
592	9	Si5b4	B5b4	363	363	3	16	577	99	96	dan 	75.65
593	9	La5	A5	358	358	1	16	192	99	72		75.7
594	9	Sol5	G5	349	349	1	4	769	95	78		75.9
595	9	Sol5	G5	349	349	1	16	192	95	84	SAZ	75.95
596	9	La5	A5	358	358	1	16	192	95	96	.	76.0
597	9	Si5b4	B5b4	363	363	1	4	769	50	96	.	76.2
598	9	Si5b4	B5b4	363	363	1	8	385	95	96	a	76.3
599	9	Si5b4	B5b4	363	363	1	4	769	95	96	cı 	76.5
600	9	Si5b4	B5b4	363	363	1	8	385	99	96	du	76.6
601	9	La5	A5	358	358	1	8	385	95	72		76.7
602	9	Sol5	G5	349	349	4	16	769	99	80	yan	76.9
603	9	Sol5	G5	349	349	1	16	192	99	88		76.95
604	10	Fa5#4	F5#4	344	344	1	16	192	95	96		77.0
605	8	Sol5	G5	349	349	0	0	0	95	104		77.0
606	9	Fa5#4	F5#4	344	344	5	8	1923	95	112	lar  	77.5
607	9	Do6#4	C6#4	375	375	1	8	385	95	120	SAZ	77.6
608	9	Si5b4	B5b4	363	363	1	16	192	95	96	.	77.65
609	9	La5	A5	358	358	1	16	192	95	96	.	77.7
610	9	Si5b4	B5b4	363	363	1	4	769	95	96	.	77.9
611	9	La5	A5	358	358	1	16	192	95	96	.	77.95
612	9	Do6#4	C6#4	375	375	1	16	192	95	96	.	78.0
613	9	Si5b4	B5b4	363	363	1	4	769	95	96	.	78.2
614	9	Do6#4	C6#4	375	375	2	16	385	95	96	Fe	78.3
615	9	Do6#4	C6#4	375	375	1	16	192	99	72	le	78.35
616	9	Si5b4	B5b4	363	363	1	16	192	99	73		78.4
617	9	La5	A5	358	358	1	8	385	95	73		78.5
618	9	La5	A5	358	358	1	4	769	99	74	ğin 	78.7
619	10	La5	A5	358	358	1	8	385	99	75		78.8
620	8	Si5b4	B5b4	363	363	0	0	0	99	75		78.8
621	9	La5	A5	358	358	2	16	385	99	76		78.9
622	9	Sol5	G5	349	349	1	8	385	95	77		79.0
623	8	Sol5	G5	349	349	0	0	0	95	77		79.0
624	9	Si5b4	B5b4	363	363	3	16	577	99	78	kah	79.15
625	9	La5	A5	358	358	1	16	192	99	96		79.2
626	9	Sol5	G5	349	349	1	8	385	95	96		79.3
627	9	Sol5	G5	349	349	1	4	769	95	96	rı	79.5
628	9	Sol5	G5	349	349	1	16	192	99	96	na 	79.55
629	9	Fa5#4	F5#4	344	344	1	16	192	99	96		79.6
630	9	Fa5#4	F5#4	344	344	1	8	385	99	96		79.7
631	9	Sol5	G5	349	349	1	8	385	99	96		79.8
632	9	Fa5#4	F5#4	344	344	2	16	385	99	96		79.9
633	9	Mi5	E5	336	336	1	8	385	95	96		80.0
634	9	Fa5#4	F5#4	344	344	2	16	385	99	84	bo	80.1
635	9	Sol5	G5	349	349	2	16	385	95	84		80.2
636	9	La5	A5	358	358	2	16	385	99	96	yun 	80.3
637	9	Si5b4	B5b4	363	363	2	16	385	99	96		80.4
638	9	Do6#4	C6#4	375	375	1	16	192	99	72		80.45
639	9	La5	A5	358	358	1	16	192	95	76		80.5
640	9	La5	A5	358	358	1	8	385	99	80	e	80.6
641	9	Sol5	G5	349	349	1	8	385	95	84		80.7
642	9	Fa5	F5	340	340	4	16	769	99	88	ğer	80.9
643	9	Fa5	F5	340	340	1	16	192	99	92		80.95
644	10	Mi5	E5	336	336	1	16	192	95	96		81.0
645	8	Fa5	F5	340	340	0	0	0	95	100		81.0
646	9	Mi5	E5	336	336	5	8	1923	95	104	miş  	81.5
647	9	Re6	D6	380	380	3	32	288	95	108	SAZ	81.575
648	9	Do6#4	C6#4	375	375	1	32	96	95	96	.	81.6
649	9	Re6	D6	380	380	1	16	192	95	96	.	81.65
650	9	Fa6	F6	393	393	1	16	192	95	96	.	81.7
651	9	Mi6	E6	389	389	1	16	192	95	96	.	81.75
652	9	Re6	D6	380	380	1	16	192	95	96	.	81.8
653	9	Do6#4	C6#4	375	375	1	16	192	95	96	.	81.85
654	9	Si5b4	B5b4	363	363	1	16	192	95	96	.	81.9
655	9	La5	A5	358	358	1	16	192	95	96	.	81.95
656	9	Sol5	G5	349	349	1	16	192	95	96	.	82.0
657	9	Es	Es	-1	-1	1	4	769	100	0		82.2
658	9	Sol5	G5	349	349	1	8	385	95	84	Gö	82.3
659	9	La5	A5	358	358	1	4	769	95	84	nül 	82.5
660	9	La5	A5	358	358	1	4	769	95	96	ya	82.7
661	10	La5	A5	358	358	1	8	385	99	96	ra	82.8
662	8	Si5b4	B5b4	363	363	0	0	0	99	96		82.8
663	9	La5	A5	358	358	1	8	385	99	96		82.9
664	9	Sol5	G5	349	349	1	8	385	95	96		83.0
665	9	La5	A5	358	358	1	8	385	99	96	sın	83.1
666	9	Si5b4	B5b4	363	363	1	8	385	99	96		83.2
667	9	Do6#4	C6#4	375	375	1	8	385	99	96		83.3
668	9	Re6	D6	380	380	1	8	385	99	96		83.4
669	9	Do6#4	C6#4	375	375	1	8	385	95	96		83.5
670	9	Si5b4	B5b4	363	363	3	16	577	99	96	dan 	83.65
671	9	La5	A5	358	358	1	16	192	99	72		83.7
672	9	Sol5	G5	349	349	1	4	769	95	78		83.9
673	9	Sol5	G5	349	349	1	16	192	95	84	SAZ	83.95
674	9	La5	A5	358	358	1	16	192	95	96	.	84.0
675	9	Si5b4	B5b4	363	363	1	4	769	50	96	.	84.2
676	9	Si5b4	B5b4	363	363	1	8	385	95	96	a	84.3
677	9	Si5b4	B5b4	363	363	1	4	769	95	96	cı 	84.5
678	9	Si5b4	B5b4	363	363	1	8	385	99	96	du	84.6
679	9	La5	A5	358	358	1	8	385	95	72		84.7
680	9	Sol5	G5	349	349	4	16	769	99	80	yan	84.9
681	9	Sol5	G5	349	349	1	16	192	99	88		84.95
682	10	Fa5#4	F5#4	344	344	1	16	192	95	96		85.0
683	8	Sol5	G5	349	349	0	0	0	95	104		85.0
684	9	Fa5#4	F5#4	344	344	5	8	1923	95	112	lar  	85.5
685	9	Do6#4	C6#4	375	375	1	8	385	95	120	SAZ	85.6
686	9	Si5b4	B5b4	363	363	1	16	192	95	96	.	85.65
687	9	La5	A5	358	358	1	16	192	95	96	.	85.7
688	9	Si5b4	B5b4	363	363	1	4	769	95	96	.	85.9
689	9	La5	A5	358	358	1	16	192	95	96	.	85.95
690	9	Do6#4	C6#4	375	375	1	16	192	95	96	.	86.0
691	9	Si5b4	B5b4	363	363	1	4	769	95	96	.	86.2
692	9	Do6#4	C6#4	375	375	2	16	385	95	96	Fe	86.3
693	9	Do6#4	C6#4	375	375	1	16	192	99	72	le	86.35
694	9	Si5b4	B5b4	363	363	1	16	192	99	73		86.4
695	9	La5	A5	358	358	1	8	385	95	73		86.5
696	9	La5	A5	358	358	1	4	769	99	74	ğin 	86.7
697	10	La5	A5	358	358	1	8	385	99	75		86.8
698	8	Si5b4	B5b4	363	363	0	0	0	99	75		86.8
699	9	La5	A5	358	358	2	16	385	99	76		86.9
700	9	Sol5	G5	349	349	1	8	385	95	77		87.0
701	8	Sol5	G5	349	349	0	0	0	95	77		87.0
702	9	Si5b4	B5b4	363	363	3	16	577	99	78	kah	87.15
703	9	La5	A5	358	358	1	16	192	99	96		87.2
704	9	Sol5	G5	349	349	1	8	385	95	96		87.3
705	9	Sol5	G5	349	349	1	4	769	95	96	rı	87.5
706	9	Sol5	G5	349	349	1	16	192	99	96	na 	87.55
707	9	Fa5#4	F5#4	344	344	1	16	192	99	96		87.6
708	9	Fa5#4	F5#4	344	344	1	8	385	99	96		87.7
709	9	Sol5	G5	349	349	1	8	385	99	96		87.8
710	9	Fa5#4	F5#4	344	344	2	16	385	99	96		87.9
711	9	Mi5	E5	336	336	1	8	385	95	96		88.0
712	9	Fa5#4	F5#4	344	344	2	16	385	99	84	bo	88.1
713	9	Sol5	G5	349	349	2	16	385	95	84		88.2
714	9	La5	A5	358	358	2	16	385	99	96	yun 	88.3
715	9	Si5b4	B5b4	363	363	2	16	385	99	96		88.4
716	9	Do6#4	C6#4	375	375	1	16	192	99	96		88.45
717	9	La5	A5	358	358	1	16	192	95	96		88.5
718	9	La5	A5	358	358	1	8	385	99	96	e	88.6
719	9	Sol5	G5	349	349	1	8	385	95	72		88.7
720	9	Fa5	F5	340	340	4	16	769	99	73	ğer	88.9
721	9	Fa5	F5	340	340	1	16	192	99	74		88.95
722	10	Mi5	E5	336	336	1	16	192	95	75		89.0
723	8	Fa5	F5	340	340	0	0	0	95	76		89.0
724	9	Mi5	E5	336	336	5	8	1923	95	77	miş  	89.5
725	9	Fa5#4	F5#4	344	344	1	8	385	95	78	SAZ	89.6
726	9	Sol5	G5	349	349	1	8	385	95	96	.	89.7
727	9	La5	A5	358	358	1	8	385	95	96	.	89.8
728	9	La5	A5	358	358	1	16	192	95	96	.	89.85
729	9	Si5b4	B5b4	363	363	1	16	192	95	96	.	89.9
730	9	Sol5	G5	349	349	1	16	192	95	96	.	89.95
731	9	Si5b4	B5b4	363	363	1	16	192	95	96	.	90.0
732	9	La5	A5	358	358	1	4	769	95	72	.	90.2
733	9	La5	A5	358	358	1	8	385	95	88	Ka	90.3
734	9	La5	A5	358	358	1	4	769	95	104	ra 	90.5
735	9	La5	A5	358	358	1	8	385	99	120	bah	90.6
736	9	Fa5#4	F5#4	344	344	1	8	385	99	96		90.7
737	9	Fa5	F5	340	340	4	16	769	99	96		90.9
738	9	La5	A5	358	358	1	8	385	95	96		91.0
739	9	La5	A5	358	358	9	8	3461	99	96	tın 	91.9
740	9	Sol5	G5	349	349	1	8	385	95	96		92.0
741	9	Es	Es	-1	-1	1	4	769	100	0		92.2
742	9	Fa5#4	F5#4	344	344	1	8	385	95	96	cil	92.3
743	9	Sol5	G5	349	349	1	8	385	99	96	ve	92.4
744	9	Fa5#4	F5#4	344	344	2	16	385	95	96		92.5
745	9	Sol5	G5	349	349	2	16	385	99	96	si	92.6
746	9	Fa5#4	F5#4	344	344	1	8	385	95	96		92.7
747	9	Sol5	G5	349	349	1	8	385	99	96	ne 	92.8
748	9	La5	A5	358	358	1	8	385	99	96		92.9
749	9	Si5	B5	367	367	1	8	385	95	96		93.0
750	9	Do6	C6	371	371	4	32	385	99	96	u	93.1
751	9	Si5b4	B5b4	363	363	1	16	192	99	96		93.15
752	9	La5	A5	358	358	1	16	192	95	96		93.2
753	9	Sol5	G5	349	349	2	16	385	99	96	yan	93.3
754	9	Fa5#4	F5#4	344	344	2	16	385	99	96		93.4
755	9	Mi5	E5	336	336	1	16	192	99	96		93.45
756	9	Re5	D5	327	327	1	16	192	95	96		93.5
757	9	Re5	D5	327	327	2	16	385	99	72	lar  	93.6
758	9	Re5	D5	327	327	1	16	192	99	73		93.65
759	9	Do5#4	C5#4	322	322	1	16	192	99	74		93.7
760	9	Re5	D5	327	327	3	8	1154	95	76		94.0
761	9	Es	Es	-1	-1	1	4	769	100	77		94.2
762	9	Do5#4	C5#4	322	322	1	8	385	95	78	Bir 	94.3
763	9	Re5	D5	327	327	2	16	385	99	96	gün 	94.4
764	9	Mi5	E5	336	336	2	16	385	95	96		94.5
765	9	Fa5#4	F5#4	344	344	2	16	385	99	72	o	94.6
766	9	Sol5	G5	349	349	1	8	385	95	72		94.7
767	9	La5	A5	358	358	3	8	1154	95	73	lur 	95.0
768	9	Sol5	G5	349	349	2	16	385	99	73	mu	95.1
769	9	Sol5	G5	349	349	1	16	192	99	74		95.15
770	9	Si5b4	B5b4	363	363	1	16	192	95	74		95.2
771	9	La5	A5	358	358	1	8	385	99	74	ra	95.3
772	9	Sol5	G5	349	349	1	8	385	99	75		95.4
773	9	Fa5	F5	340	340	1	8	385	95	75		95.5
774	8	Sol5	G5	349	349	0	0	0	95	76		95.5
775	9	Fa5	F5	340	340	1	8	385	99	76	dı	95.6
776	9	Mi5	E5	336	336	1	8	385	95	76		95.7
777	9	Re5	D5	327	327	3	16	577	99	77	na 	95.85
778	9	Do5#4	C5#4	322	322	1	16	192	99	77		95.9
779	9	Si4b4	B4b4	310	310	1	8	385	95	78		96.0
780	9	Do5#4	C5#4	322	322	2	16	385	99	78	e	96.1
781	9	Re5	D5	327	327	2	16	385	95	96		96.2
782	9	Mi5	E5	336	336	1	8	385	99	96	rer	96.3
783	9	Fa5	F5	340	340	2	16	385	99	96		96.4
784	9	Mi5	E5	336	336	2	16	385	99	96		96.5
785	9	Re5	D5	327	327	2	16	385	99	96		96.6
786	9	Do5#4	C5#4	322	322	1	8	385	99	96		96.7
787	9	Si4b4	B4b4	310	310	1	8	385	99	96		96.8
788	9	La4	A4	305	305	1	8	385	99	96		96.9
789	9	Do5#4	C5#4	322	322	2	16	385	95	96		97.0
790	8	Do5#4	C5#4	322	322	0	0	0	99	96		97.0
791	9	Si4b4	B4b4	310	310	9	8	3461	99	96	miş  	97.9
792	9	La4	A4	305	305	1	8	385	95	96		98.0
793	9	Es	Es	-1	-1	1	4	769	100	0		98.2
794	9	La4	A4	305	305	1	8	385	95	96	mu	98.3
795	9	La4	A4	305	305	1	8	385	99	96	ra	98.4
796	9	Si4b4	B4b4	310	310	1	8	385	95	96		98.5
797	9	Si4b4	B4b4	310	310	1	8	385	99	72	dı	98.6
798	9	La4	A4	305	305	1	8	385	95	82		98.7
799	9	La4	A4	305	305	1	8	385	99	91	na 	98.8
800	9	Si4b4	B4b4	310	310	1	8	385	99	101		98.9
801	9	Do5#4	C5#4	322	322	1	8	385	95	110		99.0
802	9	Re5	D5	327	327	2	16	385	99	120	e	99.1
803	9	Do5#4	C5#4	322	322	1	8	385	95	96		99.2
804	9	Si4b4	B4b4	310	310	4	16	769	99	96	rer	99.4
805	9	Si4b4	B4b4	310	310	1	16	192	99	96		99.45
806	9	La4	A4	305	305	1	16	192	95	96		99.5
807	9	La4	A4	305	305	5	8	1923	95	96	miş  	100.0
