Sira	Kod	Nota53	NotaAE	Koma53	KomaAE	Pay	Payda	Ms	LNS	Bas	Soz1	Offset
1	51			0	0	10	8	0	28	0	Curcuna	0.0
2	9	Es	Es	-1	-1	1	4	714	100	0		0.2
3	9	Re5	D5	327	327	1	8	357	95	96	Ba	0.3
4	9	Mi5	E5	336	336	1	4	714	95	96	hâr 	0.5
5	9	Mi5	E5	336	336	1	4	714	95	96	ol	0.7
6	9	Mi5	E5	336	336	3	8	1071	95	96	sa 	1.0
7	9	Es	Es	-1	-1	1	4	714	100	0		1.2
8	9	Fa5#4	F5#4	344	344	1	8	357	95	96	çe	1.3
9	9	Sol5	G5	349	349	1	8	357	99	96	men	1.4
10	9	Fa5#4	F5#4	344	344	1	8	357	95	96		1.5
11	9	Sol5	G5	349	349	1	8	357	99	96	zâr 	1.6
12	9	Fa5#4	F5#4	344	344	1	8	357	95	96		1.7
13	9	La5	A5	358	358	1	8	357	99	96	ol	1.8
14	9	Fa5#4	F5#4	344	344	1	8	357	99	96		1.9
15	9	Mi5	E5	336	336	1	8	357	95	96		2.0
16	9	Mi5	E5	336	336	3	8	1071	99	96	sa 	2.3
17	9	La5	A5	358	358	1	4	714	99	96		2.5
18	9	Sol5	G5	349	349	1	8	357	99	96		2.6
19	9	Fa5	F5	340	340	1	8	357	99	96		2.7
20	9	Mi5	E5	336	336	1	8	357	99	96		2.8
21	9	Re5	D5	327	327	1	8	357	99	96		2.9
22	9	Do5#4	C5#4	322	322	1	8	357	95	96		3.0
23	9	Re5	D5	327	327	3	8	1071	99	96	â	3.3
24	9	Mi5	E5	336	336	1	4	714	95	96		3.5
25	9	Mi5	E5	336	336	1	16	179	99	96	lem 	3.55
26	9	Fa5#4	F5#4	344	344	1	16	179	99	96		3.6
27	9	Mi5	E5	336	336	1	16	179	99	96		3.65
28	9	Re5	D5	327	327	1	16	179	99	96		3.7
29	9	Mi5	E5	336	336	1	4	714	99	96		3.9
30	9	Fa5#4	F5#4	344	344	1	8	357	95	96		4.0
31	9	Sol5	G5	349	349	3	8	1071	95	96	han	4.3
32	9	La5	A5	358	358	1	4	714	95	96	de	4.5
33	9	Si5	B5	367	367	1	4	714	95	96	dâr_	4.7
34	9	Sol5	G5	349	349	1	8	357	99	96	ol	4.8
35	9	Fa5#4	F5#4	344	344	1	8	357	99	96		4.9
36	9	Mi5	E5	336	336	1	8	357	95	96		5.0
37	9	Fa5#4	F5#4	344	344	1	8	357	99	96	sa 	5.1
38	9	Mi5	E5	336	336	1	8	357	99	96		5.2
39	9	Fa5#4	F5#4	344	344	1	8	357	99	96		5.3
40	9	La5	A5	358	358	1	8	357	99	96		5.4
41	9	Sol5	G5	349	349	1	8	357	99	96		5.5
42	9	Fa5	F5	340	340	1	8	357	99	96		5.6
43	9	Mi5	E5	336	336	1	8	357	99	96		5.7
44	9	Re5	D5	327	327	1	4	714	99	96		5.9
45	9	Do5#4	C5#4	322	322	1	24	119	99	96		5.93333333333
46	9	Si4b4	B4b4	310	310	1	24	119	99	96		5.96666666667
47	9	Do5#4	C5#4	322	322	1	24	119	95	96		6.0
48	9	Re5	D5	327	327	3	8	1071	95	96	han	6.3
49	9	Mi5	E5	336	336	1	4	714	95	96	de	6.5
50	9	Fa5	F5	340	340	1	4	714	95	96	dâr_	6.7
51	9	Mi5	E5	336	336	1	16	179	99	96	ol	6.75
52	9	Re5	D5	327	327	1	16	179	99	96		6.8
53	9	Do5#4	C5#4	322	322	1	8	357	99	96		6.9
54	9	Re5	D5	327	327	1	8	357	95	96		7.0
55	9	Mi5	E5	336	336	5	8	1785	95	96	sa  	7.5
56	9	Do5#4	C5#4	322	322	1	8	357	95	96	SAZ	7.6
57	9	Si4b4	B4b4	310	310	1	8	357	95	96	.	7.7
58	9	La4	A4	305	305	1	4	714	95	96	.	7.9
59	9	Es	Es	-1	-1	1	8	357	100	0		8.0
60	9	Es	Es	-1	-1	1	4	714	100	0		8.2
61	9	Re5	D5	327	327	1	8	357	95	96	Ba	8.3
62	9	Mi5	E5	336	336	1	4	714	95	96	hâr 	8.5
63	9	Mi5	E5	336	336	1	4	714	95	96	ol	8.7
64	9	Mi5	E5	336	336	3	8	1071	95	96	sa 	9.0
65	9	Es	Es	-1	-1	1	4	714	100	0		9.2
66	9	Fa5#4	F5#4	344	344	1	8	357	95	96	çe	9.3
67	9	Sol5	G5	349	349	1	8	357	99	96	men	9.4
68	9	Fa5#4	F5#4	344	344	1	8	357	95	96		9.5
69	9	Sol5	G5	349	349	1	8	357	99	96	zâr 	9.6
70	9	Fa5#4	F5#4	344	344	1	8	357	95	96		9.7
71	9	La5	A5	358	358	1	8	357	99	96	ol	9.8
72	9	Fa5#4	F5#4	344	344	1	8	357	99	96		9.9
73	9	Mi5	E5	336	336	1	8	357	95	96		10.0
74	9	Mi5	E5	336	336	3	8	1071	99	96	sa 	10.3
75	9	La5	A5	358	358	1	4	714	99	96		10.5
76	9	Sol5	G5	349	349	1	8	357	99	96		10.6
77	9	Fa5	F5	340	340	1	8	357	99	96		10.7
78	9	Mi5	E5	336	336	1	8	357	99	96		10.8
79	9	Re5	D5	327	327	1	8	357	99	96		10.9
80	9	Do5#4	C5#4	322	322	1	8	357	95	96		11.0
81	9	Re5	D5	327	327	3	8	1071	99	96	â	11.3
82	9	Mi5	E5	336	336	1	4	714	95	96		11.5
83	9	Mi5	E5	336	336	1	16	179	99	96	lem 	11.55
84	9	Fa5#4	F5#4	344	344	1	16	179	99	96		11.6
85	9	Mi5	E5	336	336	1	16	179	99	96		11.65
86	9	Re5	D5	327	327	1	16	179	99	96		11.7
87	9	Mi5	E5	336	336	1	4	714	99	96		11.9
88	9	Fa5#4	F5#4	344	344	1	8	357	95	96		12.0
89	9	Sol5	G5	349	349	3	8	1071	95	96	han	12.3
90	9	La5	A5	358	358	1	4	714	95	96	de	12.5
91	9	Si5	B5	367	367	1	4	714	95	96	dâr_	12.7
92	9	Sol5	G5	349	349	1	8	357	99	96	ol	12.8
93	9	Fa5#4	F5#4	344	344	1	8	357	99	96		12.9
94	9	Mi5	E5	336	336	1	8	357	95	96		13.0
95	9	Fa5#4	F5#4	344	344	1	8	357	99	96	sa 	13.1
96	9	Mi5	E5	336	336	1	8	357	99	96		13.2
97	9	Fa5#4	F5#4	344	344	1	8	357	99	96		13.3
98	9	La5	A5	358	358	1	8	357	99	96		13.4
99	9	Sol5	G5	349	349	1	8	357	99	96		13.5
100	9	Fa5	F5	340	340	1	8	357	99	96		13.6
101	9	Mi5	E5	336	336	1	8	357	99	96		13.7
102	9	Re5	D5	327	327	1	4	714	99	96		13.9
103	9	Do5#4	C5#4	322	322	1	24	119	99	96		13.9333333333
104	9	Si4b4	B4b4	310	310	1	24	119	99	96		13.9666666667
105	9	Do5#4	C5#4	322	322	1	24	119	95	96		14.0
106	9	Re5	D5	327	327	3	8	1071	95	96	han	14.3
107	9	Mi5	E5	336	336	1	4	714	95	96	de	14.5
108	9	Fa5	F5	340	340	1	4	714	95	96	dâr_	14.7
109	9	Mi5	E5	336	336	1	16	179	99	96	ol	14.75
110	9	Re5	D5	327	327	1	16	179	99	96		14.8
111	9	Do5#4	C5#4	322	322	1	8	357	99	96		14.9
112	9	Re5	D5	327	327	1	8	357	95	96		15.0
113	9	Mi5	E5	336	336	5	8	1785	95	96	sa  	15.5
114	9	Re5	D5	327	327	1	16	179	95	96	SAZ	15.55
115	9	Mi5	E5	336	336	1	16	179	95	96	.	15.6
116	9	Fa5#4	F5#4	344	344	1	16	179	95	96	.	15.65
117	9	Sol5	G5	349	349	1	16	179	95	96	.	15.7
118	9	La5	A5	358	358	1	4	714	95	96	.	15.9
119	9	Es	Es	-1	-1	1	8	357	100	0		16.0
120	9	Es	Es	-1	-1	1	4	714	100	0		16.2
121	9	Sol5	G5	349	349	1	8	357	95	96	Sen_	16.3
122	9	La5	A5	358	358	1	4	714	95	96	ol	16.5
123	9	La5	A5	358	358	1	4	714	95	96	maz	16.7
124	9	La5	A5	358	358	1	4	714	99	96	san 	16.9
125	9	Sol5	G5	349	349	1	8	357	95	96		17.0
126	9	Sol5	G5	349	349	1	8	357	99	96	ha	17.1
127	9	La5	A5	358	358	1	8	357	95	96		17.2
128	9	Si5	B5	367	367	1	8	357	99	96	ya	17.3
129	8	Do6#4	C6#4	375	375	0	0	0	99	96		17.3
130	9	Si5	B5	367	367	1	8	357	99	96		17.4
131	9	La5	A5	358	358	1	8	357	95	96		17.5
132	9	Do6	C6	371	371	1	4	714	99	96	lim	17.7
133	9	Si5	B5	367	367	1	4	714	99	96		17.9
134	9	La5	A5	358	358	1	8	357	95	96		18.0
135	9	La5	A5	358	358	5	8	1785	99	96	de 	18.5
136	9	La5	A5	358	358	1	8	357	99	96		18.6
137	9	Si5	B5	367	367	1	8	357	99	96		18.7
138	9	Sol5	G5	349	349	1	8	357	99	96		18.8
139	9	Fa5#4	F5#4	344	344	1	8	357	99	96		18.9
140	9	Mi5	E5	336	336	1	16	179	99	96		18.95
141	9	Re5	D5	327	327	1	16	179	99	96		19.0
142	9	Mi5	E5	336	336	1	4	714	95	96		19.2
143	9	La5	A5	358	358	1	8	357	95	96	ze	19.3
144	9	Si5b4	B5b4	363	363	1	4	714	95	96	min 	19.5
145	9	Si5b4	B5b4	363	363	1	8	357	99	96	ağ	19.6
146	9	La5	A5	358	358	1	8	357	95	96		19.7
147	9	Si5b4	B5b4	363	363	1	8	357	99	96	lar 	19.8
148	9	La5	A5	358	358	1	8	357	99	96		19.9
149	9	Sol5	G5	349	349	1	8	357	95	96		20.0
150	9	Fa5#4	F5#4	344	344	1	8	357	99	96	se	20.1
151	9	Sol5	G5	349	349	1	8	357	99	96		20.2
152	9	La5	A5	358	358	1	8	357	95	96		20.3
153	9	Si5b4	B5b4	363	363	1	8	357	99	96	mâ 	20.4
154	9	Do6#4	C6#4	375	375	1	8	357	95	96		20.5
155	9	Si5b4	B5b4	363	363	1	8	357	99	96	ağ	20.6
156	9	La5	A5	358	358	1	8	357	99	96		20.7
157	9	Sol5	G5	349	349	1	8	357	99	96		20.8
158	9	Fa5#4	F5#4	344	344	1	8	357	99	96		20.9
159	9	La5	A5	358	358	1	8	357	95	96		21.0
160	9	Sol5	G5	349	349	5	8	1785	99	96	lar 	21.5
161	9	Sol5	G5	349	349	1	8	357	99	96		21.6
162	9	Fa5#4	F5#4	344	344	1	8	357	99	96		21.7
163	9	Fa5#4	F5#4	344	344	1	4	714	99	96		21.9
164	9	Mi5	E5	336	336	1	8	357	95	96		22.0
165	9	Mi5	E5	336	336	1	8	357	99	96	se	22.1
166	9	Fa5#4	F5#4	344	344	1	8	357	95	96		22.2
167	9	Sol5	G5	349	349	1	8	357	99	96	mâ 	22.3
168	9	La5	A5	358	358	1	8	357	99	96		22.4
169	9	Si5	B5	367	367	1	8	357	95	96		22.5
170	9	Sol5	G5	349	349	1	8	357	99	96	ağ	22.6
171	9	Fa5#4	F5#4	344	344	1	8	357	99	96		22.7
172	9	La5	A5	358	358	1	8	357	99	96		22.8
173	9	Fa5#4	F5#4	344	344	1	8	357	99	96		22.9
174	9	Mi5	E5	336	336	1	8	357	95	96		23.0
175	9	Mi5	E5	336	336	5	8	1785	95	96	lar 	23.5
176	9	Mi5	E5	336	336	1	16	179	95	96	SAZ	23.55
177	9	Re5	D5	327	327	1	16	179	95	96	.	23.6
178	9	Do5#4	C5#4	322	322	1	16	179	95	96	.	23.65
179	9	Re5	D5	327	327	1	16	179	95	96	.	23.7
180	9	Mi5	E5	336	336	1	4	714	95	96	.	23.9
181	9	Es	Es	-1	-1	1	8	357	100	0		24.0
182	9	Es	Es	-1	-1	1	4	714	100	0		24.2
183	9	Do5#4	C5#4	322	322	1	8	357	95	96	Sen_	24.3
184	9	Re5	D5	327	327	1	8	357	99	96	ol	24.4
185	9	Mi5	E5	336	336	1	8	357	95	96		24.5
186	9	Fa5#4	F5#4	344	344	1	8	357	99	96	maz	24.6
187	9	Sol5	G5	349	349	1	8	357	95	96		24.7
188	9	La5	A5	358	358	3	16	536	99	96	san 	24.85
189	9	Sol5	G5	349	349	1	16	179	99	96		24.9
190	9	Fa5	F5	340	340	1	8	357	95	96		25.0
191	9	Fa5	F5	340	340	1	8	357	99	96	ha	25.1
192	9	Mi5	E5	336	336	1	8	357	95	96		25.2
193	9	Mi5	E5	336	336	1	4	714	99	96	ya	25.4
194	9	Re5	D5	327	327	1	8	357	95	96		25.5
195	9	Re5	D5	327	327	1	16	179	99	96	lim	25.55
196	9	Do5#4	C5#4	322	322	1	16	179	99	96		25.6
197	9	Re5	D5	327	327	1	16	179	99	96		25.65
198	9	Mi5	E5	336	336	1	16	179	99	96		25.7
199	9	Re5	D5	327	327	1	4	714	99	96		25.9
200	9	Do5#4	C5#4	322	322	1	8	357	95	96		26.0
201	9	Do5#4	C5#4	322	322	5	8	1785	99	96	de 	26.5
202	9	Do5#4	C5#4	322	322	1	16	179	99	96		26.55
203	9	Re5	D5	327	327	1	16	179	99	96		26.6
204	9	Do5#4	C5#4	322	322	1	16	179	99	96		26.65
205	9	Si4b4	B4b4	310	310	1	16	179	99	96		26.7
206	9	Do5#4	C5#4	322	322	1	4	714	95	96		26.9
207	9	Es	Es	-1	-1	1	8	357	100	0		27.0
208	9	Es	Es	-1	-1	1	4	714	100	0		27.2
209	9	Sol5	G5	349	349	1	8	357	95	96	ze	27.3
210	9	Fa5	F5	340	340	1	8	357	99	96	min 	27.4
211	9	Mi5	E5	336	336	1	8	357	95	96		27.5
212	9	Re5	D5	327	327	1	8	357	99	96	ağ	27.6
213	9	Do5	C5	318	318	1	8	357	95	96		27.7
214	9	Si4b1	B4b1	313	313	1	8	357	99	96	lar 	27.8
215	8	Do5	C5	318	318	0	0	0	99	96		27.8
216	9	Si4b1	B4b1	313	313	1	16	179	99	96		27.85
217	9	La4	A4	305	305	1	16	179	99	96		27.9
218	9	Si4b1	B4b1	313	313	1	8	357	95	96		28.0
219	9	Es	Es	-1	-1	1	4	714	100	0		28.2
220	9	Do5	C5	318	318	1	8	357	95	96	se	28.3
221	9	Re5	D5	327	327	1	4	714	95	96	mâ 	28.5
222	9	Re5	D5	327	327	1	8	357	99	96	ağ	28.6
223	9	Do5	C5	318	318	1	8	357	99	96		28.7
224	9	Si4b1	B4b1	313	313	1	8	357	99	96		28.8
225	9	La4#4	A4#4	309	309	1	8	357	99	96		28.9
226	9	Si4b1	B4b1	313	313	1	8	357	95	96		29.0
227	9	Do5	C5	318	318	3	8	1071	99	96	lar 	29.3
228	9	Mi5	E5	336	336	1	4	714	99	96		29.5
229	9	Re5	D5	327	327	1	8	357	99	96		29.6
230	9	Do5	C5	318	318	1	8	357	99	96		29.7
231	9	Do5	C5	318	318	1	4	714	99	96		29.9
232	9	Si4b1	B4b1	313	313	1	16	179	99	96		29.95
233	9	La4#4	A4#4	309	309	1	16	179	99	96		30.0
234	9	Si4b1	B4b1	313	313	1	4	714	95	96		30.2
235	9	Do5#4	C5#4	322	322	1	8	357	95	96	se	30.3
236	9	Re5	D5	327	327	1	8	357	99	96	mâ 	30.4
237	9	Mi5	E5	336	336	1	8	357	95	96		30.5
238	9	Do5#4	C5#4	322	322	1	8	357	99	96	ağ	30.6
239	9	Si4b4	B4b4	310	310	1	8	357	99	96		30.7
240	9	Do5#4	C5#4	322	322	1	8	357	99	96		30.8
241	9	Si4b4	B4b4	310	310	1	8	357	99	96		30.9
242	9	La4	A4	305	305	1	8	357	95	96		31.0
243	9	La4	A4	305	305	3	8	1071	99	96	lar  	31.3
244	9	La4	A4	305	305	1	4	714	95	96		31.5
245	9	Re5#4	D5#4	331	331	1	4	714	95	96	SAZ	31.7
246	9	Mi5	E5	336	336	1	4	714	95	96	.	31.9
247	9	Es	Es	-1	-1	1	8	357	100	0		32.0
248	9	Es	Es	-1	-1	1	4	714	100	0		32.2
249	9	Re5#4	D5#4	331	331	1	8	357	95	96	Gö	32.3
250	9	Mi5	E5	336	336	1	4	714	95	96	nül 	32.5
251	9	Mi5	E5	336	336	1	4	714	95	96	meh	32.7
252	9	Mi5	E5	336	336	3	8	1071	95	96	cur 	33.0
253	9	Fa5	F5	340	340	1	16	179	99	96	kal	33.05
254	9	Sol5#4	G5#4	353	353	1	16	179	99	96		33.1
255	9	Fa5#1	F5#1	341	341	1	16	179	99	96		33.15
256	9	Mi5	E5	336	336	1	16	179	99	96		33.2
257	9	Fa5#1	F5#1	341	341	1	8	357	99	96		33.3
258	9	Sol5#4	G5#4	353	353	1	4	714	95	96		33.5
259	9	La5	A5	358	358	1	4	714	99	96	dık	33.7
260	9	Sol5#4	G5#4	353	353	1	8	357	99	96		33.8
261	9	Fa5#1	F5#1	341	341	1	8	357	99	96		33.9
262	9	Mi5	E5	336	336	1	8	357	95	96		34.0
263	9	Mi5	E5	336	336	5	8	1785	99	96	ça 	34.5
264	9	Mi5	E5	336	336	1	8	357	99	96		34.6
265	8	Fa5	F5	340	340	0	0	0	99	96		34.6
266	9	Mi5	E5	336	336	1	16	179	99	96		34.65
267	9	Re5#4	D5#4	331	331	1	16	179	99	96		34.7
268	9	Re5#4	D5#4	331	331	1	4	714	95	96		34.9
269	9	Es	Es	-1	-1	1	8	357	100	0		35.0
270	9	Es	Es	-1	-1	1	4	714	100	0		35.2
271	9	Mi5	E5	336	336	1	8	357	95	96	hu	35.3
272	9	Fa5	F5	340	340	1	4	714	95	96	zur 	35.5
273	9	Mi5	E5	336	336	1	8	357	99	96	üm	35.6
274	9	Re5#4	D5#4	331	331	1	8	357	95	96		35.7
275	9	Do5	C5	318	318	1	8	357	99	96	mîd 	35.8
276	9	Si4	B4	314	314	1	8	357	99	96		35.9
277	9	La4	A4	305	305	1	8	357	95	96		36.0
278	9	Sol4#4	G4#4	300	300	1	8	357	99	96	e	36.1
279	9	La4	A4	305	305	1	8	357	95	96		36.2
280	9	Si4	B4	314	314	1	8	357	99	96	der 	36.3
281	9	Do5	C5	318	318	1	8	357	99	96		36.4
282	9	Re5#4	D5#4	331	331	1	8	357	95	96		36.5
283	9	Do5	C5	318	318	1	8	357	99	96	san	36.6
284	9	Si4	B4	314	314	1	8	357	99	96		36.7
285	9	La4	A4	305	305	1	8	357	99	96		36.8
286	9	Sol4#4	G4#4	300	300	1	8	357	99	96		36.9
287	9	La4	A4	305	305	1	8	357	95	96		37.0
288	9	Do5	C5	318	318	3	4	2142	99	96	ma 	37.6
289	9	Si4	B4	314	314	1	8	357	99	96		37.7
290	9	Do5	C5	318	318	1	4	714	95	96		37.9
291	9	Es	Es	-1	-1	1	8	357	100	0		38.0
292	9	Es	Es	-1	-1	1	4	714	100	0		38.2
293	9	Re5	D5	327	327	1	8	357	95	96	hu	38.3
294	9	Mi5	E5	336	336	1	4	714	95	96	zur 	38.5
295	9	Mi5	E5	336	336	1	4	714	95	96	üm	38.7
296	9	Mi5	E5	336	336	1	4	714	99	96	mîd 	38.9
297	8	Fa5#4	F5#4	344	344	0	0	0	99	96		38.9
298	9	Re5	D5	327	327	1	8	357	95	96		39.0
299	9	Mi5	E5	336	336	1	8	357	99	96	e	39.1
300	9	Fa5#4	F5#4	344	344	1	8	357	95	96		39.2
301	9	Sol5	G5	349	349	1	8	357	99	96	der 	39.3
302	9	La5	A5	358	358	1	8	357	99	96		39.4
303	9	Si5	B5	367	367	1	8	357	95	96		39.5
304	9	Sol5	G5	349	349	1	8	357	99	96	san	39.6
305	9	Fa5#4	F5#4	344	344	1	8	357	99	96		39.7
306	9	La5	A5	358	358	1	8	357	99	96		39.8
307	9	Fa5#4	F5#4	344	344	1	8	357	99	96		39.9
308	9	Mi5	E5	336	336	1	8	357	95	96		40.0
309	9	Mi5	E5	336	336	5	8	1785	95	96	ma  	40.5
310	9	Re5	D5	327	327	1	16	179	95	96		40.55
311	9	Mi5	E5	336	336	1	16	179	95	96		40.6
312	9	Fa5#4	F5#4	344	344	1	16	179	95	96		40.65
313	9	Sol5	G5	349	349	1	16	179	95	96		40.7
314	9	La5	A5	358	358	1	4	714	95	96		40.9
315	9	Es	Es	-1	-1	1	8	357	100	0		41.0
316	9	Es	Es	-1	-1	1	4	714	100	0		41.2
317	9	Sol5	G5	349	349	1	8	357	95	96	Sen_	41.3
318	9	La5	A5	358	358	1	4	714	95	96	ol	41.5
319	9	La5	A5	358	358	1	4	714	95	96	maz	41.7
320	9	La5	A5	358	358	1	4	714	99	96	san 	41.9
321	9	Sol5	G5	349	349	1	8	357	95	96		42.0
322	9	Sol5	G5	349	349	1	8	357	99	96	ha	42.1
323	9	La5	A5	358	358	1	8	357	95	96		42.2
324	9	Si5	B5	367	367	1	8	357	99	96	ya	42.3
325	8	Do6#4	C6#4	375	375	0	0	0	99	96		42.3
326	9	Si5	B5	367	367	1	8	357	99	96		42.4
327	9	La5	A5	358	358	1	8	357	95	96		42.5
328	9	Do6	C6	371	371	1	4	714	99	96	lim	42.7
329	9	Si5	B5	367	367	1	4	714	99	96		42.9
330	9	La5	A5	358	358	1	8	357	95	96		43.0
331	9	La5	A5	358	358	5	8	1785	99	96	de 	43.5
332	9	La5	A5	358	358	1	8	357	99	96		43.6
333	9	Si5	B5	367	367	1	8	357	99	96		43.7
334	9	Sol5	G5	349	349	1	8	357	99	96		43.8
335	9	Fa5#4	F5#4	344	344	1	8	357	99	96		43.9
336	9	Mi5	E5	336	336	1	16	179	99	96		43.95
337	9	Re5	D5	327	327	1	16	179	99	96		44.0
338	9	Mi5	E5	336	336	1	4	714	95	96		44.2
339	9	La5	A5	358	358	1	8	357	95	96	ze	44.3
340	9	Si5b4	B5b4	363	363	1	4	714	95	96	min 	44.5
341	9	Si5b4	B5b4	363	363	1	8	357	99	96	ağ	44.6
342	9	La5	A5	358	358	1	8	357	95	96		44.7
343	9	Si5b4	B5b4	363	363	1	8	357	99	96	lar 	44.8
344	9	La5	A5	358	358	1	8	357	99	96		44.9
345	9	Sol5	G5	349	349	1	8	357	95	96		45.0
346	9	Fa5#4	F5#4	344	344	1	8	357	99	96	se	45.1
347	9	Sol5	G5	349	349	1	8	357	99	96		45.2
348	9	La5	A5	358	358	1	8	357	95	96		45.3
349	9	Si5b4	B5b4	363	363	1	8	357	99	96	mâ 	45.4
350	9	Do6#4	C6#4	375	375	1	8	357	95	96		45.5
351	9	Si5b4	B5b4	363	363	1	8	357	99	96	ağ	45.6
352	9	La5	A5	358	358	1	8	357	99	96		45.7
353	9	Sol5	G5	349	349	1	8	357	99	96		45.8
354	9	Fa5#4	F5#4	344	344	1	8	357	99	96		45.9
355	9	La5	A5	358	358	1	8	357	95	96		46.0
356	9	Sol5	G5	349	349	5	8	1785	99	96	lar 	46.5
357	9	Sol5	G5	349	349	1	8	357	99	96		46.6
358	9	Fa5#4	F5#4	344	344	1	8	357	99	96		46.7
359	9	Fa5#4	F5#4	344	344	1	4	714	99	96		46.9
360	9	Mi5	E5	336	336	1	8	357	95	96		47.0
361	9	Mi5	E5	336	336	1	8	357	99	96	se	47.1
362	9	Fa5#4	F5#4	344	344	1	8	357	95	96		47.2
363	9	Sol5	G5	349	349	1	8	357	99	96	mâ 	47.3
364	9	La5	A5	358	358	1	8	357	99	96		47.4
365	9	Si5	B5	367	367	1	8	357	95	96		47.5
366	9	Sol5	G5	349	349	1	8	357	99	96	ağ	47.6
367	9	Fa5#4	F5#4	344	344	1	8	357	99	96		47.7
368	9	La5	A5	358	358	1	8	357	99	96		47.8
369	9	Fa5#4	F5#4	344	344	1	8	357	99	96		47.9
370	9	Mi5	E5	336	336	1	8	357	95	96		48.0
371	9	Mi5	E5	336	336	5	8	1785	95	96	lar 	48.5
372	9	Mi5	E5	336	336	1	16	179	95	96	SAZ	48.55
373	9	Re5	D5	327	327	1	16	179	95	96	.	48.6
374	9	Do5#4	C5#4	322	322	1	16	179	95	96	.	48.65
375	9	Re5	D5	327	327	1	16	179	95	96	.	48.7
376	9	Mi5	E5	336	336	1	4	714	95	96	.	48.9
377	9	Es	Es	-1	-1	1	8	357	100	0		49.0
378	9	Es	Es	-1	-1	1	4	714	100	0		49.2
379	9	Do5#4	C5#4	322	322	1	8	357	95	96	Sen_	49.3
380	9	Re5	D5	327	327	1	8	357	99	96	ol	49.4
381	9	Mi5	E5	336	336	1	8	357	95	96		49.5
382	9	Fa5#4	F5#4	344	344	1	8	357	99	96	maz	49.6
383	9	Sol5	G5	349	349	1	8	357	95	96		49.7
384	9	La5	A5	358	358	3	16	536	99	96	san 	49.85
385	9	Sol5	G5	349	349	1	16	179	99	96		49.9
386	9	Fa5	F5	340	340	1	8	357	95	96		50.0
387	9	Fa5	F5	340	340	1	8	357	99	96	ha	50.1
388	9	Mi5	E5	336	336	1	8	357	95	96		50.2
389	9	Mi5	E5	336	336	1	4	714	99	96	ya	50.4
390	9	Re5	D5	327	327	1	8	357	95	96		50.5
391	9	Re5	D5	327	327	1	16	179	99	96	lim	50.55
392	9	Do5#4	C5#4	322	322	1	16	179	99	96		50.6
393	9	Re5	D5	327	327	1	16	179	99	96		50.65
394	9	Mi5	E5	336	336	1	16	179	99	96		50.7
395	9	Re5	D5	327	327	1	4	714	99	96		50.9
396	9	Do5#4	C5#4	322	322	1	8	357	95	96		51.0
397	9	Do5#4	C5#4	322	322	5	8	1785	99	96	de 	51.5
398	9	Do5#4	C5#4	322	322	1	16	179	99	96		51.55
399	9	Re5	D5	327	327	1	16	179	99	96		51.6
400	9	Do5#4	C5#4	322	322	1	16	179	99	96		51.65
401	9	Si4b4	B4b4	310	310	1	16	179	99	96		51.7
402	9	Do5#4	C5#4	322	322	1	4	714	95	96		51.9
403	9	Es	Es	-1	-1	1	8	357	100	0		52.0
404	9	Es	Es	-1	-1	1	4	714	100	0		52.2
405	9	Sol5	G5	349	349	1	8	357	95	96	ze	52.3
406	9	Fa5	F5	340	340	1	8	357	99	96	min 	52.4
407	9	Mi5	E5	336	336	1	8	357	95	96		52.5
408	9	Re5	D5	327	327	1	8	357	99	96	ağ	52.6
409	9	Do5	C5	318	318	1	8	357	95	96		52.7
410	9	Si4b1	B4b1	313	313	1	8	357	99	96	lar 	52.8
411	8	Do5	C5	318	318	0	0	0	99	96		52.8
412	9	Si4b1	B4b1	313	313	1	16	179	99	96		52.85
413	9	La4	A4	305	305	1	16	179	99	96		52.9
414	9	Si4b1	B4b1	313	313	1	8	357	95	96		53.0
415	9	Es	Es	-1	-1	1	4	714	100	0		53.2
416	9	Do5	C5	318	318	1	8	357	95	96	se	53.3
417	9	Re5	D5	327	327	1	4	714	95	96	mâ 	53.5
418	9	Re5	D5	327	327	1	8	357	99	96	ağ	53.6
419	9	Do5	C5	318	318	1	8	357	99	96		53.7
420	9	Si4b1	B4b1	313	313	1	8	357	99	96		53.8
421	9	La4#4	A4#4	309	309	1	8	357	99	96		53.9
422	9	Si4b1	B4b1	313	313	1	8	357	95	96		54.0
423	9	Do5	C5	318	318	3	8	1071	99	96	lar 	54.3
424	9	Mi5	E5	336	336	1	4	714	99	96		54.5
425	9	Re5	D5	327	327	1	8	357	99	96		54.6
426	9	Do5	C5	318	318	1	8	357	99	96		54.7
427	9	Do5	C5	318	318	1	4	714	99	96		54.9
428	9	Si4b1	B4b1	313	313	1	16	179	99	96		54.95
429	9	La4#4	A4#4	309	309	1	16	179	99	96		55.0
430	9	Si4b1	B4b1	313	313	1	4	714	95	96		55.2
431	9	Do5#4	C5#4	322	322	1	8	357	95	96	se	55.3
432	9	Re5	D5	327	327	1	8	357	99	96	mâ 	55.4
433	9	Mi5	E5	336	336	1	8	357	95	96		55.5
434	9	Do5#4	C5#4	322	322	1	8	357	99	96	ağ	55.6
435	9	Si4b4	B4b4	310	310	1	8	357	99	96		55.7
436	9	Do5#4	C5#4	322	322	1	8	357	99	96		55.8
437	9	Si4b4	B4b4	310	310	1	8	357	99	96		55.9
438	9	La4	A4	305	305	1	8	357	95	96		56.0
439	9	La4	A4	305	305	3	8	1071	99	96	lar  	56.3
440	9	La4	A4	305	305	1	4	714	95	96		56.5
