Sira	Kod	Nota53	NotaAE	Koma53	KomaAE	Pay	Payda	Ms	LNS	Bas	Soz1	Offset
1	9	La4	A4	305	305	1	4	1053	95	96	ARANAĞME	0.166666666667
2	9	La5	A5	358	358	1	4	1053	95	96	.	0.333333333333
3	9	La5	A5	358	358	3	16	789	95	96	.	0.458333333333
4	9	Sol5#4	G5#4	353	353	1	16	263	95	96	.	0.5
5	9	Fa5#1	F5#1	341	341	1	16	263	95	96	.	0.541666666667
6	9	Mi5	E5	336	336	1	16	263	95	96	.	0.583333333333
7	9	Fa5#1	F5#1	341	341	1	16	263	95	96	.	0.625
8	9	Sol5#4	G5#4	353	353	1	16	263	95	96	.	0.666666666667
9	9	La5	A5	358	358	1	2	2105	95	96	.	1.0
10	9	Es	Es	-1	-1	1	8	526	100	0	.	1.08333333333
11	9	Sol5#4	G5#4	353	353	1	16	263	95	96	.	1.125
12	9	La5	A5	358	358	1	16	263	95	96	.	1.16666666667
13	9	Si5	B5	367	367	1	8	526	95	96	.	1.25
14	9	Do6	C6	371	371	1	8	526	95	96	.	1.33333333333
15	9	Si5	B5	367	367	1	8	526	95	96	.	1.41666666667
16	9	La5	A5	358	358	1	16	263	95	96	.	1.45833333333
17	9	Si5	B5	367	367	1	16	263	95	96	.	1.5
18	9	La5	A5	358	358	1	8	526	95	96	.	1.58333333333
19	9	Sol5#4	G5#4	353	353	1	8	526	95	96	.	1.66666666667
20	9	La5	A5	358	358	1	16	263	95	96	.	1.70833333333
21	9	Sol5#4	G5#4	353	353	1	16	263	95	96	.	1.75
22	9	Fa5#1	F5#1	341	341	1	16	263	95	96	.	1.79166666667
23	9	Sol5#4	G5#4	353	353	1	16	263	95	96	.	1.83333333333
24	9	Fa5#1	F5#1	341	341	1	8	526	95	96	.	1.91666666667
25	9	Mi5	E5	336	336	1	8	526	95	96	.	2.0
26	9	Es	Es	-1	-1	1	8	526	100	0	.	2.08333333333
27	9	Mi5	E5	336	336	1	16	263	95	96	.	2.125
28	9	Fa5#4	F5#4	344	344	1	16	263	95	96	.	2.16666666667
29	9	Sol5	G5	349	349	1	8	526	95	96	.	2.25
30	9	La5	A5	358	358	1	8	526	95	96	.	2.33333333333
31	9	Sol5	G5	349	349	1	8	526	95	96	.	2.41666666667
32	9	Fa5	F5	340	340	1	8	526	95	96	.	2.5
33	9	Mi5	E5	336	336	1	8	526	95	96	.	2.58333333333
34	9	Re5	D5	327	327	1	8	526	95	96	.	2.66666666667
35	9	Do5#4	C5#4	322	322	1	16	263	95	96	.	2.70833333333
36	9	Re5	D5	327	327	1	16	263	95	96	.	2.75
37	9	Mi5	E5	336	336	1	16	263	95	96	.	2.79166666667
38	9	Fa5	F5	340	340	1	16	263	95	96	.	2.83333333333
39	9	Mi5	E5	336	336	1	16	263	95	96	.	2.875
40	9	Re5	D5	327	327	1	16	263	95	96	.	2.91666666667
41	9	Do5#4	C5#4	322	322	1	16	263	95	96	.	2.95833333333
42	9	Si4b4	B4b4	310	310	1	16	263	95	96	.	3.0
43	9	La4	A4	305	305	3	16	789	95	96	.	3.125
44	9	La5	A5	358	358	1	16	263	95	96	.	3.16666666667
45	9	Sol5	G5	349	349	1	16	263	95	96	.	3.20833333333
46	9	Fa5	F5	340	340	1	16	263	95	96	.	3.25
47	9	Mi5	E5	336	336	1	16	263	95	96	.	3.29166666667
48	9	Re5	D5	327	327	1	16	263	95	96	.	3.33333333333
49	9	Do5#4	C5#4	322	322	3	16	789	95	96	.	3.45833333333
50	9	Si4b4	B4b4	310	310	1	16	263	95	96	.	3.5
51	9	Do5#4	C5#4	322	322	1	16	263	95	96	.	3.54166666667
52	9	Si4b4	B4b4	310	310	1	16	263	95	96	.	3.58333333333
53	9	Si4b4	B4b4	310	310	1	16	263	95	96	.	3.625
54	9	La4	A4	305	305	1	16	263	95	96	.	3.66666666667
55	9	La4	A4	305	305	1	2	2105	95	96	.	4.0
56	9	La4	A4	305	305	1	4	1053	95	96	ARANAĞME	4.16666666667
57	9	La5	A5	358	358	1	4	1053	95	96	.	4.33333333333
58	9	La5	A5	358	358	3	16	789	95	96	.	4.45833333333
59	9	Sol5#4	G5#4	353	353	1	16	263	95	96	.	4.5
60	9	Fa5#1	F5#1	341	341	1	16	263	95	96	.	4.54166666667
61	9	Mi5	E5	336	336	1	16	263	95	96	.	4.58333333333
62	9	Fa5#1	F5#1	341	341	1	16	263	95	96	.	4.625
63	9	Sol5#4	G5#4	353	353	1	16	263	95	96	.	4.66666666667
64	9	La5	A5	358	358	1	2	2105	95	96	.	5.0
65	9	Es	Es	-1	-1	1	8	526	100	0	.	5.08333333333
66	9	Sol5#4	G5#4	353	353	1	16	263	95	96	.	5.125
67	9	La5	A5	358	358	1	16	263	95	96	.	5.16666666667
68	9	Si5	B5	367	367	1	8	526	95	96	.	5.25
69	9	Do6	C6	371	371	1	8	526	95	96	.	5.33333333333
70	9	Si5	B5	367	367	1	8	526	95	96	.	5.41666666667
71	9	La5	A5	358	358	1	16	263	95	96	.	5.45833333333
72	9	Si5	B5	367	367	1	16	263	95	96	.	5.5
73	9	La5	A5	358	358	1	8	526	95	96	.	5.58333333333
74	9	Sol5#4	G5#4	353	353	1	8	526	95	96	.	5.66666666667
75	9	La5	A5	358	358	1	16	263	95	96	.	5.70833333333
76	9	Sol5#4	G5#4	353	353	1	16	263	95	96	.	5.75
77	9	Fa5#1	F5#1	341	341	1	16	263	95	96	.	5.79166666667
78	9	Sol5#4	G5#4	353	353	1	16	263	95	96	.	5.83333333333
79	9	Fa5#1	F5#1	341	341	1	8	526	95	96	.	5.91666666667
80	9	Mi5	E5	336	336	1	8	526	95	96	.	6.0
81	9	Es	Es	-1	-1	1	8	526	100	0	.	6.08333333333
82	9	Mi5	E5	336	336	1	16	263	95	96	.	6.125
83	9	Fa5#4	F5#4	344	344	1	16	263	95	96	.	6.16666666667
84	9	Sol5	G5	349	349	1	8	526	95	96	.	6.25
85	9	La5	A5	358	358	1	8	526	95	96	.	6.33333333333
86	9	Sol5	G5	349	349	1	8	526	95	96	.	6.41666666667
87	9	Fa5	F5	340	340	1	8	526	95	96	.	6.5
88	9	Mi5	E5	336	336	1	8	526	95	96	.	6.58333333333
89	9	Re5	D5	327	327	1	8	526	95	96	.	6.66666666667
90	9	Do5#4	C5#4	322	322	1	16	263	95	96	.	6.70833333333
91	9	Re5	D5	327	327	1	16	263	95	96	.	6.75
92	9	Mi5	E5	336	336	1	16	263	95	96	.	6.79166666667
93	9	Fa5	F5	340	340	1	16	263	95	96	.	6.83333333333
94	9	Mi5	E5	336	336	1	16	263	95	96	.	6.875
95	9	Re5	D5	327	327	1	16	263	95	96	.	6.91666666667
96	9	Do5#4	C5#4	322	322	1	16	263	95	96	.	6.95833333333
97	9	Si4b4	B4b4	310	310	1	16	263	95	96	.	7.0
98	9	La4	A4	305	305	3	16	789	95	96	.	7.125
99	9	La5	A5	358	358	1	16	263	95	96	.	7.16666666667
100	9	Sol5	G5	349	349	1	16	263	95	96	.	7.20833333333
101	9	Fa5	F5	340	340	1	16	263	95	96	.	7.25
102	9	Mi5	E5	336	336	1	16	263	95	96	.	7.29166666667
103	9	Re5	D5	327	327	1	16	263	95	96	.	7.33333333333
104	9	Do5#4	C5#4	322	322	3	16	789	95	96	.	7.45833333333
105	9	Si4b4	B4b4	310	310	1	16	263	95	96	.	7.5
106	9	Do5#4	C5#4	322	322	1	16	263	95	96	.	7.54166666667
107	9	Si4b4	B4b4	310	310	1	16	263	95	96	.	7.58333333333
108	9	Si4b4	B4b4	310	310	1	16	263	95	96	.	7.625
109	9	La4	A4	305	305	1	16	263	95	96	.	7.66666666667
110	9	La4	A4	305	305	1	2	2105	95	96	.	8.0
111	9	Mi5	E5	336	336	3	16	789	99	96	N'ol	8.125
112	9	Re5	D5	327	327	1	16	263	95	96		8.16666666667
113	9	Re5	D5	327	327	3	16	789	99	96	sun 	8.29166666667
114	9	Do5#4	C5#4	322	322	1	16	263	95	96		8.33333333333
115	9	Do5#4	C5#4	322	322	1	8	526	99	96	bu 	8.41666666667
116	9	Si4b4	B4b4	310	310	1	16	263	99	96		8.45833333333
117	9	La4	A4	305	305	1	16	263	95	96		8.5
118	9	Mi5	E5	336	336	1	8	526	99	96	ka	8.58333333333
119	9	Re5	D5	327	327	1	16	263	99	96		8.625
120	9	Do5#4	C5#4	322	322	1	16	263	95	96		8.66666666667
121	9	Do5#4	C5#4	322	322	3	16	789	99	96	dar 	8.79166666667
122	9	Re5	D5	327	327	1	16	263	99	96		8.83333333333
123	9	Do5#4	C5#4	322	322	1	16	263	99	96		8.875
124	9	Re5	D5	327	327	1	16	263	99	96		8.91666666667
125	9	Do5#4	C5#4	322	322	1	16	263	99	96		8.95833333333
126	9	Si4b4	B4b4	310	310	1	16	263	95	96		9.0
127	9	Es	Es	-1	-1	1	8	526	100	0		9.08333333333
128	9	Re5	D5	327	327	1	4	1053	99	96	ah 	9.25
129	9	Re5	D5	327	327	1	16	263	99	96		9.29166666667
130	9	Do5#4	C5#4	322	322	1	16	263	95	96		9.33333333333
131	9	Do5#4	C5#4	322	322	3	16	789	99	96	ü 	9.45833333333
132	9	Si4b4	B4b4	310	310	1	16	263	95	96		9.5
133	9	Do5#4	C5#4	322	322	1	16	263	99	96	fi	9.54166666667
134	9	Si4b4	B4b4	310	310	1	16	263	99	96		9.58333333333
135	9	Si4b4	B4b4	310	310	1	16	263	99	96		9.625
136	9	La4	A4	305	305	1	16	263	95	96		9.66666666667
137	9	La4	A4	305	305	3	8	1579	99	96	gan 	9.91666666667
138	9	Si4b4	B4b4	310	310	1	32	132	99	96		9.9375
139	9	La4	A4	305	305	1	32	132	99	96		9.95833333333
140	9	Si4b4	B4b4	310	310	1	16	263	95	96		10.0
141	9	Es	Es	-1	-1	1	8	526	100	0		10.0833333333
142	9	Sol4	G4	296	296	1	16	263	99	96	ah 	10.125
143	9	La4	A4	305	305	1	16	263	99	96		10.1666666667
144	9	Si4b4	B4b4	310	310	1	8	526	99	96		10.25
145	9	Do5#4	C5#4	322	322	1	8	526	99	96		10.3333333333
146	9	Re5	D5	327	327	3	16	789	99	96		10.4583333333
147	9	Do5#4	C5#4	322	322	1	16	263	95	96		10.5
148	9	Do5#4	C5#4	322	322	1	16	263	99	96	gö	10.5416666667
149	9	Si4	B4	314	314	1	16	263	99	96		10.5833333333
150	9	Si4	B4	314	314	1	16	263	99	96		10.625
151	9	Do5#4	C5#4	322	322	1	16	263	95	96		10.6666666667
152	9	Re5	D5	327	327	3	16	789	95	96	nül  	10.7916666667
153	9	Mi5	E5	336	336	1	16	263	95	96	SAZ	10.8333333333
154	9	Do5#4	C5#4	322	322	1	16	263	95	96	.	10.875
155	9	Si4b4	B4b4	310	310	1	16	263	95	96	.	10.9166666667
156	9	La4	A4	305	305	1	8	526	95	96	.	11.0
157	9	Mi5	E5	336	336	3	16	789	99	96	N'ol	11.125
158	9	Re5	D5	327	327	1	16	263	95	96		11.1666666667
159	9	Re5	D5	327	327	3	16	789	99	96	sun 	11.2916666667
160	9	Do5#4	C5#4	322	322	1	16	263	95	96		11.3333333333
161	9	Do5#4	C5#4	322	322	1	8	526	99	96	bu 	11.4166666667
162	9	Si4b4	B4b4	310	310	1	16	263	99	96		11.4583333333
163	9	La4	A4	305	305	1	16	263	95	96		11.5
164	9	Mi5	E5	336	336	1	8	526	99	96	ka	11.5833333333
165	9	Re5	D5	327	327	1	16	263	99	96		11.625
166	9	Do5#4	C5#4	322	322	1	16	263	95	96		11.6666666667
167	9	Do5#4	C5#4	322	322	3	16	789	99	96	dar 	11.7916666667
168	9	Re5	D5	327	327	1	16	263	99	96		11.8333333333
169	9	Do5#4	C5#4	322	322	1	16	263	99	96		11.875
170	9	Re5	D5	327	327	1	16	263	99	96		11.9166666667
171	9	Do5#4	C5#4	322	322	1	16	263	99	96		11.9583333333
172	9	Si4b4	B4b4	310	310	1	16	263	95	96		12.0
173	9	Es	Es	-1	-1	1	8	526	100	0		12.0833333333
174	9	Re5	D5	327	327	1	4	1053	99	96	ah 	12.25
175	9	Re5	D5	327	327	1	16	263	99	96		12.2916666667
176	9	Do5#4	C5#4	322	322	1	16	263	95	96		12.3333333333
177	9	Do5#4	C5#4	322	322	3	16	789	99	96	ü 	12.4583333333
178	9	Si4b4	B4b4	310	310	1	16	263	95	96		12.5
179	9	Do5#4	C5#4	322	322	1	16	263	99	96	fi	12.5416666667
180	9	Si4b4	B4b4	310	310	1	16	263	99	96		12.5833333333
181	9	Si4b4	B4b4	310	310	1	16	263	99	96		12.625
182	9	La4	A4	305	305	1	16	263	95	96		12.6666666667
183	9	La4	A4	305	305	3	8	1579	99	96	gan 	12.9166666667
184	9	Si4b4	B4b4	310	310	1	32	132	99	96		12.9375
185	9	La4	A4	305	305	1	32	132	99	96		12.9583333333
186	9	Si4b4	B4b4	310	310	1	16	263	95	96		13.0
187	9	Es	Es	-1	-1	1	8	526	100	0		13.0833333333
188	9	Sol4	G4	296	296	1	16	263	99	96	ah 	13.125
189	9	La4	A4	305	305	1	16	263	99	96		13.1666666667
190	9	Si4b4	B4b4	310	310	1	8	526	99	96		13.25
191	9	Do5#4	C5#4	322	322	1	8	526	99	96		13.3333333333
192	9	Re5	D5	327	327	3	16	789	99	96		13.4583333333
193	9	Do5#4	C5#4	322	322	1	16	263	95	96		13.5
194	9	Do5#4	C5#4	322	322	1	16	263	99	96	gö	13.5416666667
195	9	Si4	B4	314	314	1	16	263	99	96		13.5833333333
196	9	Si4	B4	314	314	1	16	263	99	96		13.625
197	9	Do5#4	C5#4	322	322	1	16	263	95	96		13.6666666667
198	9	Re5	D5	327	327	3	16	789	95	96	nül  	13.7916666667
199	9	Mi5	E5	336	336	1	16	263	95	96	SAZ	13.8333333333
200	9	Re5	D5	327	327	1	16	263	95	96	.	13.875
201	9	Do5#4	C5#4	322	322	1	16	263	95	96	.	13.9166666667
202	9	Re5	D5	327	327	1	8	526	95	96	.	14.0
203	9	Mi5	E5	336	336	3	16	789	99	96	Et	14.125
204	9	Sol5	G5	349	349	1	16	263	95	96		14.1666666667
205	9	Fa5	F5	340	340	3	16	789	99	96	tin 	14.2916666667
206	9	Mi5	E5	336	336	1	16	263	95	96		14.3333333333
207	9	Re5	D5	327	327	1	8	526	99	96	be	14.4166666667
208	9	La5	A5	358	358	1	8	526	95	96		14.5
209	9	Sol5	G5	349	349	1	16	263	99	96	ni 	14.5416666667
210	9	Fa5	F5	340	340	1	16	263	99	96		14.5833333333
211	9	Mi5	E5	336	336	1	16	263	99	96		14.625
212	9	Re5	D5	327	327	1	16	263	95	96		14.6666666667
213	9	Do5#4	C5#4	322	322	3	16	789	99	96	rüs	14.7916666667
214	9	Re5	D5	327	327	1	16	263	99	96		14.8333333333
215	9	Do5#4	C5#4	322	322	1	16	263	99	96		14.875
216	9	Re5	D5	327	327	1	16	263	99	96		14.9166666667
217	9	Do5#4	C5#4	322	322	1	16	263	99	96		14.9583333333
218	9	Si4b4	B4b4	310	310	1	16	263	95	96		15.0
219	9	La4	A4	305	305	1	16	263	99	96	vây_	15.0416666667
220	9	Si4b4	B4b4	310	310	1	16	263	99	96		15.0833333333
221	9	Do5#4	C5#4	322	322	1	16	263	99	96		15.125
222	9	Re5	D5	327	327	1	16	263	99	96		15.1666666667
223	9	Mi5	E5	336	336	1	8	526	99	96		15.25
224	9	Fa5	F5	340	340	1	16	263	99	96		15.2916666667
225	9	Mi5	E5	336	336	1	16	263	95	96		15.3333333333
226	9	Mi5	E5	336	336	1	16	263	99	96	ı 	15.375
227	9	Re5	D5	327	327	1	16	263	99	96		15.4166666667
228	9	Re5	D5	327	327	1	16	263	99	96		15.4583333333
229	9	Do5#4	C5#4	322	322	1	16	263	95	96		15.5
230	9	Do5#4	C5#4	322	322	1	16	263	99	96	ci	15.5416666667
231	9	Si4b4	B4b4	310	310	1	16	263	99	96		15.5833333333
232	9	Si4b4	B4b4	310	310	1	16	263	99	96		15.625
233	9	La4	A4	305	305	1	16	263	95	96		15.6666666667
234	9	Si4b4	B4b4	310	310	1	8	526	99	96	han 	15.75
235	9	Do5#4	C5#4	322	322	1	8	526	99	96		15.8333333333
236	9	Si4b4	B4b4	310	310	1	8	526	99	96		15.9166666667
237	9	La4	A4	305	305	1	8	526	95	96		16.0
238	9	Es	Es	-1	-1	1	8	526	100	0		16.0833333333
239	9	Re5	D5	327	327	1	4	1053	99	96	ah 	16.25
240	9	Re5	D5	327	327	1	16	263	99	96		16.2916666667
241	9	Do5#4	C5#4	322	322	1	16	263	99	96		16.3333333333
242	9	Do5#4	C5#4	322	322	3	16	789	99	96		16.4583333333
243	9	Si4b4	B4b4	310	310	1	16	263	95	96		16.5
244	9	Do5#4	C5#4	322	322	1	16	263	99	96	gö	16.5416666667
245	9	Si4b4	B4b4	310	310	1	16	263	99	96		16.5833333333
246	9	Si4b4	B4b4	310	310	1	16	263	99	96		16.625
247	9	La4	A4	305	305	1	16	263	95	96		16.6666666667
248	9	La4	A4	305	305	1	16	263	95	96	nül  	16.7083333333
249	9	Si4b4	B4b4	310	310	1	16	263	95	96	SAZ	16.75
250	9	Do5#4	C5#4	322	322	1	16	263	95	96	.	16.7916666667
251	9	Re5	D5	327	327	1	16	263	95	96	.	16.8333333333
252	9	Mi5	E5	336	336	1	16	263	95	96	.	16.875
253	9	Re5	D5	327	327	1	16	263	95	96	.	16.9166666667
254	9	Mi5	E5	336	336	1	8	526	95	96	.	17.0
255	9	Mi5	E5	336	336	3	16	789	99	96	Et	17.125
256	9	Sol5	G5	349	349	1	16	263	95	96		17.1666666667
257	9	Fa5	F5	340	340	3	16	789	99	96	tin 	17.2916666667
258	9	Mi5	E5	336	336	1	16	263	95	96		17.3333333333
259	9	Re5	D5	327	327	1	8	526	99	96	be	17.4166666667
260	9	La5	A5	358	358	1	8	526	95	96		17.5
261	9	Sol5	G5	349	349	1	16	263	99	96	ni 	17.5416666667
262	9	Fa5	F5	340	340	1	16	263	99	96		17.5833333333
263	9	Mi5	E5	336	336	1	16	263	99	96		17.625
264	9	Re5	D5	327	327	1	16	263	95	96		17.6666666667
265	9	Do5#4	C5#4	322	322	3	16	789	99	96	rüs	17.7916666667
266	9	Re5	D5	327	327	1	16	263	99	96		17.8333333333
267	9	Do5#4	C5#4	322	322	1	16	263	99	96		17.875
268	9	Re5	D5	327	327	1	16	263	99	96		17.9166666667
269	9	Do5#4	C5#4	322	322	1	16	263	99	96		17.9583333333
270	9	Si4b4	B4b4	310	310	1	16	263	95	96		18.0
271	9	La4	A4	305	305	1	16	263	99	96	vây_	18.0416666667
272	9	Si4b4	B4b4	310	310	1	16	263	99	96		18.0833333333
273	9	Do5#4	C5#4	322	322	1	16	263	99	96		18.125
274	9	Re5	D5	327	327	1	16	263	99	96		18.1666666667
275	9	Mi5	E5	336	336	1	8	526	99	96		18.25
276	9	Fa5	F5	340	340	1	16	263	99	96		18.2916666667
277	9	Mi5	E5	336	336	1	16	263	95	96		18.3333333333
278	9	Mi5	E5	336	336	1	16	263	99	96	ı 	18.375
279	9	Re5	D5	327	327	1	16	263	99	96		18.4166666667
280	9	Re5	D5	327	327	1	16	263	99	96		18.4583333333
281	9	Do5#4	C5#4	322	322	1	16	263	95	96		18.5
282	9	Do5#4	C5#4	322	322	1	16	263	99	96	ci	18.5416666667
283	9	Si4b4	B4b4	310	310	1	16	263	99	96		18.5833333333
284	9	Si4b4	B4b4	310	310	1	16	263	99	96		18.625
285	9	La4	A4	305	305	1	16	263	95	96		18.6666666667
286	9	Si4b4	B4b4	310	310	1	8	526	99	96	han 	18.75
287	9	Do5#4	C5#4	322	322	1	8	526	99	96		18.8333333333
288	9	Si4b4	B4b4	310	310	1	8	526	99	96		18.9166666667
289	9	La4	A4	305	305	1	8	526	95	96		19.0
290	9	Es	Es	-1	-1	1	8	526	100	0		19.0833333333
291	9	Re5	D5	327	327	1	4	1053	99	96	ah 	19.25
292	9	Re5	D5	327	327	1	16	263	99	96		19.2916666667
293	9	Do5#4	C5#4	322	322	1	16	263	99	96		19.3333333333
294	9	Do5#4	C5#4	322	322	3	16	789	99	96		19.4583333333
295	9	Si4b4	B4b4	310	310	1	16	263	95	96		19.5
296	9	Do5#4	C5#4	322	322	1	16	263	99	96	gö	19.5416666667
297	9	Si4b4	B4b4	310	310	1	16	263	99	96		19.5833333333
298	9	Si4b4	B4b4	310	310	1	16	263	99	96		19.625
299	9	La4	A4	305	305	1	16	263	95	96		19.6666666667
300	9	La4	A4	305	305	1	4	1053	95	96	nül  	19.8333333333
301	9	La5	A5	358	358	1	4	1053	95	84	SAZ	20.0
302	9	La4	A4	305	305	1	4	1053	95	96	Bin 	20.1666666667
303	9	La5	A5	358	358	1	4	1053	95	96	der	20.3333333333
304	9	La5	A5	358	358	3	16	789	99	96	de 	20.4583333333
305	9	Sol5#4	G5#4	353	353	1	16	263	95	96		20.5
306	9	Fa5#1	F5#1	341	341	1	16	263	99	96	dû	20.5416666667
307	9	Mi5	E5	336	336	1	16	263	99	96		20.5833333333
308	9	Fa5#1	F5#1	341	341	1	16	263	99	96		20.625
309	9	Sol5#4	G5#4	353	353	1	16	263	95	96		20.6666666667
310	9	La5	A5	358	358	1	2	2105	95	96	çâr 	21.0
311	9	Es	Es	-1	-1	1	8	526	100	0		21.0833333333
312	9	Sol5#4	G5#4	353	353	1	16	263	99	96	et	21.125
313	9	La5	A5	358	358	1	16	263	99	96		21.1666666667
314	9	Si5	B5	367	367	1	8	526	99	96		21.25
315	9	Do6	C6	371	371	1	8	526	95	96		21.3333333333
316	9	Si5	B5	367	367	1	8	526	99	96	me	21.4166666667
317	9	La5	A5	358	358	1	16	263	99	96		21.4583333333
318	9	Si5	B5	367	367	1	16	263	95	96		21.5
319	9	La5	A5	358	358	1	8	526	99	96	de	21.5833333333
320	9	Sol5#4	G5#4	353	353	1	8	526	95	96		21.6666666667
321	9	La5	A5	358	358	1	16	263	99	96	sin 	21.7083333333
322	9	Sol5#4	G5#4	353	353	1	16	263	99	96		21.75
323	9	Fa5#1	F5#1	341	341	1	16	263	99	96		21.7916666667
324	9	Sol5#4	G5#4	353	353	1	16	263	99	96		21.8333333333
325	9	Fa5#1	F5#1	341	341	1	8	526	99	96		21.9166666667
326	9	Mi5	E5	336	336	1	8	526	95	96		22.0
327	9	Es	Es	-1	-1	1	8	526	100	0		22.0833333333
328	9	Si5	B5	367	367	1	8	526	99	96	bâ	22.1666666667
329	9	La5	A5	358	358	1	8	526	99	96		22.25
330	9	Sol5#4	G5#4	353	353	1	8	526	95	96		22.3333333333
331	9	Sol5#4	G5#4	353	353	1	16	263	99	96	şım 	22.375
332	9	Fa5#1	F5#1	341	341	1	16	263	99	96		22.4166666667
333	9	Fa5#1	F5#1	341	341	1	16	263	99	96		22.4583333333
334	9	Mi5	E5	336	336	1	16	263	95	96		22.5
335	9	Mi5	E5	336	336	1	16	263	99	96	her 	22.5416666667
336	9	Re5	D5	327	327	1	16	263	99	96		22.5833333333
337	9	Re5	D5	327	327	1	16	263	99	96		22.625
338	9	Do5#4	C5#4	322	322	1	16	263	95	96		22.6666666667
339	9	Re5	D5	327	327	3	16	789	99	96	bâr  	22.7916666667
340	9	Mi5	E5	336	336	1	16	263	99	96		22.8333333333
341	9	Re5	D5	327	327	1	16	263	99	96		22.875
342	9	Do5#4	C5#4	322	322	1	16	263	99	96		22.9166666667
343	9	Re5	D5	327	327	1	8	526	95	96		23.0
344	9	Mi5	E5	336	336	3	16	789	99	96	Et	23.125
345	9	Sol5	G5	349	349	1	16	263	95	96		23.1666666667
346	9	Fa5	F5	340	340	3	16	789	99	96	tin 	23.2916666667
347	9	Mi5	E5	336	336	1	16	263	95	96		23.3333333333
348	9	Re5	D5	327	327	1	8	526	99	96	be	23.4166666667
349	9	La5	A5	358	358	1	8	526	95	96		23.5
350	9	Sol5	G5	349	349	1	16	263	99	96	ni 	23.5416666667
351	9	Fa5	F5	340	340	1	16	263	99	96		23.5833333333
352	9	Mi5	E5	336	336	1	16	263	99	96		23.625
353	9	Re5	D5	327	327	1	16	263	95	96		23.6666666667
354	9	Do5#4	C5#4	322	322	3	16	789	99	96	rüs	23.7916666667
355	9	Re5	D5	327	327	1	16	263	99	96		23.8333333333
356	9	Do5#4	C5#4	322	322	1	16	263	99	96		23.875
357	9	Re5	D5	327	327	1	16	263	99	96		23.9166666667
358	9	Do5#4	C5#4	322	322	1	16	263	99	96		23.9583333333
359	9	Si4b4	B4b4	310	310	1	16	263	95	96		24.0
360	9	La4	A4	305	305	1	16	263	99	96	vây_	24.0416666667
361	9	Si4b4	B4b4	310	310	1	16	263	99	96		24.0833333333
362	9	Do5#4	C5#4	322	322	1	16	263	99	96		24.125
363	9	Re5	D5	327	327	1	16	263	99	96		24.1666666667
364	9	Mi5	E5	336	336	1	8	526	99	96		24.25
365	9	Fa5	F5	340	340	1	16	263	99	96		24.2916666667
366	9	Mi5	E5	336	336	1	16	263	95	96		24.3333333333
367	9	Mi5	E5	336	336	1	16	263	99	96	ı 	24.375
368	9	Re5	D5	327	327	1	16	263	99	96		24.4166666667
369	9	Re5	D5	327	327	1	16	263	99	96		24.4583333333
370	9	Do5#4	C5#4	322	322	1	16	263	95	96		24.5
371	9	Do5#4	C5#4	322	322	1	16	263	99	96	ci	24.5416666667
372	9	Si4b4	B4b4	310	310	1	16	263	99	96		24.5833333333
373	9	Si4b4	B4b4	310	310	1	16	263	99	96		24.625
374	9	La4	A4	305	305	1	16	263	95	96		24.6666666667
375	9	Si4b4	B4b4	310	310	1	8	526	99	96	han 	24.75
376	9	Do5#4	C5#4	322	322	1	8	526	99	96		24.8333333333
377	9	Si4b4	B4b4	310	310	1	8	526	99	96		24.9166666667
378	9	La4	A4	305	305	1	8	526	95	96		25.0
379	9	Es	Es	-1	-1	1	8	526	100	0		25.0833333333
380	9	Re5	D5	327	327	1	4	1053	99	96	ah 	25.25
381	9	Re5	D5	327	327	1	16	263	99	96		25.2916666667
382	9	Do5#4	C5#4	322	322	1	16	263	99	96		25.3333333333
383	9	Do5#4	C5#4	322	322	3	16	789	99	96		25.4583333333
384	9	Si4b4	B4b4	310	310	1	16	263	95	96		25.5
385	9	Do5#4	C5#4	322	322	1	16	263	99	96	gö	25.5416666667
386	9	Si4b4	B4b4	310	310	1	16	263	99	96		25.5833333333
387	9	Si4b4	B4b4	310	310	1	16	263	99	96		25.625
388	9	La4	A4	305	305	1	16	263	95	96		25.6666666667
389	9	La4	A4	305	305	1	16	263	95	96	nül  	25.7083333333
390	9	Si4b4	B4b4	310	310	1	16	263	95	96	SAZ	25.75
391	9	Do5#4	C5#4	322	322	1	16	263	95	96	.	25.7916666667
392	9	Re5	D5	327	327	1	16	263	95	96	.	25.8333333333
393	9	Mi5	E5	336	336	1	16	263	95	96	.	25.875
394	9	Re5	D5	327	327	1	16	263	95	96	.	25.9166666667
395	9	Mi5	E5	336	336	1	8	526	95	96	.	26.0
396	9	Mi5	E5	336	336	3	16	789	99	96	Et	26.125
397	9	Sol5	G5	349	349	1	16	263	95	96		26.1666666667
398	9	Fa5	F5	340	340	3	16	789	99	96	tin 	26.2916666667
399	9	Mi5	E5	336	336	1	16	263	95	96		26.3333333333
400	9	Re5	D5	327	327	1	8	526	99	96	be	26.4166666667
401	9	La5	A5	358	358	1	8	526	95	96		26.5
402	9	Sol5	G5	349	349	1	16	263	99	96	ni 	26.5416666667
403	9	Fa5	F5	340	340	1	16	263	99	96		26.5833333333
404	9	Mi5	E5	336	336	1	16	263	99	96		26.625
405	9	Re5	D5	327	327	1	16	263	95	96		26.6666666667
406	9	Do5#4	C5#4	322	322	3	16	789	99	96	rüs	26.7916666667
407	9	Re5	D5	327	327	1	16	263	99	96		26.8333333333
408	9	Do5#4	C5#4	322	322	1	16	263	99	96		26.875
409	9	Re5	D5	327	327	1	16	263	99	96		26.9166666667
410	9	Do5#4	C5#4	322	322	1	16	263	99	96		26.9583333333
411	9	Si4b4	B4b4	310	310	1	16	263	95	96		27.0
412	9	La4	A4	305	305	1	16	263	99	96	vây_	27.0416666667
413	9	Si4b4	B4b4	310	310	1	16	263	99	96		27.0833333333
414	9	Do5#4	C5#4	322	322	1	16	263	99	96		27.125
415	9	Re5	D5	327	327	1	16	263	99	96		27.1666666667
416	9	Mi5	E5	336	336	1	8	526	99	96		27.25
417	9	Fa5	F5	340	340	1	16	263	99	96		27.2916666667
418	9	Mi5	E5	336	336	1	16	263	95	96		27.3333333333
419	9	Mi5	E5	336	336	1	16	263	99	96	ı 	27.375
420	9	Re5	D5	327	327	1	16	263	99	96		27.4166666667
421	9	Re5	D5	327	327	1	16	263	99	96		27.4583333333
422	9	Do5#4	C5#4	322	322	1	16	263	95	96		27.5
423	9	Do5#4	C5#4	322	322	1	16	263	99	96	ci	27.5416666667
424	9	Si4b4	B4b4	310	310	1	16	263	99	96		27.5833333333
425	9	Si4b4	B4b4	310	310	1	16	263	99	96		27.625
426	9	La4	A4	305	305	1	16	263	95	96		27.6666666667
427	9	Si4b4	B4b4	310	310	1	8	526	99	96	han 	27.75
428	9	Do5#4	C5#4	322	322	1	8	526	99	96		27.8333333333
429	9	Si4b4	B4b4	310	310	1	8	526	99	96		27.9166666667
430	9	La4	A4	305	305	1	8	526	95	96		28.0
431	9	Es	Es	-1	-1	1	8	526	100	0		28.0833333333
432	9	Re5	D5	327	327	1	4	1053	99	96	ah 	28.25
433	9	Re5	D5	327	327	1	16	263	99	96		28.2916666667
434	9	Do5#4	C5#4	322	322	1	16	263	99	96		28.3333333333
435	9	Do5#4	C5#4	322	322	3	16	789	99	96		28.4583333333
436	9	Si4b4	B4b4	310	310	1	16	263	95	96		28.5
437	9	Do5#4	C5#4	322	322	1	16	263	99	96	gö	28.5416666667
438	9	Si4b4	B4b4	310	310	1	16	263	99	96		28.5833333333
439	9	Si4b4	B4b4	310	310	1	16	263	99	96		28.625
440	9	La4	A4	305	305	1	16	263	95	96		28.6666666667
441	9	La4	A4	305	305	1	4	1053	95	96	nül  	28.8333333333
