Sira	Kod	Nota53	NotaAE	Koma53	KomaAE	Pay	Payda	Ms	LNS	Bas	Soz1	Offset
1	9	Re5	D5	327	327	1	8	517	95	96	ARANAĞME	0.111111111111
2	9	Do5#4	C5#4	322	322	1	16	259	95	96	.	0.166666666667
3	9	Si4b4	B4b4	310	310	1	16	259	95	96	.	0.222222222222
4	9	Do5#4	C5#4	322	322	1	8	517	95	96	.	0.333333333333
5	9	Si4b4	B4b4	310	310	1	16	259	95	96	.	0.388888888889
6	9	La4	A4	305	305	1	16	259	95	96	.	0.444444444444
7	9	Si4b4	B4b4	310	310	1	8	517	95	96	.	0.555555555556
8	9	La4	A4	305	305	1	16	259	95	96	.	0.611111111111
9	9	Sol4	G4	296	296	1	16	259	95	96	.	0.666666666667
10	9	La4	A4	305	305	1	8	517	95	96	.	0.777777777778
11	9	Si4b4	B4b4	310	310	1	8	517	95	96	.	0.888888888889
12	9	Do5#4	C5#4	322	322	1	8	517	95	96	.	1.0
13	9	Re5	D5	327	327	1	8	517	95	96	.	1.11111111111
14	9	Mi5	E5	336	336	1	16	259	95	96	.	1.16666666667
15	9	Fa5#4	F5#4	344	344	1	16	259	95	96	.	1.22222222222
16	9	La5	A5	358	358	1	16	259	95	96	.	1.27777777778
17	9	Sol5	G5	349	349	1	16	259	95	96	.	1.33333333333
18	9	Fa5	F5	340	340	1	16	259	95	96	.	1.38888888889
19	9	Mi5	E5	336	336	1	16	259	95	96	.	1.44444444444
20	9	Mi5	E5	336	336	1	16	259	95	96	.	1.5
21	9	Re5	D5	327	327	1	16	259	95	96	.	1.55555555556
22	9	Re5	D5	327	327	1	16	259	95	96	.	1.61111111111
23	9	Do5#4	C5#4	322	322	1	16	259	95	96	.	1.66666666667
24	9	Re5	D5	327	327	1	8	517	95	96	.	1.77777777778
25	9	Mi5	E5	336	336	1	8	517	95	96	.	1.88888888889
26	9	Fa5#4	F5#4	344	344	1	8	517	95	96	.	2.0
27	9	Sol5	G5	349	349	1	8	517	95	96	.	2.11111111111
28	9	Fa5	F5	340	340	1	16	259	95	96	.	2.16666666667
29	9	Mi5	E5	336	336	1	16	259	95	96	.	2.22222222222
30	9	Fa5	F5	340	340	1	8	517	95	96	.	2.33333333333
31	9	Mi5	E5	336	336	1	16	259	95	96	.	2.38888888889
32	9	Re5	D5	327	327	1	16	259	95	96	.	2.44444444444
33	9	Mi5	E5	336	336	1	8	517	95	96	.	2.55555555556
34	9	Re5	D5	327	327	1	16	259	95	96	.	2.61111111111
35	9	Do5#4	C5#4	322	322	1	16	259	95	96	.	2.66666666667
36	9	Re5	D5	327	327	1	16	259	95	96	.	2.72222222222
37	9	Do5#4	C5#4	322	322	1	16	259	95	96	.	2.77777777778
38	9	Si4b4	B4b4	310	310	1	16	259	95	96	.	2.83333333333
39	9	La4	A4	305	305	1	16	259	95	96	.	2.88888888889
40	9	Sol4	G4	296	296	1	8	517	95	96	.	3.0
41	9	La4	A4	305	305	1	16	259	95	96	.	3.05555555556
42	9	Si4b4	B4b4	310	310	1	16	259	95	96	.	3.11111111111
43	9	Do5#4	C5#4	322	322	1	16	259	95	96	.	3.16666666667
44	9	Re5	D5	327	327	1	16	259	95	96	.	3.22222222222
45	9	Mi5	E5	336	336	1	8	517	95	96	.	3.33333333333
46	9	Re5	D5	327	327	1	16	259	95	96	.	3.38888888889
47	9	Do5#4	C5#4	322	322	1	16	259	95	96	.	3.44444444444
48	9	Do5#4	C5#4	322	322	1	16	259	95	96	.	3.5
49	9	Si4b4	B4b4	310	310	1	16	259	95	96	.	3.55555555556
50	9	Si4b4	B4b4	310	310	1	16	259	95	96	.	3.61111111111
51	9	La4	A4	305	305	1	16	259	95	96	.	3.66666666667
52	9	La4	A4	305	305	1	8	517	95	96	.	3.77777777778
53	9	Si4b4	B4b4	310	310	1	8	517	95	96	.	3.88888888889
54	9	Do5#4	C5#4	322	322	1	8	517	95	96	.	4.0
55	9	Re5	D5	327	327	1	8	517	95	96	ARANAĞME	4.11111111111
56	9	Do5#4	C5#4	322	322	1	16	259	95	96	.	4.16666666667
57	9	Si4b4	B4b4	310	310	1	16	259	95	96	.	4.22222222222
58	9	Do5#4	C5#4	322	322	1	8	517	95	96	.	4.33333333333
59	9	Si4b4	B4b4	310	310	1	16	259	95	96	.	4.38888888889
60	9	La4	A4	305	305	1	16	259	95	96	.	4.44444444444
61	9	Si4b4	B4b4	310	310	1	8	517	95	96	.	4.55555555556
62	9	La4	A4	305	305	1	16	259	95	96	.	4.61111111111
63	9	Sol4	G4	296	296	1	16	259	95	96	.	4.66666666667
64	9	La4	A4	305	305	1	8	517	95	96	.	4.77777777778
65	9	Si4b4	B4b4	310	310	1	8	517	95	96	.	4.88888888889
66	9	Do5#4	C5#4	322	322	1	8	517	95	96	.	5.0
67	9	Re5	D5	327	327	1	8	517	95	96	.	5.11111111111
68	9	Mi5	E5	336	336	1	16	259	95	96	.	5.16666666667
69	9	Fa5#4	F5#4	344	344	1	16	259	95	96	.	5.22222222222
70	9	La5	A5	358	358	1	16	259	95	96	.	5.27777777778
71	9	Sol5	G5	349	349	1	16	259	95	96	.	5.33333333333
72	9	Fa5	F5	340	340	1	16	259	95	96	.	5.38888888889
73	9	Mi5	E5	336	336	1	16	259	95	96	.	5.44444444444
74	9	Mi5	E5	336	336	1	16	259	95	96	.	5.5
75	9	Re5	D5	327	327	1	16	259	95	96	.	5.55555555556
76	9	Re5	D5	327	327	1	16	259	95	96	.	5.61111111111
77	9	Do5#4	C5#4	322	322	1	16	259	95	96	.	5.66666666667
78	9	Re5	D5	327	327	1	8	517	95	96	.	5.77777777778
79	9	Mi5	E5	336	336	1	8	517	95	96	.	5.88888888889
80	9	Fa5#4	F5#4	344	344	1	8	517	95	96	.	6.0
81	9	Sol5	G5	349	349	1	8	517	95	96	.	6.11111111111
82	9	Fa5	F5	340	340	1	16	259	95	96	.	6.16666666667
83	9	Mi5	E5	336	336	1	16	259	95	96	.	6.22222222222
84	9	Fa5	F5	340	340	1	8	517	95	96	.	6.33333333333
85	9	Mi5	E5	336	336	1	16	259	95	96	.	6.38888888889
86	9	Re5	D5	327	327	1	16	259	95	96	.	6.44444444444
87	9	Mi5	E5	336	336	1	8	517	95	96	.	6.55555555556
88	9	Re5	D5	327	327	1	16	259	95	96	.	6.61111111111
89	9	Do5#4	C5#4	322	322	1	16	259	95	96	.	6.66666666667
90	9	Re5	D5	327	327	1	16	259	95	96	.	6.72222222222
91	9	Do5#4	C5#4	322	322	1	16	259	95	96	.	6.77777777778
92	9	Si4b4	B4b4	310	310	1	16	259	95	96	.	6.83333333333
93	9	La4	A4	305	305	1	16	259	95	96	.	6.88888888889
94	9	Sol4	G4	296	296	1	8	517	95	96	.	7.0
95	9	La4	A4	305	305	1	16	259	95	96	.	7.05555555556
96	9	Si4b4	B4b4	310	310	1	16	259	95	96	.	7.11111111111
97	9	Do5#4	C5#4	322	322	1	16	259	95	96	.	7.16666666667
98	9	Re5	D5	327	327	1	16	259	95	96	.	7.22222222222
99	9	Mi5	E5	336	336	1	8	517	95	96	.	7.33333333333
100	9	Re5	D5	327	327	1	16	259	95	96	.	7.38888888889
101	9	Do5#4	C5#4	322	322	1	16	259	95	96	.	7.44444444444
102	9	Do5#4	C5#4	322	322	1	16	259	95	96	.	7.5
103	9	Si4b4	B4b4	310	310	1	16	259	95	96	.	7.55555555556
104	9	Si4b4	B4b4	310	310	1	16	259	95	96	.	7.61111111111
105	9	La4	A4	305	305	1	16	259	95	96	.	7.66666666667
106	9	La4	A4	305	305	3	8	1552	100	96	.	8.0
107	9	La4	A4	305	305	1	4	1034	95	96	.	8.22222222222
108	9	Re5	D5	327	327	3	16	776	99	96	Dil 	8.38888888889
109	9	Mi5	E5	336	336	1	16	259	95	96		8.44444444444
110	9	Mi5	E5	336	336	5	8	2586	99	96	yâ	9.0
111	9	Mi5	E5	336	336	1	8	517	99	96		9.11111111111
112	9	Mi5	E5	336	336	1	16	259	99	96		9.16666666667
113	9	Re5	D5	327	327	1	16	259	95	96		9.22222222222
114	9	Sol5	G5	349	349	1	8	517	95	96	re	9.33333333333
115	9	Fa5	F5	340	340	1	16	259	99	96	si	9.38888888889
116	9	Mi5	E5	336	336	1	16	259	95	96		9.44444444444
117	9	Mi5	E5	336	336	3	16	776	99	96	ni 	9.61111111111
118	9	La5	A5	358	358	1	16	259	99	96		9.66666666667
119	9	La5	A5	358	358	1	16	259	99	96		9.72222222222
120	9	Sol5	G5	349	349	1	16	259	99	96		9.77777777778
121	9	Fa5	F5	340	340	1	16	259	99	96		9.83333333333
122	9	Mi5	E5	336	336	1	16	259	99	96		9.88888888889
123	9	Re5	D5	327	327	1	8	517	95	96		10.0
124	9	Do5	C5	318	318	3	32	388	99	96	an	10.0833333333
125	9	Mi5b2	E5b1	334	335	1	32	129	99	96		10.1111111111
126	9	Re5	D5	327	327	1	16	259	99	96		10.1666666667
127	9	Do5	C5	318	318	1	16	259	95	96		10.2222222222
128	9	Do5	C5	318	318	1	16	259	99	96	dı	10.2777777778
129	9	Si4b3	B4b4	311	310	1	16	259	95	96		10.3333333333
130	9	Si4b3	B4b4	311	310	1	16	259	99	96	ra	10.3888888889
131	9	La4	A4	305	305	1	16	259	95	96		10.4444444444
132	9	La4	A4	305	305	1	2	2069	95	96	cak 	10.8888888889
133	9	Es	Es	-1	-1	1	8	517	100	0		11.0
134	9	Fa5#4	F5#4	344	344	1	16	259	99	96	yâ	11.0555555556
135	9	Sol5	G5	349	349	1	16	259	99	96		11.1111111111
136	9	Fa5#4	F5#4	344	344	1	16	259	99	96		11.1666666667
137	9	Mi5	E5	336	336	1	16	259	95	96		11.2222222222
138	9	Fa5#4	F5#4	344	344	1	8	517	95	96	re 	11.3333333333
139	9	Sol5	G5	349	349	1	8	517	95	96	bu	11.4444444444
140	9	Fa5#4	F5#4	344	344	1	8	517	99	96	lun	11.5555555556
141	9	Sol5	G5	349	349	1	16	259	99	96		11.6111111111
142	9	Fa5#4	F5#4	344	344	1	16	259	99	96		11.6666666667
143	9	Mi5	E5	336	336	1	4	1034	99	96		11.8888888889
144	9	La5	A5	358	358	1	8	517	99	96		12.0
145	9	La5	A5	358	358	3	32	388	99	96		12.0833333333
146	9	Sol5#4	G5#4	353	353	1	32	129	99	96		12.1111111111
147	9	Fa5	F5	340	340	1	16	259	99	96		12.1666666667
148	9	Sol5#4	G5#4	353	353	1	16	259	99	96		12.2222222222
149	9	Fa5	F5	340	340	1	16	259	99	96		12.2777777778
150	9	Mi5	E5	336	336	1	16	259	99	96		12.3333333333
151	9	Re5	D5	327	327	1	16	259	99	96		12.3888888889
152	9	Fa5	F5	340	340	1	16	259	95	96		12.4444444444
153	9	Mi5	E5	336	336	1	4	1034	95	96	maz  	12.6666666667
154	9	Mi5	E5	336	336	1	16	259	95	96	SAZ	12.7222222222
155	9	Fa5	F5	340	340	1	16	259	95	96	.	12.7777777778
156	9	Mi5	E5	336	336	1	16	259	95	96	.	12.8333333333
157	9	Re5	D5	327	327	1	16	259	95	96	.	12.8888888889
158	9	Do5#4	C5#4	322	322	1	16	259	95	96	.	12.9444444444
159	9	Si4b4	B4b4	310	310	1	16	259	95	96	.	13.0
160	9	La4	A4	305	305	1	4	1034	95	96	.	13.2222222222
161	9	Re5	D5	327	327	3	16	776	99	96	Dil 	13.3888888889
162	9	Mi5	E5	336	336	1	16	259	95	96		13.4444444444
163	9	Mi5	E5	336	336	5	8	2586	99	96	yâ	14.0
164	9	Mi5	E5	336	336	1	8	517	99	96		14.1111111111
165	9	Mi5	E5	336	336	1	16	259	99	96		14.1666666667
166	9	Re5	D5	327	327	1	16	259	95	96		14.2222222222
167	9	Sol5	G5	349	349	1	8	517	95	96	re	14.3333333333
168	9	Fa5	F5	340	340	1	16	259	99	96	si	14.3888888889
169	9	Mi5	E5	336	336	1	16	259	95	96		14.4444444444
170	9	Mi5	E5	336	336	3	16	776	99	96	ni 	14.6111111111
171	9	La5	A5	358	358	1	16	259	99	96		14.6666666667
172	9	La5	A5	358	358	1	16	259	99	96		14.7222222222
173	9	Sol5	G5	349	349	1	16	259	99	96		14.7777777778
174	9	Fa5	F5	340	340	1	16	259	99	96		14.8333333333
175	9	Mi5	E5	336	336	1	16	259	99	96		14.8888888889
176	9	Re5	D5	327	327	1	8	517	95	96		15.0
177	9	Do5	C5	318	318	3	32	388	99	96	an	15.0833333333
178	9	Mi5b2	E5b1	334	335	1	32	129	99	96		15.1111111111
179	9	Re5	D5	327	327	1	16	259	99	96		15.1666666667
180	9	Do5	C5	318	318	1	16	259	95	96		15.2222222222
181	9	Do5	C5	318	318	1	16	259	99	96	dı	15.2777777778
182	9	Si4b3	B4b4	311	310	1	16	259	95	96		15.3333333333
183	9	Si4b3	B4b4	311	310	1	16	259	99	96	ra	15.3888888889
184	9	La4	A4	305	305	1	16	259	95	96		15.4444444444
185	9	La4	A4	305	305	1	2	2069	95	96	cak 	15.8888888889
186	9	Es	Es	-1	-1	1	8	517	100	0		16.0
187	9	Fa5#4	F5#4	344	344	1	16	259	99	96	yâ	16.0555555556
188	9	Sol5	G5	349	349	1	16	259	99	96		16.1111111111
189	9	Fa5#4	F5#4	344	344	1	16	259	99	96		16.1666666667
190	9	Mi5	E5	336	336	1	16	259	95	96		16.2222222222
191	9	Fa5#4	F5#4	344	344	1	8	517	95	96	re 	16.3333333333
192	9	Sol5	G5	349	349	1	8	517	95	96	bu	16.4444444444
193	9	Fa5#4	F5#4	344	344	1	8	517	99	96	lun	16.5555555556
194	9	Sol5	G5	349	349	1	16	259	99	96		16.6111111111
195	9	Fa5#4	F5#4	344	344	1	16	259	99	96		16.6666666667
196	9	Mi5	E5	336	336	1	4	1034	99	96		16.8888888889
197	9	La5	A5	358	358	1	8	517	99	96		17.0
198	9	La5	A5	358	358	3	32	388	99	96		17.0833333333
199	9	Sol5#4	G5#4	353	353	1	32	129	99	96		17.1111111111
200	9	Fa5	F5	340	340	1	16	259	99	96		17.1666666667
201	9	Sol5#4	G5#4	353	353	1	16	259	99	96		17.2222222222
202	9	Fa5	F5	340	340	1	16	259	99	96		17.2777777778
203	9	Mi5	E5	336	336	1	16	259	99	96		17.3333333333
204	9	Re5	D5	327	327	1	16	259	99	96		17.3888888889
205	9	Fa5	F5	340	340	1	16	259	95	96		17.4444444444
206	9	Mi5	E5	336	336	1	4	1034	95	96	maz  	17.6666666667
207	9	Mi5	E5	336	336	1	16	259	95	96	SAZ	17.7222222222
208	9	Fa5	F5	340	340	1	16	259	95	96	.	17.7777777778
209	9	Mi5	E5	336	336	1	16	259	95	96	.	17.8333333333
210	9	Re5	D5	327	327	1	16	259	95	96	.	17.8888888889
211	9	Do5#4	C5#4	322	322	1	16	259	95	96	.	17.9444444444
212	9	Re5	D5	327	327	1	16	259	95	96	.	18.0
213	9	Mi5	E5	336	336	1	4	1034	95	96	.	18.2222222222
214	9	Re5	D5	327	327	3	16	776	99	96	Dün	18.3888888889
215	9	Mi5	E5	336	336	1	16	259	95	96		18.4444444444
216	9	Fa5#4	F5#4	344	344	1	8	517	99	96	yâ	18.5555555556
217	9	Mi5	E5	336	336	1	16	259	99	96		18.6111111111
218	9	Re5	D5	327	327	1	16	259	99	96		18.6666666667
219	9	La5	A5	358	358	1	4	1034	99	96		18.8888888889
220	9	Sol5	G5	349	349	1	16	259	99	96		18.9444444444
221	9	Fa5#4	F5#4	344	344	1	16	259	99	96		19.0
222	9	Fa5#4	F5#4	344	344	1	8	517	99	96		19.1111111111
223	9	Mi5	E5	336	336	1	16	259	99	96		19.1666666667
224	9	Fa5#4	F5#4	344	344	1	16	259	95	96		19.2222222222
225	9	Sol5	G5	349	349	1	16	259	99	96	da 	19.2777777778
226	9	Mi5	E5	336	336	1	16	259	95	96		19.3333333333
227	9	Mi5	E5	336	336	1	16	259	99	96	gö	19.3888888889
228	9	Re5	D5	327	327	1	16	259	95	96		19.4444444444
229	9	Fa5	F5	340	340	1	4	1034	99	96	nül 	19.6666666667
230	9	Mi5	E5	336	336	1	16	259	99	96		19.7222222222
231	9	Fa5	F5	340	340	1	16	259	99	96		19.7777777778
232	9	Mi5	E5	336	336	1	16	259	99	96		19.8333333333
233	9	Fa5	F5	340	340	1	16	259	99	96		19.8888888889
234	9	Mi5	E5	336	336	1	16	259	99	96		19.9444444444
235	9	Fa5	F5	340	340	1	16	259	95	96		20.0
236	9	Sol5	G5	349	349	1	8	517	99	96	yâ	20.1111111111
237	9	La5	A5	358	358	1	16	259	99	96		20.1666666667
238	9	Sol5	G5	349	349	1	16	259	95	96		20.2222222222
239	9	Fa5	F5	340	340	1	16	259	99	96	re	20.2777777778
240	9	Mi5	E5	336	336	1	16	259	95	96		20.3333333333
241	9	Re5	D5	327	327	1	16	259	99	96	si	20.3888888889
242	9	Do5#4	C5#4	322	322	1	16	259	95	96		20.4444444444
243	9	Re5	D5	327	327	5	8	2586	95	96	ne 	21.0
244	9	Do5#4	C5#4	322	322	1	16	259	99	96	ça	21.0555555556
245	9	Re5	D5	327	327	1	16	259	99	96		21.1111111111
246	9	Do5#4	C5#4	322	322	1	16	259	99	96		21.1666666667
247	9	Si4b4	B4b4	310	310	1	16	259	95	96		21.2222222222
248	9	La4	A4	305	305	1	8	517	95	96	re 	21.3333333333
249	9	Re5	D5	327	327	1	8	517	95	96	bu	21.4444444444
250	9	Do5#4	C5#4	322	322	1	16	259	99	96	lun	21.5
251	9	Re5	D5	327	327	1	16	259	99	96		21.5555555556
252	9	Do5#4	C5#4	322	322	1	16	259	99	96		21.6111111111
253	9	Si4b4	B4b4	310	310	1	16	259	99	96		21.6666666667
254	9	La4	A4	305	305	1	4	1034	99	96		21.8888888889
255	9	Mi5	E5	336	336	1	16	259	99	96		21.9444444444
256	9	Fa5	F5	340	340	1	16	259	99	96		22.0
257	9	Mi5	E5	336	336	1	16	259	99	96		22.0555555556
258	9	Re5	D5	327	327	1	16	259	99	96		22.1111111111
259	9	Re5	D5	327	327	1	16	259	99	96		22.1666666667
260	9	Do5#4	C5#4	322	322	1	16	259	99	96		22.2222222222
261	9	Do5#4	C5#4	322	322	1	16	259	99	96		22.2777777778
262	9	Si4b4	B4b4	310	310	1	16	259	99	96		22.3333333333
263	9	Si4b4	B4b4	310	310	1	16	259	99	96		22.3888888889
264	9	La4	A4	305	305	1	16	259	95	96		22.4444444444
265	9	La4	A4	305	305	1	4	1034	95	96	maz  	22.6666666667
266	9	Mi5	E5	336	336	1	16	259	95	96	SAZ	22.7222222222
267	9	Fa5	F5	340	340	1	16	259	95	96	.	22.7777777778
268	9	Mi5	E5	336	336	1	16	259	95	96	.	22.8333333333
269	9	Re5	D5	327	327	1	16	259	95	96	.	22.8888888889
270	9	Do5#4	C5#4	322	322	1	16	259	95	96	.	22.9444444444
271	9	Re5	D5	327	327	1	16	259	95	96	.	23.0
272	9	Mi5	E5	336	336	1	4	1034	95	96	.	23.2222222222
273	9	Re5	D5	327	327	3	16	776	99	96	Dün	23.3888888889
274	9	Mi5	E5	336	336	1	16	259	95	96		23.4444444444
275	9	Fa5#4	F5#4	344	344	1	8	517	99	96	yâ	23.5555555556
276	9	Mi5	E5	336	336	1	16	259	99	96		23.6111111111
277	9	Re5	D5	327	327	1	16	259	99	96		23.6666666667
278	9	La5	A5	358	358	1	4	1034	99	96		23.8888888889
279	9	Sol5	G5	349	349	1	16	259	99	96		23.9444444444
280	9	Fa5#4	F5#4	344	344	1	16	259	99	96		24.0
281	9	Fa5#4	F5#4	344	344	1	8	517	99	96		24.1111111111
282	9	Mi5	E5	336	336	1	16	259	99	96		24.1666666667
283	9	Fa5#4	F5#4	344	344	1	16	259	95	96		24.2222222222
284	9	Sol5	G5	349	349	1	16	259	99	96	da 	24.2777777778
285	9	Mi5	E5	336	336	1	16	259	95	96		24.3333333333
286	9	Mi5	E5	336	336	1	16	259	99	96	gö	24.3888888889
287	9	Re5	D5	327	327	1	16	259	95	96		24.4444444444
288	9	Fa5	F5	340	340	1	4	1034	99	96	nül 	24.6666666667
289	9	Mi5	E5	336	336	1	16	259	99	96		24.7222222222
290	9	Fa5	F5	340	340	1	16	259	99	96		24.7777777778
291	9	Mi5	E5	336	336	1	16	259	99	96		24.8333333333
292	9	Fa5	F5	340	340	1	16	259	99	96		24.8888888889
293	9	Mi5	E5	336	336	1	16	259	99	96		24.9444444444
294	9	Fa5	F5	340	340	1	16	259	95	96		25.0
295	9	Sol5	G5	349	349	1	8	517	99	96	yâ	25.1111111111
296	9	La5	A5	358	358	1	16	259	99	96		25.1666666667
297	9	Sol5	G5	349	349	1	16	259	95	96		25.2222222222
298	9	Fa5	F5	340	340	1	16	259	99	96	re	25.2777777778
299	9	Mi5	E5	336	336	1	16	259	95	96		25.3333333333
300	9	Re5	D5	327	327	1	16	259	99	96	si	25.3888888889
301	9	Do5#4	C5#4	322	322	1	16	259	95	96		25.4444444444
302	9	Re5	D5	327	327	5	8	2586	95	96	ne 	26.0
303	9	Do5#4	C5#4	322	322	1	16	259	99	96	ça	26.0555555556
304	9	Re5	D5	327	327	1	16	259	99	96		26.1111111111
305	9	Do5#4	C5#4	322	322	1	16	259	99	96		26.1666666667
306	9	Si4b4	B4b4	310	310	1	16	259	95	96		26.2222222222
307	9	La4	A4	305	305	1	8	517	95	96	re 	26.3333333333
308	9	Re5	D5	327	327	1	8	517	95	96	bu	26.4444444444
309	9	Do5#4	C5#4	322	322	1	16	259	99	96	lun	26.5
310	9	Re5	D5	327	327	1	16	259	99	96		26.5555555556
311	9	Do5#4	C5#4	322	322	1	16	259	99	96		26.6111111111
312	9	Si4b4	B4b4	310	310	1	16	259	99	96		26.6666666667
313	9	La4	A4	305	305	1	4	1034	99	96		26.8888888889
314	9	Mi5	E5	336	336	1	16	259	99	96		26.9444444444
315	9	Fa5	F5	340	340	1	16	259	99	96		27.0
316	9	Mi5	E5	336	336	1	16	259	99	96		27.0555555556
317	9	Re5	D5	327	327	1	16	259	99	96		27.1111111111
318	9	Re5	D5	327	327	1	16	259	99	96		27.1666666667
319	9	Do5#4	C5#4	322	322	1	16	259	99	96		27.2222222222
320	9	Do5#4	C5#4	322	322	1	16	259	99	96		27.2777777778
321	9	Si4b4	B4b4	310	310	1	16	259	99	96		27.3333333333
322	9	Si4b4	B4b4	310	310	1	16	259	99	96		27.3888888889
323	9	La4	A4	305	305	1	16	259	95	96		27.4444444444
324	9	La4	A4	305	305	1	4	1034	95	96	maz  	27.6666666667
325	9	La5	A5	358	358	1	8	517	95	96	SAZ	27.7777777778
326	9	La5	A5	358	358	1	16	259	95	96	.	27.8333333333
327	9	Sol5	G5	349	349	1	16	259	95	96	.	27.8888888889
328	9	Fa5#4	F5#4	344	344	1	16	259	95	96	.	27.9444444444
329	9	Sol5	G5	349	349	1	16	259	95	96	.	28.0
330	9	La5	A5	358	358	1	4	1034	95	96	.	28.2222222222
331	9	Sol5	G5	349	349	3	16	776	99	96	Her 	28.3888888889
332	9	La5	A5	358	358	1	16	259	95	96		28.4444444444
333	9	La5	A5	358	358	1	4	1034	99	96	der	28.6666666667
334	9	Si5	B5	367	367	1	8	517	99	96		28.7777777778
335	9	La5	A5	358	358	1	8	517	99	96		28.8888888889
336	9	Sol5	G5	349	349	1	8	517	99	96		29.0
337	9	Fa5#4	F5#4	344	344	3	16	776	99	96		29.1666666667
338	9	Mi5	E5	336	336	1	16	259	95	96		29.2222222222
339	9	Mi5	E5	336	336	1	8	517	95	96	din_	29.3333333333
340	9	Mi5	E5	336	336	1	16	259	99	96	o	29.3888888889
341	9	Re5	D5	327	327	1	16	259	95	96		29.4444444444
342	9	Do6	C6	371	371	1	4	1034	99	96	lur 	29.6666666667
343	9	Do6	C6	371	371	1	16	259	99	96		29.7222222222
344	9	Si5	B5	367	367	1	16	259	99	96		29.7777777778
345	9	Si5	B5	367	367	1	16	259	99	96		29.8333333333
346	9	La5	A5	358	358	1	16	259	99	96		29.8888888889
347	9	La5	A5	358	358	1	16	259	99	96		29.9444444444
348	9	Sol5	G5	349	349	1	16	259	95	96		30.0
349	9	La5	A5	358	358	1	24	172	99	96	ça	30.037037037
350	9	Sol5	G5	349	349	1	24	172	99	96		30.0740740741
351	9	La5	A5	358	358	1	24	172	99	96		30.1111111111
352	9	Si5	B5	367	367	1	16	259	99	96		30.1666666667
353	9	Sol5	G5	349	349	1	16	259	95	96		30.2222222222
354	9	Fa5#4	F5#4	344	344	1	24	172	95	96	re	30.2592592593
355	9	Mi5	E5	336	336	1	24	172	95	96		30.2962962963
356	9	Fa5#4	F5#4	344	344	1	24	172	95	96		30.3333333333
357	9	Sol5	G5	349	349	1	16	259	99	96	si 	30.3888888889
358	9	Mi5	E5	336	336	1	16	259	95	96		30.4444444444
359	9	Re5	D5	327	327	5	8	2586	95	96	meş	31.0
360	9	Fa5#4	F5#4	344	344	1	16	259	99	96	hur 	31.0555555556
361	9	Sol5	G5	349	349	1	16	259	99	96		31.1111111111
362	9	Fa5#4	F5#4	344	344	1	16	259	99	96		31.1666666667
363	9	Mi5	E5	336	336	1	16	259	99	96		31.2222222222
364	9	Fa5#4	F5#4	344	344	1	8	517	95	96		31.3333333333
365	9	Sol5	G5	349	349	1	8	517	95	96	me	31.4444444444
366	9	Fa5#4	F5#4	344	344	1	8	517	99	96	sel	31.5555555556
367	9	Sol5	G5	349	349	1	16	259	99	96		31.6111111111
368	9	Fa5#4	F5#4	344	344	1	16	259	99	96		31.6666666667
369	9	Mi5	E5	336	336	1	4	1034	99	96		31.8888888889
370	9	La5	A5	358	358	1	8	517	99	96		32.0
371	9	La5	A5	358	358	3	32	388	99	96		32.0833333333
372	9	Sol5#4	G5#4	353	353	1	32	129	99	96		32.1111111111
373	9	Fa5	F5	340	340	1	16	259	99	96		32.1666666667
374	9	Sol5#4	G5#4	353	353	1	16	259	99	96		32.2222222222
375	9	Fa5	F5	340	340	1	16	259	99	96		32.2777777778
376	9	Mi5	E5	336	336	1	16	259	99	96		32.3333333333
377	9	Re5	D5	327	327	1	16	259	99	96		32.3888888889
378	9	Fa5	F5	340	340	1	16	259	95	96		32.4444444444
379	9	Mi5	E5	336	336	1	4	1034	95	96	dir  	32.6666666667
380	9	Mi5	E5	336	336	1	16	259	95	96	SAZ	32.7222222222
381	9	Fa5	F5	340	340	1	16	259	95	96	.	32.7777777778
382	9	Mi5	E5	336	336	1	16	259	95	96	.	32.8333333333
383	9	Re5	D5	327	327	1	16	259	95	96	.	32.8888888889
384	9	Do5#4	C5#4	322	322	1	16	259	95	96	.	32.9444444444
385	9	Re5	D5	327	327	1	16	259	95	96	.	33.0
386	9	Mi5	E5	336	336	1	4	1034	95	96	.	33.2222222222
387	9	Re5	D5	327	327	3	16	776	99	96	Dün	33.3888888889
388	9	Mi5	E5	336	336	1	16	259	95	96		33.4444444444
389	9	Fa5#4	F5#4	344	344	1	8	517	99	96	yâ	33.5555555556
390	9	Mi5	E5	336	336	1	16	259	99	96		33.6111111111
391	9	Re5	D5	327	327	1	16	259	99	96		33.6666666667
392	9	La5	A5	358	358	1	4	1034	99	96		33.8888888889
393	9	Sol5	G5	349	349	1	16	259	99	96		33.9444444444
394	9	Fa5#4	F5#4	344	344	1	16	259	99	96		34.0
395	9	Fa5#4	F5#4	344	344	1	8	517	99	96		34.1111111111
396	9	Mi5	E5	336	336	1	16	259	99	96		34.1666666667
397	9	Fa5#4	F5#4	344	344	1	16	259	95	96		34.2222222222
398	9	Sol5	G5	349	349	1	16	259	99	96	da 	34.2777777778
399	9	Mi5	E5	336	336	1	16	259	95	96		34.3333333333
400	9	Mi5	E5	336	336	1	16	259	99	96	gö	34.3888888889
401	9	Re5	D5	327	327	1	16	259	95	96		34.4444444444
402	9	Fa5	F5	340	340	1	4	1034	99	96	nül 	34.6666666667
403	9	Mi5	E5	336	336	1	16	259	99	96		34.7222222222
404	9	Fa5	F5	340	340	1	16	259	99	96		34.7777777778
405	9	Mi5	E5	336	336	1	16	259	99	96		34.8333333333
406	9	Fa5	F5	340	340	1	16	259	99	96		34.8888888889
407	9	Mi5	E5	336	336	1	16	259	99	96		34.9444444444
408	9	Fa5	F5	340	340	1	16	259	95	96		35.0
409	9	Sol5	G5	349	349	1	8	517	99	96	yâ	35.1111111111
410	9	La5	A5	358	358	1	16	259	99	96		35.1666666667
411	9	Sol5	G5	349	349	1	16	259	95	96		35.2222222222
412	9	Fa5	F5	340	340	1	16	259	99	96	re	35.2777777778
413	9	Mi5	E5	336	336	1	16	259	95	96		35.3333333333
414	9	Re5	D5	327	327	1	16	259	99	96	si	35.3888888889
415	9	Do5#4	C5#4	322	322	1	16	259	95	96		35.4444444444
416	9	Re5	D5	327	327	5	8	2586	95	96	ne 	36.0
417	9	Do5#4	C5#4	322	322	1	16	259	99	96	ça	36.0555555556
418	9	Re5	D5	327	327	1	16	259	99	96		36.1111111111
419	9	Do5#4	C5#4	322	322	1	16	259	99	96		36.1666666667
420	9	Si4b4	B4b4	310	310	1	16	259	95	96		36.2222222222
421	9	La4	A4	305	305	1	8	517	95	96	re 	36.3333333333
422	9	Re5	D5	327	327	1	8	517	95	96	bu	36.4444444444
423	9	Do5#4	C5#4	322	322	1	16	259	99	96	lun	36.5
424	9	Re5	D5	327	327	1	16	259	99	96		36.5555555556
425	9	Do5#4	C5#4	322	322	1	16	259	99	96		36.6111111111
426	9	Si4b4	B4b4	310	310	1	16	259	99	96		36.6666666667
427	9	La4	A4	305	305	1	4	1034	99	96		36.8888888889
428	9	Mi5	E5	336	336	1	16	259	99	96		36.9444444444
429	9	Fa5	F5	340	340	1	16	259	99	96		37.0
430	9	Mi5	E5	336	336	1	16	259	99	96		37.0555555556
431	9	Re5	D5	327	327	1	16	259	99	96		37.1111111111
432	9	Re5	D5	327	327	1	16	259	99	96		37.1666666667
433	9	Do5#4	C5#4	322	322	1	16	259	99	96		37.2222222222
434	9	Do5#4	C5#4	322	322	1	16	259	99	96		37.2777777778
435	9	Si4b4	B4b4	310	310	1	16	259	99	96		37.3333333333
436	9	Si4b4	B4b4	310	310	1	16	259	99	96		37.3888888889
437	9	La4	A4	305	305	1	16	259	95	96		37.4444444444
438	9	La4	A4	305	305	1	4	1034	95	96	maz  	37.6666666667
439	9	Mi5	E5	336	336	1	16	259	95	96	SAZ	37.7222222222
440	9	Fa5	F5	340	340	1	16	259	95	96	.	37.7777777778
441	9	Mi5	E5	336	336	1	16	259	95	96	.	37.8333333333
442	9	Re5	D5	327	327	1	16	259	95	96	.	37.8888888889
443	9	Do5#4	C5#4	322	322	1	16	259	95	96	.	37.9444444444
444	9	Re5	D5	327	327	1	16	259	95	96	.	38.0
445	9	Mi5	E5	336	336	1	4	1034	95	96	.	38.2222222222
446	9	Re5	D5	327	327	3	16	776	99	96	Dün	38.3888888889
447	9	Mi5	E5	336	336	1	16	259	95	96		38.4444444444
448	9	Fa5#4	F5#4	344	344	1	8	517	99	96	yâ	38.5555555556
449	9	Mi5	E5	336	336	1	16	259	99	96		38.6111111111
450	9	Re5	D5	327	327	1	16	259	99	96		38.6666666667
451	9	La5	A5	358	358	1	4	1034	99	96		38.8888888889
452	9	Sol5	G5	349	349	1	16	259	99	96		38.9444444444
453	9	Fa5#4	F5#4	344	344	1	16	259	99	96		39.0
454	9	Fa5#4	F5#4	344	344	1	8	517	99	96		39.1111111111
455	9	Mi5	E5	336	336	1	16	259	99	96		39.1666666667
456	9	Fa5#4	F5#4	344	344	1	16	259	95	96		39.2222222222
457	9	Sol5	G5	349	349	1	16	259	99	96	da 	39.2777777778
458	9	Mi5	E5	336	336	1	16	259	95	96		39.3333333333
459	9	Mi5	E5	336	336	1	16	259	99	96	gö	39.3888888889
460	9	Re5	D5	327	327	1	16	259	95	96		39.4444444444
461	9	Fa5	F5	340	340	1	4	1034	99	96	nül 	39.6666666667
462	9	Mi5	E5	336	336	1	16	259	99	96		39.7222222222
463	9	Fa5	F5	340	340	1	16	259	99	96		39.7777777778
464	9	Mi5	E5	336	336	1	16	259	99	96		39.8333333333
465	9	Fa5	F5	340	340	1	16	259	99	96		39.8888888889
466	9	Mi5	E5	336	336	1	16	259	99	96		39.9444444444
467	9	Fa5	F5	340	340	1	16	259	95	96		40.0
468	9	Sol5	G5	349	349	1	8	517	99	96	yâ	40.1111111111
469	9	La5	A5	358	358	1	16	259	99	96		40.1666666667
470	9	Sol5	G5	349	349	1	16	259	95	96		40.2222222222
471	9	Fa5	F5	340	340	1	16	259	99	96	re	40.2777777778
472	9	Mi5	E5	336	336	1	16	259	95	96		40.3333333333
473	9	Re5	D5	327	327	1	16	259	99	96	si	40.3888888889
474	9	Do5#4	C5#4	322	322	1	16	259	95	96		40.4444444444
475	9	Re5	D5	327	327	5	8	2586	95	96	ne 	41.0
476	9	Do5#4	C5#4	322	322	1	16	259	99	96	ça	41.0555555556
477	9	Re5	D5	327	327	1	16	259	99	96		41.1111111111
478	9	Do5#4	C5#4	322	322	1	16	259	99	96		41.1666666667
479	9	Si4b4	B4b4	310	310	1	16	259	95	96		41.2222222222
480	9	La4	A4	305	305	1	8	517	95	96	re 	41.3333333333
481	9	Re5	D5	327	327	1	8	517	95	96	bu	41.4444444444
482	9	Do5#4	C5#4	322	322	1	16	259	99	96	lun	41.5
483	9	Re5	D5	327	327	1	16	259	99	96		41.5555555556
484	9	Do5#4	C5#4	322	322	1	16	259	99	96		41.6111111111
485	9	Si4b4	B4b4	310	310	1	16	259	99	96		41.6666666667
486	9	La4	A4	305	305	1	4	1034	99	96		41.8888888889
487	9	Mi5	E5	336	336	1	16	259	99	96		41.9444444444
488	9	Fa5	F5	340	340	1	16	259	99	96		42.0
489	9	Mi5	E5	336	336	1	16	259	99	96		42.0555555556
490	9	Re5	D5	327	327	1	16	259	99	96		42.1111111111
491	9	Re5	D5	327	327	1	16	259	99	96		42.1666666667
492	9	Do5#4	C5#4	322	322	1	16	259	99	96		42.2222222222
493	9	Do5#4	C5#4	322	322	1	16	259	99	96		42.2777777778
494	9	Si4b4	B4b4	310	310	1	16	259	99	96		42.3333333333
495	9	Si4b4	B4b4	310	310	1	16	259	99	96		42.3888888889
496	9	La4	A4	305	305	1	16	259	95	96		42.4444444444
497	9	La4	A4	305	305	1	4	1034	95	96	maz  	42.6666666667
