Sira	Kod	Nota53	NotaAE	Koma53	KomaAE	Pay	Payda	Ms	LNS	Bas	Soz1	Offset
1	9	Re5	D5	327	327	1	8	476	95	96	ARANAĞME	0.111111111111
2	9	Do5#4	C5#4	322	322	1	16	238	95	96	.	0.166666666667
3	9	Si4b4	B4b4	310	310	1	16	238	95	96	.	0.222222222222
4	9	Do5#4	C5#4	322	322	1	8	476	95	96	.	0.333333333333
5	9	Si4b4	B4b4	310	310	1	16	238	95	96	.	0.388888888889
6	9	La4	A4	305	305	1	16	238	95	96	.	0.444444444444
7	9	Si4b4	B4b4	310	310	1	8	476	95	96	.	0.555555555556
8	9	La4	A4	305	305	1	16	238	95	96	.	0.611111111111
9	9	Sol4	G4	296	296	1	16	238	95	96	.	0.666666666667
10	9	La4	A4	305	305	1	8	476	95	96	.	0.777777777778
11	9	Si4b4	B4b4	310	310	1	8	476	95	96	.	0.888888888889
12	9	Do5#4	C5#4	322	322	1	8	476	95	96	.	1.0
13	9	Re5	D5	327	327	1	8	476	95	96	.	1.11111111111
14	9	Mi5	E5	336	336	1	16	238	95	96	.	1.16666666667
15	9	Fa5#4	F5#4	344	344	1	16	238	95	96	.	1.22222222222
16	9	Sol5	G5	349	349	1	8	476	95	96	.	1.33333333333
17	9	Fa5	F5	340	340	1	16	238	95	96	.	1.38888888889
18	9	Mi5	E5	336	336	1	16	238	95	96	.	1.44444444444
19	9	Mi5	E5	336	336	1	16	238	95	96	.	1.5
20	9	Re5	D5	327	327	1	16	238	95	96	.	1.55555555556
21	9	Re5	D5	327	327	1	16	238	95	96	.	1.61111111111
22	9	Do5#4	C5#4	322	322	1	16	238	95	96	.	1.66666666667
23	9	Re5	D5	327	327	1	8	476	95	96	.	1.77777777778
24	9	Mi5	E5	336	336	1	8	476	95	96	.	1.88888888889
25	9	Fa5#4	F5#4	344	344	1	8	476	95	96	.	2.0
26	9	Sol5	G5	349	349	1	8	476	95	96	.	2.11111111111
27	9	Fa5	F5	340	340	1	16	238	95	96	.	2.16666666667
28	9	Mi5	E5	336	336	1	16	238	95	96	.	2.22222222222
29	9	Fa5	F5	340	340	1	8	476	95	96	.	2.33333333333
30	9	Mi5	E5	336	336	1	16	238	95	96	.	2.38888888889
31	9	Re5	D5	327	327	1	16	238	95	96	.	2.44444444444
32	9	Mi5	E5	336	336	1	8	476	95	96	.	2.55555555556
33	9	Re5	D5	327	327	1	16	238	95	96	.	2.61111111111
34	9	Do5#4	C5#4	322	322	1	16	238	95	96	.	2.66666666667
35	9	Re5	D5	327	327	1	16	238	95	96	.	2.72222222222
36	9	Do5#4	C5#4	322	322	1	16	238	95	96	.	2.77777777778
37	9	Si4b4	B4b4	310	310	1	16	238	95	96	.	2.83333333333
38	9	La4	A4	305	305	1	16	238	95	96	.	2.88888888889
39	9	Sol4	G4	296	296	1	8	476	95	96	.	3.0
40	9	La4	A4	305	305	1	16	238	95	96	.	3.05555555556
41	9	Si4b4	B4b4	310	310	1	16	238	95	96	.	3.11111111111
42	9	Do5#4	C5#4	322	322	1	16	238	95	96	.	3.16666666667
43	9	Re5	D5	327	327	1	16	238	95	96	.	3.22222222222
44	9	Mi5	E5	336	336	1	8	476	95	96	.	3.33333333333
45	9	Re5	D5	327	327	1	16	238	95	96	.	3.38888888889
46	9	Do5#4	C5#4	322	322	1	16	238	95	96	.	3.44444444444
47	9	Do5#4	C5#4	322	322	1	16	238	95	96	.	3.5
48	9	Si4b4	B4b4	310	310	1	16	238	95	96	.	3.55555555556
49	9	Si4b4	B4b4	310	310	1	16	238	95	96	.	3.61111111111
50	9	La4	A4	305	305	1	16	238	95	96	.	3.66666666667
51	9	La4	A4	305	305	1	4	952	95	96	.	3.88888888889
52	9	Es	Es	-1	-1	1	8	476	100	0		4.0
53	9	Re5	D5	327	327	1	8	476	95	96	ARANAĞME	4.11111111111
54	9	Do5#4	C5#4	322	322	1	16	238	95	96	.	4.16666666667
55	9	Si4b4	B4b4	310	310	1	16	238	95	96	.	4.22222222222
56	9	Do5#4	C5#4	322	322	1	8	476	95	96	.	4.33333333333
57	9	Si4b4	B4b4	310	310	1	16	238	95	96	.	4.38888888889
58	9	La4	A4	305	305	1	16	238	95	96	.	4.44444444444
59	9	Si4b4	B4b4	310	310	1	8	476	95	96	.	4.55555555556
60	9	La4	A4	305	305	1	16	238	95	96	.	4.61111111111
61	9	Sol4	G4	296	296	1	16	238	95	96	.	4.66666666667
62	9	La4	A4	305	305	1	8	476	95	96	.	4.77777777778
63	9	Si4b4	B4b4	310	310	1	8	476	95	96	.	4.88888888889
64	9	Do5#4	C5#4	322	322	1	8	476	95	96	.	5.0
65	9	Re5	D5	327	327	1	8	476	95	96	.	5.11111111111
66	9	Mi5	E5	336	336	1	16	238	95	96	.	5.16666666667
67	9	Fa5#4	F5#4	344	344	1	16	238	95	96	.	5.22222222222
68	9	Sol5	G5	349	349	1	8	476	95	96	.	5.33333333333
69	9	Fa5	F5	340	340	1	16	238	95	96	.	5.38888888889
70	9	Mi5	E5	336	336	1	16	238	95	96	.	5.44444444444
71	9	Mi5	E5	336	336	1	16	238	95	96	.	5.5
72	9	Re5	D5	327	327	1	16	238	95	96	.	5.55555555556
73	9	Re5	D5	327	327	1	16	238	95	96	.	5.61111111111
74	9	Do5#4	C5#4	322	322	1	16	238	95	96	.	5.66666666667
75	9	Re5	D5	327	327	1	8	476	95	96	.	5.77777777778
76	9	Mi5	E5	336	336	1	8	476	95	96	.	5.88888888889
77	9	Fa5#4	F5#4	344	344	1	8	476	95	96	.	6.0
78	9	Sol5	G5	349	349	1	8	476	95	96	.	6.11111111111
79	9	Fa5	F5	340	340	1	16	238	95	96	.	6.16666666667
80	9	Mi5	E5	336	336	1	16	238	95	96	.	6.22222222222
81	9	Fa5	F5	340	340	1	8	476	95	96	.	6.33333333333
82	9	Mi5	E5	336	336	1	16	238	95	96	.	6.38888888889
83	9	Re5	D5	327	327	1	16	238	95	96	.	6.44444444444
84	9	Mi5	E5	336	336	1	8	476	95	96	.	6.55555555556
85	9	Re5	D5	327	327	1	16	238	95	96	.	6.61111111111
86	9	Do5#4	C5#4	322	322	1	16	238	95	96	.	6.66666666667
87	9	Re5	D5	327	327	1	16	238	95	96	.	6.72222222222
88	9	Do5#4	C5#4	322	322	1	16	238	95	96	.	6.77777777778
89	9	Si4b4	B4b4	310	310	1	16	238	95	96	.	6.83333333333
90	9	La4	A4	305	305	1	16	238	95	96	.	6.88888888889
91	9	Sol4	G4	296	296	1	8	476	95	96	.	7.0
92	9	La4	A4	305	305	1	16	238	95	96	.	7.05555555556
93	9	Si4b4	B4b4	310	310	1	16	238	95	96	.	7.11111111111
94	9	Do5#4	C5#4	322	322	1	16	238	95	96	.	7.16666666667
95	9	Re5	D5	327	327	1	16	238	95	96	.	7.22222222222
96	9	Mi5	E5	336	336	1	8	476	95	96	.	7.33333333333
97	9	Re5	D5	327	327	1	16	238	95	96	.	7.38888888889
98	9	Do5#4	C5#4	322	322	1	16	238	95	96	.	7.44444444444
99	9	Do5#4	C5#4	322	322	1	16	238	95	96	.	7.5
100	9	Si4b4	B4b4	310	310	1	16	238	95	96	.	7.55555555556
101	9	Si4b4	B4b4	310	310	1	16	238	95	96	.	7.61111111111
102	9	La4	A4	305	305	1	16	238	95	96	.	7.66666666667
103	9	La4	A4	305	305	1	4	952	95	96	.	7.88888888889
104	9	Es	Es	-1	-1	1	8	476	100	0		8.0
105	9	Es	Es	-1	-1	1	8	476	100	0		8.11111111111
106	9	Do5#4	C5#4	322	322	1	4	952	95	96	Kur	8.33333333333
107	9	Re5	D5	327	327	1	8	476	95	96	du 	8.44444444444
108	9	Do5#4	C5#4	322	322	1	16	238	99	96	mec	8.5
109	9	Si4b4	B4b4	310	310	1	16	238	99	96		8.55555555556
110	9	Si4b4	B4b4	310	310	1	16	238	99	96		8.61111111111
111	9	La4	A4	305	305	1	16	238	95	96		8.66666666667
112	9	La4	A4	305	305	3	8	1429	95	96	lis 	9.0
113	9	Es	Es	-1	-1	1	8	476	100	0		9.11111111111
114	9	Re5	D5	327	327	1	4	952	95	96	â	9.33333333333
115	9	Mi5	E5	336	336	1	16	238	99	96	şı	9.38888888889
116	9	Fa5	F5	340	340	1	16	238	95	96		9.44444444444
117	9	Mi5	E5	336	336	1	16	238	99	96	kan 	9.5
118	9	Re5	D5	327	327	1	16	238	99	96		9.55555555556
119	9	Do5#4	C5#4	322	322	1	16	238	99	96		9.61111111111
120	9	Re5	D5	327	327	1	16	238	95	96		9.66666666667
121	9	Mi5	E5	336	336	3	8	1429	95	96	mey	10.0
122	9	Sol5	G5	349	349	1	8	476	99	96	hâ	10.1111111111
123	9	Fa5#1	F5#1	341	341	1	16	238	99	96		10.1666666667
124	9	Mi5	E5	336	336	1	16	238	99	96		10.2222222222
125	9	Fa5#1	F5#1	341	341	1	8	476	99	96		10.3333333333
126	9	Mi5	E5	336	336	1	16	238	99	96		10.3888888889
127	9	Re5	D5	327	327	1	16	238	99	96		10.4444444444
128	9	La5	A5	358	358	3	16	714	99	96		10.6111111111
129	9	Sol5	G5	349	349	1	16	238	99	96		10.6666666667
130	9	Sol5	G5	349	349	1	16	238	99	96		10.7222222222
131	9	La5	A5	358	358	1	16	238	99	96		10.7777777778
132	9	Sol5	G5	349	349	1	16	238	99	96		10.8333333333
133	9	Fa5#4	F5#4	344	344	1	16	238	95	96		10.8888888889
134	9	Fa5#4	F5#4	344	344	1	16	238	99	96	ne	10.9444444444
135	9	Mi5	E5	336	336	1	16	238	95	96		11.0
136	9	Mi5	E5	336	336	3	8	1429	95	96	de  	11.3333333333
137	9	Mi5	E5	336	336	1	16	238	95	96	SAZ	11.3888888889
138	9	Fa5	F5	340	340	1	16	238	95	96	.	11.4444444444
139	9	Mi5	E5	336	336	1	16	238	95	96	.	11.5
140	9	Re5	D5	327	327	1	16	238	95	96	.	11.5555555556
141	9	Do5#4	C5#4	322	322	1	16	238	95	96	.	11.6111111111
142	9	Si4b4	B4b4	310	310	1	16	238	95	96	.	11.6666666667
143	9	La4	A4	305	305	3	8	1429	95	96	.	12.0
144	9	Es	Es	-1	-1	1	8	476	100	0		12.1111111111
145	9	Do5#4	C5#4	322	322	1	4	952	95	96	Kur	12.3333333333
146	9	Re5	D5	327	327	1	8	476	95	96	du 	12.4444444444
147	9	Do5#4	C5#4	322	322	1	16	238	99	96	mec	12.5
148	9	Si4b4	B4b4	310	310	1	16	238	99	96		12.5555555556
149	9	Si4b4	B4b4	310	310	1	16	238	99	96		12.6111111111
150	9	La4	A4	305	305	1	16	238	95	96		12.6666666667
151	9	La4	A4	305	305	3	8	1429	95	96	lis 	13.0
152	9	Es	Es	-1	-1	1	8	476	100	0		13.1111111111
153	9	Re5	D5	327	327	1	4	952	95	96	â	13.3333333333
154	9	Mi5	E5	336	336	1	16	238	99	96	şı	13.3888888889
155	9	Fa5	F5	340	340	1	16	238	95	96		13.4444444444
156	9	Mi5	E5	336	336	1	16	238	99	96	kan 	13.5
157	9	Re5	D5	327	327	1	16	238	99	96		13.5555555556
158	9	Do5#4	C5#4	322	322	1	16	238	99	96		13.6111111111
159	9	Re5	D5	327	327	1	16	238	95	96		13.6666666667
160	9	Mi5	E5	336	336	3	8	1429	95	96	mey	14.0
161	9	Sol5	G5	349	349	1	8	476	99	96	hâ	14.1111111111
162	9	Fa5#1	F5#1	341	341	1	16	238	99	96		14.1666666667
163	9	Mi5	E5	336	336	1	16	238	99	96		14.2222222222
164	9	Fa5#1	F5#1	341	341	1	8	476	99	96		14.3333333333
165	9	Mi5	E5	336	336	1	16	238	99	96		14.3888888889
166	9	Re5	D5	327	327	1	16	238	99	96		14.4444444444
167	9	La5	A5	358	358	3	16	714	99	96		14.6111111111
168	9	Sol5	G5	349	349	1	16	238	99	96		14.6666666667
169	9	Sol5	G5	349	349	1	16	238	99	96		14.7222222222
170	9	La5	A5	358	358	1	16	238	99	96		14.7777777778
171	9	Sol5	G5	349	349	1	16	238	99	96		14.8333333333
172	9	Fa5#4	F5#4	344	344	1	16	238	95	96		14.8888888889
173	9	Fa5#4	F5#4	344	344	1	16	238	99	96	ne	14.9444444444
174	9	Mi5	E5	336	336	1	16	238	95	96		15.0
175	9	Mi5	E5	336	336	3	8	1429	95	96	de  	15.3333333333
176	9	Mi5	E5	336	336	1	16	238	95	96	SAZ	15.3888888889
177	9	Fa5	F5	340	340	1	16	238	95	96	.	15.4444444444
178	9	Mi5	E5	336	336	1	16	238	95	96	.	15.5
179	9	Re5	D5	327	327	1	16	238	95	96	.	15.5555555556
180	9	Do5#4	C5#4	322	322	1	16	238	95	96	.	15.6111111111
181	9	Re5	D5	327	327	1	16	238	95	96	.	15.6666666667
182	9	Mi5	E5	336	336	3	8	1429	95	96	.	16.0
183	9	Es	Es	-1	-1	1	8	476	100	0		16.1111111111
184	9	Mi5	E5	336	336	1	4	952	95	96	Neş	16.3333333333
185	9	La5	A5	358	358	1	8	476	95	96	e	16.4444444444
186	9	Mi5	E5	336	336	1	4	952	95	96	ler 	16.6666666667
187	9	La5	A5	358	358	3	8	1429	95	96	var 	17.0
188	9	Es	Es	-1	-1	1	8	476	100	0		17.1111111111
189	9	Sol5	G5	349	349	1	16	238	99	96	dî	17.1666666667
190	9	Si5	B5	367	367	1	16	238	99	96		17.2222222222
191	9	La5	A5	358	358	1	8	476	95	96		17.3333333333
192	9	Sol5	G5	349	349	1	8	476	95	96	de 	17.4444444444
193	9	Fa5#4	F5#4	344	344	1	8	476	99	96	i 	17.5555555556
194	9	Mi5	E5	336	336	1	16	238	99	96		17.6111111111
195	9	Fa5#4	F5#4	344	344	1	16	238	95	96		17.6666666667
196	9	La5	A5	358	358	1	16	238	99	96	mes	17.7222222222
197	9	Sol5	G5	349	349	1	16	238	99	96		17.7777777778
198	9	Fa5#4	F5#4	344	344	1	16	238	99	96		17.8333333333
199	9	Mi5	E5	336	336	1	16	238	99	96		17.8888888889
200	9	Re5	D5	327	327	1	8	476	95	96		18.0
201	9	Fa5#4	F5#4	344	344	1	8	476	99	96	tâ	18.1111111111
202	9	Mi5	E5	336	336	1	16	238	99	96		18.1666666667
203	9	Fa5#4	F5#4	344	344	1	16	238	99	96		18.2222222222
204	9	Sol5	G5	349	349	1	8	476	99	96		18.3333333333
205	9	Fa5#4	F5#4	344	344	1	16	238	99	96		18.3888888889
206	9	Mi5	E5	336	336	1	16	238	99	96		18.4444444444
207	9	Mi5	E5	336	336	1	8	476	99	96		18.5555555556
208	9	Re5	D5	327	327	1	8	476	99	96		18.6666666667
209	10	Mi5	E5	336	336	1	8	476	99	96		18.7777777778
210	8	Fa5	F5	340	340	0	0	0	99	96		18.7777777778
211	9	Mi5	E5	336	336	1	16	238	99	96		18.8333333333
212	9	Fa5#4	F5#4	344	344	1	16	238	95	96		18.8888888889
213	9	Mi5	E5	336	336	1	16	238	99	96	ne	18.9444444444
214	9	Re5	D5	327	327	1	16	238	95	96		19.0
215	9	Re5	D5	327	327	1	8	476	95	96	de  	19.1111111111
216	9	Mi5	E5	336	336	1	16	238	95	96	SAZ	19.1666666667
217	9	Fa5#4	F5#4	344	344	1	16	238	95	96	.	19.2222222222
218	9	Sol5	G5	349	349	1	8	476	95	96	.	19.3333333333
219	9	Fa5	F5	340	340	1	16	238	95	96	.	19.3888888889
220	9	Mi5	E5	336	336	1	16	238	95	96	.	19.4444444444
221	9	Mi5	E5	336	336	1	16	238	95	96	.	19.5
222	9	Re5	D5	327	327	1	16	238	95	96	.	19.5555555556
223	9	Re5	D5	327	327	1	16	238	95	96	.	19.6111111111
224	9	Do5#4	C5#4	322	322	1	16	238	95	96	.	19.6666666667
225	9	Re5	D5	327	327	3	8	1429	95	96	.	20.0
226	9	Es	Es	-1	-1	1	8	476	100	0		20.1111111111
227	9	Mi5	E5	336	336	1	4	952	95	96	Neş	20.3333333333
228	9	La5	A5	358	358	1	8	476	95	96	e	20.4444444444
229	9	Mi5	E5	336	336	1	4	952	95	96	ler 	20.6666666667
230	9	La5	A5	358	358	3	8	1429	95	96	var 	21.0
231	9	Es	Es	-1	-1	1	8	476	100	0		21.1111111111
232	9	Sol5	G5	349	349	1	16	238	99	96	dî	21.1666666667
233	9	Si5	B5	367	367	1	16	238	99	96		21.2222222222
234	9	La5	A5	358	358	1	8	476	95	96		21.3333333333
235	9	Sol5	G5	349	349	1	8	476	95	96	de 	21.4444444444
236	9	Fa5	F5	340	340	1	8	476	99	96	i 	21.5555555556
237	9	Mi5	E5	336	336	1	16	238	99	96		21.6111111111
238	9	Re5	D5	327	327	1	16	238	95	96		21.6666666667
239	9	Do5#4	C5#4	322	322	1	16	238	99	96	mes	21.7222222222
240	9	Re5	D5	327	327	1	16	238	99	96		21.7777777778
241	9	Do5#4	C5#4	322	322	1	16	238	99	96		21.8333333333
242	9	Si4b4	B4b4	310	310	1	16	238	99	96		21.8888888889
243	9	La4	A4	305	305	1	8	476	95	96		22.0
244	9	Mi5	E5	336	336	1	8	476	99	96	tâ	22.1111111111
245	9	Re5	D5	327	327	1	16	238	99	96		22.1666666667
246	9	Mi5	E5	336	336	1	16	238	99	96		22.2222222222
247	9	Fa5	F5	340	340	1	8	476	99	96		22.3333333333
248	9	Mi5	E5	336	336	1	16	238	99	96		22.3888888889
249	9	Re5	D5	327	327	1	16	238	99	96		22.4444444444
250	9	Do5#4	C5#4	322	322	1	8	476	99	96		22.5555555556
251	9	Si4b4	B4b4	310	310	1	16	238	99	96		22.6111111111
252	9	Do5#4	C5#4	322	322	1	16	238	99	96		22.6666666667
253	9	Re5	D5	327	327	1	8	476	99	96		22.7777777778
254	9	Do5#4	C5#4	322	322	1	16	238	99	96		22.8333333333
255	9	Si4b4	B4b4	310	310	1	16	238	95	96		22.8888888889
256	9	Si4b4	B4b4	310	310	1	16	238	99	96	ne	22.9444444444
257	9	La4	A4	305	305	1	16	238	95	96		23.0
258	9	La4	A4	305	305	3	8	1429	95	96	de  	23.3333333333
259	9	Si5	B5	367	367	1	16	238	95	96	SAZ	23.3888888889
260	9	Do6	C6	371	371	1	16	238	95	96	.	23.4444444444
261	9	Si5	B5	367	367	1	16	238	95	96	.	23.5
262	9	La5	A5	358	358	1	16	238	95	96	.	23.5555555556
263	9	La5	A5	358	358	1	16	238	95	96	.	23.6111111111
264	9	Sol5#4	G5#4	353	353	1	16	238	95	96	.	23.6666666667
265	9	La5	A5	358	358	3	8	1429	95	96	.	24.0
266	9	Es	Es	-1	-1	1	8	476	100	0		24.1111111111
267	9	La5	A5	358	358	1	4	952	95	96	Aks_	24.3333333333
268	9	La5	A5	358	358	1	8	476	95	96	i 	24.4444444444
269	9	Si5	B5	367	367	1	16	238	99	96	hüs	24.5
270	9	La5	A5	358	358	1	16	238	99	96		24.5555555556
271	9	La5	A5	358	358	1	16	238	99	96		24.6111111111
272	9	Sol5#4	G5#4	353	353	1	16	238	95	96		24.6666666667
273	9	La5	A5	358	358	3	8	1429	95	96	nün 	25.0
274	9	Es	Es	-1	-1	1	8	476	100	0		25.1111111111
275	9	Si5	B5	367	367	1	8	476	99	96	rû 	25.2222222222
276	9	La5	A5	358	358	1	8	476	95	96		25.3333333333
277	9	La5	A5	358	358	1	16	238	99	96	nü	25.3888888889
278	9	Sol5#4	G5#4	353	353	1	16	238	95	96		25.4444444444
279	9	Sol5#4	G5#4	353	353	1	16	238	99	96	mâ 	25.5
280	9	Fa5#1	F5#1	341	341	1	16	238	99	96		25.5555555556
281	9	Fa5#1	F5#1	341	341	1	16	238	99	96		25.6111111111
282	9	Mi5	E5	336	336	1	16	238	95	96		25.6666666667
283	9	Mi5	E5	336	336	3	8	1429	95	96	pey	26.0
284	9	Mi5	E5	336	336	3	16	714	99	96	mâ	26.1666666667
285	9	Re5	D5	327	327	1	16	238	99	96		26.2222222222
286	9	Re5	D5	327	327	3	16	714	99	96		26.3888888889
287	9	Do5	C5	318	318	1	16	238	99	96		26.4444444444
288	9	Do5	C5	318	318	3	16	714	99	96		26.6111111111
289	9	Si4	B4	314	314	1	16	238	99	96		26.6666666667
290	10	Si4	B4	314	314	1	8	476	99	96		26.7777777778
291	8	Do5	C5	318	318	0	0	0	99	96		26.7777777778
292	9	Si4	B4	314	314	1	16	238	99	96		26.8333333333
293	9	Do5	C5	318	318	1	16	238	95	96		26.8888888889
294	9	Si4	B4	314	314	1	16	238	99	96	ne	26.9444444444
295	9	La4	A4	305	305	1	16	238	95	96		27.0
296	9	La4	A4	305	305	1	8	476	95	96	de  	27.1111111111
297	9	Si4	B4	314	314	1	16	238	95	96	SAZ	27.1666666667
298	9	Do5	C5	318	318	1	16	238	95	96	.	27.2222222222
299	9	Re5	D5	327	327	1	8	476	95	96	.	27.3333333333
300	9	Do5	C5	318	318	1	16	238	95	96	.	27.3888888889
301	9	Si4	B4	314	314	1	16	238	95	96	.	27.4444444444
302	9	Si4	B4	314	314	1	16	238	95	96	.	27.5
303	9	La4	A4	305	305	1	16	238	95	96	.	27.5555555556
304	9	La4	A4	305	305	1	16	238	95	96	.	27.6111111111
305	9	Sol4#4	G4#4	300	300	1	16	238	95	96	.	27.6666666667
306	9	La4	A4	305	305	3	8	1429	95	96	.	28.0
307	9	Es	Es	-1	-1	1	8	476	100	0		28.1111111111
308	9	La5	A5	358	358	1	4	952	95	96	Aks_	28.3333333333
309	9	La5	A5	358	358	1	8	476	95	96	i 	28.4444444444
310	9	Si5	B5	367	367	1	16	238	99	96	hüs	28.5
311	9	La5	A5	358	358	1	16	238	99	96		28.5555555556
312	9	La5	A5	358	358	1	16	238	99	96		28.6111111111
313	9	Sol5#4	G5#4	353	353	1	16	238	95	96		28.6666666667
314	9	La5	A5	358	358	3	8	1429	95	96	nün 	29.0
315	9	Es	Es	-1	-1	1	8	476	100	0		29.1111111111
316	9	Si5	B5	367	367	1	8	476	99	96	rû 	29.2222222222
317	9	La5	A5	358	358	1	8	476	95	96		29.3333333333
318	9	La5	A5	358	358	1	16	238	99	96	nü	29.3888888889
319	9	Sol5#4	G5#4	353	353	1	16	238	95	96		29.4444444444
320	9	Sol5#4	G5#4	353	353	1	16	238	99	96	mâ 	29.5
321	9	Fa5#1	F5#1	341	341	1	16	238	99	96		29.5555555556
322	9	Fa5#1	F5#1	341	341	1	16	238	99	96		29.6111111111
323	9	Mi5	E5	336	336	1	16	238	95	96		29.6666666667
324	9	Mi5	E5	336	336	3	8	1429	95	96	pey	30.0
325	9	Do6	C6	371	371	3	16	714	99	96	mâ	30.1666666667
326	9	Si5	B5	367	367	1	16	238	99	96		30.2222222222
327	9	Si5	B5	367	367	3	16	714	99	96		30.3888888889
328	9	La5	A5	358	358	1	16	238	99	96		30.4444444444
329	9	La5	A5	358	358	3	16	714	99	96		30.6111111111
330	9	Sol5	G5	349	349	1	16	238	99	96		30.6666666667
331	9	Sol5	G5	349	349	1	16	238	99	96		30.7222222222
332	9	La5	A5	358	358	1	16	238	99	96		30.7777777778
333	9	Sol5	G5	349	349	1	16	238	99	96		30.8333333333
334	9	Fa5#4	F5#4	344	344	1	16	238	95	96		30.8888888889
335	9	Fa5#4	F5#4	344	344	1	16	238	99	96	ne	30.9444444444
336	9	Mi5	E5	336	336	1	16	238	95	96		31.0
337	9	Mi5	E5	336	336	3	8	1429	95	96	de  	31.3333333333
338	9	Mi5	E5	336	336	1	16	238	95	96	SAZ	31.3888888889
339	9	Fa5	F5	340	340	1	16	238	95	96	.	31.4444444444
340	9	Mi5	E5	336	336	1	16	238	95	96	.	31.5
341	9	Re5	D5	327	327	1	16	238	95	96	.	31.5555555556
342	9	Do5#4	C5#4	322	322	1	16	238	95	96	.	31.6111111111
343	9	Re5	D5	327	327	1	16	238	95	96	.	31.6666666667
344	9	Mi5	E5	336	336	3	8	1429	95	96	.	32.0
345	9	Es	Es	-1	-1	1	8	476	100	0		32.1111111111
346	9	Mi5	E5	336	336	1	4	952	95	96	Neş	32.3333333333
347	9	La5	A5	358	358	1	8	476	95	96	e	32.4444444444
348	9	Mi5	E5	336	336	1	4	952	95	96	ler 	32.6666666667
349	9	La5	A5	358	358	3	8	1429	95	96	var 	33.0
350	9	Es	Es	-1	-1	1	8	476	100	0		33.1111111111
351	9	Sol5	G5	349	349	1	16	238	99	96	dî	33.1666666667
352	9	Si5	B5	367	367	1	16	238	99	96		33.2222222222
353	9	La5	A5	358	358	1	8	476	95	96		33.3333333333
354	9	Sol5	G5	349	349	1	8	476	95	96	de 	33.4444444444
355	9	Fa5#4	F5#4	344	344	1	8	476	99	96	i 	33.5555555556
356	9	Mi5	E5	336	336	1	16	238	99	96		33.6111111111
357	9	Fa5#4	F5#4	344	344	1	16	238	95	96		33.6666666667
358	9	La5	A5	358	358	1	16	238	99	96	mes	33.7222222222
359	9	Sol5	G5	349	349	1	16	238	99	96		33.7777777778
360	9	Fa5#4	F5#4	344	344	1	16	238	99	96		33.8333333333
361	9	Mi5	E5	336	336	1	16	238	99	96		33.8888888889
362	9	Re5	D5	327	327	1	8	476	95	96		34.0
363	9	Fa5#4	F5#4	344	344	1	8	476	99	96	tâ	34.1111111111
364	9	Mi5	E5	336	336	1	16	238	99	96		34.1666666667
365	9	Fa5#4	F5#4	344	344	1	16	238	99	96		34.2222222222
366	9	Sol5	G5	349	349	1	8	476	99	96		34.3333333333
367	9	Fa5#4	F5#4	344	344	1	16	238	99	96		34.3888888889
368	9	Mi5	E5	336	336	1	16	238	99	96		34.4444444444
369	9	Mi5	E5	336	336	1	8	476	99	96		34.5555555556
370	9	Re5	D5	327	327	1	8	476	99	96		34.6666666667
371	10	Mi5	E5	336	336	1	8	476	99	96		34.7777777778
372	8	Fa5	F5	340	340	0	0	0	99	96		34.7777777778
373	9	Mi5	E5	336	336	1	16	238	99	96		34.8333333333
374	9	Fa5#4	F5#4	344	344	1	16	238	95	96		34.8888888889
375	9	Mi5	E5	336	336	1	16	238	99	96	ne	34.9444444444
376	9	Re5	D5	327	327	1	16	238	95	96		35.0
377	9	Re5	D5	327	327	1	8	476	95	96	de  	35.1111111111
378	9	Mi5	E5	336	336	1	16	238	95	96	SAZ	35.1666666667
379	9	Fa5#4	F5#4	344	344	1	16	238	95	96	.	35.2222222222
380	9	Sol5	G5	349	349	1	8	476	95	96	.	35.3333333333
381	9	Fa5	F5	340	340	1	16	238	95	96	.	35.3888888889
382	9	Mi5	E5	336	336	1	16	238	95	96	.	35.4444444444
383	9	Mi5	E5	336	336	1	16	238	95	96	.	35.5
384	9	Re5	D5	327	327	1	16	238	95	96	.	35.5555555556
385	9	Re5	D5	327	327	1	16	238	95	96	.	35.6111111111
386	9	Do5#4	C5#4	322	322	1	16	238	95	96	.	35.6666666667
387	9	Re5	D5	327	327	3	8	1429	95	96	.	36.0
388	9	Es	Es	-1	-1	1	8	476	100	0		36.1111111111
389	9	Mi5	E5	336	336	1	4	952	95	96	Neş	36.3333333333
390	9	La5	A5	358	358	1	8	476	95	96	e	36.4444444444
391	9	Mi5	E5	336	336	1	4	952	95	96	ler 	36.6666666667
392	9	La5	A5	358	358	3	8	1429	95	96	var 	37.0
393	9	Es	Es	-1	-1	1	8	476	100	0		37.1111111111
394	9	Sol5	G5	349	349	1	16	238	99	96	dî	37.1666666667
395	9	Si5	B5	367	367	1	16	238	99	96		37.2222222222
396	9	La5	A5	358	358	1	8	476	95	96		37.3333333333
397	9	Sol5	G5	349	349	1	8	476	95	96	de 	37.4444444444
398	9	Fa5	F5	340	340	1	8	476	99	96	i 	37.5555555556
399	9	Mi5	E5	336	336	1	16	238	99	96		37.6111111111
400	9	Re5	D5	327	327	1	16	238	95	96		37.6666666667
401	9	Do5#4	C5#4	322	322	1	16	238	99	96	mes	37.7222222222
402	9	Re5	D5	327	327	1	16	238	99	96		37.7777777778
403	9	Do5#4	C5#4	322	322	1	16	238	99	96		37.8333333333
404	9	Si4b4	B4b4	310	310	1	16	238	99	96		37.8888888889
405	9	La4	A4	305	305	1	8	476	95	96		38.0
406	9	Mi5	E5	336	336	1	8	476	99	96	tâ	38.1111111111
407	9	Re5	D5	327	327	1	16	238	99	96		38.1666666667
408	9	Mi5	E5	336	336	1	16	238	99	96		38.2222222222
409	9	Fa5	F5	340	340	1	8	476	99	96		38.3333333333
410	9	Mi5	E5	336	336	1	16	238	99	96		38.3888888889
411	9	Re5	D5	327	327	1	16	238	99	96		38.4444444444
412	9	Do5#4	C5#4	322	322	1	8	476	99	96		38.5555555556
413	9	Si4b4	B4b4	310	310	1	16	238	99	96		38.6111111111
414	9	Do5#4	C5#4	322	322	1	16	238	99	96		38.6666666667
415	9	Re5	D5	327	327	1	8	476	99	96		38.7777777778
416	9	Do5#4	C5#4	322	322	1	16	238	99	96		38.8333333333
417	9	Si4b4	B4b4	310	310	1	16	238	95	96		38.8888888889
418	9	Si4b4	B4b4	310	310	1	16	238	99	96	ne	38.9444444444
419	9	La4	A4	305	305	1	16	238	95	96		39.0
420	9	La4	A4	305	305	3	8	1429	95	96	de  	39.3333333333
