Sira	Kod	Nota53	NotaAE	Koma53	KomaAE	Pay	Payda	Ms	LNS	Bas	Soz1	Offset
1	9	La4	A4	305	305	3	32	417	95	96	1. HANE	0.075
2	9	Do5#4	C5#4	322	322	1	32	139	95	96		0.1
3	9	Mi5	E5	336	336	1	16	278	95	96		0.15
4	9	La5	A5	358	358	1	16	278	95	96		0.2
5	9	Mi5	E5	336	336	1	16	278	95	96		0.25
6	9	Do5#4	C5#4	322	322	1	16	278	95	96		0.3
7	9	La4	A4	305	305	1	4	1111	95	96		0.5
8	9	Sol5	G5	349	349	1	8	556	95	96		0.6
9	9	Fa5#4	F5#4	344	344	1	16	278	95	96		0.65
10	9	Mi5	E5	336	336	1	16	278	95	96		0.7
11	9	Mi5	E5	336	336	3	8	1667	95	96		1
12	9	Sol4	G4	296	296	1	8	556	95	96		1.1
13	9	Fa4#4	F4#4	291	291	1	16	278	95	96		1.15
14	9	Mi4	E4	283	283	1	16	278	95	96		1.2
15	9	Mi4	E4	283	283	1	8	556	95	96		1.3
16	9	La4	A4	305	305	1	24	185	95	96		1.333333
17	9	Sol4	G4	296	296	1	24	185	95	96		1.366667
18	9	La4	A4	305	305	1	24	185	95	96		1.4
19	9	Si4	B4	314	314	1	24	185	95	96		1.433333
20	9	La4	A4	305	305	1	24	185	95	96		1.466667
21	9	Sol4	G4	296	296	1	24	185	95	96		1.5
22	9	Sol4	G4	296	296	1	16	278	95	96		1.55
23	9	Fa4#4	F4#4	291	291	1	16	278	95	96		1.6
24	9	Fa4#4	F4#4	291	291	1	16	278	95	96		1.65
25	9	Mi4	E4	283	283	1	16	278	95	96		1.7
26	9	Mi4	E4	283	283	1	4	1111	95	96		1.9
27	9	Fa4#4	F4#4	291	291	1	24	185	95	96		1.933333
28	9	Mi4	E4	283	283	1	24	185	95	96		1.966667
29	9	Fa4#4	F4#4	291	291	1	24	185	95	96		2
30	9	Re4	D4	274	274	1	4	1111	95	96		2.2
31	9	Fa4#4	F4#4	291	291	1	8	556	95	96		2.3
32	9	La4	A4	305	305	1	4	1111	95	96		2.5
33	9	Do5#4	C5#4	322	322	1	8	556	95	96		2.6
34	9	Si4b4	B4b4	310	310	1	16	278	95	96		2.65
35	9	La4	A4	305	305	1	16	278	95	96		2.7
36	9	Si4b4	B4b4	310	310	1	8	556	95	96		2.8
37	9	Do5#4	C5#4	322	322	1	8	556	95	96		2.9
38	9	Si4b4	B4b4	310	310	1	16	278	95	96		2.95
39	9	La4	A4	305	305	1	16	278	95	96		3
40	9	Re5	D5	327	327	1	4	1111	95	96		3.2
41	9	Re5	D5	327	327	1	8	556	95	96		3.3
42	9	Re5	D5	327	327	1	24	185	95	96		3.333333
43	9	Mi5	E5	336	336	1	24	185	95	96		3.366667
44	9	Re5	D5	327	327	1	24	185	95	96		3.4
45	9	Do5#4	C5#4	322	322	1	24	185	95	96		3.433333
46	9	Re5	D5	327	327	1	24	185	95	96		3.466667
47	9	Do5#4	C5#4	322	322	1	24	185	95	96		3.5
48	9	Si4b4	B4b4	310	310	1	24	185	95	96		3.533333
49	9	Do5#4	C5#4	322	322	1	24	185	95	96		3.566667
50	9	Si4b4	B4b4	310	310	1	24	185	95	96		3.6
51	9	La4	A4	305	305	1	16	278	95	96		3.65
52	9	Sol4	G4	296	296	1	16	278	95	96		3.7
53	9	Re5	D5	327	327	3	8	1667	95	96		4
54	9	Fa5	F5	340	340	1	4	1111	95	96	MÜLÂZİME	4.2
55	9	Fa5	F5	340	340	1	16	278	95	96		4.25
56	9	Mi5	E5	336	336	1	16	278	95	96		4.3
57	9	Sol5	G5	349	349	1	16	278	95	96		4.35
58	9	Mi5	E5	336	336	1	8	556	95	96		4.45
59	9	Re5	D5	327	327	1	16	278	95	96		4.5
60	9	Fa5	F5	340	340	1	16	278	95	96		4.55
61	9	Re5	D5	327	327	1	8	556	95	96		4.65
62	9	Do5#4	C5#4	322	322	1	16	278	95	96		4.7
63	9	Mi5	E5	336	336	1	8	556	50	96		4.8
64	9	Do5#4	C5#4	322	322	1	4	1111	50	96		5
65	9	Re5	D5	327	327	1	4	1111	95	96		5.2
66	9	Re5	D5	327	327	1	16	278	95	96		5.25
67	9	Do5#4	C5#4	322	322	1	16	278	95	96		5.3
68	9	Mi5	E5	336	336	1	16	278	95	96		5.35
69	9	Do5#4	C5#4	322	322	1	8	556	95	96		5.45
70	9	Si4b4	B4b4	310	310	1	16	278	95	96		5.5
71	9	Re5	D5	327	327	1	16	278	95	96		5.55
72	9	Si4b4	B4b4	310	310	1	8	556	95	96		5.65
73	9	La4	A4	305	305	1	16	278	95	96		5.7
74	9	Si4b4	B4b4	310	310	1	8	556	95	96		5.8
75	9	Sol4	G4	296	296	1	4	1111	95	96		6
76	9	La4	A4	305	305	1	4	1111	95	96		6.2
77	9	Fa4#4	F4#4	291	291	1	16	278	95	96		6.25
78	9	La4	A4	305	305	1	16	278	95	96		6.3
79	9	Sol4	G4	296	296	3	32	417	95	96		6.375
80	9	Fa4#4	F4#4	291	291	1	32	139	95	96		6.4
81	9	Sol4	G4	296	296	1	16	278	95	96		6.45
82	9	La4	A4	305	305	1	16	278	95	96		6.5
83	9	Si4b4	B4b4	310	310	3	32	417	95	96		6.575
84	9	La4	A4	305	305	1	32	139	95	96		6.6
85	9	Si4b4	B4b4	310	310	1	16	278	95	96		6.65
86	9	Do5#4	C5#4	322	322	1	16	278	95	96		6.7
87	9	Re5	D5	327	327	1	16	278	95	96		6.75
88	9	Re5	D5	327	327	1	16	278	95	96		6.8
89	9	Do5#4	C5#4	322	322	1	16	278	95	96		6.85
90	9	Si4b4	B4b4	310	310	1	16	278	95	96		6.9
91	9	La4	A4	305	305	1	16	278	95	96		6.95
92	9	Sol4	G4	296	296	1	16	278	95	96		7
93	9	Sol5	G5	349	349	1	16	278	95	96		7.05
94	9	Sol5	G5	349	349	1	16	278	95	96		7.1
95	9	Fa5	F5	340	340	1	16	278	95	96		7.15
96	9	Mi5	E5	336	336	1	16	278	95	96		7.2
97	9	Re5	D5	327	327	1	8	556	95	96		7.3
98	9	Do5#4	C5#4	322	322	1	16	278	95	96		7.35
99	9	Si4b4	B4b4	310	310	1	32	139	95	96		7.375
100	9	Do5#4	C5#4	322	322	1	32	139	95	96		7.4
101	9	Re5	D5	327	327	1	16	278	95	96		7.45
102	9	Mi5	E5	336	336	1	16	278	95	96		7.5
103	9	Do5#4	C5#4	322	322	1	16	278	95	96		7.55
104	9	Si4b4	B4b4	310	310	1	16	278	95	96		7.6
105	9	Si4b4	B4b4	310	310	1	16	278	95	96		7.65
106	9	La4	A4	305	305	1	16	278	95	96		7.7
107	9	La4	A4	305	305	3	8	1667	95	96		8
108	9	Fa5	F5	340	340	1	4	1111	95	96	MÜLÂZİME	8.2
109	9	Fa5	F5	340	340	1	16	278	95	96		8.25
110	9	Mi5	E5	336	336	1	16	278	95	96		8.3
111	9	Sol5	G5	349	349	1	16	278	95	96		8.35
112	9	Mi5	E5	336	336	1	8	556	95	96		8.45
113	9	Re5	D5	327	327	1	16	278	95	96		8.5
114	9	Fa5	F5	340	340	1	16	278	95	96		8.55
115	9	Re5	D5	327	327	1	8	556	95	96		8.65
116	9	Do5#4	C5#4	322	322	1	16	278	95	96		8.7
117	9	Mi5	E5	336	336	1	8	556	50	96		8.8
118	9	Do5#4	C5#4	322	322	1	4	1111	50	96		9
119	9	Re5	D5	327	327	1	4	1111	95	96		9.2
120	9	Re5	D5	327	327	1	16	278	95	96		9.25
121	9	Do5#4	C5#4	322	322	1	16	278	95	96		9.3
122	9	Mi5	E5	336	336	1	16	278	95	96		9.35
123	9	Do5#4	C5#4	322	322	1	8	556	95	96		9.45
124	9	Si4b4	B4b4	310	310	1	16	278	95	96		9.5
125	9	Re5	D5	327	327	1	16	278	95	96		9.55
126	9	Si4b4	B4b4	310	310	1	8	556	95	96		9.65
127	9	La4	A4	305	305	1	16	278	95	96		9.7
128	9	Si4b4	B4b4	310	310	1	8	556	95	96		9.8
129	9	Sol4	G4	296	296	1	4	1111	95	96		10
130	9	La4	A4	305	305	1	4	1111	95	96		10.2
131	9	Fa4#4	F4#4	291	291	1	16	278	95	96		10.25
132	9	La4	A4	305	305	1	16	278	95	96		10.3
133	9	Sol4	G4	296	296	3	32	417	95	96		10.375
134	9	Fa4#4	F4#4	291	291	1	32	139	95	96		10.4
135	9	Sol4	G4	296	296	1	16	278	95	96		10.45
136	9	La4	A4	305	305	1	16	278	95	96		10.5
137	9	Si4b4	B4b4	310	310	3	32	417	95	96		10.575
138	9	La4	A4	305	305	1	32	139	95	96		10.6
139	9	Si4b4	B4b4	310	310	1	16	278	95	96		10.65
140	9	Do5#4	C5#4	322	322	1	16	278	95	96		10.7
141	9	Re5	D5	327	327	1	16	278	95	96		10.75
142	9	Re5	D5	327	327	1	16	278	95	96		10.8
143	9	Do5#4	C5#4	322	322	1	16	278	95	96		10.85
144	9	Si4b4	B4b4	310	310	1	16	278	95	96		10.9
145	9	La4	A4	305	305	1	16	278	95	96		10.95
146	9	Sol4	G4	296	296	1	16	278	95	96		11
147	9	Sol5	G5	349	349	1	16	278	95	96		11.05
148	9	Sol5	G5	349	349	1	16	278	95	96		11.1
149	9	Fa5	F5	340	340	1	16	278	95	96		11.15
150	9	Mi5	E5	336	336	1	16	278	95	96		11.2
151	9	Re5	D5	327	327	1	8	556	95	96		11.3
152	9	Do5#4	C5#4	322	322	1	16	278	95	96		11.35
153	9	Si4b4	B4b4	310	310	1	32	139	95	96		11.375
154	9	Do5#4	C5#4	322	322	1	32	139	95	96		11.4
155	9	Re5	D5	327	327	1	16	278	95	96		11.45
156	9	Mi5	E5	336	336	1	16	278	95	96		11.5
157	9	Do5#4	C5#4	322	322	1	16	278	95	96		11.55
158	9	Si4b4	B4b4	310	310	1	16	278	95	96		11.6
159	9	Si4b4	B4b4	310	310	1	16	278	95	96		11.65
160	9	La4	A4	305	305	1	16	278	95	96		11.7
161	9	La4	A4	305	305	3	8	1667	95	96		12
162	9	Do5	C5	318	318	1	4	1111	95	96	2. HANE	12.2
163	9	Do5	C5	318	318	1	8	556	95	96		12.3
164	9	Do5	C5	318	318	1	8	556	95	96		12.4
165	9	Do5	C5	318	318	1	16	278	95	96		12.45
166	9	Re5b4	D5b4	323	323	1	16	278	95	96		12.5
167	9	Do5	C5	318	318	3	32	417	95	96		12.575
168	9	Si4b1	B4b1	313	313	1	32	139	95	96		12.6
169	9	La4	A4	305	305	1	16	278	95	96		12.65
170	9	Si4b1	B4b1	313	313	1	16	278	95	96		12.7
171	9	Do5	C5	318	318	3	16	833	95	96		12.85
172	9	Re5b4	D5b4	323	323	1	16	278	95	96		12.9
173	9	Do5	C5	318	318	1	16	278	95	96		12.95
174	9	Si4b1	B4b1	313	313	1	16	278	95	96		13
175	9	Do5	C5	318	318	1	8	556	95	96		13.1
176	9	Do5	C5	318	318	1	16	278	95	96		13.15
177	9	Si4b1	B4b1	313	313	1	16	278	95	96		13.2
178	9	Si4b1	B4b1	313	313	1	16	278	95	96		13.25
179	9	La4	A4	305	305	1	16	278	95	96		13.3
180	9	Mi5	E5	336	336	1	8	556	95	96		13.4
181	9	Re5b4	D5b4	323	323	1	16	278	95	96		13.45
182	9	Do5	C5	318	318	1	16	278	95	96		13.5
183	9	Re5b4	D5b4	323	323	1	24	185	95	96		13.53333
184	9	Do5	C5	318	318	1	24	185	95	96		13.56667
185	9	Si4b1	B4b1	313	313	1	24	185	95	96		13.6
186	9	Si4b1	B4b1	313	313	1	16	278	95	96		13.65
187	9	La4	A4	305	305	1	16	278	95	96		13.7
188	9	La4	A4	305	305	1	4	1111	95	96		13.9
189	9	Sol4#4	G4#4	300	300	1	8	556	95	96		14
190	9	Fa4	F4	287	287	1	4	1111	95	96		14.2
191	9	Sol4#4	G4#4	300	300	1	8	556	95	96		14.3
192	9	La4	A4	305	305	1	4	1111	95	96		14.5
193	9	Si4b4	B4b4	310	310	3	32	417	95	96		14.575
194	9	La4	A4	305	305	1	32	139	95	96		14.6
195	9	Si4b4	B4b4	310	310	1	16	278	95	96		14.65
196	9	Do5#4	C5#4	322	322	1	16	278	95	96		14.7
197	9	Re5	D5	327	327	1	16	278	95	96		14.75
198	8	Mi5	E5	336	336	0	0	0	95	96		14.75
199	9	Re5	D5	327	327	1	16	278	95	96		14.8
200	9	Do5#4	C5#4	322	322	1	16	278	95	96		14.85
201	9	Si4b4	B4b4	310	310	1	16	278	95	96		14.9
202	9	La4	A4	305	305	1	16	278	95	96		14.95
203	9	Sol4	G4	296	296	1	16	278	95	96		15
204	9	Re5	D5	327	327	1	4	1111	95	96		15.2
205	9	Re5	D5	327	327	1	8	556	95	96		15.3
206	9	Re5	D5	327	327	1	24	185	95	96		15.33333
207	9	Mi5	E5	336	336	1	24	185	95	96		15.36667
208	9	Re5	D5	327	327	1	24	185	95	96		15.4
209	9	Do5#4	C5#4	322	322	1	24	185	95	96		15.43333
210	9	Re5	D5	327	327	1	24	185	95	96		15.46667
211	9	Do5#4	C5#4	322	322	1	24	185	95	96		15.5
212	9	Si4b4	B4b4	310	310	1	24	185	95	96		15.53333
213	9	Do5#4	C5#4	322	322	1	24	185	95	96		15.56667
214	9	Si4b4	B4b4	310	310	1	24	185	95	96		15.6
215	9	La4	A4	305	305	1	16	278	95	96		15.65
216	9	Sol4	G4	296	296	1	16	278	95	96		15.7
217	9	Re5	D5	327	327	3	8	1667	95	96		16
218	9	Do5	C5	318	318	1	4	1111	95	96	2. HANE	16.2
219	9	Do5	C5	318	318	1	8	556	95	96		16.3
220	9	Do5	C5	318	318	1	8	556	95	96		16.4
221	9	Do5	C5	318	318	1	16	278	95	96		16.45
222	9	Re5b4	D5b4	323	323	1	16	278	95	96		16.5
223	9	Do5	C5	318	318	3	32	417	95	96		16.575
224	9	Si4b1	B4b1	313	313	1	32	139	95	96		16.6
225	9	La4	A4	305	305	1	16	278	95	96		16.65
226	9	Si4b1	B4b1	313	313	1	16	278	95	96		16.7
227	9	Do5	C5	318	318	3	16	833	95	96		16.85
228	9	Re5b4	D5b4	323	323	1	16	278	95	96		16.9
229	9	Do5	C5	318	318	1	16	278	95	96		16.95
230	9	Si4b1	B4b1	313	313	1	16	278	95	96		17
231	9	Do5	C5	318	318	1	8	556	95	96		17.1
232	9	Do5	C5	318	318	1	16	278	95	96		17.15
233	9	Si4b1	B4b1	313	313	1	16	278	95	96		17.2
234	9	Si4b1	B4b1	313	313	1	16	278	95	96		17.25
235	9	La4	A4	305	305	1	16	278	95	96		17.3
236	9	Mi5	E5	336	336	1	8	556	95	96		17.4
237	9	Re5b4	D5b4	323	323	1	16	278	95	96		17.45
238	9	Do5	C5	318	318	1	16	278	95	96		17.5
239	9	Re5b4	D5b4	323	323	1	24	185	95	96		17.53333
240	9	Do5	C5	318	318	1	24	185	95	96		17.56667
241	9	Si4b1	B4b1	313	313	1	24	185	95	96		17.6
242	9	Si4b1	B4b1	313	313	1	16	278	95	96		17.65
243	9	La4	A4	305	305	1	16	278	95	96		17.7
244	9	La4	A4	305	305	1	4	1111	95	96		17.9
245	9	Sol4#4	G4#4	300	300	1	8	556	95	96		18
246	9	Fa4	F4	287	287	1	4	1111	95	96		18.2
247	9	Sol4#4	G4#4	300	300	1	8	556	95	96		18.3
248	9	La4	A4	305	305	1	4	1111	95	96		18.5
249	9	Si4b4	B4b4	310	310	3	32	417	95	96		18.575
250	9	La4	A4	305	305	1	32	139	95	96		18.6
251	9	Si4b4	B4b4	310	310	1	16	278	95	96		18.65
252	9	Do5#4	C5#4	322	322	1	16	278	95	96		18.7
253	9	Re5	D5	327	327	1	16	278	95	96		18.75
254	8	Mi5	E5	336	336	0	0	0	95	96		18.75
255	9	Re5	D5	327	327	1	16	278	95	96		18.8
256	9	Do5#4	C5#4	322	322	1	16	278	95	96		18.85
257	9	Si4b4	B4b4	310	310	1	16	278	95	96		18.9
258	9	La4	A4	305	305	1	16	278	95	96		18.95
259	9	Sol4	G4	296	296	1	16	278	95	96		19
260	9	Re5	D5	327	327	1	4	1111	95	96		19.2
261	9	Re5	D5	327	327	1	8	556	95	96		19.3
262	9	Re5	D5	327	327	1	24	185	95	96		19.33333
263	9	Mi5	E5	336	336	1	24	185	95	96		19.36667
264	9	Re5	D5	327	327	1	24	185	95	96		19.4
265	9	Do5#4	C5#4	322	322	1	24	185	95	96		19.43333
266	9	Re5	D5	327	327	1	24	185	95	96		19.46667
267	9	Do5#4	C5#4	322	322	1	24	185	95	96		19.5
268	9	Si4b4	B4b4	310	310	1	24	185	95	96		19.53333
269	9	Do5#4	C5#4	322	322	1	24	185	95	96		19.56667
270	9	Si4b4	B4b4	310	310	1	24	185	95	96		19.6
271	9	La4	A4	305	305	1	16	278	95	96		19.65
272	9	Sol4	G4	296	296	1	16	278	95	96		19.7
273	9	Re5	D5	327	327	3	8	1667	95	96		20
274	9	Fa5	F5	340	340	1	4	1111	95	96	MÜLÂZİME	20.2
275	9	Fa5	F5	340	340	1	16	278	95	96		20.25
276	9	Mi5	E5	336	336	1	16	278	95	96		20.3
277	9	Sol5	G5	349	349	1	16	278	95	96		20.35
278	9	Mi5	E5	336	336	1	8	556	95	96		20.45
279	9	Re5	D5	327	327	1	16	278	95	96		20.5
280	9	Fa5	F5	340	340	1	16	278	95	96		20.55
281	9	Re5	D5	327	327	1	8	556	95	96		20.65
282	9	Do5#4	C5#4	322	322	1	16	278	95	96		20.7
283	9	Mi5	E5	336	336	1	8	556	50	96		20.8
284	9	Do5#4	C5#4	322	322	1	4	1111	50	96		21
285	9	Re5	D5	327	327	1	4	1111	95	96		21.2
286	9	Re5	D5	327	327	1	16	278	95	96		21.25
287	9	Do5#4	C5#4	322	322	1	16	278	95	96		21.3
288	9	Mi5	E5	336	336	1	16	278	95	96		21.35
289	9	Do5#4	C5#4	322	322	1	8	556	95	96		21.45
290	9	Si4b4	B4b4	310	310	1	16	278	95	96		21.5
291	9	Re5	D5	327	327	1	16	278	95	96		21.55
292	9	Si4b4	B4b4	310	310	1	8	556	95	96		21.65
293	9	La4	A4	305	305	1	16	278	95	96		21.7
294	9	Si4b4	B4b4	310	310	1	8	556	95	96		21.8
295	9	Sol4	G4	296	296	1	4	1111	95	96		22
296	9	La4	A4	305	305	1	4	1111	95	96		22.2
297	9	Fa4#4	F4#4	291	291	1	16	278	95	96		22.25
298	9	La4	A4	305	305	1	16	278	95	96		22.3
299	9	Sol4	G4	296	296	3	32	417	95	96		22.375
300	9	Fa4#4	F4#4	291	291	1	32	139	95	96		22.4
301	9	Sol4	G4	296	296	1	16	278	95	96		22.45
302	9	La4	A4	305	305	1	16	278	95	96		22.5
303	9	Si4b4	B4b4	310	310	3	32	417	95	96		22.575
304	9	La4	A4	305	305	1	32	139	95	96		22.6
305	9	Si4b4	B4b4	310	310	1	16	278	95	96		22.65
306	9	Do5#4	C5#4	322	322	1	16	278	95	96		22.7
307	9	Re5	D5	327	327	1	16	278	95	96		22.75
308	9	Re5	D5	327	327	1	16	278	95	96		22.8
309	9	Do5#4	C5#4	322	322	1	16	278	95	96		22.85
310	9	Si4b4	B4b4	310	310	1	16	278	95	96		22.9
311	9	La4	A4	305	305	1	16	278	95	96		22.95
312	9	Sol4	G4	296	296	1	16	278	95	96		23
313	9	Sol5	G5	349	349	1	16	278	95	96		23.05
314	9	Sol5	G5	349	349	1	16	278	95	96		23.1
315	9	Fa5	F5	340	340	1	16	278	95	96		23.15
316	9	Mi5	E5	336	336	1	16	278	95	96		23.2
317	9	Re5	D5	327	327	1	8	556	95	96		23.3
318	9	Do5#4	C5#4	322	322	1	16	278	95	96		23.35
319	9	Si4b4	B4b4	310	310	1	32	139	95	96		23.375
320	9	Do5#4	C5#4	322	322	1	32	139	95	96		23.4
321	9	Re5	D5	327	327	1	16	278	95	96		23.45
322	9	Mi5	E5	336	336	1	16	278	95	96		23.5
323	9	Do5#4	C5#4	322	322	1	16	278	95	96		23.55
324	9	Si4b4	B4b4	310	310	1	16	278	95	96		23.6
325	9	Si4b4	B4b4	310	310	1	16	278	95	96		23.65
326	9	La4	A4	305	305	1	16	278	95	96		23.7
327	9	La4	A4	305	305	3	8	1667	95	96		24
328	9	Fa5	F5	340	340	1	4	1111	95	96	MÜLÂZİME	24.2
329	9	Fa5	F5	340	340	1	16	278	95	96		24.25
330	9	Mi5	E5	336	336	1	16	278	95	96		24.3
331	9	Sol5	G5	349	349	1	16	278	95	96		24.35
332	9	Mi5	E5	336	336	1	8	556	95	96		24.45
333	9	Re5	D5	327	327	1	16	278	95	96		24.5
334	9	Fa5	F5	340	340	1	16	278	95	96		24.55
335	9	Re5	D5	327	327	1	8	556	95	96		24.65
336	9	Do5#4	C5#4	322	322	1	16	278	95	96		24.7
337	9	Mi5	E5	336	336	1	8	556	50	96		24.8
338	9	Do5#4	C5#4	322	322	1	4	1111	50	96		25
339	9	Re5	D5	327	327	1	4	1111	95	96		25.2
340	9	Re5	D5	327	327	1	16	278	95	96		25.25
341	9	Do5#4	C5#4	322	322	1	16	278	95	96		25.3
342	9	Mi5	E5	336	336	1	16	278	95	96		25.35
343	9	Do5#4	C5#4	322	322	1	8	556	95	96		25.45
344	9	Si4b4	B4b4	310	310	1	16	278	95	96		25.5
345	9	Re5	D5	327	327	1	16	278	95	96		25.55
346	9	Si4b4	B4b4	310	310	1	8	556	95	96		25.65
347	9	La4	A4	305	305	1	16	278	95	96		25.7
348	9	Si4b4	B4b4	310	310	1	8	556	95	96		25.8
349	9	Sol4	G4	296	296	1	4	1111	95	96		26
350	9	La4	A4	305	305	1	4	1111	95	96		26.2
351	9	Fa4#4	F4#4	291	291	1	16	278	95	96		26.25
352	9	La4	A4	305	305	1	16	278	95	96		26.3
353	9	Sol4	G4	296	296	3	32	417	95	96		26.375
354	9	Fa4#4	F4#4	291	291	1	32	139	95	96		26.4
355	9	Sol4	G4	296	296	1	16	278	95	96		26.45
356	9	La4	A4	305	305	1	16	278	95	96		26.5
357	9	Si4b4	B4b4	310	310	3	32	417	95	96		26.575
358	9	La4	A4	305	305	1	32	139	95	96		26.6
359	9	Si4b4	B4b4	310	310	1	16	278	95	96		26.65
360	9	Do5#4	C5#4	322	322	1	16	278	95	96		26.7
361	9	Re5	D5	327	327	1	16	278	95	96		26.75
362	9	Re5	D5	327	327	1	16	278	95	96		26.8
363	9	Do5#4	C5#4	322	322	1	16	278	95	96		26.85
364	9	Si4b4	B4b4	310	310	1	16	278	95	96		26.9
365	9	La4	A4	305	305	1	16	278	95	96		26.95
366	9	Sol4	G4	296	296	1	16	278	95	96		27
367	9	Sol5	G5	349	349	1	16	278	95	96		27.05
368	9	Sol5	G5	349	349	1	16	278	95	96		27.1
369	9	Fa5	F5	340	340	1	16	278	95	96		27.15
370	9	Mi5	E5	336	336	1	16	278	95	96		27.2
371	9	Re5	D5	327	327	1	8	556	95	96		27.3
372	9	Do5#4	C5#4	322	322	1	16	278	95	96		27.35
373	9	Si4b4	B4b4	310	310	1	32	139	95	96		27.375
374	9	Do5#4	C5#4	322	322	1	32	139	95	96		27.4
375	9	Re5	D5	327	327	1	16	278	95	96		27.45
376	9	Mi5	E5	336	336	1	16	278	95	96		27.5
377	9	Do5#4	C5#4	322	322	1	16	278	95	96		27.55
378	9	Si4b4	B4b4	310	310	1	16	278	95	96		27.6
379	9	Si4b4	B4b4	310	310	1	16	278	95	96		27.65
380	9	La4	A4	305	305	1	16	278	95	96		27.7
381	9	La4	A4	305	305	3	8	1667	95	96		28
382	9	Mi5	E5	336	336	1	4	1111	95	96	3. HANE	28.2
383	9	La4	A4	305	305	1	8	556	95	96		28.3
384	9	Mi5	E5	336	336	1	8	556	95	96		28.4
385	9	Mi5	E5	336	336	1	16	278	95	96		28.45
386	9	Re5	D5	327	327	1	16	278	95	96		28.5
387	9	Fa5#4	F5#4	344	344	1	8	556	95	96		28.6
388	9	Fa5#4	F5#4	344	344	1	16	278	95	96		28.65
389	9	Mi5	E5	336	336	1	16	278	95	96		28.7
390	9	Sol5	G5	349	349	1	8	556	95	96		28.8
391	9	Fa5#4	F5#4	344	344	1	16	278	95	96		28.85
392	9	Mi5	E5	336	336	1	16	278	95	96		28.9
393	9	Re5	D5	327	327	1	8	556	95	96		29
394	9	Fa6	F6	393	393	1	16	278	95	96		29.05
395	9	Mi6	E6	389	389	1	16	278	95	96		29.1
396	9	Re6	D6	380	380	1	16	278	95	96		29.15
397	9	Do6	C6	371	371	1	16	278	95	96		29.2
398	9	Si5	B5	367	367	1	16	278	95	96		29.25
399	9	La5	A5	358	358	1	16	278	95	96		29.3
400	9	Sol5	G5	349	349	3	16	833	95	96		29.45
401	9	Fa5#4	F5#4	344	344	1	16	278	95	96		29.5
402	9	La5	A5	358	358	1	32	139	95	96		29.525
403	9	Sol5	G5	349	349	1	32	139	95	96		29.55
404	9	Fa5#4	F5#4	344	344	1	16	278	95	96		29.6
405	9	Fa5#4	F5#4	344	344	1	16	278	95	96		29.65
406	9	Mi5	E5	336	336	1	16	278	95	96		29.7
407	9	Mi5	E5	336	336	3	8	1667	95	96		30
408	9	Mi5	E5	336	336	1	4	1111	95	96		30.2
409	9	Si5b4	B5b4	363	363	1	8	556	95	96		30.3
410	9	La5	A5	358	358	1	24	185	95	96		30.33333
411	9	Fa5	F5	340	340	1	24	185	95	96		30.36667
412	9	La5	A5	358	358	1	24	185	95	96		30.4
413	9	Sol5	G5	349	349	1	24	185	95	96		30.43333
414	9	Mi5	E5	336	336	1	24	185	95	96		30.46667
415	9	Sol5	G5	349	349	1	24	185	95	96		30.5
416	9	Fa5	F5	340	340	1	24	185	95	96		30.53333
417	9	Re5	D5	327	327	1	24	185	95	96		30.56667
418	9	Fa5	F5	340	340	1	24	185	95	96		30.6
419	9	Mi5	E5	336	336	1	24	185	95	96		30.63333
420	9	Do5#4	C5#4	322	322	1	24	185	95	96		30.66667
421	9	Mi5	E5	336	336	1	24	185	95	96		30.7
422	9	Re5	D5	327	327	1	24	185	95	96		30.73333
423	9	Si4b4	B4b4	310	310	1	24	185	95	96		30.76667
424	9	Re5	D5	327	327	1	24	185	95	96		30.8
425	9	Do5#4	C5#4	322	322	1	24	185	95	96		30.83333
426	9	La4	A4	305	305	1	24	185	95	96		30.86667
427	9	Do5#4	C5#4	322	322	1	24	185	95	96		30.9
428	9	Si4b4	B4b4	310	310	1	16	278	95	96		30.95
429	9	La4	A4	305	305	1	16	278	95	96		31
430	9	Re5	D5	327	327	1	4	1111	95	96		31.2
431	9	Re5	D5	327	327	1	8	556	95	96		31.3
432	9	Re5	D5	327	327	1	24	185	95	96		31.33333
433	9	Mi5	E5	336	336	1	24	185	95	96		31.36667
434	9	Re5	D5	327	327	1	24	185	95	96		31.4
435	9	Do5#4	C5#4	322	322	1	24	185	95	96		31.43333
436	9	Re5	D5	327	327	1	24	185	95	96		31.46667
437	9	Do5#4	C5#4	322	322	1	24	185	95	96		31.5
438	9	Si4b4	B4b4	310	310	1	24	185	95	96		31.53333
439	9	Do5#4	C5#4	322	322	1	24	185	95	96		31.56667
440	9	Si4b4	B4b4	310	310	1	24	185	95	96		31.6
441	9	La4	A4	305	305	1	16	278	95	96		31.65
442	9	Sol4	G4	296	296	1	16	278	95	96		31.7
443	9	Re5	D5	327	327	3	8	1667	95	96		32
444	9	Mi5	E5	336	336	1	4	1111	95	96	3. HANE	32.2
445	9	La4	A4	305	305	1	8	556	95	96		32.3
446	9	Mi5	E5	336	336	1	8	556	95	96		32.4
447	9	Mi5	E5	336	336	1	16	278	95	96		32.45
448	9	Re5	D5	327	327	1	16	278	95	96		32.5
449	9	Fa5#4	F5#4	344	344	1	8	556	95	96		32.6
450	9	Fa5#4	F5#4	344	344	1	16	278	95	96		32.65
451	9	Mi5	E5	336	336	1	16	278	95	96		32.7
452	9	Sol5	G5	349	349	1	8	556	95	96		32.8
453	9	Fa5#4	F5#4	344	344	1	16	278	95	96		32.85
454	9	Mi5	E5	336	336	1	16	278	95	96		32.9
455	9	Re5	D5	327	327	1	8	556	95	96		33
456	9	Fa6	F6	393	393	1	16	278	95	96		33.05
457	9	Mi6	E6	389	389	1	16	278	95	96		33.1
458	9	Re6	D6	380	380	1	16	278	95	96		33.15
459	9	Do6	C6	371	371	1	16	278	95	96		33.2
460	9	Si5	B5	367	367	1	16	278	95	96		33.25
461	9	La5	A5	358	358	1	16	278	95	96		33.3
462	9	Sol5	G5	349	349	3	16	833	95	96		33.45
463	9	Fa5#4	F5#4	344	344	1	16	278	95	96		33.5
464	9	La5	A5	358	358	1	32	139	95	96		33.525
465	9	Sol5	G5	349	349	1	32	139	95	96		33.55
466	9	Fa5#4	F5#4	344	344	1	16	278	95	96		33.6
467	9	Fa5#4	F5#4	344	344	1	16	278	95	96		33.65
468	9	Mi5	E5	336	336	1	16	278	95	96		33.7
469	9	Mi5	E5	336	336	3	8	1667	95	96		34
470	9	Mi5	E5	336	336	1	4	1111	95	96		34.2
471	9	Si5b4	B5b4	363	363	1	8	556	95	96		34.3
472	9	La5	A5	358	358	1	24	185	95	96		34.33333
473	9	Fa5	F5	340	340	1	24	185	95	96		34.36666
474	9	La5	A5	358	358	1	24	185	95	96		34.4
475	9	Sol5	G5	349	349	1	24	185	95	96		34.43333
476	9	Mi5	E5	336	336	1	24	185	95	96		34.46667
477	9	Sol5	G5	349	349	1	24	185	95	96		34.5
478	9	Fa5	F5	340	340	1	24	185	95	96		34.53333
479	9	Re5	D5	327	327	1	24	185	95	96		34.56667
480	9	Fa5	F5	340	340	1	24	185	95	96		34.6
481	9	Mi5	E5	336	336	1	24	185	95	96		34.63334
482	9	Do5#4	C5#4	322	322	1	24	185	95	96		34.66667
483	9	Mi5	E5	336	336	1	24	185	95	96		34.7
484	9	Re5	D5	327	327	1	24	185	95	96		34.73333
485	9	Si4b4	B4b4	310	310	1	24	185	95	96		34.76667
486	9	Re5	D5	327	327	1	24	185	95	96		34.8
487	9	Do5#4	C5#4	322	322	1	24	185	95	96		34.83333
488	9	La4	A4	305	305	1	24	185	95	96		34.86666
489	9	Do5#4	C5#4	322	322	1	24	185	95	96		34.9
490	9	Si4b4	B4b4	310	310	1	16	278	95	96		34.95
491	9	La4	A4	305	305	1	16	278	95	96		35
492	9	Re5	D5	327	327	1	4	1111	95	96		35.2
493	9	Re5	D5	327	327	1	8	556	95	96		35.3
494	9	Re5	D5	327	327	1	24	185	95	96		35.33333
495	9	Mi5	E5	336	336	1	24	185	95	96		35.36666
496	9	Re5	D5	327	327	1	24	185	95	96		35.4
497	9	Do5#4	C5#4	322	322	1	24	185	95	96		35.43333
498	9	Re5	D5	327	327	1	24	185	95	96		35.46667
499	9	Do5#4	C5#4	322	322	1	24	185	95	96		35.5
500	9	Si4b4	B4b4	310	310	1	24	185	95	96		35.53333
501	9	Do5#4	C5#4	322	322	1	24	185	95	96		35.56667
502	9	Si4b4	B4b4	310	310	1	24	185	95	96		35.6
503	9	La4	A4	305	305	1	16	278	95	96		35.65
504	9	Sol4	G4	296	296	1	16	278	95	96		35.7
505	9	Re5	D5	327	327	3	8	1667	95	96		36
506	9	Fa5	F5	340	340	1	4	1111	95	96	MÜLÂZİME	36.2
507	9	Fa5	F5	340	340	1	16	278	95	96		36.25
508	9	Mi5	E5	336	336	1	16	278	95	96		36.3
509	9	Sol5	G5	349	349	1	16	278	95	96		36.35
510	9	Mi5	E5	336	336	1	8	556	95	96		36.45
511	9	Re5	D5	327	327	1	16	278	95	96		36.5
512	9	Fa5	F5	340	340	1	16	278	95	96		36.55
513	9	Re5	D5	327	327	1	8	556	95	96		36.65
514	9	Do5#4	C5#4	322	322	1	16	278	95	96		36.7
515	9	Mi5	E5	336	336	1	8	556	50	96		36.8
516	9	Do5#4	C5#4	322	322	1	4	1111	50	96		37
517	9	Re5	D5	327	327	1	4	1111	95	96		37.2
518	9	Re5	D5	327	327	1	16	278	95	96		37.25
519	9	Do5#4	C5#4	322	322	1	16	278	95	96		37.3
520	9	Mi5	E5	336	336	1	16	278	95	96		37.35
521	9	Do5#4	C5#4	322	322	1	8	556	95	96		37.45
522	9	Si4b4	B4b4	310	310	1	16	278	95	96		37.5
523	9	Re5	D5	327	327	1	16	278	95	96		37.55
524	9	Si4b4	B4b4	310	310	1	8	556	95	96		37.65
525	9	La4	A4	305	305	1	16	278	95	96		37.7
526	9	Si4b4	B4b4	310	310	1	8	556	95	96		37.8
527	9	Sol4	G4	296	296	1	4	1111	95	96		38
528	9	La4	A4	305	305	1	4	1111	95	96		38.2
529	9	Fa4#4	F4#4	291	291	1	16	278	95	96		38.25
530	9	La4	A4	305	305	1	16	278	95	96		38.3
531	9	Sol4	G4	296	296	3	32	417	95	96		38.375
532	9	Fa4#4	F4#4	291	291	1	32	139	95	96		38.4
533	9	Sol4	G4	296	296	1	16	278	95	96		38.45
534	9	La4	A4	305	305	1	16	278	95	96		38.5
535	9	Si4b4	B4b4	310	310	3	32	417	95	96		38.575
536	9	La4	A4	305	305	1	32	139	95	96		38.6
537	9	Si4b4	B4b4	310	310	1	16	278	95	96		38.65
538	9	Do5#4	C5#4	322	322	1	16	278	95	96		38.7
539	9	Re5	D5	327	327	1	16	278	95	96		38.75
540	9	Re5	D5	327	327	1	16	278	95	96		38.8
541	9	Do5#4	C5#4	322	322	1	16	278	95	96		38.85
542	9	Si4b4	B4b4	310	310	1	16	278	95	96		38.9
543	9	La4	A4	305	305	1	16	278	95	96		38.95
544	9	Sol4	G4	296	296	1	16	278	95	96		39
545	9	Sol5	G5	349	349	1	16	278	95	96		39.05
546	9	Sol5	G5	349	349	1	16	278	95	96		39.1
547	9	Fa5	F5	340	340	1	16	278	95	96		39.15
548	9	Mi5	E5	336	336	1	16	278	95	96		39.2
549	9	Re5	D5	327	327	1	8	556	95	96		39.3
550	9	Do5#4	C5#4	322	322	1	16	278	95	96		39.35
551	9	Si4b4	B4b4	310	310	1	32	139	95	96		39.375
552	9	Do5#4	C5#4	322	322	1	32	139	95	96		39.4
553	9	Re5	D5	327	327	1	16	278	95	96		39.45
554	9	Mi5	E5	336	336	1	16	278	95	96		39.5
555	9	Do5#4	C5#4	322	322	1	16	278	95	96		39.55
556	9	Si4b4	B4b4	310	310	1	16	278	95	96		39.6
557	9	Si4b4	B4b4	310	310	1	16	278	95	96		39.65
558	9	La4	A4	305	305	1	16	278	95	96		39.7
559	9	La4	A4	305	305	3	8	1667	95	96		40
560	9	Fa5	F5	340	340	1	4	1111	95	96	MÜLÂZİME	40.2
561	9	Fa5	F5	340	340	1	16	278	95	96		40.25
562	9	Mi5	E5	336	336	1	16	278	95	96		40.3
563	9	Sol5	G5	349	349	1	16	278	95	96		40.35
564	9	Mi5	E5	336	336	1	8	556	95	96		40.45
565	9	Re5	D5	327	327	1	16	278	95	96		40.5
566	9	Fa5	F5	340	340	1	16	278	95	96		40.55
567	9	Re5	D5	327	327	1	8	556	95	96		40.65
568	9	Do5#4	C5#4	322	322	1	16	278	95	96		40.7
569	9	Mi5	E5	336	336	1	8	556	50	96		40.8
570	9	Do5#4	C5#4	322	322	1	4	1111	50	96		41
571	9	Re5	D5	327	327	1	4	1111	95	96		41.2
572	9	Re5	D5	327	327	1	16	278	95	96		41.25
573	9	Do5#4	C5#4	322	322	1	16	278	95	96		41.3
574	9	Mi5	E5	336	336	1	16	278	95	96		41.35
575	9	Do5#4	C5#4	322	322	1	8	556	95	96		41.45
576	9	Si4b4	B4b4	310	310	1	16	278	95	96		41.5
577	9	Re5	D5	327	327	1	16	278	95	96		41.55
578	9	Si4b4	B4b4	310	310	1	8	556	95	96		41.65
579	9	La4	A4	305	305	1	16	278	95	96		41.7
580	9	Si4b4	B4b4	310	310	1	8	556	95	96		41.8
581	9	Sol4	G4	296	296	1	4	1111	95	96		42
582	9	La4	A4	305	305	1	4	1111	95	96		42.2
583	9	Fa4#4	F4#4	291	291	1	16	278	95	96		42.25
584	9	La4	A4	305	305	1	16	278	95	96		42.3
585	9	Sol4	G4	296	296	3	32	417	95	96		42.375
586	9	Fa4#4	F4#4	291	291	1	32	139	95	96		42.4
587	9	Sol4	G4	296	296	1	16	278	95	96		42.45
588	9	La4	A4	305	305	1	16	278	95	96		42.5
589	9	Si4b4	B4b4	310	310	3	32	417	95	96		42.575
590	9	La4	A4	305	305	1	32	139	95	96		42.6
591	9	Si4b4	B4b4	310	310	1	16	278	95	96		42.65
592	9	Do5#4	C5#4	322	322	1	16	278	95	96		42.7
593	9	Re5	D5	327	327	1	16	278	95	96		42.75
594	9	Re5	D5	327	327	1	16	278	95	96		42.8
595	9	Do5#4	C5#4	322	322	1	16	278	95	96		42.85
596	9	Si4b4	B4b4	310	310	1	16	278	95	96		42.9
597	9	La4	A4	305	305	1	16	278	95	96		42.95
598	9	Sol4	G4	296	296	1	16	278	95	96		43
599	9	Sol5	G5	349	349	1	16	278	95	96		43.05
600	9	Sol5	G5	349	349	1	16	278	95	96		43.1
601	9	Fa5	F5	340	340	1	16	278	95	96		43.15
602	9	Mi5	E5	336	336	1	16	278	95	96		43.2
603	9	Re5	D5	327	327	1	8	556	95	96		43.3
604	9	Do5#4	C5#4	322	322	1	16	278	95	96		43.35
605	9	Si4b4	B4b4	310	310	1	32	139	95	96		43.375
606	9	Do5#4	C5#4	322	322	1	32	139	95	96		43.4
607	9	Re5	D5	327	327	1	16	278	95	96		43.45
608	9	Mi5	E5	336	336	1	16	278	95	96		43.5
609	9	Do5#4	C5#4	322	322	1	16	278	95	96		43.55
610	9	Si4b4	B4b4	310	310	1	16	278	95	96		43.6
611	9	Si4b4	B4b4	310	310	1	16	278	95	96		43.65
612	9	La4	A4	305	305	1	16	278	95	96		43.7
613	9	La4	A4	305	305	3	8	1667	95	96		44
614	51			0	0	3	4	0	4	0	Semâî	44
615	9	La4	A4	305	305	3	4	1200	95	96	4. HANE	45
616	9	La4	A4	305	305	1	8	200	95	96		45.16667
617	9	Do5#4	C5#4	322	322	1	8	200	95	96		45.33333
618	9	Mi5	E5	336	336	1	4	400	95	96		45.66667
619	9	Re5	D5	327	327	1	4	400	95	96		46
620	9	La4	A4	305	305	3	4	1200	95	96		47
621	9	La4	A4	305	305	1	8	200	95	96		47.16667
622	9	Re5	D5	327	327	1	8	200	95	96		47.33333
623	9	Fa5#4	F5#4	344	344	1	4	400	95	96		47.66667
624	9	Re5	D5	327	327	1	4	400	95	96		48
625	9	Mi5	E5	336	336	3	4	1200	95	96		49
626	9	Re5	D5	327	327	1	8	200	95	96		49.16667
627	9	Mi5	E5	336	336	1	8	200	95	96		49.33333
628	9	Sol5	G5	349	349	1	4	400	95	96		49.66667
629	9	Mi5	E5	336	336	1	4	400	95	96		50
630	9	Fa5#4	F5#4	344	344	3	4	1200	95	96		51
631	9	Fa5#4	F5#4	344	344	1	4	400	95	96		51.33333
632	9	Mi5	E5	336	336	1	4	400	95	96		51.66667
633	9	Re5	D5	327	327	1	4	400	95	96		52
634	9	La4	A4	305	305	3	4	1200	95	96		53
635	9	La4	A4	305	305	1	8	200	95	96		53.16667
636	9	Do5#4	C5#4	322	322	1	8	200	95	96		53.33333
637	9	Mi5	E5	336	336	1	4	400	95	96		53.66667
638	9	Do5#4	C5#4	322	322	1	4	400	95	96		54
639	9	La4	A4	305	305	3	4	1200	95	96		55
640	9	La4	A4	305	305	1	8	200	95	96		55.16667
641	9	Re5	D5	327	327	1	8	200	95	96		55.33333
642	9	Fa5#4	F5#4	344	344	1	4	400	95	96		55.66667
643	9	Re5	D5	327	327	1	4	400	95	96		56
644	9	Mi5	E5	336	336	3	4	1200	95	96		57
645	9	Re5	D5	327	327	1	8	200	95	96		57.16667
646	9	Si5b4	B5b4	363	363	1	8	200	95	96		57.33333
647	9	La5	A5	358	358	1	4	400	95	96		57.66667
648	9	Sol5#4	G5#4	353	353	1	4	400	95	96		58
649	9	La5	A5	358	358	3	4	1200	95	96		59
650	9	La5	A5	358	358	1	8	200	95	96		59.16667
651	9	Si5b4	B5b4	363	363	1	8	200	95	96		59.33333
652	9	Do6#4	C6#4	375	375	1	8	200	95	96		59.5
653	9	Do6#4	C6#4	375	375	1	8	200	95	96		59.66667
654	9	La5	A5	358	358	1	4	400	95	96		60
655	9	La5	A5	358	358	3	16	300	95	96		60.25
656	9	Sol5	G5	349	349	1	16	100	95	96		60.33333
657	9	La5	A5	358	358	1	8	200	95	96		60.5
658	9	Si5b4	B5b4	363	363	1	8	200	95	96		60.66667
659	9	La5	A5	358	358	1	8	200	95	96		60.83333
660	9	Sol5	G5	349	349	1	8	200	95	96		61
661	9	Fa5#4	F5#4	344	344	3	16	300	95	96		61.25
662	9	Mi5	E5	336	336	1	16	100	95	96		61.33333
663	9	Fa5#4	F5#4	344	344	1	8	200	95	96		61.5
664	9	Sol5	G5	349	349	1	8	200	95	96		61.66667
665	9	Fa5#4	F5#4	344	344	1	8	200	95	96		61.83333
666	9	Mi5	E5	336	336	1	8	200	95	96		62
667	9	Re5	D5	327	327	3	16	300	95	96		62.25
668	9	Do5#4	C5#4	322	322	1	16	100	95	96		62.33333
669	9	Re5	D5	327	327	1	8	200	95	96		62.5
670	9	Mi5	E5	336	336	1	8	200	95	96		62.66667
671	9	Fa5#4	F5#4	344	344	1	8	200	95	96		62.83333
672	9	Re5	D5	327	327	1	8	200	95	96		63
673	9	Mi5	E5	336	336	3	4	1200	95	96		64
674	9	Sol5	G5	349	349	3	16	300	95	96		64.25
675	9	Fa5#4	F5#4	344	344	1	16	100	95	96		64.33334
676	9	Sol5	G5	349	349	1	8	200	95	96		64.5
677	9	La5	A5	358	358	1	8	200	95	96		64.66666
678	9	Sol5	G5	349	349	1	8	200	95	96		64.83334
679	9	Fa5	F5	340	340	1	8	200	95	96		65
680	9	Mi5	E5	336	336	3	16	300	95	96		65.25
681	9	Re5	D5	327	327	1	16	100	95	96		65.33334
682	9	Mi5	E5	336	336	1	8	200	95	96		65.5
683	9	Fa5	F5	340	340	1	8	200	95	96		65.66666
684	9	Mi5	E5	336	336	1	8	200	95	96		65.83334
685	9	Re5	D5	327	327	1	8	200	95	96		66
686	9	Do5#4	C5#4	322	322	1	8	200	95	96		66.16666
687	9	Re5	D5	327	327	1	8	200	95	96		66.33334
688	9	Do5#4	C5#4	322	322	1	8	200	95	96		66.5
689	9	Si4b4	B4b4	310	310	1	8	200	95	96		66.66666
690	9	Si4b4	B4b4	310	310	1	8	200	95	96		66.83334
691	9	La4	A4	305	305	1	8	200	95	96		67
692	9	La4	A4	305	305	3	4	1200	95	96		68
693	9	La5	A5	358	358	3	16	300	95	96		68.25
694	9	Sol5	G5	349	349	1	16	100	95	96		68.33334
695	9	La5	A5	358	358	1	8	200	95	96		68.5
696	9	Si5b4	B5b4	363	363	1	8	200	95	96		68.66666
697	9	La5	A5	358	358	1	8	200	95	96		68.83334
698	9	Sol5	G5	349	349	1	8	200	95	96		69
699	9	Fa5#4	F5#4	344	344	3	16	300	95	96		69.25
700	9	Mi5	E5	336	336	1	16	100	95	96		69.33334
701	9	Fa5#4	F5#4	344	344	1	8	200	95	96		69.5
702	9	Sol5	G5	349	349	1	8	200	95	96		69.66666
703	9	Fa5#4	F5#4	344	344	1	8	200	95	96		69.83334
704	9	Mi5	E5	336	336	1	8	200	95	96		70
705	9	Re5	D5	327	327	3	16	300	95	96		70.25
706	9	Do5#4	C5#4	322	322	1	16	100	95	96		70.33334
707	9	Re5	D5	327	327	1	8	200	95	96		70.5
708	9	Mi5	E5	336	336	1	8	200	95	96		70.66666
709	9	Fa5#4	F5#4	344	344	1	8	200	95	96		70.83334
710	9	Re5	D5	327	327	1	8	200	95	96		71
711	9	Mi5	E5	336	336	3	4	1200	95	96		72
712	9	Sol5	G5	349	349	3	16	300	95	96		72.25
713	9	Fa5#4	F5#4	344	344	1	16	100	95	96		72.33334
714	9	Sol5	G5	349	349	1	8	200	95	96		72.5
715	9	La5	A5	358	358	1	8	200	95	96		72.66666
716	9	Sol5	G5	349	349	1	8	200	95	96		72.83334
717	9	Fa5	F5	340	340	1	8	200	95	96		73
718	9	Mi5	E5	336	336	3	16	300	95	96		73.25
719	9	Re5	D5	327	327	1	16	100	95	96		73.33334
720	9	Mi5	E5	336	336	1	8	200	95	96		73.5
721	9	Fa5	F5	340	340	1	8	200	95	96		73.66666
722	9	Mi5	E5	336	336	1	8	200	95	96		73.83334
723	9	Re5	D5	327	327	1	8	200	95	96		74
724	9	Do5#4	C5#4	322	322	1	8	200	95	96		74.16666
725	9	Re5	D5	327	327	1	8	200	95	96		74.33334
726	9	Do5#4	C5#4	322	322	1	8	200	95	96		74.5
727	9	Si4b4	B4b4	310	310	1	8	200	95	96		74.66666
728	9	Si4b4	B4b4	310	310	1	8	200	95	96		74.83334
729	9	La4	A4	305	305	1	8	200	95	96		75
730	9	La4	A4	305	305	3	4	1200	95	96		76
731	9	La4	A4	305	305	1	8	200	95	96		76.16666
732	9	Do5#4	C5#4	322	322	1	8	200	95	96		76.33334
733	9	Mi5	E5	336	336	1	4	400	95	96		76.66666
734	9	Do5#4	C5#4	322	322	1	4	400	95	96		77
735	9	La4	A4	305	305	1	8	200	95	96		77.16666
736	9	Do5#4	C5#4	322	322	1	8	200	95	96		77.33334
737	9	Mi5	E5	336	336	1	4	400	95	96		77.66666
738	9	Do5#4	C5#4	322	322	1	4	400	95	96		78
739	9	La4	A4	305	305	1	8	200	95	96		78.16666
740	9	Do5#4	C5#4	322	322	1	8	200	95	96		78.33334
741	9	Mi5	E5	336	336	1	4	400	95	96		78.66666
742	9	Do5#4	C5#4	322	322	1	4	400	95	96		79
743	9	La5	A5	358	358	3	4	1200	95	96		80
744	51			0	0	10	8	0	30	0	Aksaksemâî	80
745	9	Fa5	F5	340	340	1	4	1111	95	96	MÜLÂZİME	80.2
746	9	Fa5	F5	340	340	1	16	278	95	96		80.25
747	9	Mi5	E5	336	336	1	16	278	95	96		80.3
748	9	Sol5	G5	349	349	1	16	278	95	96		80.35
749	9	Mi5	E5	336	336	1	8	556	95	96		80.45
750	9	Re5	D5	327	327	1	16	278	95	96		80.5
751	9	Fa5	F5	340	340	1	16	278	95	96		80.55
752	9	Re5	D5	327	327	1	8	556	95	96		80.65
753	9	Do5#4	C5#4	322	322	1	16	278	95	96		80.7
754	9	Mi5	E5	336	336	1	8	556	50	96		80.8
755	9	Do5#4	C5#4	322	322	1	4	1111	50	96		81
756	9	Re5	D5	327	327	1	4	1111	95	96		81.2
757	9	Re5	D5	327	327	1	16	278	95	96		81.25
758	9	Do5#4	C5#4	322	322	1	16	278	95	96		81.3
759	9	Mi5	E5	336	336	1	16	278	95	96		81.35
760	9	Do5#4	C5#4	322	322	1	8	556	95	96		81.45
761	9	Si4b4	B4b4	310	310	1	16	278	95	96		81.5
762	9	Re5	D5	327	327	1	16	278	95	96		81.55
763	9	Si4b4	B4b4	310	310	1	8	556	95	96		81.65
764	9	La4	A4	305	305	1	16	278	95	96		81.7
765	9	Si4b4	B4b4	310	310	1	8	556	95	96		81.8
766	9	Sol4	G4	296	296	1	4	1111	95	96		82
767	9	La4	A4	305	305	1	4	1111	95	96		82.2
768	9	Fa4#4	F4#4	291	291	1	16	278	95	96		82.25
769	9	La4	A4	305	305	1	16	278	95	96		82.3
770	9	Sol4	G4	296	296	3	32	417	95	96		82.375
771	9	Fa4#4	F4#4	291	291	1	32	139	95	96		82.4
772	9	Sol4	G4	296	296	1	16	278	95	96		82.45
773	9	La4	A4	305	305	1	16	278	95	96		82.5
774	9	Si4b4	B4b4	310	310	3	32	417	95	96		82.575
775	9	La4	A4	305	305	1	32	139	95	96		82.6
776	9	Si4b4	B4b4	310	310	1	16	278	95	96		82.65
777	9	Do5#4	C5#4	322	322	1	16	278	95	96		82.7
778	9	Re5	D5	327	327	1	16	278	95	96		82.75
779	9	Re5	D5	327	327	1	16	278	95	96		82.8
780	9	Do5#4	C5#4	322	322	1	16	278	95	96		82.85
781	9	Si4b4	B4b4	310	310	1	16	278	95	96		82.9
782	9	La4	A4	305	305	1	16	278	95	96		82.95
783	9	Sol4	G4	296	296	1	16	278	95	96		83
784	9	Sol5	G5	349	349	1	16	278	95	96		83.05
785	9	Sol5	G5	349	349	1	16	278	95	96		83.1
786	9	Fa5	F5	340	340	1	16	278	95	96		83.15
787	9	Mi5	E5	336	336	1	16	278	95	96		83.2
788	9	Re5	D5	327	327	1	8	556	95	96		83.3
789	9	Do5#4	C5#4	322	322	1	16	278	95	96		83.35
790	9	Si4b4	B4b4	310	310	1	32	139	95	96		83.375
791	9	Do5#4	C5#4	322	322	1	32	139	95	96		83.4
792	9	Re5	D5	327	327	1	16	278	95	96		83.45
793	9	Mi5	E5	336	336	1	16	278	95	96		83.5
794	9	Do5#4	C5#4	322	322	1	16	278	95	96		83.55
795	9	Si4b4	B4b4	310	310	1	16	278	95	96		83.6
796	9	Si4b4	B4b4	310	310	1	16	278	95	96		83.65
797	9	La4	A4	305	305	1	16	278	95	96		83.7
798	9	La4	A4	305	305	3	8	1667	95	96		84
799	9	Fa5	F5	340	340	1	4	1111	95	96	MÜLÂZİME	84.2
800	9	Fa5	F5	340	340	1	16	278	95	96		84.25
801	9	Mi5	E5	336	336	1	16	278	95	96		84.3
802	9	Sol5	G5	349	349	1	16	278	95	96		84.35
803	9	Mi5	E5	336	336	1	8	556	95	96		84.45
804	9	Re5	D5	327	327	1	16	278	95	96		84.5
805	9	Fa5	F5	340	340	1	16	278	95	96		84.55
806	9	Re5	D5	327	327	1	8	556	95	96		84.65
807	9	Do5#4	C5#4	322	322	1	16	278	95	96		84.7
808	9	Mi5	E5	336	336	1	8	556	50	96		84.8
809	9	Do5#4	C5#4	322	322	1	4	1111	50	96		85
810	9	Re5	D5	327	327	1	4	1111	95	96		85.2
811	9	Re5	D5	327	327	1	16	278	95	96		85.25
812	9	Do5#4	C5#4	322	322	1	16	278	95	96		85.3
813	9	Mi5	E5	336	336	1	16	278	95	96		85.35
814	9	Do5#4	C5#4	322	322	1	8	556	95	96		85.45
815	9	Si4b4	B4b4	310	310	1	16	278	95	96		85.5
816	9	Re5	D5	327	327	1	16	278	95	96		85.55
817	9	Si4b4	B4b4	310	310	1	8	556	95	96		85.65
818	9	La4	A4	305	305	1	16	278	95	96		85.7
819	9	Si4b4	B4b4	310	310	1	8	556	95	96		85.8
820	9	Sol4	G4	296	296	1	4	1111	95	96		86
821	9	La4	A4	305	305	1	4	1111	95	96		86.2
822	9	Fa4#4	F4#4	291	291	1	16	278	95	96		86.25
823	9	La4	A4	305	305	1	16	278	95	96		86.3
824	9	Sol4	G4	296	296	3	32	417	95	96		86.375
825	9	Fa4#4	F4#4	291	291	1	32	139	95	96		86.4
826	9	Sol4	G4	296	296	1	16	278	95	96		86.45
827	9	La4	A4	305	305	1	16	278	95	96		86.5
828	9	Si4b4	B4b4	310	310	3	32	417	95	96		86.575
829	9	La4	A4	305	305	1	32	139	95	96		86.6
830	9	Si4b4	B4b4	310	310	1	16	278	95	96		86.65
831	9	Do5#4	C5#4	322	322	1	16	278	95	96		86.7
832	9	Re5	D5	327	327	1	16	278	95	96		86.75
833	9	Re5	D5	327	327	1	16	278	95	96		86.8
834	9	Do5#4	C5#4	322	322	1	16	278	95	96		86.85
835	9	Si4b4	B4b4	310	310	1	16	278	95	96		86.9
836	9	La4	A4	305	305	1	16	278	95	96		86.95
837	9	Sol4	G4	296	296	1	16	278	95	96		87
838	9	Sol5	G5	349	349	1	16	278	95	96		87.05
839	9	Sol5	G5	349	349	1	16	278	95	96		87.1
840	9	Fa5	F5	340	340	1	16	278	95	96		87.15
841	9	Mi5	E5	336	336	1	16	278	95	96		87.2
842	9	Re5	D5	327	327	1	8	556	95	96		87.3
843	9	Do5#4	C5#4	322	322	1	16	278	95	96		87.35
844	9	Si4b4	B4b4	310	310	1	32	139	95	96		87.375
845	9	Do5#4	C5#4	322	322	1	32	139	95	96		87.4
846	9	Re5	D5	327	327	1	16	278	95	96		87.45
847	9	Mi5	E5	336	336	1	16	278	95	96		87.5
848	9	Do5#4	C5#4	322	322	1	16	278	95	96		87.55
849	9	Si4b4	B4b4	310	310	1	16	278	95	96		87.6
850	9	Si4b4	B4b4	310	310	1	16	278	95	96		87.65
851	9	La4	A4	305	305	1	16	278	95	96		87.7
852	9	La4	A4	305	305	3	8	1667	95	96		88
