Sira	Kod	Nota53	NotaAE	Koma53	KomaAE	Pay	Payda	Ms	LNS	Bas	Soz1	Offset
1	51			0	0	18	8	0	155	0	Türkmen	0.0
2	9	La4	A4	305	305	1	4	625	95	96	Hâk 	0.111111111111
3	9	Re5	D5	327	327	1	4	625	95	96	hâk 	0.222222222222
4	9	Si4b4	B4b4	310	310	1	8	312	99	96	di	0.277777777778
5	9	Re5	D5	327	327	1	8	312	95	96		0.333333333333
6	9	Do5#4	C5#4	322	322	3	8	937	99	96	yen 	0.5
7	9	Si4b4	B4b4	310	310	1	8	312	95	96		0.555555555556
8	9	Mi5	E5	336	336	1	8	312	99	96	â	0.611111111111
9	9	Re5	D5	327	327	1	8	312	95	96		0.666666666667
10	9	Do5#4	C5#4	322	322	1	8	312	99	96	şık	0.722222222222
11	9	Si4b4	B4b4	310	310	1	8	312	95	96		0.777777777778
12	9	La4	A4	305	305	3	8	937	99	96	lar  	0.944444444444
13	9	Sol4	G4	296	296	1	8	312	95	96		1.0
14	9	La4	A4	305	305	1	4	625	95	96	Hâk 	1.11111111111
15	9	Re5	D5	327	327	1	4	625	95	96	hâk 	1.22222222222
16	9	Si4b4	B4b4	310	310	1	8	312	99	96	di	1.27777777778
17	9	Re5	D5	327	327	1	8	312	95	96		1.33333333333
18	9	Do5#4	C5#4	322	322	3	8	937	99	96	yen 	1.5
19	9	Si4b4	B4b4	310	310	1	8	312	95	96		1.55555555556
20	9	Mi5	E5	336	336	1	8	312	99	96	â	1.61111111111
21	9	Re5	D5	327	327	1	8	312	95	96		1.66666666667
22	9	Do5#4	C5#4	322	322	1	8	312	99	96	şık	1.72222222222
23	9	Si4b4	B4b4	310	310	1	8	312	95	96		1.77777777778
24	9	La4	A4	305	305	3	8	937	99	96	lar  	1.94444444444
25	9	Sol4	G4	296	296	1	8	312	95	96		2.0
26	51			0	0	8	8	0	17	0	Düyek	2.0
27	9	La4	A4	305	305	1	4	357	95	96	Ci	2.25
28	9	La4	A4	305	305	1	8	179	99	96	ğer	2.375
29	9	Si4b4	B4b4	310	310	1	8	179	95	96		2.5
30	9	Do5#4	C5#4	322	322	1	8	179	99	96	le	2.625
31	9	Si4b4	B4b4	310	310	1	8	179	95	96		2.75
32	9	La4	A4	305	305	1	8	179	99	96	ri 	2.875
33	9	Sol4	G4	296	296	1	8	179	95	96		3.0
34	9	La4	A4	305	305	1	8	179	99	96	ya	3.125
35	9	Si4b4	B4b4	310	310	1	16	89	99	96		3.1875
36	9	Do5#4	C5#4	322	322	1	16	89	95	96		3.25
37	9	Si4b4	B4b4	310	310	1	8	179	99	96	nık	3.375
38	9	La4	A4	305	305	1	8	179	95	96		3.5
39	9	La4	A4	305	305	1	4	357	95	96	lar  	3.75
40	9	Es	Es	-1	-1	1	4	357	100	0		4.0
41	9	La4	A4	305	305	1	4	357	95	96	Ci	4.25
42	9	La4	A4	305	305	1	8	179	99	96	ğer	4.375
43	9	Si4b4	B4b4	310	310	1	8	179	95	96		4.5
44	9	Do5#4	C5#4	322	322	1	8	179	99	96	le	4.625
45	9	Si4b4	B4b4	310	310	1	8	179	95	96		4.75
46	9	La4	A4	305	305	1	8	179	99	96	ri 	4.875
47	9	Sol4	G4	296	296	1	8	179	95	96		5.0
48	9	La4	A4	305	305	1	8	179	99	96	ya	5.125
49	9	Si4b4	B4b4	310	310	1	16	89	99	96		5.1875
50	9	Do5#4	C5#4	322	322	1	16	89	95	96		5.25
51	9	Si4b4	B4b4	310	310	1	8	179	99	96	nık	5.375
52	9	La4	A4	305	305	1	8	179	95	96		5.5
53	9	La4	A4	305	305	1	4	357	95	96	lar  	5.75
54	9	Es	Es	-1	-1	1	4	357	100	0		6.0
55	51			0	0	18	8	0	155	0	Türkmen	6.0
56	9	La4	A4	305	305	1	4	312	95	96	Se	6.11111111111
57	9	Re5	D5	327	327	1	4	312	95	96	her	6.22222222222
58	9	Si4b4	B4b4	310	310	1	8	156	99	96	de 	6.27777777778
59	9	Re5	D5	327	327	1	8	156	95	96		6.33333333333
60	9	Do5#4	C5#4	322	322	3	8	468	99	96	u	6.5
61	9	La4	A4	305	305	1	8	156	95	96		6.55555555556
62	9	Mi5	E5	336	336	1	8	156	99	96	ya	6.61111111111
63	9	Re5	D5	327	327	1	8	156	95	96		6.66666666667
64	9	Do5#4	C5#4	322	322	1	8	156	99	96	nık	6.72222222222
65	9	Si4b4	B4b4	310	310	1	8	156	95	96		6.77777777778
66	9	La4	A4	305	305	3	8	468	99	96	lar  	6.94444444444
67	9	Sol4	G4	296	296	1	8	156	95	96		7.0
68	9	La4	A4	305	305	1	4	312	95	96	Se	7.11111111111
69	9	Re5	D5	327	327	1	4	312	95	96	her	7.22222222222
70	9	Si4b4	B4b4	310	310	1	8	156	99	96	de 	7.27777777778
71	9	Re5	D5	327	327	1	8	156	95	96		7.33333333333
72	9	Do5#4	C5#4	322	322	3	8	468	99	96	u	7.5
73	9	La4	A4	305	305	1	8	156	95	96		7.55555555556
74	9	Mi5	E5	336	336	1	8	156	99	96	ya	7.61111111111
75	9	Re5	D5	327	327	1	8	156	95	96		7.66666666667
76	9	Do5#4	C5#4	322	322	1	8	156	99	96	nık	7.72222222222
77	9	Si4b4	B4b4	310	310	1	8	156	95	96		7.77777777778
78	9	La4	A4	305	305	3	8	468	99	96	lar  	7.94444444444
79	9	Sol4	G4	296	296	1	8	156	95	96		8.0
80	51			0	0	8	8	0	17	0	Düyek	8.0
81	9	Sol4	G4	296	296	1	4	357	95	96	Nak	8.25
82	9	La4	A4	305	305	1	8	179	99	96	şî	8.375
83	9	Si4b4	B4b4	310	310	1	8	179	95	96		8.5
84	9	Do5#4	C5#4	322	322	1	8	179	99	96	ben	8.625
85	9	Si4b4	B4b4	310	310	1	8	179	95	96		8.75
86	9	La4	A4	305	305	1	8	179	99	96	dî	8.875
87	9	Sol4	G4	296	296	1	8	179	95	96		9.0
88	9	La4	A4	305	305	1	8	179	99	96	ler	9.125
89	9	Si4b4	B4b4	310	310	1	16	89	99	96		9.1875
90	9	Do5#4	C5#4	322	322	1	16	89	95	96		9.25
91	9	Si4b4	B4b4	310	310	1	8	179	99	96	dir 	9.375
92	9	La4	A4	305	305	1	8	179	95	96		9.5
93	9	La4	A4	305	305	1	4	357	95	96	bu  	9.75
94	9	Es	Es	-1	-1	1	4	357	100	0		10.0
95	9	Sol4	G4	296	296	1	4	357	95	96	Lâ	10.25
96	9	La4	A4	305	305	1	8	179	99	96	i	10.375
97	9	Si4b4	B4b4	310	310	1	8	179	95	96		10.5
98	9	Do5#4	C5#4	322	322	1	8	179	99	96	lâ	10.625
99	9	Si4b4	B4b4	310	310	1	8	179	95	96		10.75
100	9	La4	A4	305	305	1	8	179	99	96	he 	10.875
101	9	Sol4	G4	296	296	1	8	179	95	96		11.0
102	9	La4	A4	305	305	1	8	179	99	96	il	11.125
103	9	Si4b4	B4b4	310	310	1	16	89	99	96		11.1875
104	9	Do5#4	C5#4	322	322	1	16	89	95	96		11.25
105	9	Si4b4	B4b4	310	310	1	8	179	99	96	lâ 	11.375
106	9	La4	A4	305	305	1	8	179	95	96		11.5
107	9	La4	A4	305	305	1	4	357	95	96	hû  	11.75
108	9	Es	Es	-1	-1	1	4	357	100	0		12.0
