Sýra	Kod	Nota53	NotaAE	Koma53	KomaAE	Pay	Payda	Ms	LNS	VelOn	Söz-1
1	9	Re5	D5	327	327	1	2	1143	95	96	Ah 
2	9	Re5	D5	327	327	1	4	571	95	96	ni
3	9	Re5	D5	327	327	1	8	286	99	96	de
4	9	Do5#4	C5#4	322	322	1	8	286	95	96	
5	9	Re5	D5	327	327	4	8	1143	95	96	yim 
6	9	Mi5	E5	336	336	1	8	286	95	96	sah
7	9	Re5	D5	327	327	1	8	286	95	96	
8	9	Re5	D5	327	327	1	8	286	95	96	
9	9	Do5#4	C5#4	322	322	1	8	286	95	96	
10	9	Re5	D5	327	327	1	4	571	95	96	ný 
11	9	Mi5	E5	336	336	1	4	571	95	96	çe
12	9	Re5	D5	327	327	1	8	286	95	96	men 
13	9	Mi5	E5	336	336	1	8	286	95	96	
14	9	Re5	D5	327	327	1	8	286	95	96	
15	9	Do5#4	C5#4	322	322	1	8	286	95	96	
16	9	Si4b4	B4b4	310	310	1	4	571	95	96	
17	9	Do5#4	C5#4	322	322	1	4	571	95	96	sey
18	9	Do5#4	C5#4	322	322	1	4	571	95	96	ri
19	9	Do5#4	C5#4	322	322	1	8	286	95	96	ni 
20	9	Re5	D5	327	327	1	8	286	95	96	
21	9	Re5	D5	327	327	3	16	429	95	96	câ
22	9	Do5#4	C5#4	322	322	1	16	143	95	96	
23	9	Si4b4	B4b4	310	310	1	8	286	95	96	
24	9	La4	A4	305	305	1	8	286	95	96	
25	9	La4	A4	305	305	1	2	1143	95	96	nâ
26	9	Si4b4	B4b4	310	310	1	8	286	95	96	
27	9	Do5#4	C5#4	322	322	1	8	286	95	96	
28	9	Si4b4	B4b4	310	310	1	4	571	95	96	
29	9	Do5#4	C5#4	322	322	4	8	1143	95	96	
30	9	La4	A4	305	305	1	4	571	95	96	nâ
31	9	Si4b4	B4b4	310	310	1	4	571	95	96	
32	9	Do5#4	C5#4	322	322	1	4	571	95	96	
33	9	Re5	D5	327	327	1	8	286	95	96	
34	9	Mi5	E5	336	336	1	8	286	95	96	
35	9	Re5	D5	327	327	1	16	143	95	96	ným 
36	9	Do5#4	C5#4	322	322	1	16	143	95	96	
37	9	Si4	B4	314	314	1	8	286	95	96	
38	9	Do5#4	C5#4	322	322	1	8	286	95	96	
39	9	Re5	D5	327	327	1	8	286	95	96	
40	9	Do5#4	C5#4	322	322	1	4	571	95	96	yok  
41	9	Re5	D5	327	327	5	4	2857	95	96	
42	9	Re5	D5	327	327	1	2	1143	95	96	Ah 
43	9	Re5	D5	327	327	1	4	571	95	96	bir 
44	9	Re5	D5	327	327	1	8	286	95	96	ya
45	9	Mi5	E5	336	336	1	8	286	95	96	
46	9	Re5	D5	327	327	3	16	429	95	96	ným
47	9	Do5#4	C5#4	322	322	1	16	143	95	96	
48	9	Si4b4	B4b4	310	310	1	16	143	95	96	
49	9	La4	A4	305	305	1	16	143	95	96	
50	9	Si4b4	B4b4	310	310	1	8	286	95	96	
51	9	Do5#4	C5#4	322	322	1	4	571	95	96	ca 
52	9	Do5#4	C5#4	322	322	1	8	286	95	96	
53	9	Re5	D5	327	327	1	8	286	95	96	
54	9	Do5#4	C5#4	322	322	1	8	286	95	96	sa
55	9	Si4b4	B4b4	310	310	1	8	286	95	96	
56	9	Si4b4	B4b4	310	310	1	8	286	95	96	lý
57	9	La4	A4	305	305	1	8	286	95	96	
58	9	Si4b4	B4b4	310	310	3	4	1714	95	96	nýr 
59	9	Sol4	G4	296	296	1	4	571	95	96	ser
60	9	Sol4	G4	296	296	1	4	571	95	96	vi 
61	9	La4	A4	305	305	1	4	571	95	96	hý
62	9	La4	A4	305	305	3	16	429	95	96	râ
63	9	Si4b4	B4b4	310	310	1	16	143	95	96	
64	9	La4	A4	305	305	1	8	286	95	96	
65	9	Si4b4	B4b4	310	310	1	8	286	95	96	
66	9	Sol4	G4	296	296	1	2	1143	95	96	mâ
67	9	La4	A4	305	305	1	2	1143	95	96	
68	9	Si4b4	B4b4	310	310	1	2	1143	95	96	
69	9	La4	A4	305	305	1	4	571	95	96	mâ
70	9	Si4b4	B4b4	310	310	1	4	571	95	96	
71	9	Do5#4	C5#4	322	322	1	4	571	95	96	
72	9	Re5	D5	327	327	1	4	571	95	96	
73	9	Do5#4	C5#4	322	322	1	8	286	95	96	ným 
74	9	Si4b4	B4b4	310	310	1	4	571	95	96	
75	9	La4	A4	305	305	1	8	286	95	96	
76	9	La4	A4	305	305	6	4	3429	95	96	yok  
77	9	Do5	C5	318	318	11	8	3143	95	96	Yâr 
78	9	Si4b1	B4b1	313	313	1	8	286	95	96	
79	9	Si4b1	B4b1	313	313	1	8	286	95	96	yâr 
80	9	Re5	D5	327	327	6	8	1714	95	96	
81	9	Do5#4	C5#4	322	322	1	8	286	95	96	
82	9	Si4b1	B4b1	313	313	1	8	286	95	96	
83	9	La4#4	A4#4	309	309	1	8	286	95	96	
84	9	Si4b1	B4b1	313	313	1	4	571	95	96	
85	9	Mi5	E5	336	336	1	8	286	95	96	kur
86	9	Re5	D5	327	327	1	8	286	95	96	
87	9	Re5	D5	327	327	1	8	286	95	96	ba
88	9	Do5#4	C5#4	322	322	1	8	286	95	96	
89	9	Do5#4	C5#4	322	322	1	8	286	95	96	nýn_
90	9	Si4b1	B4b1	313	313	1	8	286	95	96	
91	9	Si4b1	B4b1	313	313	1	4	571	95	96	o
92	9	La4#4	A4#4	309	309	1	8	286	95	96	lam 
93	9	Si4b1	B4b1	313	313	1	8	286	95	96	
94	9	Do5	C5	318	318	1	8	286	95	96	
95	9	Si4b1	B4b1	313	313	1	8	286	95	96	
96	9	Si4b1	B4b1	313	313	6	4	3429	95	96	yâr  
97	9	Do5	C5	318	318	11	8	3143	95	96	Dost 
98	9	Si4b1	B4b1	313	313	1	8	286	95	96	
99	9	Si4b1	B4b1	313	313	1	8	286	95	96	dost 
100	9	Re5	D5	327	327	6	8	1714	95	96	
101	9	Do5#4	C5#4	322	322	1	8	286	95	96	
102	9	Si4b1	B4b1	313	313	1	8	286	95	96	
103	9	La4#4	A4#4	309	309	1	8	286	95	96	
104	9	Si4b1	B4b1	313	313	1	4	571	95	96	
105	9	Mi5	E5	336	336	1	8	286	95	96	hay
106	9	Re5	D5	327	327	1	8	286	95	96	
107	9	Re5	D5	327	327	1	8	286	95	96	ra
108	9	Do5#4	C5#4	322	322	1	8	286	95	96	
109	9	Do5#4	C5#4	322	322	1	8	286	95	96	nýn_
110	9	Si4b4	B4b4	310	310	1	8	286	95	96	
111	9	Si4b4	B4b4	310	310	1	8	286	95	96	o
112	9	La4	A4	305	305	1	8	286	95	96	
113	9	La4	A4	305	305	1	16	143	95	96	lam 
114	9	Si4b4	B4b4	310	310	1	16	143	95	96	
115	9	Do5#4	C5#4	322	322	1	4	571	95	96	
116	9	Si4b4	B4b4	310	310	1	16	143	95	96	
117	9	La4	A4	305	305	1	16	143	95	96	
118	9	La4	A4	305	305	6	4	3429	95	96	dost  
119	9	Sol4	G4	296	296	1	4	571	95	96	Yel 
120	9	Re5	D5	327	327	1	4	571	95	96	lel 
121	9	Re5	D5	327	327	1	4	571	95	96	li 
122	9	Re5	D5	327	327	1	8	286	95	96	ye
123	9	Do5#4	C5#4	322	322	1	8	286	95	96	le
124	9	Re5	D5	327	327	1	2	1143	95	96	lâ 
125	9	Do5#4	C5#4	322	322	1	8	286	95	96	lâ 
126	9	Re5	D5	327	327	1	8	286	95	96	
127	9	Mi5	E5	336	336	3	8	857	95	96	
128	9	Fa5	F5	340	340	1	8	286	95	96	
129	9	Mi5	E5	336	336	1	8	286	95	96	
130	9	Re5	D5	327	327	1	8	286	95	96	
131	9	Do5#4	C5#4	322	322	1	2	1143	95	96	
132	9	Si4b4	B4b4	310	310	1	8	286	95	96	lâ 
133	9	Do5#4	C5#4	322	322	1	8	286	95	96	
134	9	Re5	D5	327	327	3	8	857	95	96	
135	9	Mi5	E5	336	336	1	8	286	95	96	
136	9	Re5	D5	327	327	1	8	286	95	96	
137	9	Do5#4	C5#4	322	322	1	8	286	95	96	
138	9	Si4b4	B4b4	310	310	1	2	1143	95	96	
139	9	La4	A4	305	305	1	8	286	95	96	lâ 
140	9	Si4b4	B4b4	310	310	1	8	286	95	96	
141	9	Do5#4	C5#4	322	322	3	8	857	95	96	
142	9	Re5	D5	327	327	1	8	286	95	96	
143	9	Do5#4	C5#4	322	322	1	8	286	95	96	
144	9	Si4b4	B4b4	310	310	1	8	286	95	96	
145	9	La4	A4	305	305	1	2	1143	95	96	
146	9	Mi5	E5	336	336	1	4	571	95	96	Öm
147	9	Mi5	E5	336	336	1	8	286	95	96	rüm 
148	9	Re5	D5	327	327	1	8	286	95	96	
149	9	Mi5	E5	336	336	1	8	286	95	96	ye
150	9	Fa5	F5	340	340	1	8	286	95	96	
151	9	Mi5	E5	336	336	1	8	286	95	96	le 
152	9	Re5	D5	327	327	1	8	286	95	96	
153	9	Re5	D5	327	327	1	16	143	95	96	lâ 
154	9	Do5#4	C5#4	322	322	1	16	143	95	96	
155	9	Si4	B4	314	314	1	8	286	95	96	
156	9	Do5#4	C5#4	322	322	1	8	286	95	96	
157	9	Re5	D5	327	327	1	8	286	95	96	
158	9	Do5#4	C5#4	322	322	1	4	571	95	96	li  
159	9	Re5	D5	327	327	5	4	2857	95	96	
160	9	Sol4	G4	296	296	1	4	571	95	96	Yel 
161	9	Re5	D5	327	327	1	4	571	95	96	lel 
162	9	Re5	D5	327	327	1	4	571	95	96	li 
163	9	Re5	D5	327	327	1	8	286	95	96	ye
164	9	Do5#4	C5#4	322	322	1	8	286	95	96	le
165	9	Re5	D5	327	327	1	2	1143	95	96	lâ 
166	9	Do5#4	C5#4	322	322	1	8	286	95	96	lâ 
167	9	Re5	D5	327	327	1	8	286	95	96	
168	9	Mi5	E5	336	336	3	8	857	95	96	
169	9	Fa5	F5	340	340	1	8	286	95	96	
170	9	Mi5	E5	336	336	1	8	286	95	96	
171	9	Re5	D5	327	327	1	8	286	95	96	
172	9	Do5#4	C5#4	322	322	1	2	1143	95	96	
173	9	Si4b4	B4b4	310	310	1	8	286	95	96	lâ 
174	9	Do5#4	C5#4	322	322	1	8	286	95	96	
175	9	Re5	D5	327	327	3	8	857	95	96	
176	9	Mi5	E5	336	336	1	8	286	95	96	
177	9	Re5	D5	327	327	1	8	286	95	96	
178	9	Do5#4	C5#4	322	322	1	8	286	95	96	
179	9	Si4b4	B4b4	310	310	1	2	1143	95	96	
180	9	La4	A4	305	305	1	8	286	95	96	lâ 
181	9	Si4b4	B4b4	310	310	1	8	286	95	96	
182	9	Do5#4	C5#4	322	322	3	8	857	95	96	
183	9	Re5	D5	327	327	1	8	286	95	96	
184	9	Do5#4	C5#4	322	322	1	8	286	95	96	
185	9	Si4b4	B4b4	310	310	1	8	286	95	96	
186	9	La4	A4	305	305	1	2	1143	95	96	
187	9	Mi5	E5	336	336	1	4	571	95	96	Öm
188	9	Mi5	E5	336	336	1	8	286	95	96	rüm 
189	9	Re5	D5	327	327	1	8	286	95	96	
190	9	Mi5	E5	336	336	1	8	286	95	96	ye
191	9	Fa5	F5	340	340	1	8	286	95	96	
192	9	Mi5	E5	336	336	1	8	286	95	96	le 
193	9	Re5	D5	327	327	1	8	286	95	96	
194	9	Re5	D5	327	327	1	16	143	95	96	lâ 
195	9	Do5#4	C5#4	322	322	1	16	143	95	96	
196	9	Si4	B4	314	314	1	8	286	95	96	
197	9	Do5#4	C5#4	322	322	1	8	286	95	96	
198	9	Re5	D5	327	327	1	8	286	95	96	
199	9	Do5#4	C5#4	322	322	1	4	571	95	96	li  
200	9	Re5	D5	327	327	5	4	2857	95	96	
201	9	Re5	D5	327	327	1	2	1143	95	96	Ah 
202	9	Re5	D5	327	327	1	4	571	95	96	bir 
203	9	Re5	D5	327	327	1	8	286	95	96	ya
204	9	Mi5	E5	336	336	1	8	286	95	96	
205	9	Re5	D5	327	327	3	16	429	95	96	ným
206	9	Do5#4	C5#4	322	322	1	16	143	95	96	
207	9	Si4b4	B4b4	310	310	1	16	143	95	96	
208	9	La4	A4	305	305	1	16	143	95	96	
209	9	Si4b4	B4b4	310	310	1	8	286	95	96	
210	9	Do5#4	C5#4	322	322	1	4	571	95	96	ca 
211	9	Do5#4	C5#4	322	322	1	8	286	95	96	
212	9	Re5	D5	327	327	1	8	286	95	96	
213	9	Do5#4	C5#4	322	322	1	8	286	95	96	sa
214	9	Si4b4	B4b4	310	310	1	8	286	95	96	
215	9	Si4b4	B4b4	310	310	1	8	286	95	96	lý
216	9	La4	A4	305	305	1	8	286	95	96	
217	9	Si4b4	B4b4	310	310	3	4	1714	95	96	nýr 
218	9	Sol4	G4	296	296	1	4	571	95	96	ser
219	9	Sol4	G4	296	296	1	4	571	95	96	vi 
220	9	La4	A4	305	305	1	4	571	95	96	hý
221	9	La4	A4	305	305	3	16	429	95	96	râ
222	9	Si4b4	B4b4	310	310	1	16	143	95	96	
223	9	La4	A4	305	305	1	8	286	95	96	
224	9	Si4b4	B4b4	310	310	1	8	286	95	96	
225	9	Sol4	G4	296	296	1	2	1143	95	96	mâ
226	9	La4	A4	305	305	1	2	1143	95	96	
227	9	Si4b4	B4b4	310	310	1	2	1143	95	96	
228	9	La4	A4	305	305	1	4	571	95	96	mâ
229	9	Si4b4	B4b4	310	310	1	4	571	95	96	
230	9	Do5#4	C5#4	322	322	1	4	571	95	96	
231	9	Re5	D5	327	327	1	4	571	95	96	
232	9	Do5#4	C5#4	322	322	1	8	286	95	96	ným 
233	9	Si4b4	B4b4	310	310	1	8	286	95	96	
234	9	Si4b4	B4b4	310	310	1	8	286	95	96	
235	9	La4	A4	305	305	1	8	286	95	96	
236	9	La4	A4	305	305	6	4	3429	95	96	yok  
