Sira	Kod	Nota53	NotaAE	Koma53	KomaAE	Pay	Payda	Ms	LNS	Bas	Soz1	Offset
1	9	Re5	D5	327	327	3	32	288	95	96	ARANAĞME	0.1875
2	9	Do5#3	C5#4	321	322	1	32	96	95	96	.	0.25
3	9	Re5	D5	327	327	1	16	192	95	96	.	0.375
4	9	Mi5	E5	336	336	1	16	192	95	96	.	0.5
5	9	Re5	D5	327	327	1	16	192	95	96	.	0.625
6	9	Do5#3	C5#4	321	322	1	16	192	95	96	.	0.75
7	9	Si4b4	B4b4	310	310	1	8	385	95	96	.	1.0
8	9	Do5#3	C5#4	321	322	3	16	577	95	108	.	1.375
9	9	Re5	D5	327	327	1	16	192	95	108	.	1.5
10	9	Do5#3	C5#4	321	322	1	16	192	95	108	.	1.625
11	9	Si4b4	B4b4	310	310	1	16	192	95	108	.	1.75
12	9	La4	A4	305	305	1	8	385	95	108	.	2.0
13	9	Re5	D5	327	327	3	32	288	95	96	.	2.1875
14	9	Do5#3	C5#4	321	322	1	32	96	95	96	.	2.25
15	9	Re5	D5	327	327	1	16	192	95	96	.	2.375
16	9	Mi5	E5	336	336	1	16	192	95	96	.	2.5
17	9	Re5	D5	327	327	1	16	192	95	96	.	2.625
18	9	Do5#3	C5#4	321	322	1	16	192	95	96	.	2.75
19	9	Si4b4	B4b4	310	310	1	8	385	95	96	.	3.0
20	9	Do5#3	C5#4	321	322	3	16	577	95	84	.	3.375
21	9	Re5	D5	327	327	1	16	192	95	84	.	3.5
22	9	Do5#3	C5#4	321	322	1	16	192	95	84	.	3.625
23	9	Si4b4	B4b4	310	310	1	16	192	95	84	.	3.75
24	9	La4	A4	305	305	1	8	385	95	84	.	4.0
25	9	Re5	D5	327	327	1	16	192	95	96	.	4.125
26	9	Do5#3	C5#4	321	322	1	16	192	95	96	.	4.25
27	9	Re5	D5	327	327	1	16	192	95	96	.	4.375
28	9	Mi5	E5	336	336	1	16	192	95	96	.	4.5
29	9	Re5	D5	327	327	1	16	192	95	96	.	4.625
30	9	Do5#3	C5#4	321	322	1	16	192	95	96	.	4.75
31	9	Si4b4	B4b4	310	310	1	8	385	95	96	.	5.0
32	9	Do5#3	C5#4	321	322	3	16	577	95	108	.	5.375
33	9	Re5	D5	327	327	1	16	192	95	108	.	5.5
34	9	Do5#3	C5#4	321	322	1	16	192	95	108	.	5.625
35	9	Si4b4	B4b4	310	310	1	16	192	95	108	.	5.75
36	9	La4	A4	305	305	1	8	385	95	108	.	6.0
37	9	Mi5	E5	336	336	1	8	385	95	84	.	6.25
38	9	Mi5	E5	336	336	1	16	192	95	84	.	6.375
39	9	Re5	D5	327	327	1	16	192	95	84	.	6.5
40	9	Mi5	E5	336	336	1	16	192	95	84	.	6.625
41	9	Do5#3	C5#4	321	322	1	16	192	95	84	.	6.75
42	9	Re5	D5	327	327	1	16	192	95	84	.	6.875
43	9	Si4b4	B4b4	310	310	1	16	192	95	84	.	7.0
44	9	Do5#3	C5#4	321	322	1	16	192	95	84	.	7.125
45	9	Si4b4	B4b4	310	310	1	16	192	95	84	.	7.25
46	9	Si4b4	B4b4	310	310	1	16	192	95	84	.	7.375
47	9	La4	A4	305	305	1	16	192	95	84	.	7.5
48	9	La4	A4	305	305	1	4	769	95	84	.	8.0
49	9	Re5	D5	327	327	3	32	288	95	96	ARANAĞME	8.1875
50	9	Do5#3	C5#4	321	322	1	32	96	95	96	.	8.25
51	9	Re5	D5	327	327	1	16	192	95	96	.	8.375
52	9	Mi5	E5	336	336	1	16	192	95	96	.	8.5
53	9	Re5	D5	327	327	1	16	192	95	96	.	8.625
54	9	Do5#3	C5#4	321	322	1	16	192	95	96	.	8.75
55	9	Si4b4	B4b4	310	310	1	8	385	95	96	.	9.0
56	9	Do5#3	C5#4	321	322	3	16	577	95	108	.	9.375
57	9	Re5	D5	327	327	1	16	192	95	108	.	9.5
58	9	Do5#3	C5#4	321	322	1	16	192	95	108	.	9.625
59	9	Si4b4	B4b4	310	310	1	16	192	95	108	.	9.75
60	9	La4	A4	305	305	1	8	385	95	108	.	10.0
61	9	Re5	D5	327	327	3	32	288	95	96	.	10.1875
62	9	Do5#3	C5#4	321	322	1	32	96	95	96	.	10.25
63	9	Re5	D5	327	327	1	16	192	95	96	.	10.375
64	9	Mi5	E5	336	336	1	16	192	95	96	.	10.5
65	9	Re5	D5	327	327	1	16	192	95	96	.	10.625
66	9	Do5#3	C5#4	321	322	1	16	192	95	96	.	10.75
67	9	Si4b4	B4b4	310	310	1	8	385	95	96	.	11.0
68	9	Do5#3	C5#4	321	322	3	16	577	95	84	.	11.375
69	9	Re5	D5	327	327	1	16	192	95	84	.	11.5
70	9	Do5#3	C5#4	321	322	1	16	192	95	84	.	11.625
71	9	Si4b4	B4b4	310	310	1	16	192	95	84	.	11.75
72	9	La4	A4	305	305	1	8	385	95	84	.	12.0
73	9	Re5	D5	327	327	1	16	192	95	96	.	12.125
74	9	Do5#3	C5#4	321	322	1	16	192	95	96	.	12.25
75	9	Re5	D5	327	327	1	16	192	95	96	.	12.375
76	9	Mi5	E5	336	336	1	16	192	95	96	.	12.5
77	9	Re5	D5	327	327	1	16	192	95	96	.	12.625
78	9	Do5#3	C5#4	321	322	1	16	192	95	96	.	12.75
79	9	Si4b4	B4b4	310	310	1	8	385	95	96	.	13.0
80	9	Do5#3	C5#4	321	322	3	16	577	95	108	.	13.375
81	9	Re5	D5	327	327	1	16	192	95	108	.	13.5
82	9	Do5#3	C5#4	321	322	1	16	192	95	108	.	13.625
83	9	Si4b4	B4b4	310	310	1	16	192	95	108	.	13.75
84	9	La4	A4	305	305	1	8	385	95	108	.	14.0
85	9	Mi5	E5	336	336	1	8	385	95	84	.	14.25
86	9	Mi5	E5	336	336	1	16	192	95	84	.	14.375
87	9	Re5	D5	327	327	1	16	192	95	84	.	14.5
88	9	Mi5	E5	336	336	1	16	192	95	84	.	14.625
89	9	Do5#3	C5#4	321	322	1	16	192	95	84	.	14.75
90	9	Re5	D5	327	327	1	16	192	95	84	.	14.875
91	9	Si4b4	B4b4	310	310	1	16	192	95	84	.	15.0
92	9	Do5#3	C5#4	321	322	1	16	192	95	84	.	15.125
93	9	Si4b4	B4b4	310	310	1	16	192	95	84	.	15.25
94	9	Si4b4	B4b4	310	310	1	16	192	95	84	.	15.375
95	9	La4	A4	305	305	1	16	192	95	84	.	15.5
96	9	La4	A4	305	305	1	4	769	95	84	.	16.0
97	9	Es	Es	-1	-1	1	8	385	100	0		16.25
98	9	Fa5#3	F5#4	343	344	1	16	192	95	96	Er	16.375
99	9	Sol5	G5	349	349	1	16	192	95	96	ki	16.5
100	9	La5	A5	358	358	1	8	385	95	96	let 	16.75
101	9	La5	A5	358	358	1	8	385	95	84	gü	17.0
102	9	La5	A5	358	358	1	16	192	95	84	ze	17.125
103	9	La5	A5	358	358	3	16	577	95	84	li 	17.5
104	9	La5	A5	358	358	1	8	385	95	96	bağ	17.75
105	9	La5	A5	358	358	1	8	385	95	96	lar 	18.0
106	9	Sol5	G5	349	349	1	8	385	95	96	bo	18.25
107	9	Sol5	G5	349	349	1	8	385	95	114	zu	18.5
108	9	Fa5	F5	340	340	1	16	192	99	116	yor  	18.625
109	9	Mi5	E5	336	336	1	16	192	99	117		18.75
110	9	Re5	D5	327	327	1	8	385	95	118		19.0
111	9	Sol5	G5	349	349	1	8	385	95	114	A	19.25
112	9	Fa5	F5	340	340	1	16	192	99	115	ma	19.375
113	9	Mi5	E5	336	336	1	16	192	95	116		19.5
114	9	Mi5	E5	336	336	1	16	192	99	118	nın 	19.625
115	9	Re5	D5	327	327	1	16	192	95	119		19.75
116	9	Re5	D5	327	327	1	16	192	99	120	a	19.875
117	9	Do5#3	C5#4	321	322	1	16	192	95	96		20.0
118	9	Re5	D5	327	327	1	8	385	99	96	man 	20.25
119	9	Mi5	E5	336	336	1	8	385	99	96		20.5
120	9	Fa5#3	F5#4	343	344	1	8	385	99	96		20.75
121	9	La5	A5	358	358	1	8	385	95	96		21.0
122	9	Sol5	G5	349	349	1	8	385	95	96	ben 	21.25
123	9	Fa5	F5	340	340	1	16	192	99	108	yan	21.375
124	9	Mi5	E5	336	336	1	16	192	95	84		21.5
125	9	Mi5	E5	336	336	1	16	192	99	108	dım 	21.625
126	9	Re5	D5	327	327	1	16	192	95	84		21.75
127	9	Re5	D5	327	327	1	16	192	99	96	a	21.875
128	9	Do5#3	C5#4	321	322	1	16	192	95	96		22.0
129	9	Re5	D5	327	327	3	16	577	95	96	man  	22.375
130	9	Sol5	G5	349	349	1	16	192	95	96	SAZ	22.5
131	9	Fa5#3	F5#4	343	344	1	16	192	95	96	.	22.625
132	9	Sol5	G5	349	349	1	16	192	95	96	.	22.75
133	9	La5	A5	358	358	1	8	385	95	96	.	23.0
134	9	Es	Es	-1	-1	1	8	385	100	0		23.25
135	9	Fa5#3	F5#4	343	344	1	16	192	95	84	Kir	23.375
136	9	Sol5	G5	349	349	1	16	192	95	84	pik	23.5
137	9	La5	A5	358	358	1	8	385	95	84	le	23.75
138	9	La5	A5	358	358	1	8	385	95	84	ri 	24.0
139	9	La5	A5	358	358	1	8	385	95	96	ka	24.25
140	9	La5	A5	358	358	1	8	385	95	96	lem _	24.5
141	9	La5	A5	358	358	1	8	385	95	96	ol	24.75
142	9	La5	A5	358	358	1	8	385	95	96	muş 	25.0
143	9	Sol5	G5	349	349	1	8	385	95	108	ya	25.25
144	9	Sol5	G5	349	349	1	8	385	95	108	zı	25.5
145	9	Fa5	F5	340	340	1	16	192	99	108	yor 	25.625
146	9	Mi5	E5	336	336	1	16	192	99	108		25.75
147	9	Re5	D5	327	327	1	8	385	95	108		26.0
148	9	Es	Es	-1	-1	1	8	385	100	0		26.25
149	9	Mi5	E5	336	336	1	16	192	99	84	ca	26.375
150	9	Fa5	F5	340	340	1	16	192	95	84		26.5
151	9	Mi5	E5	336	336	1	16	192	99	84	nım 	26.625
152	9	Re5	D5	327	327	1	16	192	99	84		26.75
153	9	Do5#3	C5#4	321	322	1	16	192	99	84		26.875
154	9	Si4b4	B4b4	310	310	1	16	192	99	84		27.0
155	9	La4	A4	305	305	1	8	385	95	84		27.25
156	9	La4	A4	305	305	1	16	192	99	96	ca	27.375
157	9	Si4b4	B4b4	310	310	1	16	192	95	96		27.5
158	9	Do5#3	C5#4	321	322	1	8	385	99	96	nım  	27.75
159	9	Si4b4	B4b4	310	310	1	16	192	99	96		27.875
160	9	La4	A4	305	305	1	16	192	95	96		28.0
161	9	Re5	D5	327	327	1	8	385	50	96	Tek 	28.25
162	9	Re5	D5	327	327	1	8	385	50	96	tek 	28.5
163	9	Re5	D5	327	327	1	16	192	99	96	ba	28.625
164	9	Do5#3	C5#4	321	322	1	16	192	95	96		28.75
165	9	Si4b4	B4b4	310	310	1	8	385	95	96	sa	29.0
166	9	Do5#3	C5#4	321	322	3	16	577	99	114	rak	29.375
167	9	Re5	D5	327	327	1	16	192	95	115		29.5
168	9	Do5#3	C5#4	321	322	1	16	192	99	116	tan  	29.625
169	9	Si4b4	B4b4	310	310	1	16	192	99	117		29.75
170	9	La4	A4	305	305	1	8	385	95	117		30.0
171	9	Re5	D5	327	327	1	8	385	95	118	Bâ	30.25
172	9	Re5	D5	327	327	1	8	385	95	119	de 	30.5
173	9	Re5	D5	327	327	1	16	192	99	120	sü	30.625
174	9	Do5#3	C5#4	321	322	1	16	192	95	96		30.75
175	9	Si4b4	B4b4	310	310	1	8	385	95	96	ze	31.0
176	9	Do5#3	C5#4	321	322	3	16	577	99	96	rek	31.375
177	9	Re5	D5	327	327	1	16	192	95	114		31.5
178	9	Do5#3	C5#4	321	322	1	16	192	99	109	ten  	31.625
179	9	Si4b4	B4b4	310	310	1	16	192	99	104		31.75
180	9	La4	A4	305	305	1	8	385	95	99		32.0
181	9	Re5	D5	327	327	1	8	385	95	93	İn	32.25
182	10	Re5	D5	327	327	1	8	385	95	88	ci 	32.5
183	8	Do5#3	C5#4	321	322	0	0	0	95	83		32.5
184	9	Re5	D5	327	327	1	16	192	99	78	di	32.625
185	9	Do5#3	C5#4	321	322	1	16	192	95	96		32.75
186	9	Si4b4	B4b4	310	310	1	8	385	95	114	ze	33.0
187	9	Do5#3	C5#4	321	322	3	16	577	99	115	rek	33.375
188	9	Re5	D5	327	327	1	16	192	95	116		33.5
189	9	Do5#3	C5#4	321	322	1	16	192	99	117	ten  	33.625
190	9	Si4b4	B4b4	310	310	1	16	192	99	118		33.75
191	9	La4	A4	305	305	1	8	385	95	119		34.0
192	9	Mi5	E5	336	336	1	8	385	95	120	Gel 	34.25
193	9	Mi5	E5	336	336	1	16	192	99	96	ca	34.375
194	9	Re5	D5	327	327	1	16	192	99	96		34.5
195	9	Mi5	E5	336	336	1	16	192	99	96		34.625
196	9	Do5#3	C5#4	321	322	1	16	192	95	96		34.75
197	9	Re5	D5	327	327	1	16	192	99	96	nım 	34.875
198	9	Si4b4	B4b4	310	310	1	16	192	95	96		35.0
199	9	Do5#3	C5#4	321	322	1	16	192	95	84	gel_	35.125
200	9	Si4b4	B4b4	310	310	1	16	192	99	84	a	35.25
201	9	Si4b4	B4b4	310	310	1	16	192	99	84		35.375
202	9	La4	A4	305	305	1	16	192	95	84		35.5
203	9	La4	A4	305	305	1	4	769	95	84	man  	36.0
204	9	Re5	D5	327	327	1	8	385	50	96	Tek 	36.25
205	9	Re5	D5	327	327	1	8	385	50	96	tek 	36.5
206	9	Re5	D5	327	327	1	16	192	99	96	ba	36.625
207	9	Do5#3	C5#4	321	322	1	16	192	95	96		36.75
208	9	Si4b4	B4b4	310	310	1	8	385	95	96	sa	37.0
209	9	Do5#3	C5#4	321	322	3	16	577	99	114	rak	37.375
210	9	Re5	D5	327	327	1	16	192	95	115		37.5
211	9	Do5#3	C5#4	321	322	1	16	192	99	116	tan  	37.625
212	9	Si4b4	B4b4	310	310	1	16	192	99	117		37.75
213	9	La4	A4	305	305	1	8	385	95	117		38.0
214	9	Re5	D5	327	327	1	8	385	95	118	Bâ	38.25
215	9	Re5	D5	327	327	1	8	385	95	119	de 	38.5
216	9	Re5	D5	327	327	1	16	192	99	120	sü	38.625
217	9	Do5#3	C5#4	321	322	1	16	192	95	96		38.75
218	9	Si4b4	B4b4	310	310	1	8	385	95	96	ze	39.0
219	9	Do5#3	C5#4	321	322	3	16	577	99	96	rek	39.375
220	9	Re5	D5	327	327	1	16	192	95	114		39.5
221	9	Do5#3	C5#4	321	322	1	16	192	99	109	ten  	39.625
222	9	Si4b4	B4b4	310	310	1	16	192	99	104		39.75
223	9	La4	A4	305	305	1	8	385	95	99		40.0
224	9	Re5	D5	327	327	1	8	385	95	93	İn	40.25
225	10	Re5	D5	327	327	1	8	385	95	88	ci 	40.5
226	8	Do5#3	C5#4	321	322	0	0	0	95	83		40.5
227	9	Re5	D5	327	327	1	16	192	99	78	di	40.625
228	9	Do5#3	C5#4	321	322	1	16	192	95	96		40.75
229	9	Si4b4	B4b4	310	310	1	8	385	95	114	ze	41.0
230	9	Do5#3	C5#4	321	322	3	16	577	99	115	rek	41.375
231	9	Re5	D5	327	327	1	16	192	95	116		41.5
232	9	Do5#3	C5#4	321	322	1	16	192	99	117	ten  	41.625
233	9	Si4b4	B4b4	310	310	1	16	192	99	118		41.75
234	9	La4	A4	305	305	1	8	385	95	119		42.0
235	9	Mi5	E5	336	336	1	8	385	95	120	Gel 	42.25
236	9	Mi5	E5	336	336	1	16	192	99	96	ca	42.375
237	9	Re5	D5	327	327	1	16	192	99	96		42.5
238	9	Mi5	E5	336	336	1	16	192	99	96		42.625
239	9	Do5#3	C5#4	321	322	1	16	192	95	96		42.75
240	9	Re5	D5	327	327	1	16	192	99	96	nım 	42.875
241	9	Si4b4	B4b4	310	310	1	16	192	95	96		43.0
242	9	Do5#3	C5#4	321	322	1	16	192	95	84	gel_	43.125
243	9	Si4b4	B4b4	310	310	1	16	192	99	84	a	43.25
244	9	Si4b4	B4b4	310	310	1	16	192	99	84		43.375
245	9	La4	A4	305	305	1	16	192	95	84		43.5
246	9	La4	A4	305	305	1	4	769	95	84	man  	44.0
247	9	Re5	D5	327	327	3	32	288	95	96	ARANAĞME	44.1875
248	9	Do5#3	C5#4	321	322	1	32	96	95	96	.	44.25
249	9	Re5	D5	327	327	1	16	192	95	96	.	44.375
250	9	Mi5	E5	336	336	1	16	192	95	96	.	44.5
251	9	Re5	D5	327	327	1	16	192	95	96	.	44.625
252	9	Do5#3	C5#4	321	322	1	16	192	95	96	.	44.75
253	9	Si4b4	B4b4	310	310	1	8	385	95	96	.	45.0
254	9	Do5#3	C5#4	321	322	3	16	577	95	108	.	45.375
255	9	Re5	D5	327	327	1	16	192	95	108	.	45.5
256	9	Do5#3	C5#4	321	322	1	16	192	95	108	.	45.625
257	9	Si4b4	B4b4	310	310	1	16	192	95	108	.	45.75
258	9	La4	A4	305	305	1	8	385	95	108	.	46.0
259	9	Re5	D5	327	327	3	32	288	95	96	.	46.1875
260	9	Do5#3	C5#4	321	322	1	32	96	95	96	.	46.25
261	9	Re5	D5	327	327	1	16	192	95	96	.	46.375
262	9	Mi5	E5	336	336	1	16	192	95	96	.	46.5
263	9	Re5	D5	327	327	1	16	192	95	96	.	46.625
264	9	Do5#3	C5#4	321	322	1	16	192	95	96	.	46.75
265	9	Si4b4	B4b4	310	310	1	8	385	95	96	.	47.0
266	9	Do5#3	C5#4	321	322	3	16	577	95	84	.	47.375
267	9	Re5	D5	327	327	1	16	192	95	84	.	47.5
268	9	Do5#3	C5#4	321	322	1	16	192	95	84	.	47.625
269	9	Si4b4	B4b4	310	310	1	16	192	95	84	.	47.75
270	9	La4	A4	305	305	1	8	385	95	84	.	48.0
271	9	Re5	D5	327	327	1	16	192	95	96	.	48.125
272	9	Do5#3	C5#4	321	322	1	16	192	95	96	.	48.25
273	9	Re5	D5	327	327	1	16	192	95	96	.	48.375
274	9	Mi5	E5	336	336	1	16	192	95	96	.	48.5
275	9	Re5	D5	327	327	1	16	192	95	96	.	48.625
276	9	Do5#3	C5#4	321	322	1	16	192	95	96	.	48.75
277	9	Si4b4	B4b4	310	310	1	8	385	95	96	.	49.0
278	9	Do5#3	C5#4	321	322	3	16	577	95	108	.	49.375
279	9	Re5	D5	327	327	1	16	192	95	108	.	49.5
280	9	Do5#3	C5#4	321	322	1	16	192	95	108	.	49.625
281	9	Si4b4	B4b4	310	310	1	16	192	95	108	.	49.75
282	9	La4	A4	305	305	1	8	385	95	108	.	50.0
283	9	Mi5	E5	336	336	1	8	385	95	84	.	50.25
284	9	Mi5	E5	336	336	1	16	192	95	84	.	50.375
285	9	Re5	D5	327	327	1	16	192	95	84	.	50.5
286	9	Mi5	E5	336	336	1	16	192	95	84	.	50.625
287	9	Do5#3	C5#4	321	322	1	16	192	95	84	.	50.75
288	9	Re5	D5	327	327	1	16	192	95	84	.	50.875
289	9	Si4b4	B4b4	310	310	1	16	192	95	84	.	51.0
290	9	Do5#3	C5#4	321	322	1	16	192	95	84	.	51.125
291	9	Si4b4	B4b4	310	310	1	16	192	95	84	.	51.25
292	9	Si4b4	B4b4	310	310	1	16	192	95	84	.	51.375
293	9	La4	A4	305	305	1	16	192	95	84	.	51.5
294	9	La4	A4	305	305	1	4	769	95	84	.	52.0
295	9	Re5	D5	327	327	3	32	288	95	96	ARANAĞME	52.1875
296	9	Do5#3	C5#4	321	322	1	32	96	95	96	.	52.25
297	9	Re5	D5	327	327	1	16	192	95	96	.	52.375
298	9	Mi5	E5	336	336	1	16	192	95	96	.	52.5
299	9	Re5	D5	327	327	1	16	192	95	96	.	52.625
300	9	Do5#3	C5#4	321	322	1	16	192	95	96	.	52.75
301	9	Si4b4	B4b4	310	310	1	8	385	95	96	.	53.0
302	9	Do5#3	C5#4	321	322	3	16	577	95	108	.	53.375
303	9	Re5	D5	327	327	1	16	192	95	108	.	53.5
304	9	Do5#3	C5#4	321	322	1	16	192	95	108	.	53.625
305	9	Si4b4	B4b4	310	310	1	16	192	95	108	.	53.75
306	9	La4	A4	305	305	1	8	385	95	108	.	54.0
307	9	Re5	D5	327	327	3	32	288	95	96	.	54.1875
308	9	Do5#3	C5#4	321	322	1	32	96	95	96	.	54.25
309	9	Re5	D5	327	327	1	16	192	95	96	.	54.375
310	9	Mi5	E5	336	336	1	16	192	95	96	.	54.5
311	9	Re5	D5	327	327	1	16	192	95	96	.	54.625
312	9	Do5#3	C5#4	321	322	1	16	192	95	96	.	54.75
313	9	Si4b4	B4b4	310	310	1	8	385	95	96	.	55.0
314	9	Do5#3	C5#4	321	322	3	16	577	95	84	.	55.375
315	9	Re5	D5	327	327	1	16	192	95	84	.	55.5
316	9	Do5#3	C5#4	321	322	1	16	192	95	84	.	55.625
317	9	Si4b4	B4b4	310	310	1	16	192	95	84	.	55.75
318	9	La4	A4	305	305	1	8	385	95	84	.	56.0
319	9	Re5	D5	327	327	1	16	192	95	96	.	56.125
320	9	Do5#3	C5#4	321	322	1	16	192	95	96	.	56.25
321	9	Re5	D5	327	327	1	16	192	95	96	.	56.375
322	9	Mi5	E5	336	336	1	16	192	95	96	.	56.5
323	9	Re5	D5	327	327	1	16	192	95	96	.	56.625
324	9	Do5#3	C5#4	321	322	1	16	192	95	96	.	56.75
325	9	Si4b4	B4b4	310	310	1	8	385	95	96	.	57.0
326	9	Do5#3	C5#4	321	322	3	16	577	95	108	.	57.375
327	9	Re5	D5	327	327	1	16	192	95	108	.	57.5
328	9	Do5#3	C5#4	321	322	1	16	192	95	108	.	57.625
329	9	Si4b4	B4b4	310	310	1	16	192	95	108	.	57.75
330	9	La4	A4	305	305	1	8	385	95	108	.	58.0
331	9	Mi5	E5	336	336	1	8	385	95	84	.	58.25
332	9	Mi5	E5	336	336	1	16	192	95	84	.	58.375
333	9	Re5	D5	327	327	1	16	192	95	84	.	58.5
334	9	Mi5	E5	336	336	1	16	192	95	84	.	58.625
335	9	Do5#3	C5#4	321	322	1	16	192	95	84	.	58.75
336	9	Re5	D5	327	327	1	16	192	95	84	.	58.875
337	9	Si4b4	B4b4	310	310	1	16	192	95	84	.	59.0
338	9	Do5#3	C5#4	321	322	1	16	192	95	84	.	59.125
339	9	Si4b4	B4b4	310	310	1	16	192	95	84	.	59.25
340	9	Si4b4	B4b4	310	310	1	16	192	95	84	.	59.375
341	9	La4	A4	305	305	1	16	192	95	84	.	59.5
342	9	La4	A4	305	305	1	4	769	95	84	.	60.0
343	9	Es	Es	-1	-1	1	8	385	100	0		60.25
344	9	Fa5#3	F5#4	343	344	1	16	192	95	96	Er	60.375
345	9	Sol5	G5	349	349	1	16	192	95	96	ki	60.5
346	9	La5	A5	358	358	1	8	385	95	96	let 	60.75
347	9	La5	A5	358	358	1	8	385	95	84	gü	61.0
348	9	La5	A5	358	358	1	16	192	95	84	ze	61.125
349	9	La5	A5	358	358	3	16	577	95	84	li 	61.5
350	9	La5	A5	358	358	1	8	385	95	96	bağ	61.75
351	9	La5	A5	358	358	1	8	385	95	96	lar 	62.0
352	9	Sol5	G5	349	349	1	8	385	95	96	bo	62.25
353	9	Sol5	G5	349	349	1	8	385	95	114	zu	62.5
354	9	Fa5	F5	340	340	1	16	192	99	116	yor  	62.625
355	9	Mi5	E5	336	336	1	16	192	99	117		62.75
356	9	Re5	D5	327	327	1	8	385	95	118		63.0
357	9	Sol5	G5	349	349	1	8	385	95	114	A	63.25
358	9	Fa5	F5	340	340	1	16	192	99	115	ma	63.375
359	9	Mi5	E5	336	336	1	16	192	95	116		63.5
360	9	Mi5	E5	336	336	1	16	192	99	118	nın 	63.625
361	9	Re5	D5	327	327	1	16	192	95	119		63.75
362	9	Re5	D5	327	327	1	16	192	99	120	a	63.875
363	9	Do5#3	C5#4	321	322	1	16	192	95	96		64.0
364	9	Re5	D5	327	327	1	8	385	99	96	man 	64.25
365	9	Mi5	E5	336	336	1	8	385	99	96		64.5
366	9	Fa5#3	F5#4	343	344	1	8	385	99	96		64.75
367	9	La5	A5	358	358	1	8	385	95	96		65.0
368	9	Sol5	G5	349	349	1	8	385	95	96	ben 	65.25
369	9	Fa5	F5	340	340	1	16	192	99	108	yan	65.375
370	9	Mi5	E5	336	336	1	16	192	95	84		65.5
371	9	Mi5	E5	336	336	1	16	192	99	108	dım 	65.625
372	9	Re5	D5	327	327	1	16	192	95	84		65.75
373	9	Re5	D5	327	327	1	16	192	99	96	a	65.875
374	9	Do5#3	C5#4	321	322	1	16	192	95	96		66.0
375	9	Re5	D5	327	327	3	16	577	95	96	man  	66.375
376	9	Sol5	G5	349	349	1	16	192	95	96	SAZ	66.5
377	9	Fa5#3	F5#4	343	344	1	16	192	95	96	.	66.625
378	9	Sol5	G5	349	349	1	16	192	95	96	.	66.75
379	9	La5	A5	358	358	1	8	385	95	96	.	67.0
380	9	Es	Es	-1	-1	1	8	385	100	0		67.25
381	9	Fa5#3	F5#4	343	344	1	16	192	95	84	Kir	67.375
382	9	Sol5	G5	349	349	1	16	192	95	84	pik	67.5
383	9	La5	A5	358	358	1	8	385	95	84	le	67.75
384	9	La5	A5	358	358	1	8	385	95	84	ri 	68.0
385	9	La5	A5	358	358	1	8	385	95	96	ka	68.25
386	9	La5	A5	358	358	1	8	385	95	96	lem _	68.5
387	9	La5	A5	358	358	1	8	385	95	96	ol	68.75
388	9	La5	A5	358	358	1	8	385	95	96	muş 	69.0
389	9	Sol5	G5	349	349	1	8	385	95	108	ya	69.25
390	9	Sol5	G5	349	349	1	8	385	95	108	zı	69.5
391	9	Fa5	F5	340	340	1	16	192	99	108	yor 	69.625
392	9	Mi5	E5	336	336	1	16	192	99	108		69.75
393	9	Re5	D5	327	327	1	8	385	95	108		70.0
394	9	Es	Es	-1	-1	1	8	385	100	0		70.25
395	9	Mi5	E5	336	336	1	16	192	99	84	ca	70.375
396	9	Fa5	F5	340	340	1	16	192	95	84		70.5
397	9	Mi5	E5	336	336	1	16	192	99	84	nım 	70.625
398	9	Re5	D5	327	327	1	16	192	99	84		70.75
399	9	Do5#3	C5#4	321	322	1	16	192	99	84		70.875
400	9	Si4b4	B4b4	310	310	1	16	192	99	84		71.0
401	9	La4	A4	305	305	1	8	385	95	84		71.25
402	9	La4	A4	305	305	1	16	192	99	96	ca	71.375
403	9	Si4b4	B4b4	310	310	1	16	192	95	96		71.5
404	9	Do5#3	C5#4	321	322	1	8	385	99	96	nım  	71.75
405	9	Si4b4	B4b4	310	310	1	16	192	99	96		71.875
406	9	La4	A4	305	305	1	16	192	95	96		72.0
407	9	Re5	D5	327	327	1	8	385	50	96	Tek 	72.25
408	9	Re5	D5	327	327	1	8	385	50	96	tek 	72.5
409	9	Re5	D5	327	327	1	16	192	99	96	ba	72.625
410	9	Do5#3	C5#4	321	322	1	16	192	95	96		72.75
411	9	Si4b4	B4b4	310	310	1	8	385	95	96	sa	73.0
412	9	Do5#3	C5#4	321	322	3	16	577	99	114	rak	73.375
413	9	Re5	D5	327	327	1	16	192	95	115		73.5
414	9	Do5#3	C5#4	321	322	1	16	192	99	116	tan  	73.625
415	9	Si4b4	B4b4	310	310	1	16	192	99	117		73.75
416	9	La4	A4	305	305	1	8	385	95	117		74.0
417	9	Re5	D5	327	327	1	8	385	95	118	Bâ	74.25
418	9	Re5	D5	327	327	1	8	385	95	119	de 	74.5
419	9	Re5	D5	327	327	1	16	192	99	120	sü	74.625
420	9	Do5#3	C5#4	321	322	1	16	192	95	96		74.75
421	9	Si4b4	B4b4	310	310	1	8	385	95	96	ze	75.0
422	9	Do5#3	C5#4	321	322	3	16	577	99	96	rek	75.375
423	9	Re5	D5	327	327	1	16	192	95	114		75.5
424	9	Do5#3	C5#4	321	322	1	16	192	99	109	ten  	75.625
425	9	Si4b4	B4b4	310	310	1	16	192	99	104		75.75
426	9	La4	A4	305	305	1	8	385	95	99		76.0
427	9	Re5	D5	327	327	1	8	385	95	93	İn	76.25
428	10	Re5	D5	327	327	1	8	385	95	88	ci 	76.5
429	8	Do5#3	C5#4	321	322	0	0	0	95	83		76.5
430	9	Re5	D5	327	327	1	16	192	99	78	di	76.625
431	9	Do5#3	C5#4	321	322	1	16	192	95	96		76.75
432	9	Si4b4	B4b4	310	310	1	8	385	95	114	ze	77.0
433	9	Do5#3	C5#4	321	322	3	16	577	99	115	rek	77.375
434	9	Re5	D5	327	327	1	16	192	95	116		77.5
435	9	Do5#3	C5#4	321	322	1	16	192	99	117	ten  	77.625
436	9	Si4b4	B4b4	310	310	1	16	192	99	118		77.75
437	9	La4	A4	305	305	1	8	385	95	119		78.0
438	9	Mi5	E5	336	336	1	8	385	95	120	Gel 	78.25
439	9	Mi5	E5	336	336	1	16	192	99	96	ca	78.375
440	9	Re5	D5	327	327	1	16	192	99	96		78.5
441	9	Mi5	E5	336	336	1	16	192	99	96		78.625
442	9	Do5#3	C5#4	321	322	1	16	192	95	96		78.75
443	9	Re5	D5	327	327	1	16	192	99	96	nım 	78.875
444	9	Si4b4	B4b4	310	310	1	16	192	95	96		79.0
445	9	Do5#3	C5#4	321	322	1	16	192	95	84	gel_	79.125
446	9	Si4b4	B4b4	310	310	1	16	192	99	84	a	79.25
447	9	Si4b4	B4b4	310	310	1	16	192	99	84		79.375
448	9	La4	A4	305	305	1	16	192	95	84		79.5
449	9	La4	A4	305	305	1	4	769	95	84	man  	80.0
450	9	Re5	D5	327	327	1	8	385	50	96	Tek 	80.25
451	9	Re5	D5	327	327	1	8	385	50	96	tek 	80.5
452	9	Re5	D5	327	327	1	16	192	99	96	ba	80.625
453	9	Do5#3	C5#4	321	322	1	16	192	95	96		80.75
454	9	Si4b4	B4b4	310	310	1	8	385	95	96	sa	81.0
455	9	Do5#3	C5#4	321	322	3	16	577	99	114	rak	81.375
456	9	Re5	D5	327	327	1	16	192	95	115		81.5
457	9	Do5#3	C5#4	321	322	1	16	192	99	116	tan  	81.625
458	9	Si4b4	B4b4	310	310	1	16	192	99	117		81.75
459	9	La4	A4	305	305	1	8	385	95	117		82.0
460	9	Re5	D5	327	327	1	8	385	95	118	Bâ	82.25
461	9	Re5	D5	327	327	1	8	385	95	119	de 	82.5
462	9	Re5	D5	327	327	1	16	192	99	120	sü	82.625
463	9	Do5#3	C5#4	321	322	1	16	192	95	96		82.75
464	9	Si4b4	B4b4	310	310	1	8	385	95	96	ze	83.0
465	9	Do5#3	C5#4	321	322	3	16	577	99	96	rek	83.375
466	9	Re5	D5	327	327	1	16	192	95	114		83.5
467	9	Do5#3	C5#4	321	322	1	16	192	99	109	ten  	83.625
468	9	Si4b4	B4b4	310	310	1	16	192	99	104		83.75
469	9	La4	A4	305	305	1	8	385	95	99		84.0
470	9	Re5	D5	327	327	1	8	385	95	93	İn	84.25
471	10	Re5	D5	327	327	1	8	385	95	88	ci 	84.5
472	8	Do5#3	C5#4	321	322	0	0	0	95	83		84.5
473	9	Re5	D5	327	327	1	16	192	99	78	di	84.625
474	9	Do5#3	C5#4	321	322	1	16	192	95	96		84.75
475	9	Si4b4	B4b4	310	310	1	8	385	95	114	ze	85.0
476	9	Do5#3	C5#4	321	322	3	16	577	99	115	rek	85.375
477	9	Re5	D5	327	327	1	16	192	95	116		85.5
478	9	Do5#3	C5#4	321	322	1	16	192	99	117	ten  	85.625
479	9	Si4b4	B4b4	310	310	1	16	192	99	118		85.75
480	9	La4	A4	305	305	1	8	385	95	119		86.0
481	9	Mi5	E5	336	336	1	8	385	95	120	Gel 	86.25
482	9	Mi5	E5	336	336	1	16	192	99	96	ca	86.375
483	9	Re5	D5	327	327	1	16	192	99	96		86.5
484	9	Mi5	E5	336	336	1	16	192	99	96		86.625
485	9	Do5#3	C5#4	321	322	1	16	192	95	96		86.75
486	9	Re5	D5	327	327	1	16	192	99	96	nım 	86.875
487	9	Si4b4	B4b4	310	310	1	16	192	95	96		87.0
488	9	Do5#3	C5#4	321	322	1	16	192	95	84	gel_	87.125
489	9	Si4b4	B4b4	310	310	1	16	192	99	84	a	87.25
490	9	Si4b4	B4b4	310	310	1	16	192	99	84		87.375
491	9	La4	A4	305	305	1	16	192	95	84		87.5
492	9	La4	A4	305	305	1	4	769	95	84	man  	88.0
