Sira	Kod	Nota53	NotaAE	Koma53	KomaAE	Pay	Payda	Ms	LNS	Bas	Soz1	Offset
1	9	Es	Es	-1	-1	1	8	278	100	0	ARANAĞME	0.125000
2	9	La5	A5	358	358	1	8	278	95	96		0.250000
3	9	La5	A5	358	358	1	8	278	95	96	.	0.375000
4	9	La5	A5	358	358	1	8	278	95	96	.	0.500000
5	9	La5	A5	358	358	1	8	278	95	96	.	0.625000
6	9	Fa5	F5	340	340	3	8	833	100	96	.	1.000000
7	9	Fa5	F5	340	340	3	8	833	95	96	.	1.375000
8	9	Re5	D5	327	327	1	8	278	95	96	.	1.500000
9	9	Re5	D5	327	327	1	4	556	95	96	.	1.750000
10	9	Si4b4	B4b4	310	310	1	4	556	95	96	.	2.000000
11	9	Es	Es	-1	-1	1	8	278	100	0	.	2.125000
12	9	Sol5	G5	349	349	1	8	278	95	96	.	2.250000
13	9	Sol5	G5	349	349	1	8	278	95	96	.	2.375000
14	9	Sol5	G5	349	349	1	8	278	95	96	.	2.500000
15	9	Sol5	G5	349	349	1	8	278	95	96	.	2.625000
16	9	Mi5	E5	336	336	3	8	833	100	96	.	3.000000
17	9	Mi5	E5	336	336	3	8	833	95	96	.	3.375000
18	9	Do5#4	C5#4	322	322	1	8	278	95	96	.	3.500000
19	9	Re5	D5	327	327	1	8	278	95	96	.	3.625000
20	9	Mi5	E5	336	336	1	8	278	95	96	.	3.750000
21	9	Fa5	F5	340	340	1	4	556	95	96	.	4.000000
22	9	Es	Es	-1	-1	1	8	278	100	0	.	4.125000
23	9	Fa5	F5	340	340	1	8	278	95	96	.	4.250000
24	9	Fa5	F5	340	340	1	4	556	95	96	.	4.500000
25	9	Fa5	F5	340	340	1	4	556	95	96	.	4.750000
26	9	Re5	D5	327	327	1	8	278	95	96	.	4.875000
27	9	Fa5	F5	340	340	1	8	278	95	96	.	5.000000
28	9	Fa5	F5	340	340	1	8	278	95	96	.	5.125000
29	9	Re5	D5	327	327	1	4	556	95	96	.	5.375000
30	9	Re5	D5	327	327	1	8	278	95	96	.	5.500000
31	9	Re5	D5	327	327	1	8	278	95	96	.	5.625000
32	9	Si4b4	B4b4	310	310	1	8	278	95	96	.	5.750000
33	9	Si4b4	B4b4	310	310	1	8	278	95	96	.	5.875000
34	9	La4	A4	305	305	1	8	278	95	96	.	6.000000
35	9	La4	A4	305	305	1	8	278	95	96	.	6.125000
36	9	Si4b4	B4b4	310	310	1	8	278	95	96	.	6.250000
37	9	La4	A4	305	305	1	8	278	95	96	.	6.375000
38	9	Si4b4	B4b4	310	310	1	8	278	95	96	.	6.500000
39	9	La4	A4	305	305	1	8	278	95	96	.	6.625000
40	9	Si4b4	B4b4	310	310	1	8	278	95	96	.	6.750000
41	9	Do5#4	C5#4	322	322	1	8	278	95	96	.	6.875000
42	9	Re5	D5	327	327	1	8	278	95	96	.	7.000000
43	9	Mi5	E5	336	336	1	8	278	95	96	.	7.125000
44	9	Sol5	G5	349	349	1	4	556	95	96	.	7.375000
45	9	Fa5	F5	340	340	1	16	139	95	96	.	7.437500
46	11	Mi5	E5	336	336	1	16	139	95	96	.	7.500000
47	9	Mi5	E5	336	336	1	2	1111	95	96	.	8.000000
48	9	Es	Es	-1	-1	1	8	278	100	0	ARANAĞME	8.125000
49	9	La5	A5	358	358	1	8	278	95	96		8.250000
50	9	La5	A5	358	358	1	8	278	95	96	.	8.375000
51	9	La5	A5	358	358	1	8	278	95	96	.	8.500000
52	9	La5	A5	358	358	1	8	278	95	96	.	8.625000
53	9	Fa5	F5	340	340	3	8	833	100	96	.	9.000000
54	9	Fa5	F5	340	340	3	8	833	95	96	.	9.375000
55	9	Re5	D5	327	327	1	8	278	95	96	.	9.500000
56	9	Re5	D5	327	327	1	4	556	95	96	.	9.750000
57	9	Si4b4	B4b4	310	310	1	4	556	95	96	.	10.000000
58	9	Es	Es	-1	-1	1	8	278	100	0	.	10.125000
59	9	Sol5	G5	349	349	1	8	278	95	96	.	10.250000
60	9	Sol5	G5	349	349	1	8	278	95	96	.	10.375000
61	9	Sol5	G5	349	349	1	8	278	95	96	.	10.500000
62	9	Sol5	G5	349	349	1	8	278	95	96	.	10.625000
63	9	Mi5	E5	336	336	3	8	833	100	96	.	11.000000
64	9	Mi5	E5	336	336	3	8	833	95	96	.	11.375000
65	9	Do5#4	C5#4	322	322	1	8	278	95	96	.	11.500000
66	9	Re5	D5	327	327	1	8	278	95	96	.	11.625000
67	9	Mi5	E5	336	336	1	8	278	95	96	.	11.750000
68	9	Fa5	F5	340	340	1	4	556	95	96	.	12.000000
69	9	Es	Es	-1	-1	1	8	278	100	0	.	12.125000
70	9	Fa5	F5	340	340	1	8	278	95	96	.	12.250000
71	9	Fa5	F5	340	340	1	4	556	95	96	.	12.500000
72	9	Fa5	F5	340	340	1	4	556	95	96	.	12.750000
73	9	Re5	D5	327	327	1	8	278	95	96	.	12.875000
74	9	Fa5	F5	340	340	1	8	278	95	96	.	13.000000
75	9	Fa5	F5	340	340	1	8	278	95	96	.	13.125000
76	9	Re5	D5	327	327	1	4	556	95	96	.	13.375000
77	9	Re5	D5	327	327	1	8	278	95	96	.	13.500000
78	9	Re5	D5	327	327	1	8	278	95	96	.	13.625000
79	9	Si4b4	B4b4	310	310	1	8	278	95	96	.	13.750000
80	9	Si4b4	B4b4	310	310	1	8	278	95	96	.	13.875000
81	9	La4	A4	305	305	1	8	278	95	96	.	14.000000
82	9	La4	A4	305	305	1	8	278	95	96	.	14.125000
83	9	Si4b4	B4b4	310	310	1	8	278	95	96	.	14.250000
84	9	La4	A4	305	305	1	8	278	95	96	.	14.375000
85	9	Si4b4	B4b4	310	310	1	8	278	95	96	.	14.500000
86	9	La4	A4	305	305	1	8	278	95	96	.	14.625000
87	9	Si4b4	B4b4	310	310	1	8	278	95	96	.	14.750000
88	9	Do5#4	C5#4	322	322	1	8	278	95	96	.	14.875000
89	9	Re5	D5	327	327	1	8	278	95	96	.	15.000000
90	9	Mi5	E5	336	336	1	8	278	95	96	.	15.125000
91	9	Do5#4	C5#4	322	322	1	4	556	95	96	.	15.375000
92	9	Si4b4	B4b4	310	310	1	8	278	95	96	.	15.500000
93	9	La4	A4	305	305	1	2	1111	95	96	.	16.000000
94	9	Do5#4	C5#4	322	322	1	4	556	95	96	Sen	16.250000
95	9	Si4b4	B4b4	310	310	1	4	556	95	96	siz	16.500000
96	9	Si4b4	B4b4	310	310	1	8	278	95	96	li	16.625000
97	9	La4	A4	305	305	3	8	833	95	96	ği 	17.000000
98	9	Si4b4	B4b4	310	310	1	4	556	95	96	ben 	17.250000
99	9	La4	A4	305	305	1	4	556	95	96	seç	17.500000
100	9	La4	A4	305	305	1	8	278	95	96	me	17.625000
101	9	Si4b4	B4b4	310	310	1	8	278	99	96	dim  	17.750000
102	9	Do5#4	C5#4	322	322	1	8	278	99	96		17.875000
103	9	Re5	D5	327	327	1	8	278	95	96		18.000000
104	9	Mi5	E5	336	336	1	4	556	95	96	Ben 	18.250000
105	9	Do5#4	C5#4	322	322	1	4	556	95	96	seç	18.500000
106	9	Si4b4	B4b4	310	310	1	8	278	95	96	me	18.625000
107	9	La4	A4	305	305	3	8	833	95	96	dim 	19.000000
108	8	Re5	D5	327	327	0	0	0	95	96		19.000000
109	9	Do5#4	C5#4	322	322	1	4	556	95	96	ay	19.250000
110	9	Si4b4	B4b4	310	310	1	8	278	95	96	rı	19.375000
111	9	Si4b4	B4b4	310	310	1	8	278	95	96	lı	19.500000
112	9	La4	A4	305	305	3	8	833	95	96	ğı  	19.875000
113	9	Es	Es	-1	-1	1	8	278	100	0		20.000000
114	9	La4	A4	305	305	1	4	556	95	96	İn	20.250000
115	9	Re5	D5	327	327	1	4	556	95	96	cit	20.500000
116	9	Re5	D5	327	327	1	8	278	95	96	me	20.625000
117	9	Re5	D5	327	327	3	8	833	100	96	yi 	21.000000
118	9	Re5	D5	327	327	1	8	278	95	96		21.125000
119	9	Re5	D5	327	327	1	4	556	95	96	is	21.375000
120	9	Mi5	E5	336	336	1	8	278	95	96	te	21.500000
121	9	Re5	D5	327	327	1	8	278	95	96	me	21.625000
122	9	Do5#4	C5#4	322	322	3	8	833	95	96	dim  	22.000000
123	9	Es	Es	-1	-1	1	8	278	100	0		22.125000
124	9	Mi5	E5	336	336	1	4	556	95	96	Sen 	22.375000
125	9	Fa5	F5	340	340	1	8	278	95	96	çı	22.500000
126	9	Mi5	E5	336	336	1	8	278	99	96	kar	22.625000
127	9	Fa5	F5	340	340	1	8	278	95	96		22.750000
128	9	Mi5	E5	336	336	1	8	278	99	96	dın 	22.875000
129	9	Re5	D5	327	327	1	8	278	95	96		23.000000
130	9	Sol5	G5	349	349	1	4	556	95	96	dar	23.250000
131	9	Fa5	F5	340	340	1	8	278	99	96	gın	23.375000
132	9	Mi5	E5	336	336	1	8	278	95	96		23.500000
133	9	Fa5	F5	340	340	1	8	278	95	96	lı	23.625000
134	9	Mi5	E5	336	336	3	8	833	95	96	ğı  	24.000000
135	9	Es	Es	-1	-1	1	8	278	100	0		24.125000
136	9	La5	A5	358	358	1	8	278	95	96	SAZ	24.250000
137	9	La5	A5	358	358	1	8	278	95	96	.	24.375000
138	9	La5	A5	358	358	1	8	278	95	96	.	24.500000
139	9	La5	A5	358	358	1	8	278	95	96	.	24.625000
140	9	Fa5	F5	340	340	3	8	833	95	96	.	25.000000
141	9	Fa5	F5	340	340	3	8	833	95	96	SAZ	25.375000
142	9	Re5	D5	327	327	1	8	278	95	96	.	25.500000
143	9	Do5#4	C5#4	322	322	1	8	278	95	96	.	25.625000
144	9	Si4b4	B4b4	310	310	1	8	278	95	96	.	25.750000
145	9	La4	A4	305	305	1	4	556	95	96	.	26.000000
146	9	Do5#4	C5#4	322	322	1	4	556	95	96	Sen	26.250000
147	9	Si4b4	B4b4	310	310	1	4	556	95	96	siz	26.500000
148	9	Si4b4	B4b4	310	310	1	8	278	95	96	li	26.625000
149	9	La4	A4	305	305	3	8	833	95	96	ği 	27.000000
150	9	Si4b4	B4b4	310	310	1	4	556	95	96	ben 	27.250000
151	9	La4	A4	305	305	1	4	556	95	96	seç	27.500000
152	9	La4	A4	305	305	1	8	278	95	96	me	27.625000
153	9	Si4b4	B4b4	310	310	1	8	278	99	96	dim  	27.750000
154	9	Do5#4	C5#4	322	322	1	8	278	99	96		27.875000
155	9	Re5	D5	327	327	1	8	278	95	96		28.000000
156	9	Mi5	E5	336	336	1	4	556	95	96	Ben 	28.250000
157	9	Do5#4	C5#4	322	322	1	4	556	95	96	seç	28.500000
158	9	Si4b4	B4b4	310	310	1	8	278	95	96	me	28.625000
159	9	La4	A4	305	305	3	8	833	95	96	dim 	29.000000
160	8	Re5	D5	327	327	0	0	0	95	96		29.000000
161	9	Do5#4	C5#4	322	322	1	4	556	95	96	ay	29.250000
162	9	Si4b4	B4b4	310	310	1	8	278	95	96	rı	29.375000
163	9	Si4b4	B4b4	310	310	1	8	278	95	96	lı	29.500000
164	9	La4	A4	305	305	3	8	833	95	96	ğı  	29.875000
165	9	Es	Es	-1	-1	1	8	278	100	0		30.000000
166	9	La4	A4	305	305	1	4	556	95	96	İn	30.250000
167	9	Re5	D5	327	327	1	4	556	95	96	cit	30.500000
168	9	Re5	D5	327	327	1	8	278	95	96	me	30.625000
169	9	Re5	D5	327	327	3	8	833	100	96	yi 	31.000000
170	9	Re5	D5	327	327	1	8	278	95	96		31.125000
171	9	Re5	D5	327	327	1	4	556	95	96	is	31.375000
172	9	Mi5	E5	336	336	1	8	278	95	96	te	31.500000
173	9	Re5	D5	327	327	1	8	278	95	96	me	31.625000
174	9	Do5#4	C5#4	322	322	3	8	833	95	96	dim  	32.000000
175	9	Es	Es	-1	-1	1	8	278	100	0		32.125000
176	9	Mi5	E5	336	336	1	4	556	95	96	Sen 	32.375000
177	9	Fa5	F5	340	340	1	8	278	95	96	çı	32.500000
178	9	Mi5	E5	336	336	1	8	278	99	96	kar	32.625000
179	9	Fa5	F5	340	340	1	8	278	95	96		32.750000
180	9	Mi5	E5	336	336	1	8	278	99	96	dın 	32.875000
181	9	Re5	D5	327	327	1	8	278	95	96		33.000000
182	9	Sol5	G5	349	349	1	4	556	95	96	dar	33.250000
183	9	Fa5	F5	340	340	1	8	278	99	96	gın	33.375000
184	9	Mi5	E5	336	336	1	8	278	95	96		33.500000
185	9	Fa5	F5	340	340	1	8	278	95	96	lı	33.625000
186	9	Mi5	E5	336	336	3	8	833	95	96	ğı  	34.000000
187	9	Es	Es	-1	-1	1	8	278	100	0		34.125000
188	9	La5	A5	358	358	1	8	278	95	96	SAZ	34.250000
189	9	La5	A5	358	358	1	8	278	95	96	.	34.375000
190	9	La5	A5	358	358	1	8	278	95	96	.	34.500000
191	9	La5	A5	358	358	1	8	278	95	96	.	34.625000
192	9	Fa5	F5	340	340	3	8	833	95	96	.	35.000000
193	9	Fa5	F5	340	340	3	8	833	95	96	SAZ	35.375000
194	9	Re5	D5	327	327	1	8	278	95	96	.	35.500000
195	9	Fa5#4	F5#4	344	344	1	8	278	95	96	.	35.625000
196	9	Sol5	G5	349	349	1	8	278	95	96	.	35.750000
197	9	La5	A5	358	358	1	4	556	95	96	.	36.000000
198	9	Es	Es	-1	-1	1	8	278	100	0		36.125000
199	9	La5	A5	358	358	1	4	556	95	96	Var	36.375000
200	9	La5	A5	358	358	1	8	278	95	96	lı	36.500000
201	9	La5	A5	358	358	1	4	556	95	96	ğın	36.750000
202	9	La5	A5	358	358	1	4	556	95	96	la 	37.000000
203	9	La5	A5	358	358	1	8	278	95	96	yü	37.125000
204	9	Fa5	F5	340	340	3	8	833	95	96	cel	37.500000
205	9	Fa5	F5	340	340	3	16	417	99	96	tir	37.687500
206	9	Mi5	E5	336	336	1	16	139	95	96		37.750000
207	9	Re5	D5	327	327	1	4	556	95	96	ken 	38.000000
208	9	Es	Es	-1	-1	1	8	278	100	0		38.125000
209	9	Sol5	G5	349	349	1	8	278	95	96	yok	38.250000
210	9	Sol5	G5	349	349	1	4	556	95	96	lu	38.500000
211	9	Sol5	G5	349	349	1	4	556	95	96	ğun	38.750000
212	9	Mi5	E5	336	336	1	4	556	95	96	la 	39.000000
213	9	Mi5	E5	336	336	1	4	556	95	96	ez	39.250000
214	9	Re5	D5	327	327	1	8	278	95	96	me 	39.375000
215	9	Mi5	E5	336	336	1	8	278	95	96	be	39.500000
216	9	Fa5	F5	340	340	1	2	1111	95	96	ni  	40.000000
217	9	Es	Es	-1	-1	1	4	556	100	0		40.250000
218	9	Fa5	F5	340	340	1	8	278	95	96	Ge	40.375000
219	9	Fa5	F5	340	340	1	8	278	95	96	li	40.500000
220	9	Fa5	F5	340	340	1	8	278	95	96	şi	40.625000
221	9	Re5	D5	327	327	3	8	833	100	96	ne 	41.000000
222	9	Re5	D5	327	327	1	4	556	95	96		41.250000
223	9	Re5	D5	327	327	1	8	278	95	96	se	41.375000
224	9	Re5	D5	327	327	1	8	278	95	96	vi	41.500000
225	9	Re5	D5	327	327	1	8	278	99	96	nir	41.625000
226	9	Si4b4	B4b4	310	310	1	8	278	95	96		41.750000
227	9	Si4b4	B4b4	310	310	1	8	278	99	96	ken  	41.875000
228	9	La4	A4	305	305	1	8	278	95	96		42.000000
229	9	Es	Es	-1	-1	1	4	556	100	0		42.250000
230	9	La4	A4	305	305	1	8	278	95	96	Gi	42.375000
231	9	Si4b4	B4b4	310	310	1	8	278	95	96	di	42.500000
232	9	Do5#4	C5#4	322	322	1	4	556	95	96	şin	42.750000
233	9	Re5	D5	327	327	1	4	556	95	96	le 	43.000000
234	9	Mi5	E5	336	336	1	8	278	99	96	üz	43.125000
235	9	Sol5	G5	349	349	1	8	278	95	96		43.250000
236	9	Sol5	G5	349	349	1	8	278	95	96	me 	43.375000
237	9	Fa5	F5	340	340	1	8	278	95	96	be	43.500000
238	9	Mi5	E5	336	336	1	2	1111	95	96	ni  	44.000000
239	9	La5	A5	358	358	3	8	833	95	96	Git	44.375000
240	9	La5	A5	358	358	1	8	278	95	96	me 	44.500000
241	9	Sol5	G5	349	349	1	4	556	95	96	git	44.750000
242	9	Fa5#4	F5#4	344	344	1	4	556	95	96	me 	45.000000
243	9	Sol5	G5	349	349	3	8	833	95	96	git	45.375000
244	9	La4	A4	305	305	1	8	278	95	96	me 	45.500000
245	9	Fa5	F5	340	340	1	8	278	99	96	üz	45.625000
246	11	Mi5	E5	336	336	1	8	278	95	96		45.750000
247	9	Mi5	E5	336	336	1	4	556	95	96	me 	46.000000
248	9	Si5	B5	367	367	1	4	556	95	96	üz	46.250000
249	9	Sol5	G5	349	349	1	8	278	95	96	me 	46.375000
250	9	Fa5	F5	340	340	1	8	278	95	96	be	46.500000
251	9	Mi5	E5	336	336	1	4	556	95	96	ni 	46.750000
252	9	Es	Es	-1	-1	1	4	556	100	0		47.000000
253	9	Fa5	F5	340	340	1	4	556	95	96	üz	47.250000
254	9	Mi5	E5	336	336	1	4	556	95	96	me 	47.500000
255	9	Fa5	F5	340	340	1	8	278	95	96	SAZ	47.625000
256	9	Fa5	F5	340	340	1	8	278	95	96	.	47.750000
257	9	Mi5	E5	336	336	1	4	556	95	96	.	48.000000
258	9	Es	Es	-1	-1	1	8	278	100	0		48.125000
259	9	La5	A5	358	358	1	4	556	95	96	Var	48.375000
260	9	La5	A5	358	358	1	8	278	95	96	lı	48.500000
261	9	La5	A5	358	358	1	4	556	95	96	ğın	48.750000
262	9	La5	A5	358	358	1	4	556	95	96	la 	49.000000
263	9	La5	A5	358	358	1	8	278	95	96	yü	49.125000
264	9	Fa5	F5	340	340	3	8	833	95	96	cel	49.500000
265	9	Fa5	F5	340	340	3	16	417	99	96	tir	49.687500
266	9	Mi5	E5	336	336	1	16	139	95	96		49.750000
267	9	Re5	D5	327	327	1	4	556	95	96	ken 	50.000000
268	9	Es	Es	-1	-1	1	8	278	100	0		50.125000
269	9	Sol5	G5	349	349	1	8	278	95	96	Yok	50.250000
270	9	Sol5	G5	349	349	1	4	556	95	96	lu	50.500000
271	9	Sol5	G5	349	349	1	4	556	95	96	ğun	50.750000
272	9	Mi5	E5	336	336	1	4	556	95	96	la 	51.000000
273	9	Mi5	E5	336	336	1	4	556	95	96	ez	51.250000
274	9	Re5	D5	327	327	1	8	278	95	96	me 	51.375000
275	9	Mi5	E5	336	336	1	8	278	95	96	be	51.500000
276	9	Fa5	F5	340	340	1	2	1111	95	96	ni  	52.000000
277	9	Es	Es	-1	-1	1	4	556	100	0		52.250000
278	9	Fa5	F5	340	340	1	8	278	95	96	Ge	52.375000
279	9	Fa5	F5	340	340	1	8	278	95	96	li	52.500000
280	9	Fa5	F5	340	340	1	8	278	95	96	şi	52.625000
281	9	Re5	D5	327	327	3	8	833	100	96	ne 	53.000000
282	9	Re5	D5	327	327	1	4	556	95	96		53.250000
283	9	Re5	D5	327	327	1	8	278	95	96	se	53.375000
284	9	Re5	D5	327	327	1	8	278	95	96	vi	53.500000
285	9	Re5	D5	327	327	1	8	278	99	96	nir	53.625000
286	9	Si4b4	B4b4	310	310	1	8	278	95	96		53.750000
287	9	Si4b4	B4b4	310	310	1	8	278	99	96	ken  	53.875000
288	9	La4	A4	305	305	1	8	278	95	96		54.000000
289	9	Es	Es	-1	-1	1	4	556	100	0		54.250000
290	9	La4	A4	305	305	1	8	278	95	96	Gi	54.375000
291	9	Si4b4	B4b4	310	310	1	8	278	95	96	di	54.500000
292	9	Do5#4	C5#4	322	322	1	4	556	95	96	şin	54.750000
293	9	Mi5	E5	336	336	1	4	556	95	96	le 	55.000000
294	9	Re5	D5	327	327	1	4	556	95	96	üz	55.250000
295	9	Do5#4	C5#4	322	322	1	8	278	95	96	me 	55.375000
296	9	Si4b4	B4b4	310	310	1	8	278	95	96	be	55.500000
297	9	La4	A4	305	305	1	2	1111	95	96	ni  	56.000000
298	9	Fa5	F5	340	340	3	8	833	95	96	Git	56.375000
299	9	Re5	D5	327	327	1	8	278	95	96	me 	56.500000
300	9	Mi5	E5	336	336	1	4	556	95	96	git	56.750000
301	9	Do5#4	C5#4	322	322	1	4	556	95	96	me 	57.000000
302	9	Re5	D5	327	327	3	8	833	95	96	git	57.375000
303	9	Re5	D5	327	327	1	8	278	95	96	me 	57.500000
304	9	Do5#4	C5#4	322	322	1	8	278	99	96	üz	57.625000
305	9	Si4b4	B4b4	310	310	1	8	278	95	96		57.750000
306	9	La4	A4	305	305	1	4	556	95	96	me 	58.000000
307	9	Mi5	E5	336	336	1	4	556	95	96	üz	58.250000
308	9	Do5#4	C5#4	322	322	1	8	278	95	96	me 	58.375000
309	9	Si4b4	B4b4	310	310	1	8	278	95	96	be	58.500000
310	9	La4	A4	305	305	1	4	556	95	96	ni 	58.750000
311	9	Es	Es	-1	-1	1	4	556	100	0		59.000000
312	9	Si4b4	B4b4	310	310	1	4	556	95	96	üz	59.250000
313	9	La4	A4	305	305	1	4	556	95	96	me  	59.500000
314	9	Si4b4	B4b4	310	310	1	8	278	95	96	SAZ	59.625000
315	9	Si4b4	B4b4	310	310	1	8	278	95	96	.	59.750000
316	9	La4	A4	305	305	1	4	556	95	96	.	60.000000
317	9	Es	Es	-1	-1	1	8	278	100	0		60.125000
318	9	La5	A5	358	358	1	8	278	95	96	SAZ	60.250000
319	9	La5	A5	358	358	1	8	278	95	96	.	60.375000
320	9	La5	A5	358	358	1	8	278	95	96	.	60.500000
321	9	La5	A5	358	358	1	8	278	95	96	.	60.625000
322	9	Fa5	F5	340	340	3	8	833	100	96	.	61.000000
323	9	Fa5	F5	340	340	3	8	833	95	96	.	61.375000
324	9	Re5	D5	327	327	1	8	278	95	96	.	61.500000
325	9	Re5	D5	327	327	1	4	556	95	96	.	61.750000
326	9	Si4b4	B4b4	310	310	1	4	556	95	96	.	62.000000
327	9	Es	Es	-1	-1	1	8	278	100	0	.	62.125000
328	9	Sol5	G5	349	349	1	8	278	95	96	.	62.250000
329	9	Sol5	G5	349	349	1	8	278	95	96	.	62.375000
330	9	Sol5	G5	349	349	1	8	278	95	96	.	62.500000
331	9	Sol5	G5	349	349	1	8	278	95	96	.	62.625000
332	9	Mi5	E5	336	336	3	8	833	100	96	.	63.000000
333	9	Mi5	E5	336	336	3	8	833	95	96	.	63.375000
334	9	Do5#4	C5#4	322	322	1	8	278	95	96	.	63.500000
335	9	Re5	D5	327	327	1	8	278	95	96	.	63.625000
336	9	Mi5	E5	336	336	1	8	278	95	96	.	63.750000
337	9	Fa5	F5	340	340	1	4	556	95	96	.	64.000000
338	9	Es	Es	-1	-1	1	8	278	100	0	.	64.125000
339	9	Fa5	F5	340	340	1	8	278	95	96	.	64.250000
340	9	Fa5	F5	340	340	1	8	278	95	96	.	64.375000
341	9	Re5	D5	327	327	1	8	278	95	96	.	64.500000
342	9	Fa5	F5	340	340	1	4	556	95	96	.	64.750000
343	9	Re5	D5	327	327	1	8	278	95	96	.	64.875000
344	9	Fa5	F5	340	340	1	8	278	100	96	.	65.000000
345	9	Fa5	F5	340	340	1	8	278	95	96	.	65.125000
346	9	Re5	D5	327	327	1	4	556	95	96	.	65.375000
347	9	Re5	D5	327	327	1	8	278	95	96	.	65.500000
348	9	Re5	D5	327	327	1	8	278	95	96	.	65.625000
349	9	Si4b4	B4b4	310	310	1	8	278	95	96	.	65.750000
350	9	Si4b4	B4b4	310	310	1	8	278	95	96	.	65.875000
351	9	La4	A4	305	305	1	8	278	95	96	.	66.000000
352	9	La4	A4	305	305	1	8	278	95	96	.	66.125000
353	9	Si4b4	B4b4	310	310	1	8	278	95	96	.	66.250000
354	9	La4	A4	305	305	1	8	278	95	96	.	66.375000
355	9	Si4b4	B4b4	310	310	1	8	278	95	96	.	66.500000
356	9	La4	A4	305	305	1	8	278	95	96	.	66.625000
357	9	Si4b4	B4b4	310	310	1	8	278	95	96	.	66.750000
358	9	Do5#4	C5#4	322	322	1	8	278	95	96	.	66.875000
359	9	Re5	D5	327	327	1	8	278	95	96	.	67.000000
360	9	Mi5	E5	336	336	1	8	278	95	96	.	67.125000
361	9	Do5#4	C5#4	322	322	1	4	556	95	96	.	67.375000
362	9	Si4b4	B4b4	310	310	1	8	278	95	96	.	67.500000
363	9	La4	A4	305	305	1	4	556	95	96	.	67.750000
364	9	Fa5#4	F5#4	344	344	1	4	556	95	96	.	68.000000
365	9	Es	Es	-1	-1	1	4	556	100	0		68.250000
366	9	Sol5	G5	349	349	1	8	278	95	96	Se	68.375000
367	9	Fa5#4	F5#4	344	344	1	8	278	95	96	vi	68.500000
368	9	Sol5	G5	349	349	1	8	278	99	96	nir	68.625000
369	9	Fa5#4	F5#4	344	344	1	8	278	95	96		68.750000
370	9	Fa5#4	F5#4	344	344	1	4	556	95	96	ken 	69.000000
371	9	Fa5#4	F5#4	344	344	1	4	556	95	96	ben 	69.250000
372	9	Re5	D5	327	327	1	4	556	95	96	bah	69.500000
373	9	Fa5#4	F5#4	344	344	1	8	278	95	96	tı	69.625000
374	9	Fa5#4	F5#4	344	344	3	8	833	95	96	ma  	70.000000
375	9	Es	Es	-1	-1	1	4	556	100	0		70.250000
376	9	La5	A5	358	358	1	8	278	95	96	Se	70.375000
377	9	La5	A5	358	358	1	8	278	95	96	ni 	70.500000
378	9	La5	A5	358	358	1	8	278	95	96	ba	70.625000
379	9	La5	A5	358	358	1	4	556	99	96	na 	70.875000
380	9	Fa5#4	F5#4	344	344	1	8	278	95	96		71.000000
381	9	La5	A5	358	358	1	4	556	95	96	ver	71.250000
382	9	Fa5#4	F5#4	344	344	1	8	278	95	96	di 	71.375000
383	9	La5	A5	358	358	1	8	278	95	96	di	71.500000
384	9	La5	A5	358	358	3	8	833	95	96	ye  	71.875000
385	9	Es	Es	-1	-1	1	8	278	100	0		72.000000
386	9	Si5b4	B5b4	363	363	1	4	556	95	96	Bir	72.250000
387	9	Si5b4	B5b4	363	363	1	4	556	95	96	den 	72.500000
388	9	La5	A5	358	358	1	4	556	95	96	kop	72.750000
389	9	Sol5	G5	349	349	1	4	556	95	96	tu 	73.000000
390	9	Si5b4	B5b4	363	363	1	4	556	95	96	bir 	73.250000
391	9	La5	A5	358	358	1	8	278	99	96	fır	73.375000
392	9	Sol5	G5	349	349	1	8	278	95	96		73.500000
393	9	Si5b4	B5b4	363	363	1	8	278	95	96	tı	73.625000
394	9	Si5b4	B5b4	363	363	1	4	556	99	96	na  	73.875000
395	9	La5	A5	358	358	1	8	278	95	96		74.000000
396	9	Do6#4	C6#4	375	375	1	4	556	95	96	Bir 	74.250000
397	9	Do6#4	C6#4	375	375	1	4	556	95	96	söz 	74.500000
398	9	Si5b4	B5b4	363	363	1	4	556	95	96	yet	74.750000
399	9	La5	A5	358	358	1	4	556	95	96	ti 	75.000000
400	9	Do6#4	C6#4	375	375	1	8	278	95	96	bu 	75.125000
401	9	Do6#4	C6#4	375	375	1	4	556	95	96	sev	75.375000
402	9	Si5b4	B5b4	363	363	1	8	278	95	96	gi	75.500000
403	9	La5	A5	358	358	3	8	833	95	96	ye  	75.875000
404	9	Es	Es	-1	-1	1	8	278	100	0		76.000000
405	9	Es	Es	-1	-1	1	8	278	100	0		76.125000
406	9	Re6	D6	380	380	1	8	278	95	96	SAZ	76.250000
407	9	Re6	D6	380	380	1	8	278	95	96	.	76.375000
408	9	Re6	D6	380	380	1	8	278	95	96	.	76.500000
409	9	Do6#4	C6#4	375	375	1	8	278	95	96	.	76.625000
410	9	Si5b4	B5b4	363	363	1	8	278	95	96	.	76.750000
411	9	La5	A5	358	358	1	8	278	95	96	.	76.875000
412	9	Sol5	G5	349	349	1	8	278	95	96	.	77.000000
413	9	Es	Es	-1	-1	1	8	278	100	0		77.125000
414	9	La5	A5	358	358	1	4	556	95	96	SAZ	77.375000
415	9	Sol5b4	G5b4	345	345	1	8	278	95	96	.	77.500000
416	9	Sol5	G5	349	349	1	8	278	95	96	.	77.625000
417	9	La5	A5	358	358	1	8	278	95	96	.	77.750000
418	9	Fa5#4	F5#4	344	344	1	4	556	95	96	.	78.000000
419	9	Es	Es	-1	-1	1	4	556	100	0		78.250000
420	9	Sol5	G5	349	349	1	8	278	95	96	Se	78.375000
421	9	Fa5#4	F5#4	344	344	1	8	278	95	96	vi	78.500000
422	9	Sol5	G5	349	349	1	8	278	99	96	nir	78.625000
423	9	Fa5#4	F5#4	344	344	1	8	278	95	96		78.750000
424	9	Fa5#4	F5#4	344	344	1	4	556	95	96	ken 	79.000000
425	9	Fa5#4	F5#4	344	344	1	4	556	95	96	ben 	79.250000
426	9	Re5	D5	327	327	1	4	556	95	96	bah	79.500000
427	9	Fa5#4	F5#4	344	344	1	8	278	95	96	tı	79.625000
428	9	Fa5#4	F5#4	344	344	3	8	833	95	96	ma  	80.000000
429	9	Es	Es	-1	-1	1	4	556	100	0		80.250000
430	9	La5	A5	358	358	1	8	278	95	96	Se	80.375000
431	9	La5	A5	358	358	1	8	278	95	96	ni 	80.500000
432	9	La5	A5	358	358	1	8	278	95	96	ba	80.625000
433	9	La5	A5	358	358	1	4	556	99	96	na 	80.875000
434	9	Fa5#4	F5#4	344	344	1	8	278	95	96		81.000000
435	9	La5	A5	358	358	1	4	556	95	96	ver	81.250000
436	9	Fa5#4	F5#4	344	344	1	8	278	95	96	di 	81.375000
437	9	La5	A5	358	358	1	8	278	95	96	di	81.500000
438	9	La5	A5	358	358	3	8	833	95	96	ye  	81.875000
439	9	Es	Es	-1	-1	1	8	278	100	0		82.000000
440	9	Si5b4	B5b4	363	363	1	4	556	95	96	Bir	82.250000
441	9	Si5b4	B5b4	363	363	1	4	556	95	96	den 	82.500000
442	9	La5	A5	358	358	1	4	556	95	96	kop	82.750000
443	9	Sol5	G5	349	349	1	4	556	95	96	tu 	83.000000
444	9	Si5b4	B5b4	363	363	1	4	556	95	96	bir 	83.250000
445	9	La5	A5	358	358	1	8	278	99	96	fır	83.375000
446	9	Sol5	G5	349	349	1	8	278	95	96		83.500000
447	9	Si5b4	B5b4	363	363	1	8	278	95	96	tı	83.625000
448	9	Si5b4	B5b4	363	363	1	4	556	99	96	na  	83.875000
449	9	La5	A5	358	358	1	8	278	95	96		84.000000
450	9	Do6#4	C6#4	375	375	1	4	556	95	96	Bir 	84.250000
451	9	Do6#4	C6#4	375	375	1	4	556	95	96	söz 	84.500000
452	9	Si5b4	B5b4	363	363	1	4	556	95	96	yet	84.750000
453	9	La5	A5	358	358	1	4	556	95	96	ti 	85.000000
454	9	Do6#4	C6#4	375	375	1	8	278	95	96	bu 	85.125000
455	9	Do6#4	C6#4	375	375	1	4	556	95	96	sev	85.375000
456	9	Si5b4	B5b4	363	363	1	8	278	95	96	gi	85.500000
457	9	La5	A5	358	358	3	8	833	95	96	ye  	85.875000
458	9	Es	Es	-1	-1	1	8	278	100	0		86.000000
459	9	Es	Es	-1	-1	1	8	278	100	0		86.125000
460	9	Re6	D6	380	380	1	8	278	95	96	SAZ	86.250000
461	9	Re6	D6	380	380	1	8	278	95	96	.	86.375000
462	9	Re6	D6	380	380	1	8	278	95	96	.	86.500000
463	9	Do6#4	C6#4	375	375	1	8	278	95	96	.	86.625000
464	9	Si5b4	B5b4	363	363	1	8	278	95	96	.	86.750000
465	9	La5	A5	358	358	1	8	278	95	96	.	86.875000
466	9	Sol5	G5	349	349	1	8	278	95	96	.	87.000000
467	9	Es	Es	-1	-1	1	8	278	100	0		87.125000
468	9	Fa5#4	F5#4	344	344	1	4	556	95	96	SAZ	87.375000
469	9	Re5	D5	327	327	1	8	278	95	96	.	87.500000
470	9	Fa5#4	F5#4	344	344	1	8	278	95	96	.	87.625000
471	9	Sol5	G5	349	349	1	8	278	95	96	.	87.750000
472	9	La5	A5	358	358	1	4	556	95	96	.	88.000000
473	9	Es	Es	-1	-1	1	8	278	100	0		88.125000
474	9	La5	A5	358	358	1	4	556	95	96	Var	88.375000
475	9	La5	A5	358	358	1	8	278	95	96	lı	88.500000
476	9	La5	A5	358	358	1	4	556	95	96	ğın	88.750000
477	9	La5	A5	358	358	1	4	556	95	96	la 	89.000000
478	9	La5	A5	358	358	1	8	278	95	96	yü	89.125000
479	9	Fa5	F5	340	340	3	8	833	95	96	cel	89.500000
480	9	Fa5	F5	340	340	3	16	417	99	96	tir	89.687500
481	9	Mi5	E5	336	336	1	16	139	95	96		89.750000
482	9	Re5	D5	327	327	1	4	556	95	96	ken 	90.000000
483	9	Es	Es	-1	-1	1	8	278	100	0		90.125000
484	9	Sol5	G5	349	349	1	8	278	95	96	yok	90.250000
485	9	Sol5	G5	349	349	1	4	556	95	96	lu	90.500000
486	9	Sol5	G5	349	349	1	4	556	95	96	ğun	90.750000
487	9	Mi5	E5	336	336	1	4	556	95	96	la 	91.000000
488	9	Mi5	E5	336	336	1	4	556	95	96	ez	91.250000
489	9	Re5	D5	327	327	1	8	278	95	96	me 	91.375000
490	9	Mi5	E5	336	336	1	8	278	95	96	be	91.500000
491	9	Fa5	F5	340	340	1	2	1111	95	96	ni  	92.000000
492	9	Es	Es	-1	-1	1	4	556	100	0		92.250000
493	9	Fa5	F5	340	340	1	8	278	95	96	Ge	92.375000
494	9	Fa5	F5	340	340	1	8	278	95	96	li	92.500000
495	9	Fa5	F5	340	340	1	8	278	95	96	şi	92.625000
496	9	Re5	D5	327	327	3	8	833	100	96	ne 	93.000000
497	9	Re5	D5	327	327	1	4	556	95	96		93.250000
498	9	Re5	D5	327	327	1	8	278	95	96	se	93.375000
499	9	Re5	D5	327	327	1	8	278	95	96	vi	93.500000
500	9	Re5	D5	327	327	1	8	278	99	96	nir	93.625000
501	9	Si4b4	B4b4	310	310	1	8	278	95	96		93.750000
502	9	Si4b4	B4b4	310	310	1	8	278	99	96	ken  	93.875000
503	9	La4	A4	305	305	1	8	278	95	96		94.000000
504	9	Es	Es	-1	-1	1	4	556	100	0		94.250000
505	9	La4	A4	305	305	1	8	278	95	96	Gi	94.375000
506	9	Si4b4	B4b4	310	310	1	8	278	95	96	di	94.500000
507	9	Do5#4	C5#4	322	322	1	4	556	95	96	şin	94.750000
508	9	Re5	D5	327	327	1	4	556	95	96	le 	95.000000
509	9	Mi5	E5	336	336	1	8	278	99	96	üz	95.125000
510	9	Sol5	G5	349	349	1	8	278	95	96		95.250000
511	9	Sol5	G5	349	349	1	8	278	95	96	me 	95.375000
512	9	Fa5	F5	340	340	1	8	278	95	96	be	95.500000
513	9	Mi5	E5	336	336	1	2	1111	95	96	ni  	96.000000
514	9	La5	A5	358	358	3	8	833	95	96	Git	96.375000
515	9	La5	A5	358	358	1	8	278	95	96	me 	96.500000
516	9	Sol5	G5	349	349	1	4	556	95	96	git	96.750000
517	9	Fa5#4	F5#4	344	344	1	4	556	95	96	me 	97.000000
518	9	Sol5	G5	349	349	3	8	833	95	96	git	97.375000
519	9	La4	A4	305	305	1	8	278	95	96	me 	97.500000
520	9	Fa5	F5	340	340	1	8	278	99	96	üz	97.625000
521	11	Mi5	E5	336	336	1	8	278	95	96		97.750000
522	9	Mi5	E5	336	336	1	4	556	95	96	me 	98.000000
523	9	Si5	B5	367	367	1	4	556	95	96	üz	98.250000
524	9	Sol5	G5	349	349	1	8	278	95	96	me 	98.375000
525	9	Fa5	F5	340	340	1	8	278	95	96	be	98.500000
526	9	Mi5	E5	336	336	1	4	556	95	96	ni 	98.750000
527	9	Es	Es	-1	-1	1	4	556	100	0		99.000000
528	9	Fa5	F5	340	340	1	4	556	95	96	üz	99.250000
529	9	Mi5	E5	336	336	1	4	556	95	96	me 	99.500000
530	9	Fa5	F5	340	340	1	8	278	95	96	SAZ	99.625000
531	9	Fa5	F5	340	340	1	8	278	95	96	.	99.750000
532	9	Mi5	E5	336	336	1	4	556	95	96	.	100.000000
533	9	Es	Es	-1	-1	1	8	278	100	0		100.125000
534	9	La5	A5	358	358	1	4	556	95	96	Var	100.375000
535	9	La5	A5	358	358	1	8	278	95	96	lı	100.500000
536	9	La5	A5	358	358	1	4	556	95	96	ğın	100.750000
537	9	La5	A5	358	358	1	4	556	95	96	la 	101.000000
538	9	La5	A5	358	358	1	8	278	95	96	yü	101.125000
539	9	Fa5	F5	340	340	3	8	833	95	96	cel	101.500000
540	9	Fa5	F5	340	340	3	16	417	99	96	tir	101.687500
541	9	Mi5	E5	336	336	1	16	139	95	96		101.750000
542	9	Re5	D5	327	327	1	4	556	95	96	ken 	102.000000
543	9	Es	Es	-1	-1	1	8	278	100	0		102.125000
544	9	Sol5	G5	349	349	1	8	278	95	96	Yok	102.250000
545	9	Sol5	G5	349	349	1	4	556	95	96	lu	102.500000
546	9	Sol5	G5	349	349	1	4	556	95	96	ğun	102.750000
547	9	Mi5	E5	336	336	1	4	556	95	96	la 	103.000000
548	9	Mi5	E5	336	336	1	4	556	95	96	ez	103.250000
549	9	Re5	D5	327	327	1	8	278	95	96	me 	103.375000
550	9	Mi5	E5	336	336	1	8	278	95	96	be	103.500000
551	9	Fa5	F5	340	340	1	2	1111	95	96	ni  	104.000000
552	9	Es	Es	-1	-1	1	4	556	100	0		104.250000
553	9	Fa5	F5	340	340	1	8	278	95	96	Ge	104.375000
554	9	Fa5	F5	340	340	1	8	278	95	96	li	104.500000
555	9	Fa5	F5	340	340	1	8	278	95	96	şi	104.625000
556	9	Re5	D5	327	327	3	8	833	100	96	ne 	105.000000
557	9	Re5	D5	327	327	1	4	556	95	96		105.250000
558	9	Re5	D5	327	327	1	8	278	95	96	se	105.375000
559	9	Re5	D5	327	327	1	8	278	95	96	vi	105.500000
560	9	Re5	D5	327	327	1	8	278	99	96	nir	105.625000
561	9	Si4b4	B4b4	310	310	1	8	278	95	96		105.750000
562	9	Si4b4	B4b4	310	310	1	8	278	99	96	ken  	105.875000
563	9	La4	A4	305	305	1	8	278	95	96		106.000000
564	9	Es	Es	-1	-1	1	4	556	100	0		106.250000
565	9	La4	A4	305	305	1	8	278	95	96	Gi	106.375000
566	9	Si4b4	B4b4	310	310	1	8	278	95	96	di	106.500000
567	9	Do5#4	C5#4	322	322	1	4	556	95	96	şin	106.750000
568	9	Mi5	E5	336	336	1	4	556	95	96	le 	107.000000
569	9	Re5	D5	327	327	1	4	556	95	96	üz	107.250000
570	9	Do5#4	C5#4	322	322	1	8	278	95	96	me 	107.375000
571	9	Si4b4	B4b4	310	310	1	8	278	95	96	be	107.500000
572	9	La4	A4	305	305	1	2	1111	95	96	ni  	108.000000
573	9	Fa5	F5	340	340	3	8	833	95	96	Git	108.375000
574	9	Re5	D5	327	327	1	8	278	95	96	me 	108.500000
575	9	Mi5	E5	336	336	1	4	556	95	96	git	108.750000
576	9	Do5#4	C5#4	322	322	1	4	556	95	96	me 	109.000000
577	9	Re5	D5	327	327	3	8	833	95	96	git	109.375000
578	9	Re5	D5	327	327	1	8	278	95	96	me 	109.500000
579	9	Do5#4	C5#4	322	322	1	8	278	99	96	üz	109.625000
580	9	Si4b4	B4b4	310	310	1	8	278	95	96		109.750000
581	9	La4	A4	305	305	1	4	556	95	96	me 	110.000000
582	9	Mi5	E5	336	336	1	4	556	95	96	üz	110.250000
583	9	Do5#4	C5#4	322	322	1	8	278	95	96	me 	110.375000
584	9	Si4b4	B4b4	310	310	1	8	278	95	96	be	110.500000
585	9	La4	A4	305	305	1	4	556	95	96	ni 	110.750000
586	9	Es	Es	-1	-1	1	4	556	100	0		111.000000
587	9	Si4b4	B4b4	310	310	1	4	556	95	96	üz	111.250000
588	9	La4	A4	305	305	1	4	556	95	96	me  	111.500000
589	9	Si4b4	B4b4	310	310	1	8	278	95	96	SAZ	111.625000
590	9	Si4b4	B4b4	310	310	1	8	278	95	96	.	111.750000
591	9	La4	A4	305	305	1	4	556	95	96	.	112.000000
