Sira	Kod	Nota53	NotaAE	Koma53	KomaAE	Pay	Payda	Ms	LNS	Bas	Soz1	Offset
1	9	La4	A4	305	305	1	8	500	95	96		0.125000
2	9	Re5	D5	327	327	1	4	1000	95	96		0.375000
3	9	Re5	D5	327	327	1	16	250	95	96		0.437500
4	9	Do5#4	C5#4	322	322	1	16	250	95	96		0.500000
5	9	Do5#4	C5#4	322	322	1	16	250	95	96		0.562500
6	9	Si4b4	B4b4	310	310	1	16	250	95	96		0.625000
7	9	Si4b4	B4b4	310	310	1	16	250	95	96		0.687500
8	9	La4	A4	305	305	1	16	250	95	96		0.750000
9	9	La4	A4	305	305	1	4	1000	95	96		1.000000
10	9	Es	Es	-1	-1	1	8	500	100	0		1.125000
11	9	Re5	D5	327	327	1	4	1000	95	96		1.375000
12	9	Mi5	E5	336	336	1	16	250	95	96		1.437500
13	9	Fa5	F5	340	340	1	16	250	95	96		1.500000
14	9	Mi5	E5	336	336	1	16	250	95	96		1.562500
15	9	Re5	D5	327	327	1	16	250	95	96		1.625000
16	9	Do5#4	C5#4	322	322	1	16	250	95	96		1.687500
17	9	Re5	D5	327	327	1	16	250	95	96		1.750000
18	9	Mi5	E5	336	336	1	4	1000	95	96		2.000000
19	9	La4	A4	305	305	1	8	500	95	96		2.125000
20	9	Re5	D5	327	327	1	4	1000	95	96		2.375000
21	9	Mi5	E5	336	336	1	8	500	95	96		2.500000
22	9	Fa5#3	F5#4	343	344	1	8	500	95	96		2.625000
23	9	Sol5	G5	349	349	1	8	500	95	96		2.750000
24	9	La5	A5	358	358	1	16	250	95	96		2.812500
25	9	Si5	B5	367	367	1	16	250	95	96		2.875000
26	9	La5	A5	358	358	1	16	250	95	96		2.937500
27	9	Sol5	G5	349	349	1	16	250	95	96		3.000000
28	9	Fa5#3	F5#4	343	344	3	16	750	95	96		3.187500
29	9	Mi5	E5	336	336	1	16	250	95	96		3.250000
30	9	Mi5	E5	336	336	1	16	250	95	96		3.312500
31	9	Fa5	F5	340	340	1	16	250	95	96		3.375000
32	9	Mi5	E5	336	336	1	16	250	95	96		3.437500
33	9	Re5	D5	327	327	1	16	250	95	96		3.500000
34	9	Re5	D5	327	327	1	2	2000	95	96		4.000000
35	9	Re5	D5	327	327	1	4	1000	95	96		4.250000
36	9	La5	A5	358	358	1	4	1000	95	96		4.500000
37	9	La5	A5	358	358	1	4	1000	95	96		4.750000
38	9	Sol5	G5	349	349	1	8	500	95	96		4.875000
39	9	Fa5#3	F5#4	343	344	1	8	500	95	96		5.000000
40	9	Mi5	E5	336	336	1	8	500	95	96		5.125000
41	9	Re5	D5	327	327	1	8	500	95	96		5.250000
42	9	Mi5	E5	336	336	1	8	500	95	96		5.375000
43	9	Fa5#3	F5#4	343	344	1	8	500	95	96		5.500000
44	9	Sol5	G5	349	349	1	2	2000	95	96		6.000000
45	9	Fa5#3	F5#4	343	344	1	8	500	95	96		6.125000
46	9	Sol5	G5	349	349	1	4	1000	95	96		6.375000
47	9	Sol5	G5	349	349	1	8	500	95	96		6.500000
48	9	Sol5	G5	349	349	1	4	1000	95	96		6.750000
49	9	Fa5#3	F5#4	343	344	1	8	500	95	96		6.875000
50	9	Mi5	E5	336	336	1	8	500	95	96		7.000000
51	9	Mi5	E5	336	336	1	8	500	95	96		7.125000
52	9	Fa5#3	F5#4	343	344	1	8	500	95	96		7.250000
53	9	Sol5	G5	349	349	1	8	500	95	96		7.375000
54	9	La5	A5	358	358	1	16	250	95	96		7.437500
55	9	Si5	B5	367	367	1	16	250	95	96		7.500000
56	9	La5	A5	358	358	1	16	250	95	96		7.562500
57	9	Sol5	G5	349	349	1	16	250	95	96		7.625000
58	9	Fa5#3	F5#4	343	344	1	16	250	95	96		7.687500
59	9	Mi5	E5	336	336	1	16	250	95	96		7.750000
60	9	Re5	D5	327	327	1	4	1000	95	96		8.000000
61	9	Es	Es	-1	-1	1	8	500	100	0		8.125000
62	9	Mi5	E5	336	336	1	4	1000	95	96		8.375000
63	9	Fa5#3	F5#4	343	344	1	8	500	95	96		8.500000
64	9	Sol5	G5	349	349	1	4	1000	95	96		8.750000
65	9	Fa5	F5	340	340	1	8	500	95	96		8.875000
66	9	Mi5	E5	336	336	1	8	500	95	96		9.000000
67	9	Re5	D5	327	327	1	8	500	95	96		9.125000
68	9	Do5#4	C5#4	322	322	1	8	500	95	96		9.250000
69	9	Si4b4	B4b4	310	310	1	8	500	95	96		9.375000
70	9	La4	A4	305	305	1	8	500	95	96		9.500000
71	9	Si4b4	B4b4	310	310	1	16	250	95	96		9.562500
72	9	La4	A4	305	305	1	16	250	95	96		9.625000
73	9	Sol4	G4	296	296	1	16	250	95	96		9.687500
74	9	Fa4#4	F4#4	291	291	1	16	250	95	96		9.750000
75	9	Sol4	G4	296	296	1	4	1000	95	96		10.000000
76	9	La4	A4	305	305	1	8	500	95	96		10.125000
77	9	Si4b4	B4b4	310	310	1	4	1000	95	96		10.375000
78	9	La4	A4	305	305	1	8	500	95	96		10.500000
79	9	Mi5	E5	336	336	1	8	500	95	96		10.625000
80	9	Re5	D5	327	327	1	8	500	95	96		10.750000
81	9	Re5	D5	327	327	1	8	500	95	96		10.875000
82	9	Do5#4	C5#4	322	322	1	8	500	95	96		11.000000
83	9	Do5#4	C5#4	322	322	1	8	500	95	96		11.125000
84	9	Si4b4	B4b4	310	310	1	8	500	95	96		11.250000
85	9	Do5#4	C5#4	322	322	1	16	250	95	96		11.312500
86	9	Si4b4	B4b4	310	310	1	16	250	95	96		11.375000
87	9	Si4b4	B4b4	310	310	1	16	250	95	96		11.437500
88	9	La4	A4	305	305	1	16	250	95	96		11.500000
89	9	La4	A4	305	305	1	2	2000	95	96		12.000000
