Sira	Kod	Nota53	NotaAE	Koma53	KomaAE	Pay	Payda	Ms	LNS	Bas	Soz1	Offset
1	51			0	0	2	4	0	2	0	Nîmsofyan	0.0
2	9	Fa5#4	F5#4	344	344	1	8	312	95	96	1. HANE	0.25
3	9	Sol5	G5	349	349	3	8	938	95	96		1.0
4	9	Sol5	G5	349	349	1	16	156	95	96		1.125
5	9	Fa5#4	F5#4	344	344	1	16	156	95	96		1.25
6	9	Mi5b4	E5b4	332	332	1	16	156	95	96		1.375
7	9	Re5	D5	327	327	1	16	156	95	96		1.5
8	9	Do5	C5	318	318	1	16	156	95	96		1.625
9	9	Si4b1	B4b1	313	313	1	16	156	95	96		1.75
10	9	Do5	C5	318	318	1	8	312	95	96		2.0
11	9	Si4b1	B4b1	313	313	1	16	156	95	96		2.125
12	9	Do5	C5	318	318	1	16	156	95	96		2.25
13	9	Re5	D5	327	327	1	16	156	95	96		2.375
14	9	Mi5b4	E5b4	332	332	1	16	156	95	96		2.5
15	9	Fa5#4	F5#4	344	344	1	16	156	95	96		2.625
16	9	Sol5	G5	349	349	1	16	156	95	96		2.75
17	9	La5b4	A5b4	354	354	1	16	156	95	96		2.875
18	9	Fa5#4	F5#4	344	344	1	16	156	95	96		3.0
19	9	Sol5	G5	349	349	3	8	938	95	96		3.75
20	9	Es	Es	-1	-1	1	8	312	100	0		4.0
21	9	Fa5#4	F5#4	344	344	1	16	156	95	96		4.125
22	9	Sol5	G5	349	349	1	16	156	95	96		4.25
23	9	La5b4	A5b4	354	354	1	16	156	95	96		4.375
24	9	Si5b1	B5b1	366	366	1	16	156	95	96		4.5
25	9	Do6	C6	371	371	1	8	312	95	96		4.75
26	9	Si5b1	B5b1	366	366	1	16	156	95	96		4.875
27	9	La5b4	A5b4	354	354	1	16	156	95	96		5.0
28	9	Sol5	G5	349	349	1	16	156	95	96		5.125
29	9	La5b4	A5b4	354	354	1	16	156	95	96		5.25
30	9	Sol5	G5	349	349	1	16	156	95	96		5.375
31	9	Fa5#4	F5#4	344	344	1	16	156	95	96		5.5
32	9	Mi5b4	E5b4	332	332	1	16	156	95	96		5.625
33	9	Re5	D5	327	327	1	16	156	95	96		5.75
34	9	Mi5b4	E5b4	332	332	1	8	312	95	96		6.0
35	9	Fa5#4	F5#4	344	344	1	24	104	95	96		6.08333333333
36	9	Sol5	G5	349	349	1	24	104	95	96		6.16666666667
37	9	La5b4	A5b4	354	354	1	24	104	95	96		6.25
38	9	Sol5	G5	349	349	1	16	156	95	96		6.375
39	9	Fa5#4	F5#4	344	344	1	16	156	95	96		6.5
40	9	Fa5#4	F5#4	344	344	1	16	156	95	96		6.625
41	9	Mi5b4	E5b4	332	332	1	16	156	95	96		6.75
42	9	Mi5b4	E5b4	332	332	1	16	156	95	96		6.875
43	9	Re5	D5	327	327	1	16	156	95	96		7.0
44	9	Re5	D5	327	327	3	16	469	95	96		7.375
45	9	Mi5b4	E5b4	332	332	1	16	156	95	96		7.5
46	9	Re5	D5	327	327	1	16	156	95	96		7.625
47	9	Fa5#4	F5#4	344	344	1	16	156	95	96		7.75
48	9	Mi5b4	E5b4	332	332	1	16	156	95	96		7.875
49	9	Re5	D5	327	327	1	16	156	95	96		8.0
50	9	Do5	C5	318	318	1	16	156	95	96		8.125
51	9	Si4b1	B4b1	313	313	1	16	156	95	96		8.25
52	9	Do5	C5	318	318	1	16	156	95	96		8.375
53	9	Re5	D5	327	327	1	16	156	95	96		8.5
54	9	Mi5b4	E5b4	332	332	1	16	156	95	96		8.625
55	9	Re5	D5	327	327	1	16	156	95	96		8.75
56	9	Mi5b4	E5b4	332	332	1	16	156	95	96		8.875
57	9	Fa5#4	F5#4	344	344	1	16	156	95	96		9.0
58	9	Sol5	G5	349	349	1	16	156	95	96		9.125
59	9	Fa5#4	F5#4	344	344	1	16	156	95	96		9.25
60	9	Sol5	G5	349	349	1	16	156	95	96		9.375
61	9	La5b4	A5b4	354	354	1	16	156	95	96		9.5
62	9	Si5b1	B5b1	366	366	1	16	156	95	96		9.625
63	9	La5b4	A5b4	354	354	1	16	156	95	96		9.75
64	9	Sol5	G5	349	349	1	16	156	95	96		9.875
65	9	Fa5#4	F5#4	344	344	1	16	156	95	96		10.0
66	9	Sol5	G5	349	349	1	16	156	95	96		10.125
67	9	La5b4	A5b4	354	354	1	16	156	95	96		10.25
68	9	Si5b1	B5b1	366	366	1	16	156	95	96		10.375
69	9	Do6	C6	371	371	1	16	156	95	96		10.5
70	9	Si5b1	B5b1	366	366	1	16	156	95	96		10.625
71	9	Do6	C6	371	371	1	16	156	95	96		10.75
72	9	Si5b1	B5b1	366	366	1	16	156	95	96		10.875
73	9	La5b4	A5b4	354	354	1	16	156	95	96		11.0
74	9	Si5b1	B5b1	366	366	1	16	156	95	96		11.125
75	9	La5b4	A5b4	354	354	1	16	156	95	96		11.25
76	9	Sol5	G5	349	349	1	16	156	95	96		11.375
77	9	Fa5#4	F5#4	344	344	1	16	156	95	96		11.5
78	9	Mi5b4	E5b4	332	332	1	16	156	95	96		11.625
79	9	Re5	D5	327	327	1	16	156	95	96		11.75
80	9	Do5	C5	318	318	1	8	312	95	96		12.0
81	9	Si4b1	B4b1	313	313	1	16	156	95	96		12.125
82	9	Do5	C5	318	318	1	16	156	95	96		12.25
83	9	Re5	D5	327	327	1	16	156	95	96		12.375
84	9	Si4b1	B4b1	313	313	1	16	156	95	96		12.5
85	9	Do5	C5	318	318	3	16	469	95	96		12.875
86	9	Re5	D5	327	327	1	16	156	95	96		13.0
87	9	Mi5b4	E5b4	332	332	3	16	469	95	96		13.375
88	9	Fa5#4	F5#4	344	344	1	16	156	95	96		13.5
89	9	Sol5	G5	349	349	1	8	312	95	96		13.75
90	9	Fa5#4	F5#4	344	344	1	16	156	95	96		13.875
91	9	Mi5b4	E5b4	332	332	1	16	156	95	96		14.0
92	9	Re5	D5	327	327	1	16	156	95	96		14.125
93	9	Do5	C5	318	318	1	16	156	95	96		14.25
94	9	Do5	C5	318	318	1	16	156	95	96		14.375
95	9	Si4b1	B4b1	313	313	1	16	156	95	96		14.5
96	9	Si4b1	B4b1	313	313	1	16	156	95	96		14.625
97	9	La4b4	A4b4	301	301	1	16	156	95	96		14.75
98	9	La4b4	A4b4	301	301	1	16	156	95	96		14.875
99	9	Sol4	G4	296	296	1	16	156	95	96		15.0
100	9	Sol4	G4	296	296	3	8	938	95	96		15.75
101	9	Es	Es	-1	-1	1	8	312	100	0		16.0
102	9	Si5b1	B5b1	366	366	1	16	156	95	96	2. HANE	16.125
103	9	La5b4	A5b4	354	354	1	16	156	95	96		16.25
104	9	La5b4	A5b4	354	354	1	16	156	95	96		16.375
105	9	Sol5	G5	349	349	1	16	156	95	96		16.5
106	9	Sol5	G5	349	349	1	16	156	95	96		16.625
107	9	Fa5#4	F5#4	344	344	1	16	156	95	96		16.75
108	9	Fa5#4	F5#4	344	344	1	16	156	95	96		16.875
109	9	Mi5b4	E5b4	332	332	1	16	156	95	96		17.0
110	9	Fa5#4	F5#4	344	344	1	8	312	95	96		17.25
111	9	Sol5	G5	349	349	1	4	625	95	96		17.75
112	9	Fa5#4	F5#4	344	344	1	16	156	95	96		17.875
113	9	Mi5b4	E5b4	332	332	1	16	156	95	96		18.0
114	9	Re5	D5	327	327	1	16	156	95	96		18.125
115	9	Mi5b4	E5b4	332	332	1	16	156	95	96		18.25
116	9	Fa5#4	F5#4	344	344	1	4	625	95	96		18.75
117	9	Mi5b4	E5b4	332	332	1	16	156	95	96		18.875
118	9	Re5	D5	327	327	1	16	156	95	96		19.0
119	9	Fa5#4	F5#4	344	344	1	24	104	95	96		19.0833333333
120	9	Sol5	G5	349	349	1	24	104	95	96		19.1666666667
121	9	La5b4	A5b4	354	354	1	24	104	95	96		19.25
122	9	Sol5	G5	349	349	1	16	156	95	96		19.375
123	9	Fa5#4	F5#4	344	344	1	16	156	95	96		19.5
124	9	Mi5b4	E5b4	332	332	1	16	156	95	96		19.625
125	9	Re5	D5	327	327	1	16	156	95	96		19.75
126	9	Do5	C5	318	318	1	8	312	95	96		20.0
127	9	Si5b1	B5b1	366	366	1	16	156	95	96		20.125
128	9	La5b4	A5b4	354	354	1	16	156	95	96		20.25
129	9	La5b4	A5b4	354	354	1	16	156	95	96		20.375
130	9	Sol5	G5	349	349	1	16	156	95	96		20.5
131	9	Sol5	G5	349	349	1	16	156	95	96		20.625
132	9	Fa5#4	F5#4	344	344	1	16	156	95	96		20.75
133	9	Fa5#4	F5#4	344	344	1	16	156	95	96		20.875
134	9	Mi5b4	E5b4	332	332	1	16	156	95	96		21.0
135	9	Fa5#4	F5#4	344	344	1	8	312	95	96		21.25
136	9	Sol5	G5	349	349	1	4	625	95	96		21.75
137	9	Fa5#4	F5#4	344	344	1	16	156	95	96		21.875
138	9	Mi5b4	E5b4	332	332	1	16	156	95	96		22.0
139	9	Sol5	G5	349	349	1	16	156	95	96		22.125
140	9	La5b4	A5b4	354	354	1	16	156	95	96		22.25
141	9	Si5b1	B5b1	366	366	1	16	156	95	96		22.375
142	9	Do6	C6	371	371	1	16	156	95	96		22.5
143	9	Re6	D6	380	380	1	16	156	95	96		22.625
144	9	Do6	C6	371	371	1	16	156	95	96		22.75
145	9	Si5b1	B5b1	366	366	1	16	156	95	96		22.875
146	9	La5b4	A5b4	354	354	1	16	156	95	96		23.0
147	9	Sol5	G5	349	349	3	8	938	95	96		23.75
148	9	Es	Es	-1	-1	1	8	312	100	0		24.0
149	9	Si5b1	B5b1	366	366	1	16	156	95	96		24.125
150	9	La5b4	A5b4	354	354	1	16	156	95	96		24.25
151	9	La5b4	A5b4	354	354	1	16	156	95	96		24.375
152	9	Sol5	G5	349	349	1	16	156	95	96		24.5
153	9	Sol5	G5	349	349	1	16	156	95	96		24.625
154	9	Fa5#4	F5#4	344	344	1	16	156	95	96		24.75
155	9	Fa5#4	F5#4	344	344	1	16	156	95	96		24.875
156	9	Mi5b4	E5b4	332	332	1	16	156	95	96		25.0
157	9	Fa5#4	F5#4	344	344	1	8	312	95	96		25.25
158	9	Sol5	G5	349	349	1	4	625	95	96		25.75
159	9	Fa5#4	F5#4	344	344	1	16	156	95	96		25.875
160	9	Mi5b4	E5b4	332	332	1	16	156	95	96		26.0
161	9	Re5	D5	327	327	1	16	156	95	96		26.125
162	9	Mi5b4	E5b4	332	332	1	16	156	95	96		26.25
163	9	Fa5#4	F5#4	344	344	1	4	625	95	96		26.75
164	9	Mi5b4	E5b4	332	332	1	16	156	95	96		26.875
165	9	Re5	D5	327	327	1	16	156	95	96		27.0
166	9	Fa5#4	F5#4	344	344	1	24	104	95	96		27.0833333333
167	9	Sol5	G5	349	349	1	24	104	95	96		27.1666666667
168	9	La5b4	A5b4	354	354	1	24	104	95	96		27.25
169	9	Sol5	G5	349	349	1	16	156	95	96		27.375
170	9	Fa5#4	F5#4	344	344	1	16	156	95	96		27.5
171	9	Mi5b4	E5b4	332	332	1	16	156	95	96		27.625
172	9	Re5	D5	327	327	1	16	156	95	96		27.75
173	9	Do5	C5	318	318	1	8	312	95	96		28.0
174	9	Si4b1	B4b1	313	313	1	16	156	95	96		28.125
175	9	Do5	C5	318	318	1	16	156	95	96		28.25
176	9	Re5	D5	327	327	1	16	156	95	96		28.375
177	9	Si4b1	B4b1	313	313	1	16	156	95	96		28.5
178	9	Do5	C5	318	318	3	16	469	95	96		28.875
179	9	Re5	D5	327	327	1	16	156	95	96		29.0
180	9	Mi5b4	E5b4	332	332	3	16	469	95	96		29.375
181	9	Fa5#4	F5#4	344	344	1	16	156	95	96		29.5
182	9	Sol5	G5	349	349	1	8	312	95	96		29.75
183	9	Fa5#4	F5#4	344	344	1	16	156	95	96		29.875
184	9	Mi5b4	E5b4	332	332	1	16	156	95	96		30.0
185	9	Re5	D5	327	327	1	16	156	95	96		30.125
186	9	Do5	C5	318	318	1	16	156	95	96		30.25
187	9	Do5	C5	318	318	1	16	156	95	96		30.375
188	9	Si4b1	B4b1	313	313	1	16	156	95	96		30.5
189	9	Si4b1	B4b1	313	313	1	16	156	95	96		30.625
190	9	La4b4	A4b4	301	301	1	16	156	95	96		30.75
191	9	La4b4	A4b4	301	301	1	16	156	95	96		30.875
192	9	Sol4	G4	296	296	1	16	156	95	96		31.0
193	9	Sol4	G4	296	296	3	8	938	95	96		31.75
194	9	Es	Es	-1	-1	1	8	312	100	0		32.0
195	9	Sol4	G4	296	296	1	8	312	95	96	3. HANE	32.25
196	9	Do5	C5	318	318	1	8	312	95	96		32.5
197	9	Do5	C5	318	318	3	32	234	95	96		32.6875
198	9	Si4b1	B4b1	313	313	1	32	78	95	96		32.75
199	9	Do5	C5	318	318	1	16	156	95	96		32.875
200	9	Mi5b4	E5b4	332	332	1	16	156	95	96		33.0
201	9	Re5	D5	327	327	3	32	234	95	96		33.1875
202	9	Do5#4	C5#4	322	322	1	32	78	95	96		33.25
203	9	Re5	D5	327	327	1	16	156	95	96		33.375
204	9	Fa5#4	F5#4	344	344	1	16	156	95	96		33.5
205	9	Mi5b4	E5b4	332	332	1	16	156	95	96		33.625
206	9	Re5	D5	327	327	1	16	156	95	96		33.75
207	9	Mi5b4	E5b4	332	332	1	16	156	95	96		33.875
208	9	Do5	C5	318	318	1	16	156	95	96		34.0
209	9	Re5	D5	327	327	1	16	156	95	96		34.125
210	9	Mi5b4	E5b4	332	332	1	16	156	95	96		34.25
211	9	Fa5#4	F5#4	344	344	1	16	156	95	96		34.375
212	9	Sol5	G5	349	349	1	16	156	95	96		34.5
213	9	La5b4	A5b4	354	354	1	16	156	95	96		34.625
214	9	Sol5	G5	349	349	1	16	156	95	96		34.75
215	9	Fa5#4	F5#4	344	344	1	16	156	95	96		34.875
216	9	Re5#4	D5#4	331	331	1	16	156	95	96		35.0
217	9	Re5	D5	327	327	1	16	156	95	96		35.125
218	9	Do5	C5	318	318	1	16	156	95	96		35.25
219	9	Re5	D5	327	327	1	16	156	95	96		35.375
220	9	Mi5b4	E5b4	332	332	1	16	156	95	96		35.5
221	9	Re5	D5	327	327	1	16	156	95	96		35.625
222	9	Do5	C5	318	318	1	16	156	95	96		35.75
223	9	Si4b1	B4b1	313	313	1	16	156	95	96		35.875
224	9	La4b4	A4b4	301	301	1	16	156	95	96		36.0
225	9	Sol4	G4	296	296	1	8	312	95	96		36.25
226	9	Do5	C5	318	318	1	8	312	95	96		36.5
227	9	Do5	C5	318	318	3	32	234	95	96		36.6875
228	9	Si4b1	B4b1	313	313	1	32	78	95	96		36.75
229	9	Do5	C5	318	318	1	16	156	95	96		36.875
230	9	Mi5b4	E5b4	332	332	1	16	156	95	96		37.0
231	9	Re5	D5	327	327	3	32	234	95	96		37.1875
232	9	Do5#4	C5#4	322	322	1	32	78	95	96		37.25
233	9	Re5	D5	327	327	1	16	156	95	96		37.375
234	9	Fa5#4	F5#4	344	344	1	16	156	95	96		37.5
235	9	Mi5b4	E5b4	332	332	1	16	156	95	96		37.625
236	9	Re5	D5	327	327	1	16	156	95	96		37.75
237	9	Mi5b4	E5b4	332	332	1	16	156	95	96		37.875
238	9	Do5	C5	318	318	1	16	156	95	96		38.0
239	9	Re5	D5	327	327	1	16	156	95	96		38.125
240	9	Mi5b4	E5b4	332	332	1	16	156	95	96		38.25
241	9	Fa5#4	F5#4	344	344	1	16	156	95	96		38.375
242	9	Sol5	G5	349	349	1	16	156	95	96		38.5
243	9	Fa5#4	F5#4	344	344	1	16	156	95	96		38.625
244	9	Mi5b4	E5b4	332	332	1	16	156	95	96		38.75
245	9	Re5	D5	327	327	1	16	156	95	96		38.875
246	9	Fa5#4	F5#4	344	344	1	16	156	95	96		39.0
247	9	Mi5b4	E5b4	332	332	3	8	938	95	96		39.75
248	9	Mi5b4	E5b4	332	332	1	16	156	95	96		39.875
249	9	Re5	D5	327	327	1	16	156	95	96		40.0
250	9	Re5	D5	327	327	1	16	156	95	96		40.125
251	9	Mi5b4	E5b4	332	332	1	16	156	95	96		40.25
252	9	Fa5#4	F5#4	344	344	1	16	156	95	96		40.375
253	9	Sol5	G5	349	349	1	16	156	95	96		40.5
254	9	La5b4	A5b4	354	354	1	16	156	95	96		40.625
255	9	Sol5	G5	349	349	1	16	156	95	96		40.75
256	9	Fa5#4	F5#4	344	344	1	16	156	95	96		40.875
257	9	La5b4	A5b4	354	354	1	16	156	95	96		41.0
258	9	Sol5	G5	349	349	3	8	938	95	96		41.75
259	9	Fa5#4	F5#4	344	344	1	16	156	95	96		41.875
260	9	Mi5b4	E5b4	332	332	1	16	156	95	96		42.0
261	9	Fa5#4	F5#4	344	344	1	16	156	95	96		42.125
262	9	Sol5	G5	349	349	1	16	156	95	96		42.25
263	9	La5b4	A5b4	354	354	1	16	156	95	96		42.375
264	9	Do6	C6	371	371	1	16	156	95	96		42.5
265	9	Si5b1	B5b1	366	366	1	16	156	95	96		42.625
266	9	La5b4	A5b4	354	354	1	16	156	95	96		42.75
267	9	Sol5	G5	349	349	1	16	156	95	96		42.875
268	9	Fa5#4	F5#4	344	344	1	16	156	95	96		43.0
269	9	Si5b1	B5b1	366	366	1	16	156	95	96		43.125
270	9	La5b4	A5b4	354	354	1	16	156	95	96		43.25
271	9	Sol5	G5	349	349	1	16	156	95	96		43.375
272	9	Fa5#4	F5#4	344	344	1	16	156	95	96		43.5
273	9	Mi5b4	E5b4	332	332	1	16	156	95	96		43.625
274	9	Re5	D5	327	327	1	16	156	95	96		43.75
275	9	Do5	C5	318	318	1	8	312	95	96		44.0
276	9	Si4b1	B4b1	313	313	1	16	156	95	96		44.125
277	9	Do5	C5	318	318	1	16	156	95	96		44.25
278	9	Re5	D5	327	327	1	16	156	95	96		44.375
279	9	Si4b1	B4b1	313	313	1	16	156	95	96		44.5
280	9	Do5	C5	318	318	3	16	469	95	96		44.875
281	9	Re5	D5	327	327	1	16	156	95	96		45.0
282	9	Mi5b4	E5b4	332	332	3	16	469	95	96		45.375
283	9	Fa5#4	F5#4	344	344	1	16	156	95	96		45.5
284	9	Sol5	G5	349	349	1	8	312	95	96		45.75
285	9	Fa5#4	F5#4	344	344	1	16	156	95	96		45.875
286	9	Mi5b4	E5b4	332	332	1	16	156	95	96		46.0
287	9	Re5	D5	327	327	1	16	156	95	96		46.125
288	9	Do5	C5	318	318	1	16	156	95	96		46.25
289	9	Do5	C5	318	318	1	16	156	95	96		46.375
290	9	Si4b1	B4b1	313	313	1	16	156	95	96		46.5
291	9	Si4b1	B4b1	313	313	1	16	156	95	96		46.625
292	9	La4b4	A4b4	301	301	1	16	156	95	96		46.75
293	9	La4b4	A4b4	301	301	1	16	156	95	96		46.875
294	9	Sol4	G4	296	296	1	16	156	95	96		47.0
295	9	Sol4	G4	296	296	3	8	938	95	96		47.75
296	9	Es	Es	-1	-1	1	8	312	100	0		48.0
297	9	Si5b1	B5b1	366	366	1	16	156	95	96	2. HANE	48.125
298	9	La5b4	A5b4	354	354	1	16	156	95	96		48.25
299	9	La5b4	A5b4	354	354	1	16	156	95	96		48.375
300	9	Sol5	G5	349	349	1	16	156	95	96		48.5
301	9	Sol5	G5	349	349	1	16	156	95	96		48.625
302	9	Fa5#4	F5#4	344	344	1	16	156	95	96		48.75
303	9	Fa5#4	F5#4	344	344	1	16	156	95	96		48.875
304	9	Mi5b4	E5b4	332	332	1	16	156	95	96		49.0
305	9	Fa5#4	F5#4	344	344	1	8	312	95	96		49.25
306	9	Sol5	G5	349	349	1	4	625	95	96		49.75
307	9	Fa5#4	F5#4	344	344	1	16	156	95	96		49.875
308	9	Mi5b4	E5b4	332	332	1	16	156	95	96		50.0
309	9	Re5	D5	327	327	1	16	156	95	96		50.125
310	9	Mi5b4	E5b4	332	332	1	16	156	95	96		50.25
311	9	Fa5#4	F5#4	344	344	1	4	625	95	96		50.75
312	9	Mi5b4	E5b4	332	332	1	16	156	95	96		50.875
313	9	Re5	D5	327	327	1	16	156	95	96		51.0
314	9	Fa5#4	F5#4	344	344	1	24	104	95	96		51.0833333333
315	9	Sol5	G5	349	349	1	24	104	95	96		51.1666666667
316	9	La5b4	A5b4	354	354	1	24	104	95	96		51.25
317	9	Sol5	G5	349	349	1	16	156	95	96		51.375
318	9	Fa5#4	F5#4	344	344	1	16	156	95	96		51.5
319	9	Mi5b4	E5b4	332	332	1	16	156	95	96		51.625
320	9	Re5	D5	327	327	1	16	156	95	96		51.75
321	9	Do5	C5	318	318	1	8	312	95	96		52.0
322	9	Si5b1	B5b1	366	366	1	16	156	95	96		52.125
323	9	La5b4	A5b4	354	354	1	16	156	95	96		52.25
324	9	La5b4	A5b4	354	354	1	16	156	95	96		52.375
325	9	Sol5	G5	349	349	1	16	156	95	96		52.5
326	9	Sol5	G5	349	349	1	16	156	95	96		52.625
327	9	Fa5#4	F5#4	344	344	1	16	156	95	96		52.75
328	9	Fa5#4	F5#4	344	344	1	16	156	95	96		52.875
329	9	Mi5b4	E5b4	332	332	1	16	156	95	96		53.0
330	9	Fa5#4	F5#4	344	344	1	8	312	95	96		53.25
331	9	Sol5	G5	349	349	1	4	625	95	96		53.75
332	9	Fa5#4	F5#4	344	344	1	16	156	95	96		53.875
333	9	Mi5b4	E5b4	332	332	1	16	156	95	96		54.0
334	9	Sol5	G5	349	349	1	16	156	95	96		54.125
335	9	La5b4	A5b4	354	354	1	16	156	95	96		54.25
336	9	Si5b1	B5b1	366	366	1	16	156	95	96		54.375
337	9	Do6	C6	371	371	1	16	156	95	96		54.5
338	9	Re6	D6	380	380	1	16	156	95	96		54.625
339	9	Do6	C6	371	371	1	16	156	95	96		54.75
340	9	Si5b1	B5b1	366	366	1	16	156	95	96		54.875
341	9	La5b4	A5b4	354	354	1	16	156	95	96		55.0
342	9	Sol5	G5	349	349	3	8	938	95	96		55.75
343	9	Es	Es	-1	-1	1	8	312	100	0		56.0
344	9	Si5b1	B5b1	366	366	1	16	156	95	96		56.125
345	9	La5b4	A5b4	354	354	1	16	156	95	96		56.25
346	9	La5b4	A5b4	354	354	1	16	156	95	96		56.375
347	9	Sol5	G5	349	349	1	16	156	95	96		56.5
348	9	Sol5	G5	349	349	1	16	156	95	96		56.625
349	9	Fa5#4	F5#4	344	344	1	16	156	95	96		56.75
350	9	Fa5#4	F5#4	344	344	1	16	156	95	96		56.875
351	9	Mi5b4	E5b4	332	332	1	16	156	95	96		57.0
352	9	Fa5#4	F5#4	344	344	1	8	312	95	96		57.25
353	9	Sol5	G5	349	349	1	4	625	95	96		57.75
354	9	Fa5#4	F5#4	344	344	1	16	156	95	96		57.875
355	9	Mi5b4	E5b4	332	332	1	16	156	95	96		58.0
356	9	Re5	D5	327	327	1	16	156	95	96		58.125
357	9	Mi5b4	E5b4	332	332	1	16	156	95	96		58.25
358	9	Fa5#4	F5#4	344	344	1	4	625	95	96		58.75
359	9	Mi5b4	E5b4	332	332	1	16	156	95	96		58.875
360	9	Re5	D5	327	327	1	16	156	95	96		59.0
361	9	Fa5#4	F5#4	344	344	1	24	104	95	96		59.0833333333
362	9	Sol5	G5	349	349	1	24	104	95	96		59.1666666667
363	9	La5b4	A5b4	354	354	1	24	104	95	96		59.25
364	9	Sol5	G5	349	349	1	16	156	95	96		59.375
365	9	Fa5#4	F5#4	344	344	1	16	156	95	96		59.5
366	9	Mi5b4	E5b4	332	332	1	16	156	95	96		59.625
367	9	Re5	D5	327	327	1	16	156	95	96		59.75
368	9	Do5	C5	318	318	1	8	312	95	96		60.0
369	9	Si4b1	B4b1	313	313	1	16	156	95	96		60.125
370	9	Do5	C5	318	318	1	16	156	95	96		60.25
371	9	Re5	D5	327	327	1	16	156	95	96		60.375
372	9	Si4b1	B4b1	313	313	1	16	156	95	96		60.5
373	9	Do5	C5	318	318	3	16	469	95	96		60.875
374	9	Re5	D5	327	327	1	16	156	95	96		61.0
375	9	Mi5b4	E5b4	332	332	3	16	469	95	96		61.375
376	9	Fa5#4	F5#4	344	344	1	16	156	95	96		61.5
377	9	Sol5	G5	349	349	1	8	312	95	96		61.75
378	9	Fa5#4	F5#4	344	344	1	16	156	95	96		61.875
379	9	Mi5b4	E5b4	332	332	1	16	156	95	96		62.0
380	9	Re5	D5	327	327	1	16	156	95	96		62.125
381	9	Do5	C5	318	318	1	16	156	95	96		62.25
382	9	Do5	C5	318	318	1	16	156	95	96		62.375
383	9	Si4b1	B4b1	313	313	1	16	156	95	96		62.5
384	9	Si4b1	B4b1	313	313	1	16	156	95	96		62.625
385	9	La4b4	A4b4	301	301	1	16	156	95	96		62.75
386	9	La4b4	A4b4	301	301	1	16	156	95	96		62.875
387	9	Sol4	G4	296	296	1	16	156	95	96		63.0
388	9	Sol4	G4	296	296	3	8	938	95	96		63.75
389	9	Es	Es	-1	-1	1	8	312	100	0		64.0
390	9	Fa5	F5	340	340	1	8	312	95	96	4. HANE	64.25
391	9	Sol5	G5	349	349	1	4	625	95	96		64.75
392	9	Fa5	F5	340	340	1	16	156	95	96		64.875
393	9	Mi5b1	E5b1	335	335	1	16	156	95	96		65.0
394	9	Do6	C6	371	371	1	16	156	95	96		65.125
395	9	Si5b1	B5b1	366	366	1	16	156	95	96		65.25
396	9	La5b4	A5b4	354	354	1	16	156	95	96		65.375
397	9	Sol5	G5	349	349	1	16	156	95	96		65.5
398	9	Fa5	F5	340	340	1	16	156	95	96		65.625
399	9	Mi5b1	E5b1	335	335	1	16	156	95	96		65.75
400	9	Re5	D5	327	327	1	8	312	95	96		66.0
401	9	Mi5b1	E5b1	335	335	1	16	156	95	96		66.125
402	9	Fa5	F5	340	340	1	16	156	95	96		66.25
403	9	Sol5	G5	349	349	1	16	156	95	96		66.375
404	9	La5b4	A5b4	354	354	1	16	156	95	96		66.5
405	9	Fa5#4	F5#4	344	344	1	16	156	95	96		66.625
406	9	Sol5	G5	349	349	1	16	156	95	96		66.75
407	9	La5b4	A5b4	354	354	1	16	156	95	96		66.875
408	9	Fa5#4	F5#4	344	344	1	16	156	95	96		67.0
409	9	Sol5	G5	349	349	3	8	938	95	96		67.75
410	9	Es	Es	-1	-1	1	8	312	100	0		68.0
411	9	Fa5	F5	340	340	1	16	156	95	96		68.125
412	9	Sol5	G5	349	349	1	16	156	95	96		68.25
413	9	La5	A5	358	358	1	16	156	95	96		68.375
414	9	Si5b5	B5b5	362	362	1	16	156	95	96		68.5
415	9	Si5b5	B5b5	362	362	1	16	156	95	96		68.625
416	9	La5	A5	358	358	1	16	156	95	96		68.75
417	9	La5	A5	358	358	1	16	156	95	96		68.875
418	9	Sol5	G5	349	349	1	16	156	95	96		69.0
419	9	Sol5	G5	349	349	1	16	156	95	96		69.125
420	9	Fa5	F5	340	340	1	16	156	95	96		69.25
421	9	La5	A5	358	358	1	16	156	95	96		69.375
422	9	Sol5	G5	349	349	1	16	156	95	96		69.5
423	9	Fa5	F5	340	340	1	16	156	95	96		69.625
424	9	Mi5b1	E5b1	335	335	1	16	156	95	96		69.75
425	9	Mi5b1	E5b1	335	335	1	16	156	95	96		69.875
426	9	Re5	D5	327	327	1	16	156	95	96		70.0
427	9	Re5	D5	327	327	1	16	156	95	96		70.125
428	9	Do5	C5	318	318	1	16	156	95	96		70.25
429	9	Sol5	G5	349	349	1	16	156	95	96		70.375
430	9	Fa5	F5	340	340	1	16	156	95	96		70.5
431	9	Fa5	F5	340	340	1	16	156	95	96		70.625
432	9	Mi5b1	E5b1	335	335	1	16	156	95	96		70.75
433	9	Mi5b1	E5b1	335	335	1	16	156	95	96		70.875
434	9	Re5	D5	327	327	1	16	156	95	96		71.0
435	9	Re5	D5	327	327	3	16	469	95	96		71.375
436	9	Mi5b4	E5b4	332	332	1	16	156	95	96		71.5
437	9	Re5	D5	327	327	1	16	156	95	96		71.625
438	9	Fa5#4	F5#4	344	344	1	16	156	95	96		71.75
439	9	Mi5b4	E5b4	332	332	1	16	156	95	96		71.875
440	9	Re5	D5	327	327	1	16	156	95	96		72.0
441	9	Do5	C5	318	318	1	16	156	95	96		72.125
442	9	Si4b1	B4b1	313	313	1	16	156	95	96		72.25
443	9	Do5	C5	318	318	1	16	156	95	96		72.375
444	9	Re5	D5	327	327	1	16	156	95	96		72.5
445	9	Mi5b4	E5b4	332	332	1	16	156	95	96		72.625
446	9	Re5	D5	327	327	1	16	156	95	96		72.75
447	9	Mi5b4	E5b4	332	332	1	16	156	95	96		72.875
448	9	Fa5#4	F5#4	344	344	1	16	156	95	96		73.0
449	9	Sol5	G5	349	349	1	16	156	95	96		73.125
450	9	Fa5#4	F5#4	344	344	1	16	156	95	96		73.25
451	9	Sol5	G5	349	349	1	16	156	95	96		73.375
452	9	La5b4	A5b4	354	354	1	16	156	95	96		73.5
453	9	Si5b1	B5b1	366	366	1	16	156	95	96		73.625
454	9	La5b4	A5b4	354	354	1	16	156	95	96		73.75
455	9	Sol5	G5	349	349	1	16	156	95	96		73.875
456	9	Fa5#4	F5#4	344	344	1	16	156	95	96		74.0
457	9	Sol5	G5	349	349	1	16	156	95	96		74.125
458	9	La5b4	A5b4	354	354	1	16	156	95	96		74.25
459	9	Si5b1	B5b1	366	366	1	16	156	95	96		74.375
460	9	Do6	C6	371	371	1	16	156	95	96		74.5
461	9	Si5b1	B5b1	366	366	1	16	156	95	96		74.625
462	9	Do6	C6	371	371	1	16	156	95	96		74.75
463	9	Si5b1	B5b1	366	366	1	16	156	95	96		74.875
464	9	La5b4	A5b4	354	354	1	16	156	95	96		75.0
465	9	Si5b1	B5b1	366	366	1	16	156	95	96		75.125
466	9	La5b4	A5b4	354	354	1	16	156	95	96		75.25
467	9	Sol5	G5	349	349	1	16	156	95	96		75.375
468	9	Fa5#4	F5#4	344	344	1	16	156	95	96		75.5
469	9	Mi5b4	E5b4	332	332	1	16	156	95	96		75.625
470	9	Re5	D5	327	327	1	16	156	95	96		75.75
471	9	Do5	C5	318	318	1	8	312	95	96		76.0
472	9	Si4b1	B4b1	313	313	1	16	156	95	96		76.125
473	9	Do5	C5	318	318	1	16	156	95	96		76.25
474	9	Re5	D5	327	327	1	16	156	95	96		76.375
475	9	Si4b1	B4b1	313	313	1	16	156	95	96		76.5
476	9	Do5	C5	318	318	3	16	469	95	96		76.875
477	9	Re5	D5	327	327	1	16	156	95	96		77.0
478	9	Mi5b4	E5b4	332	332	3	16	469	95	96		77.375
479	9	Fa5#4	F5#4	344	344	1	16	156	95	96		77.5
480	9	Sol5	G5	349	349	1	8	312	95	96		77.75
481	9	Fa5#4	F5#4	344	344	1	16	156	95	96		77.875
482	9	Mi5b4	E5b4	332	332	1	16	156	95	96		78.0
483	9	Re5	D5	327	327	1	16	156	95	96		78.125
484	9	Do5	C5	318	318	1	16	156	95	96		78.25
485	9	Do5	C5	318	318	1	16	156	95	96		78.375
486	9	Si4b1	B4b1	313	313	1	16	156	95	96		78.5
487	9	Si4b1	B4b1	313	313	1	16	156	95	96		78.625
488	9	La4b4	A4b4	301	301	1	16	156	95	96		78.75
489	9	La4b4	A4b4	301	301	1	16	156	95	96		78.875
490	9	Sol4	G4	296	296	1	16	156	95	96		79.0
491	9	Sol4	G4	296	296	3	8	938	95	96		79.75
492	9	Es	Es	-1	-1	1	8	312	100	0		80.0
493	9	Si5b1	B5b1	366	366	1	16	156	95	96	2. HANE	80.125
494	9	La5b4	A5b4	354	354	1	16	156	95	96		80.25
495	9	La5b4	A5b4	354	354	1	16	156	95	96		80.375
496	9	Sol5	G5	349	349	1	16	156	95	96		80.5
497	9	Sol5	G5	349	349	1	16	156	95	96		80.625
498	9	Fa5#4	F5#4	344	344	1	16	156	95	96		80.75
499	9	Fa5#4	F5#4	344	344	1	16	156	95	96		80.875
500	9	Mi5b4	E5b4	332	332	1	16	156	95	96		81.0
501	9	Fa5#4	F5#4	344	344	1	8	312	95	96		81.25
502	9	Sol5	G5	349	349	1	4	625	95	96		81.75
503	9	Fa5#4	F5#4	344	344	1	16	156	95	96		81.875
504	9	Mi5b4	E5b4	332	332	1	16	156	95	96		82.0
505	9	Re5	D5	327	327	1	16	156	95	96		82.125
506	9	Mi5b4	E5b4	332	332	1	16	156	95	96		82.25
507	9	Fa5#4	F5#4	344	344	1	4	625	95	96		82.75
508	9	Mi5b4	E5b4	332	332	1	16	156	95	96		82.875
509	9	Re5	D5	327	327	1	16	156	95	96		83.0
510	9	Fa5#4	F5#4	344	344	1	24	104	95	96		83.0833333333
511	9	Sol5	G5	349	349	1	24	104	95	96		83.1666666667
512	9	La5b4	A5b4	354	354	1	24	104	95	96		83.25
513	9	Sol5	G5	349	349	1	16	156	95	96		83.375
514	9	Fa5#4	F5#4	344	344	1	16	156	95	96		83.5
515	9	Mi5b4	E5b4	332	332	1	16	156	95	96		83.625
516	9	Re5	D5	327	327	1	16	156	95	96		83.75
517	9	Do5	C5	318	318	1	8	312	95	96		84.0
518	9	Si5b1	B5b1	366	366	1	16	156	95	96		84.125
519	9	La5b4	A5b4	354	354	1	16	156	95	96		84.25
520	9	La5b4	A5b4	354	354	1	16	156	95	96		84.375
521	9	Sol5	G5	349	349	1	16	156	95	96		84.5
522	9	Sol5	G5	349	349	1	16	156	95	96		84.625
523	9	Fa5#4	F5#4	344	344	1	16	156	95	96		84.75
524	9	Fa5#4	F5#4	344	344	1	16	156	95	96		84.875
525	9	Mi5b4	E5b4	332	332	1	16	156	95	96		85.0
526	9	Fa5#4	F5#4	344	344	1	8	312	95	96		85.25
527	9	Sol5	G5	349	349	1	4	625	95	96		85.75
528	9	Fa5#4	F5#4	344	344	1	16	156	95	96		85.875
529	9	Mi5b4	E5b4	332	332	1	16	156	95	96		86.0
530	9	Sol5	G5	349	349	1	16	156	95	96		86.125
531	9	La5b4	A5b4	354	354	1	16	156	95	96		86.25
532	9	Si5b1	B5b1	366	366	1	16	156	95	96		86.375
533	9	Do6	C6	371	371	1	16	156	95	96		86.5
534	9	Re6	D6	380	380	1	16	156	95	96		86.625
535	9	Do6	C6	371	371	1	16	156	95	96		86.75
536	9	Si5b1	B5b1	366	366	1	16	156	95	96		86.875
537	9	La5b4	A5b4	354	354	1	16	156	95	96		87.0
538	9	Sol5	G5	349	349	3	8	938	95	96		87.75
539	9	Es	Es	-1	-1	1	8	312	100	0		88.0
540	9	Si5b1	B5b1	366	366	1	16	156	95	96		88.125
541	9	La5b4	A5b4	354	354	1	16	156	95	96		88.25
542	9	La5b4	A5b4	354	354	1	16	156	95	96		88.375
543	9	Sol5	G5	349	349	1	16	156	95	96		88.5
544	9	Sol5	G5	349	349	1	16	156	95	96		88.625
545	9	Fa5#4	F5#4	344	344	1	16	156	95	96		88.75
546	9	Fa5#4	F5#4	344	344	1	16	156	95	96		88.875
547	9	Mi5b4	E5b4	332	332	1	16	156	95	96		89.0
548	9	Fa5#4	F5#4	344	344	1	8	312	95	96		89.25
549	9	Sol5	G5	349	349	1	4	625	95	96		89.75
550	9	Fa5#4	F5#4	344	344	1	16	156	95	96		89.875
551	9	Mi5b4	E5b4	332	332	1	16	156	95	96		90.0
552	9	Re5	D5	327	327	1	16	156	95	96		90.125
553	9	Mi5b4	E5b4	332	332	1	16	156	95	96		90.25
554	9	Fa5#4	F5#4	344	344	1	4	625	95	96		90.75
555	9	Mi5b4	E5b4	332	332	1	16	156	95	96		90.875
556	9	Re5	D5	327	327	1	16	156	95	96		91.0
557	9	Fa5#4	F5#4	344	344	1	24	104	95	96		91.0833333333
558	9	Sol5	G5	349	349	1	24	104	95	96		91.1666666667
559	9	La5b4	A5b4	354	354	1	24	104	95	96		91.25
560	9	Sol5	G5	349	349	1	16	156	95	96		91.375
561	9	Fa5#4	F5#4	344	344	1	16	156	95	96		91.5
562	9	Mi5b4	E5b4	332	332	1	16	156	95	96		91.625
563	9	Re5	D5	327	327	1	16	156	95	96		91.75
564	9	Do5	C5	318	318	1	8	312	95	96		92.0
565	9	Si4b1	B4b1	313	313	1	16	156	95	96		92.125
566	9	Do5	C5	318	318	1	16	156	95	96		92.25
567	9	Re5	D5	327	327	1	16	156	95	96		92.375
568	9	Si4b1	B4b1	313	313	1	16	156	95	96		92.5
569	9	Do5	C5	318	318	3	16	469	95	96		92.875
570	9	Re5	D5	327	327	1	16	156	95	96		93.0
571	9	Mi5b4	E5b4	332	332	3	16	469	95	96		93.375
572	9	Fa5#4	F5#4	344	344	1	16	156	95	96		93.5
573	9	Sol5	G5	349	349	1	8	312	95	96		93.75
574	9	Fa5#4	F5#4	344	344	1	16	156	95	96		93.875
575	9	Mi5b4	E5b4	332	332	1	16	156	95	96		94.0
576	9	Re5	D5	327	327	1	16	156	95	96		94.125
577	9	Do5	C5	318	318	1	16	156	95	96		94.25
578	9	Do5	C5	318	318	1	16	156	95	96		94.375
579	9	Si4b1	B4b1	313	313	1	16	156	95	96		94.5
580	9	Si4b1	B4b1	313	313	1	16	156	95	96		94.625
581	9	La4b4	A4b4	301	301	1	16	156	95	96		94.75
582	9	La4b4	A4b4	301	301	1	16	156	95	96		94.875
583	9	Sol4	G4	296	296	1	16	156	95	96		95.0
584	9	Sol4	G4	296	296	3	8	938	95	96		95.75
585	9	Es	Es	-1	-1	1	8	312	100	0		96.0
