Sira	Kod	Nota53	NotaAE	Koma53	KomaAE	Pay	Payda	Ms	LNS	Bas	Soz1	Offset
1	9	Do5#4	C5#4	322	322	1	8	476	95	96	Dî	0.200000
2	9	Re5	D5	327	327	1	8	476	95	96	vâ	0.400000
3	9	Mi5	E5	336	336	1	8	476	95	96	ne 	0.600000
4	24	Fa5	F5	340	340	1	4	952	95	96	â	1.000000
5	10	Fa5	F5	340	340	1	8	476	95	96	şık 	1.200000
6	8	Sol5	G5	349	349	0	0	0	95	96		1.200000
7	9	Fa5	F5	340	340	1	16	238	99	96	gi	1.300000
8	9	Mi5	E5	336	336	1	16	238	95	96		1.400000
9	24	Re5	D5	327	327	1	4	952	95	96	bi 	1.800000
10	9	Re5	D5	327	327	1	8	476	95	96	de 	2.000000
11	9	Re5	D5	327	327	1	8	476	95	96	do	2.200000
12	9	Re5	D5	327	327	1	8	476	95	96	la	2.400000
13	9	Re5	D5	327	327	1	8	476	95	96	şı	2.600000
14	24	Re5	D5	327	327	1	4	952	95	96	rım 	3.000000
15	9	Re5	D5	327	327	3	32	357	99	96	yol	3.150000
16	9	Mi5	E5	336	336	1	32	119	95	96		3.200000
17	9	Re5	D5	327	327	1	16	238	99	96	lar	3.300000
18	9	Do5#4	C5#4	322	322	1	16	238	95	96		3.400000
19	9	Si4b4	B4b4	310	310	1	4	952	99	96	da  	3.800000
20	9	La4	A4	305	305	1	8	476	95	96		4.000000
21	9	Do5#4	C5#4	322	322	1	8	476	95	96	Dî	4.200000
22	9	Re5	D5	327	327	1	8	476	95	96	vâ	4.400000
23	9	Mi5	E5	336	336	1	8	476	95	96	ne 	4.600000
24	24	Fa5	F5	340	340	1	4	952	95	96	â	5.000000
25	10	Fa5	F5	340	340	1	8	476	95	96	şık 	5.200000
26	8	Sol5	G5	349	349	0	0	0	95	96		5.200000
27	9	Fa5	F5	340	340	1	16	238	99	96	gi	5.300000
28	9	Mi5	E5	336	336	1	16	238	95	96		5.400000
29	24	Re5	D5	327	327	1	4	952	95	96	bi 	5.800000
30	9	Re5	D5	327	327	1	8	476	95	96	de 	6.000000
31	9	Re5	D5	327	327	1	8	476	95	96	do	6.200000
32	9	Re5	D5	327	327	1	8	476	95	96	la	6.400000
33	9	Re5	D5	327	327	1	8	476	95	96	şı	6.600000
34	24	Re5	D5	327	327	1	4	952	95	96	rım 	7.000000
35	9	Re5	D5	327	327	3	32	357	99	96	yol	7.150000
36	9	Mi5	E5	336	336	1	32	119	95	96		7.200000
37	9	Re5	D5	327	327	1	16	238	99	96	lar	7.300000
38	9	Do5#4	C5#4	322	322	1	16	238	95	96		7.400000
39	9	Si4b4	B4b4	310	310	1	4	952	99	96	da  	7.800000
40	9	La4	A4	305	305	1	8	476	95	96		8.000000
41	9	Do5#4	C5#4	322	322	1	8	476	95	96	Kız 	8.200000
42	9	Re5	D5	327	327	1	8	476	95	96	se	8.400000
43	9	Re5	D5	327	327	1	8	476	95	96	nun 	8.600000
44	24	Re5	D5	327	327	1	4	952	95	96	se	9.000000
45	9	Re5	D5	327	327	1	16	238	99	96	be	9.100000
46	9	Mi5	E5	336	336	1	16	238	95	96		9.200000
47	9	Re5	D5	327	327	1	16	238	99	96	bi	9.300000
48	9	Do5#4	C5#4	322	322	1	16	238	95	96		9.400000
49	9	Si4b4	B4b4	310	310	1	4	952	99	96	ne 	9.800000
50	9	La4	A4	305	305	1	8	476	95	96		10.000000
51	9	Mi5	E5	336	336	1	8	476	95	96	yâr 	10.200000
52	9	Re5	D5	327	327	1	8	476	95	96	se	10.400000
53	9	Re5	D5	327	327	1	8	476	95	96	nun 	10.600000
54	24	Re5	D5	327	327	1	4	952	95	96	se	11.000000
55	9	Re5	D5	327	327	3	32	357	99	96	be	11.150000
56	9	Mi5	E5	336	336	1	32	119	95	96		11.200000
57	9	Re5	D5	327	327	1	16	238	99	96	bi	11.300000
58	9	Do5#4	C5#4	322	322	1	16	238	95	96		11.400000
59	9	Si4b4	B4b4	310	310	1	4	952	99	96	ne 	11.800000
60	9	La4	A4	305	305	1	8	476	95	96		12.000000
61	9	La4	A4	305	305	1	8	476	95	96	kal	12.200000
62	9	La4	A4	305	305	1	8	476	95	96	dım_	12.400000
63	9	Si4b4	B4b4	310	310	1	8	476	95	96	İs	12.600000
64	9	Do5#4	C5#4	322	322	1	4	952	95	96	tan	13.000000
65	9	Si4b4	B4b4	310	310	1	4	952	95	96	bul	13.400000
66	9	La4	A4	305	305	1	8	476	95	96	lar	13.600000
67	9	La4	A4	305	305	1	4	952	95	96	da 	14.000000
68	9	La4	A4	305	305	1	8	476	95	96	kal	14.200000
69	9	La4	A4	305	305	1	8	476	95	96	dım_	14.400000
70	9	La4	A4	305	305	1	8	476	95	96	İs	14.600000
71	9	La4	A4	305	305	1	4	952	95	96	tan	15.000000
72	10	La4	A4	305	305	1	4	952	95	96	bul  	15.400000
73	8	Sol4	G4	296	296	0	0	0	95	96		15.400000
74	9	Es	Es	-1	-1	1	4	952	100	0		15.800000
75	9	Es	Es	-1	-1	1	8	476	100	0		16.000000
76	9	Do5#4	C5#4	322	322	1	8	476	95	96	Kız 	16.200000
77	9	Re5	D5	327	327	1	8	476	95	96	se	16.400000
78	9	Re5	D5	327	327	1	8	476	95	96	nun 	16.600000
79	24	Re5	D5	327	327	1	4	952	95	96	se	17.000000
80	9	Re5	D5	327	327	1	16	238	99	96	be	17.100000
81	9	Mi5	E5	336	336	1	16	238	95	96		17.200000
82	9	Re5	D5	327	327	1	16	238	99	96	bi	17.300000
83	9	Do5#4	C5#4	322	322	1	16	238	95	96		17.400000
84	9	Si4b4	B4b4	310	310	1	4	952	99	96	ne 	17.800000
85	9	La4	A4	305	305	1	8	476	95	96		18.000000
86	9	Mi5	E5	336	336	1	8	476	95	96	yâr 	18.200000
87	9	Re5	D5	327	327	1	8	476	95	96	se	18.400000
88	9	Re5	D5	327	327	1	8	476	95	96	nun 	18.600000
89	24	Re5	D5	327	327	1	4	952	95	96	se	19.000000
90	9	Re5	D5	327	327	3	32	357	99	96	be	19.150000
91	9	Mi5	E5	336	336	1	32	119	95	96		19.200000
92	9	Re5	D5	327	327	1	16	238	99	96	bi	19.300000
93	9	Do5#4	C5#4	322	322	1	16	238	95	96		19.400000
94	9	Si4b4	B4b4	310	310	1	4	952	99	96	ne 	19.800000
95	9	La4	A4	305	305	1	8	476	95	96		20.000000
96	9	La4	A4	305	305	1	8	476	95	96	kal	20.200000
97	9	La4	A4	305	305	1	8	476	95	96	dım_	20.400000
98	9	Si4b4	B4b4	310	310	1	8	476	95	96	İs	20.600000
99	9	Do5#4	C5#4	322	322	1	4	952	95	96	tan	21.000000
100	9	Si4b4	B4b4	310	310	1	4	952	95	96	bul	21.400000
101	9	La4	A4	305	305	1	8	476	95	96	lar	21.600000
102	9	La4	A4	305	305	1	4	952	95	96	da 	22.000000
103	9	La4	A4	305	305	1	8	476	95	96	kal	22.200000
104	9	La4	A4	305	305	1	8	476	95	96	dım_	22.400000
105	9	La4	A4	305	305	1	8	476	95	96	İs	22.600000
106	9	La4	A4	305	305	1	4	952	95	96	tan	23.000000
107	10	La4	A4	305	305	1	4	952	95	96	bul  	23.400000
108	8	Sol4	G4	296	296	0	0	0	95	96		23.400000
109	9	Es	Es	-1	-1	1	4	952	100	0		23.800000
110	9	Es	Es	-1	-1	1	8	476	100	0		24.000000
111	9	Do5#4	C5#4	322	322	1	8	476	95	96	Dî	24.200000
112	9	Re5	D5	327	327	1	8	476	95	96	vâ	24.400000
113	9	Mi5	E5	336	336	1	8	476	95	96	ne 	24.600000
114	24	Fa5	F5	340	340	1	4	952	95	96	â	25.000000
115	10	Fa5	F5	340	340	1	8	476	95	96	şık 	25.200000
116	8	Sol5	G5	349	349	0	0	0	95	96		25.200000
117	9	Fa5	F5	340	340	1	16	238	99	96	gi	25.300000
118	9	Mi5	E5	336	336	1	16	238	95	96		25.400000
119	24	Re5	D5	327	327	1	4	952	95	96	bi 	25.800000
120	9	Re5	D5	327	327	1	8	476	95	96	de 	26.000000
121	9	Re5	D5	327	327	1	8	476	95	96	do	26.200000
122	9	Re5	D5	327	327	1	8	476	95	96	la	26.400000
123	9	Re5	D5	327	327	1	8	476	95	96	şı	26.600000
124	24	Re5	D5	327	327	1	4	952	95	96	rım 	27.000000
125	9	Re5	D5	327	327	3	32	357	99	96	yol	27.150000
126	9	Mi5	E5	336	336	1	32	119	95	96		27.200000
127	9	Re5	D5	327	327	1	16	238	99	96	lar	27.300000
128	9	Do5#4	C5#4	322	322	1	16	238	95	96		27.400000
129	9	Si4b4	B4b4	310	310	1	4	952	99	96	da  	27.800000
130	9	La4	A4	305	305	1	8	476	95	96		28.000000
131	9	Do5#4	C5#4	322	322	1	8	476	95	96	Dî	28.200000
132	9	Re5	D5	327	327	1	8	476	95	96	vâ	28.400000
133	9	Mi5	E5	336	336	1	8	476	95	96	ne 	28.600000
134	24	Fa5	F5	340	340	1	4	952	95	96	â	29.000000
135	10	Fa5	F5	340	340	1	8	476	95	96	şık 	29.200000
136	8	Sol5	G5	349	349	0	0	0	95	96		29.200000
137	9	Fa5	F5	340	340	1	16	238	99	96	gi	29.300000
138	9	Mi5	E5	336	336	1	16	238	95	96		29.400000
139	24	Re5	D5	327	327	1	4	952	95	96	bi 	29.800000
140	9	Re5	D5	327	327	1	8	476	95	96	de 	30.000000
141	9	Re5	D5	327	327	1	8	476	95	96	do	30.200000
142	9	Re5	D5	327	327	1	8	476	95	96	la	30.400000
143	9	Re5	D5	327	327	1	8	476	95	96	şı	30.600000
144	24	Re5	D5	327	327	1	4	952	95	96	rım 	31.000000
145	9	Re5	D5	327	327	3	32	357	99	96	yol	31.150000
146	9	Mi5	E5	336	336	1	32	119	95	96		31.200000
147	9	Re5	D5	327	327	1	16	238	99	96	lar	31.300000
148	9	Do5#4	C5#4	322	322	1	16	238	95	96		31.400000
149	9	Si4b4	B4b4	310	310	1	4	952	99	96	da  	31.800000
150	9	La4	A4	305	305	1	8	476	95	96		32.000000
151	9	Do5#4	C5#4	322	322	1	8	476	95	96	Kız 	32.200000
152	9	Re5	D5	327	327	1	8	476	95	96	se	32.400000
153	9	Re5	D5	327	327	1	8	476	95	96	nun 	32.600000
154	24	Re5	D5	327	327	1	4	952	95	96	se	33.000000
155	9	Re5	D5	327	327	1	16	238	99	96	be	33.100000
156	9	Mi5	E5	336	336	1	16	238	95	96		33.200000
157	9	Re5	D5	327	327	1	16	238	99	96	bi	33.300000
158	9	Do5#4	C5#4	322	322	1	16	238	95	96		33.400000
159	9	Si4b4	B4b4	310	310	1	4	952	99	96	ne 	33.800000
160	9	La4	A4	305	305	1	8	476	95	96		34.000000
161	9	Mi5	E5	336	336	1	8	476	95	96	yâr 	34.200000
162	9	Re5	D5	327	327	1	8	476	95	96	se	34.400000
163	9	Re5	D5	327	327	1	8	476	95	96	nun 	34.600000
164	24	Re5	D5	327	327	1	4	952	95	96	se	35.000000
165	9	Re5	D5	327	327	3	32	357	99	96	be	35.150000
166	9	Mi5	E5	336	336	1	32	119	95	96		35.200000
167	9	Re5	D5	327	327	1	16	238	99	96	bi	35.300000
168	9	Do5#4	C5#4	322	322	1	16	238	95	96		35.400000
169	9	Si4b4	B4b4	310	310	1	4	952	99	96	ne 	35.800000
170	9	La4	A4	305	305	1	8	476	95	96		36.000000
171	9	La4	A4	305	305	1	8	476	95	96	kal	36.200000
172	9	La4	A4	305	305	1	8	476	95	96	dım_	36.400000
173	9	Si4b4	B4b4	310	310	1	8	476	95	96	İs	36.600000
174	9	Do5#4	C5#4	322	322	1	4	952	95	96	tan	37.000000
175	9	Si4b4	B4b4	310	310	1	4	952	95	96	bul	37.400000
176	9	La4	A4	305	305	1	8	476	95	96	lar	37.600000
177	9	La4	A4	305	305	1	4	952	95	96	da 	38.000000
178	9	La4	A4	305	305	1	8	476	95	96	kal	38.200000
179	9	La4	A4	305	305	1	8	476	95	96	dım_	38.400000
180	9	La4	A4	305	305	1	8	476	95	96	İs	38.600000
181	9	La4	A4	305	305	1	4	952	95	96	tan	39.000000
182	10	La4	A4	305	305	1	4	952	95	96	bul  	39.400000
183	8	Sol4	G4	296	296	0	0	0	95	96		39.400000
184	9	Es	Es	-1	-1	1	4	952	100	0		39.800000
185	9	Es	Es	-1	-1	1	8	476	100	0		40.000000
186	9	Do5#4	C5#4	322	322	1	8	476	95	96	Kız 	40.200000
187	9	Re5	D5	327	327	1	8	476	95	96	se	40.400000
188	9	Re5	D5	327	327	1	8	476	95	96	nun 	40.600000
189	24	Re5	D5	327	327	1	4	952	95	96	se	41.000000
190	9	Re5	D5	327	327	1	16	238	99	96	be	41.100000
191	9	Mi5	E5	336	336	1	16	238	95	96		41.200000
192	9	Re5	D5	327	327	1	16	238	99	96	bi	41.300000
193	9	Do5#4	C5#4	322	322	1	16	238	95	96		41.400000
194	9	Si4b4	B4b4	310	310	1	4	952	99	96	ne 	41.800000
195	9	La4	A4	305	305	1	8	476	95	96		42.000000
196	9	Mi5	E5	336	336	1	8	476	95	96	yâr 	42.200000
197	9	Re5	D5	327	327	1	8	476	95	96	se	42.400000
198	9	Re5	D5	327	327	1	8	476	95	96	nun 	42.600000
199	24	Re5	D5	327	327	1	4	952	95	96	se	43.000000
200	9	Re5	D5	327	327	3	32	357	99	96	be	43.150000
201	9	Mi5	E5	336	336	1	32	119	95	96		43.200000
202	9	Re5	D5	327	327	1	16	238	99	96	bi	43.300000
203	9	Do5#4	C5#4	322	322	1	16	238	95	96		43.400000
204	9	Si4b4	B4b4	310	310	1	4	952	99	96	ne 	43.800000
205	9	La4	A4	305	305	1	8	476	95	96		44.000000
206	9	La4	A4	305	305	1	8	476	95	96	kal	44.200000
207	9	La4	A4	305	305	1	8	476	95	96	dım_	44.400000
208	9	Si4b4	B4b4	310	310	1	8	476	95	96	İs	44.600000
209	9	Do5#4	C5#4	322	322	1	4	952	95	96	tan	45.000000
210	9	Si4b4	B4b4	310	310	1	4	952	95	96	bul	45.400000
211	9	La4	A4	305	305	1	8	476	95	96	lar	45.600000
212	9	La4	A4	305	305	1	4	952	95	96	da 	46.000000
213	9	La4	A4	305	305	1	8	476	95	96	kal	46.200000
214	9	La4	A4	305	305	1	8	476	95	96	dım_	46.400000
215	9	La4	A4	305	305	1	8	476	95	96	İs	46.600000
216	9	La4	A4	305	305	1	4	952	95	96	tan	47.000000
217	10	La4	A4	305	305	1	4	952	95	96	bul  	47.400000
218	8	Sol4	G4	296	296	0	0	0	95	96		47.400000
219	9	Es	Es	-1	-1	1	4	952	100	0		47.800000
220	9	Es	Es	-1	-1	1	8	476	100	0		48.000000
