Sýra	Kod	Nota53	NotaAE	Koma53	KomaAE	Pay	Payda	Ms	LNS	VelOn	Söz-1
1	9	La4	A4	305	305	3	16	536	95	96	ARANAÐME 
2	9	Si4b4	B4b4	310	310	1	16	179	95	90	.
3	9	Do5#4	C5#4	322	322	1	8	357	95	96	.
4	9	Re5	D5	327	327	1	8	357	95	96	.
5	9	Do5#4	C5#4	322	322	1	8	357	95	96	.
6	9	Si4b4	B4b4	310	310	1	8	357	95	96	.
7	9	La4	A4	305	305	1	8	357	95	96	.
8	9	Sol4	G4	296	296	1	8	357	95	96	.
9	9	Do5#4	C5#4	322	322	1	8	357	95	96	.
10	9	Re5	D5	327	327	1	16	179	95	96	.
11	9	Mi5	E5	336	336	1	16	179	95	90	.
12	9	Fa5	F5	340	340	1	16	179	95	96	.
13	9	Mi5	E5	336	336	1	16	179	95	90	.
14	9	Re5	D5	327	327	1	16	179	95	96	.
15	9	Do5#4	C5#4	322	322	1	16	179	95	90	.
16	9	Re5	D5	327	327	1	16	179	95	96	.
17	9	Re5	D5	327	327	1	16	179	95	90	.
18	9	Do5	C5	318	318	1	16	179	95	96	.
19	9	Si4	B4	314	314	1	16	179	95	90	.
20	9	La4	A4	305	305	1	16	179	95	96	.
21	9	Sol4	G4	296	296	1	16	179	95	90	.
22	9	Fa4#4	F4#4	291	291	1	16	179	95	96	.
23	9	Mi4	E4	283	283	1	16	179	95	90	.
24	9	Re4	D4	274	274	1	4	714	95	96	.
25	9	Do5#4	C5#4	322	322	1	8	357	95	96	.
26	9	Re5	D5	327	327	1	8	357	95	96	.
27	9	Mi5	E5	336	336	1	8	357	95	96	.
28	9	Fa5#4	F5#4	344	344	1	8	357	95	96	.
29	9	Sol5	G5	349	349	3	16	536	95	96	.
30	9	Fa5#4	F5#4	344	344	1	16	179	95	90	.
31	9	Mi5	E5	336	336	1	8	357	95	96	.
32	9	Sol5	G5	349	349	1	8	357	95	96	.
33	9	Fa5	F5	340	340	3	16	536	95	96	.
34	9	Mi5	E5	336	336	1	16	179	95	90	.
35	9	Mi5	E5	336	336	1	16	179	95	96	.
36	9	Re5	D5	327	327	1	16	179	95	90	.
37	9	Re5	D5	327	327	1	16	179	95	96	.
38	9	Do5#4	C5#4	322	322	1	16	179	95	90	.
39	9	Re5	D5	327	327	1	4	714	95	96	.
40	9	Sol4	G4	296	296	1	16	179	95	96	.
41	9	La4	A4	305	305	1	16	179	95	90	.
42	9	Si4b4	B4b4	310	310	1	16	179	95	96	.
43	9	Do5#4	C5#4	322	322	1	16	179	95	90	.
44	9	Re5	D5	327	327	1	4	714	95	96	.
45	9	Do5#4	C5#4	322	322	1	8	357	95	96	.
46	9	Re5	D5	327	327	1	8	357	95	96	.
47	9	Mi5	E5	336	336	1	8	357	95	96	.
48	9	Fa5#4	F5#4	344	344	1	8	357	95	96	.
49	9	Sol5	G5	349	349	3	16	536	95	96	.
50	9	Fa5#4	F5#4	344	344	1	16	179	95	90	.
51	9	Mi5	E5	336	336	1	8	357	95	96	.
52	9	Sol5	G5	349	349	1	8	357	95	96	.
53	9	Fa5	F5	340	340	3	16	536	95	96	.
54	9	Mi5	E5	336	336	1	16	179	95	90	.
55	9	Re5	D5	327	327	1	8	357	95	96	.
56	9	Fa5	F5	340	340	1	8	357	95	96	.
57	9	Mi5	E5	336	336	1	8	357	95	96	.
58	9	Re5	D5	327	327	1	8	357	95	96	.
59	9	Do5#4	C5#4	322	322	1	8	357	95	96	.
60	9	Si4b4	B4b4	310	310	1	8	357	95	96	.
61	9	La4	A4	305	305	1	8	357	95	96	.
62	9	Sol4	G4	296	296	1	8	357	95	96	.
63	9	La4	A4	305	305	1	8	357	95	96	.
64	9	Si4b4	B4b4	310	310	1	4	714	95	96	.
65	9	La4	A4	305	305	1	8	357	95	96	.
66	9	Mi5	E5	336	336	1	24	119	95	96	.
67	9	Fa5#4	F5#4	344	344	1	24	119	95	90	.
68	9	Sol5	G5	349	349	1	24	119	95	96	.
69	9	La5	A5	358	358	1	8	357	95	96	.
70	9	Sol5	G5	349	349	1	24	119	95	96	.
71	9	Fa5	F5	340	340	1	24	119	95	90	.
72	9	Mi5	E5	336	336	1	24	119	95	96	.
73	9	Re5	D5	327	327	1	8	357	95	96	.
74	9	Do5#4	C5#4	322	322	3	16	536	95	96	.
75	9	Si4b4	B4b4	310	310	1	16	179	95	90	.
76	9	Do5#4	C5#4	322	322	1	16	179	95	96	.
77	9	Si4b4	B4b4	310	310	1	16	179	95	90	.
78	9	Si4b4	B4b4	310	310	1	16	179	95	96	.
79	9	La4	A4	305	305	1	16	179	95	90	.
80	9	La4	A4	305	305	3	16	536	95	96	.
81	9	Fa5	F5	340	340	1	16	179	95	90	.
82	9	Mi5	E5	336	336	1	16	179	95	96	.
83	9	Re5	D5	327	327	1	16	179	95	90	.
84	9	Do5#4	C5#4	322	322	1	16	179	95	96	.
85	9	Si4b4	B4b4	310	310	1	16	179	95	90	.
86	9	La4	A4	305	305	1	8	357	95	96	.
87	9	Sol4	G4	296	296	1	8	357	95	96	.
88	9	La4	A4	305	305	3	16	536	95	96	ARANAÐME 
89	9	Si4b4	B4b4	310	310	1	16	179	95	90	.
90	9	Do5#4	C5#4	322	322	1	8	357	95	96	.
91	9	Re5	D5	327	327	1	8	357	95	96	.
92	9	Do5#4	C5#4	322	322	1	8	357	95	96	.
93	9	Si4b4	B4b4	310	310	1	8	357	95	96	.
94	9	La4	A4	305	305	1	8	357	95	96	.
95	9	Sol4	G4	296	296	1	8	357	95	96	.
96	9	Do5#4	C5#4	322	322	1	8	357	95	96	.
97	9	Re5	D5	327	327	1	16	179	95	96	.
98	9	Mi5	E5	336	336	1	16	179	95	90	.
99	9	Fa5	F5	340	340	1	16	179	95	96	.
100	9	Mi5	E5	336	336	1	16	179	95	90	.
101	9	Re5	D5	327	327	1	16	179	95	96	.
102	9	Do5#4	C5#4	322	322	1	16	179	95	90	.
103	9	Re5	D5	327	327	1	16	179	95	96	.
104	9	Re5	D5	327	327	1	16	179	95	90	.
105	9	Do5	C5	318	318	1	16	179	95	96	.
106	9	Si4	B4	314	314	1	16	179	95	90	.
107	9	La4	A4	305	305	1	16	179	95	96	.
108	9	Sol4	G4	296	296	1	16	179	95	90	.
109	9	Fa4#4	F4#4	291	291	1	16	179	95	96	.
110	9	Mi4	E4	283	283	1	16	179	95	90	.
111	9	Re4	D4	274	274	1	4	714	95	96	.
112	9	Do5#4	C5#4	322	322	1	8	357	95	96	.
113	9	Re5	D5	327	327	1	8	357	95	96	.
114	9	Mi5	E5	336	336	1	8	357	95	96	.
115	9	Fa5#4	F5#4	344	344	1	8	357	95	96	.
116	9	Sol5	G5	349	349	3	16	536	95	96	.
117	9	Fa5#4	F5#4	344	344	1	16	179	95	90	.
118	9	Mi5	E5	336	336	1	8	357	95	96	.
119	9	Sol5	G5	349	349	1	8	357	95	96	.
120	9	Fa5	F5	340	340	3	16	536	95	96	.
121	9	Mi5	E5	336	336	1	16	179	95	90	.
122	9	Mi5	E5	336	336	1	16	179	95	96	.
123	9	Re5	D5	327	327	1	16	179	95	90	.
124	9	Re5	D5	327	327	1	16	179	95	96	.
125	9	Do5#4	C5#4	322	322	1	16	179	95	90	.
126	9	Re5	D5	327	327	1	4	714	95	96	.
127	9	Sol4	G4	296	296	1	16	179	95	96	.
128	9	La4	A4	305	305	1	16	179	95	90	.
129	9	Si4b4	B4b4	310	310	1	16	179	95	96	.
130	9	Do5#4	C5#4	322	322	1	16	179	95	90	.
131	9	Re5	D5	327	327	1	4	714	95	96	.
132	9	Do5#4	C5#4	322	322	1	8	357	95	96	.
133	9	Re5	D5	327	327	1	8	357	95	96	.
134	9	Mi5	E5	336	336	1	8	357	95	96	.
135	9	Fa5#4	F5#4	344	344	1	8	357	95	96	.
136	9	Sol5	G5	349	349	3	16	536	95	96	.
137	9	Fa5#4	F5#4	344	344	1	16	179	95	90	.
138	9	Mi5	E5	336	336	1	8	357	95	96	.
139	9	Sol5	G5	349	349	1	8	357	95	96	.
140	9	Fa5	F5	340	340	3	16	536	95	96	.
141	9	Mi5	E5	336	336	1	16	179	95	90	.
142	9	Re5	D5	327	327	1	8	357	95	96	.
143	9	Fa5	F5	340	340	1	8	357	95	96	.
144	9	Mi5	E5	336	336	1	8	357	95	96	.
145	9	Re5	D5	327	327	1	8	357	95	96	.
146	9	Do5#4	C5#4	322	322	1	8	357	95	96	.
147	9	Si4b4	B4b4	310	310	1	8	357	95	96	.
148	9	La4	A4	305	305	1	8	357	95	96	.
149	9	Sol4	G4	296	296	1	8	357	95	96	.
150	9	La4	A4	305	305	1	8	357	95	96	.
151	9	Si4b4	B4b4	310	310	1	4	714	95	96	.
152	9	La4	A4	305	305	1	8	357	95	96	.
153	9	Mi5	E5	336	336	1	24	119	95	96	.
154	9	Fa5#4	F5#4	344	344	1	24	119	95	90	.
155	9	Sol5	G5	349	349	1	24	119	95	96	.
156	9	La5	A5	358	358	1	8	357	95	96	.
157	9	Sol5	G5	349	349	1	24	119	95	96	.
158	9	Fa5	F5	340	340	1	24	119	95	90	.
159	9	Mi5	E5	336	336	1	24	119	95	96	.
160	9	Re5	D5	327	327	1	8	357	95	96	.
161	9	Do5#4	C5#4	322	322	3	16	536	95	96	.
162	9	Si4b4	B4b4	310	310	1	16	179	95	90	.
163	9	Do5#4	C5#4	322	322	1	16	179	95	96	.
164	9	Si4b4	B4b4	310	310	1	16	179	95	90	.
165	9	Si4b4	B4b4	310	310	1	16	179	95	96	.
166	9	La4	A4	305	305	1	16	179	95	90	.
167	9	La4	A4	305	305	3	16	536	95	96	.
168	9	Fa5	F5	340	340	1	16	179	95	90	.
169	9	Mi5	E5	336	336	1	16	179	95	96	.
170	9	Re5	D5	327	327	1	16	179	95	90	.
171	9	Do5#4	C5#4	322	322	1	16	179	95	96	.
172	9	Si4b4	B4b4	310	310	1	16	179	95	90	.
173	9	La4	A4	305	305	7	8	2500	95	96	.  
174	9	Re5  	D5	327	327	1	4	714	95	96	Bir 
175	9	Mi5  	E5	336	336	1	8	357	95	96	ni
176	9	Mi5  	E5	336	336	1	2	1429	95	96	gâh_
177	9	Fa5  	F5	340	340	3	16	536	99	96	et 
178	9	Mi5  	E5	336	336	1	16	179	99	90	
179	9	Re5  	D5	327	327	1	8	357	99	96	
180	9	Mi5  	E5	336	336	1	8	357	99	96	
181	9	Fa5  	F5	340	340	1	8	357	99	96	
182	9	So5  	G	349	349	1	8	357	99	96	
183	9	Mi5  	E5	336	336	1	8	357	99	96	
184	9	Re5  	D5	327	327	1	8	357	99	96	
185	9	Do5#4	C5#4	322	322	1	8	357	99	96	
186	9	Si4b4	B4b4	310	310	1	8	357	99	96	
187	9	La4  	A4	305	305	1	4	714	95	96	
188	9	Mi5  	E5	336	336	1	8	357	95	96	ne 
189	9	Mi5  	E5	336	336	1	16	179	99	96	o
190	9	Re5  	D5	327	327	1	16	179	95	90	
191	9	Do5#4	C5#4	322	322	3	16	536	99	96	lur 
192	9	Si4b4	B4b4	310	310	1	16	179	99	90	
193	9	Do5#4	C5#4	322	322	1	16	179	99	96	
194	9	Si4b4	B4b4	310	310	1	16	179	99	90	
195	9	Si4b4	B4b4	310	310	1	16	179	99	96	
196	9	La4	A4	305	305	1	16	179	95	90	
197	9	La4  	A4	305	305	3	8	1071	99	96	ha
198	9	So4  	G	296	296	1	8	357	99	96	
199	9	La4  	A4	305	305	1	8	357	99	96	
200	9	Si4b4	B4b4	310	310	1	16	179	99	96	
201	9	La4	A4	305	305	1	16	179	99	90	
202	9	La4  	A4	305	305	3	4	2143	95	96	
203	9	La5  	A5	358	358	1	8	357	95	96	li
204	9	La5  	A5	358	358	1	16	179	99	96	me 
205	9	So5  	G	349	349	1	16	179	95	90	
206	9	Fa5#4	F5#4	344	344	3	16	536	99	96	ey 
207	9	Mi5  	E5	336	336	1	16	179	99	90	
208	9	Re5  	D5	327	327	1	4	714	95	96	
209	9	Mi5  	E5	336	336	1	8	357	99	96	gon
210	9	Fa5#4	F5#4	344	344	1	8	357	99	96	
211	9	So5  	G	349	349	1	8	357	99	96	
212	9	La5  	A5	358	358	1	8	357	99	96	
213	9	Si5  	B5	367	367	1	8	357	99	96	
214	9	La5  	A5	358	358	1	8	357	99	96	
215	9	La5  	A5	358	358	1	8	357	99	96	
216	9	So5  	G	349	349	1	4	714	99	96	
217	9	Fa5#4	F5#4	344	344	1	8	357	99	96	
218	9	Fa5#4	F5#4	344	344	1	8	357	99	96	
219	9	Mi5  	E5	336	336	1	8	357	95	96	
220	9	So5  	G	349	349	1	8	357	95	96	ca 
221	9	Fa5#4	F5#4	344	344	1	16	179	99	96	de
222	9	Mi5	E5	336	336	1	16	179	95	90	
223	9	Mi5  	E5	336	336	1	2	1429	95	96	hen 
224	9	Mi5  	E5	336	336	1	8	357	95	96	SAZ
225	9	Fa5  	F5	340	340	1	16	179	95	96	.
226	9	So5  	G	349	349	1	16	179	95	90	.
227	9	Fa5  	F5	340	340	1	16	179	95	96	.
228	9	Mi5  	E5	336	336	1	16	179	95	90	.
229	9	Re5  	D5	327	327	1	8	357	95	96	.
230	9	Do5#4	C5#4	322	322	1	8	357	95	96	.
231	9	Re5  	D5	327	327	1	8	357	95	96	.
232	9	Mi5  	E5	336	336	1	4	714	95	96	.
233	9	La4  	A4	305	305	1	16	179	95	96	.
234	9	Si4b4	B4b4	310	310	1	16	179	95	90	.
235	9	Do5#4	C5#4	322	322	1	16	179	95	96	.
236	9	Re5  	D5	327	327	1	16	179	95	90	.
237	9	Mi5  	E5	336	336	1	8	357	95	96	.
238	9	Re5  	D5	327	327	1	4	714	95	96	Göz 
239	9	Mi5  	E5	336	336	1	8	357	95	96	göz_
240	9	Mi5  	E5	336	336	1	2	1429	95	96	ol
241	9	Fa5  	F5	340	340	3	16	536	99	96	du 
242	9	Mi5  	E5	336	336	1	16	179	99	90	
243	9	Re5  	D5	327	327	1	4	714	99	96	
244	9	La5  	A5	358	358	1	4	714	99	96	
245	9	La5  	A5	358	358	1	8	357	99	96	
246	9	So5  	G	349	349	1	8	357	99	96	
247	9	Fa5  	F5	340	340	1	8	357	99	96	
248	9	Mi5  	E5	336	336	1	8	357	99	96	
249	9	Re5  	D5	327	327	1	4	714	95	96	
250	9	Mi5  	E5	336	336	1	8	357	95	96	yü
251	9	Fa5  	F5	340	340	1	8	357	95	96	re
252	9	Mi5  	E5	336	336	1	8	357	99	96	ðim 
253	9	Re5  	D5	327	327	1	8	357	99	96	
254	9	Do5#4	C5#4	322	322	1	8	357	99	96	
255	9	Si4b4	B4b4	310	310	1	8	357	95	96	
256	9	Do5#4	C5#4	322	322	1	4	714	99	96	göz
257	9	Re5  	D5	327	327	1	4	714	99	96	
258	9	Do5#4	C5#4	322	322	1	8	357	99	96	
259	9	Si4b4	B4b4	310	310	1	8	357	99	96	
260	9	La4  	A4	305	305	3	8	1071	99	96	
261	9	Si4  	B4	314	314	1	8	357	99	96	
262	9	Do5  	C5	318	318	1	4	714	95	96	
263	9	Do5  	C5	318	318	1	8	357	95	96	le
264	9	Do5  	C5	318	318	1	8	357	95	96	ri
265	9	Do5  	C5	318	318	1	8	357	99	96	nin 
266	9	Si4  	B4	314	314	1	4	714	99	96	
267	9	La4  	A4	305	305	1	8	357	95	96	
268	9	La4  	A4	305	305	3	16	536	99	96	der
269	9	So4  	G	296	296	1	16	179	99	90	
270	9	Fa4#4	F4#4	291	291	3	16	536	99	96	
271	9	Mi4  	E4	283	283	1	16	179	99	90	
272	9	Re4  	D4	274	274	1	4	714	95	96	
273	9	Si4b4	B4b4	310	310	3	16	536	99	96	din
274	9	La4	A4	305	305	1	16	179	99	90	
275	9	So4  	G	296	296	1	8	357	99	96	
276	9	La4  	A4	305	305	1	8	357	99	96	
277	9	Si4b4	B4b4	310	310	1	8	357	99	96	
278	9	Do5#4	C5#4	322	322	1	4	714	99	96	
279	9	Si4b4	B4b4	310	310	1	16	179	95	96	
280	9	La4	A4	305	305	9	16	1608	95	90	
281	9	Mi5  	E5	336	336	1	8	357	95	96	SAZ
282	9	Fa5  	F5	340	340	1	16	179	95	96	.
283	9	So5  	G	349	349	1	16	179	95	90	.
284	9	Fa5  	F5	340	340	1	16	179	95	96	.
285	9	Mi5  	E5	336	336	1	16	179	95	90	.
286	9	Re5  	D5	327	327	1	8	357	95	96	.
287	9	Do5#4	C5#4	322	322	1	8	357	95	96	.
288	9	Re5  	D5	327	327	1	8	357	95	96	.
289	9	Mi5  	E5	336	336	1	4	714	95	96	.
290	9	La4  	A4	305	305	1	16	179	95	96	.
291	9	Si4b4	B4b4	310	310	1	16	179	95	90	.
292	9	Do5#4	C5#4	322	322	1	16	179	95	96	.
293	9	Re5  	D5	327	327	1	16	179	95	90	.
294	9	Mi5  	E5	336	336	1	8	357	95	96	.
295	9	Re5  	D5	327	327	1	4	714	95	96	Göz 
296	9	Mi5  	E5	336	336	1	8	357	95	96	göz_
297	9	Mi5  	E5	336	336	1	2	1429	95	96	ol
298	9	Fa5  	F5	340	340	3	16	536	99	96	du 
299	9	Mi5  	E5	336	336	1	16	179	99	90	
300	9	Re5  	D5	327	327	1	4	714	99	96	
301	9	La5  	A5	358	358	1	4	714	99	96	
302	9	La5  	A5	358	358	1	8	357	99	96	
303	9	So5  	G	349	349	1	8	357	99	96	
304	9	Fa5  	F5	340	340	1	8	357	99	96	
305	9	Mi5  	E5	336	336	1	8	357	99	96	
306	9	Re5  	D5	327	327	1	4	714	95	96	
307	9	Mi5  	E5	336	336	1	8	357	95	96	yü
308	9	Fa5  	F5	340	340	1	8	357	95	96	re
309	9	Mi5  	E5	336	336	1	8	357	99	96	ðim 
310	9	Re5  	D5	327	327	1	8	357	99	96	
311	9	Do5#4	C5#4	322	322	1	8	357	99	96	
312	9	Si4b4	B4b4	310	310	1	8	357	95	96	
313	9	Do5#4	C5#4	322	322	1	4	714	99	96	göz
314	9	Re5  	D5	327	327	1	4	714	99	96	
315	9	Do5#4	C5#4	322	322	1	8	357	99	96	
316	9	Si4b4	B4b4	310	310	1	8	357	99	96	
317	9	La4  	A4	305	305	3	8	1071	99	96	
318	9	Si4  	B4	314	314	1	8	357	99	96	
319	9	Do5  	C5	318	318	1	4	714	95	96	
320	9	Do5  	C5	318	318	1	8	357	95	96	le
321	9	Do5  	C5	318	318	1	8	357	95	96	ri
322	9	Do5  	C5	318	318	1	8	357	99	96	nin 
323	9	Si4  	B4	314	314	1	4	714	99	96	
324	9	La4  	A4	305	305	1	8	357	95	96	
325	9	La4  	A4	305	305	3	16	536	99	96	der
326	9	So4  	G	296	296	1	16	179	99	90	
327	9	Fa4#4	F4#4	291	291	3	16	536	99	96	
328	9	Mi4  	E4	283	283	1	16	179	99	90	
329	9	Re4  	D4	274	274	1	4	714	95	96	
330	9	Si4b4	B4b4	310	310	3	16	536	99	96	din
331	9	La4  	A4	305	305	1	16	179	99	90	
332	9	So4  	G	296	296	1	8	357	99	96	
333	9	La4  	A4	305	305	1	8	357	99	96	
334	9	Si4b4	B4b4	310	310	1	8	357	99	96	
335	9	Do5#4	C5#4	322	322	1	4	714	99	96	
336	9	Si4b4	B4b4	310	310	1	16	179	95	96	
337	9	La4	A4	305	305	9	16	1608	95	90	
338	9	La5  	A5	358	358	1	16	179	95	96	SAZ
339	9	So5  	G	349	349	1	16	179	95	90	.
340	9	La5  	A5	358	358	1	16	179	95	96	.
341	9	Si5  	B5	367	367	1	16	179	95	90	.
342	9	La5  	A5	358	358	1	8	357	95	96	.
343	9	So5  	G	349	349	1	8	357	95	96	.
344	9	Fa5#4	F5#4	344	344	1	8	357	95	96	.
345	9	So5  	G	349	349	1	8	357	95	96	.
346	9	La5  	A5	358	358	1	4	714	95	96	.
347	9	Re5  	D5	327	327	1	16	179	95	96	.
348	9	Mi5  	E5	336	336	1	16	179	95	90	.
349	9	Fa5#4	F5#4	344	344	1	16	179	95	96	.
350	9	So5  	G	349	349	1	16	179	95	90	.
351	9	La5  	A5	358	358	1	4	714	95	96	.
352	9	Fa5#4	F5#4	344	344	1	8	357	95	96	Ni
353	9	So5  	G	349	349	1	8	357	95	96	ye 
354	9	La5  	A5	358	358	1	2	1429	95	96	bak
355	9	La5  	A5	358	358	3	4	2143	99	96	tým 
356	9	La5  	A5	358	358	1	8	357	99	96	
357	9	So5  	G	349	349	1	8	357	99	96	
358	9	Fa5#4	F5#4	344	344	1	8	357	99	96	
359	9	Mi5  	E5	336	336	1	8	357	99	96	
360	9	Re5  	D5	327	327	1	4	714	95	96	
361	9	Fa5#4	F5#4	344	344	1	8	357	95	96	ni
362	9	So5  	G	349	349	1	8	357	95	96	ye 
363	9	La5  	A5	358	358	1	8	357	99	96	gör
364	9	So5  	G	349	349	1	8	357	99	96	
365	9	La5  	A5	358	358	1	8	357	99	96	
366	9	Si5  	B5	367	367	1	16	179	99	96	
367	9	La5	A5	358	358	1	16	179	95	90	
368	9	La5  	A5	358	358	3	8	1071	99	96	düm 
369	9	So5  	G	349	349	1	8	357	99	96	
370	9	La5  	A5	358	358	1	8	357	99	96	
371	9	Si5  	B5	367	367	1	16	179	99	96	
372	9	La5	A5	358	358	1	16	179	99	90	
373	9	La5  	A5	358	358	3	4	2143	95	96	
374	9	La5  	A5	358	358	1	8	357	95	96	ni
375	9	La5  	A5	358	358	1	16	179	99	96	ye 
376	9	So5  	G	349	349	1	16	179	95	90	
377	9	Fa5#4	F5#4	344	344	3	16	536	99	96	sev
378	9	Mi5  	E5	336	336	1	16	179	99	90	
379	9	Re5  	D5	327	327	1	4	714	95	96	
380	9	Mi5  	E5	336	336	1	8	357	99	96	dim 
381	9	Fa5#4	F5#4	344	344	1	8	357	99	96	
382	9	So5  	G	349	349	1	8	357	99	96	
383	9	La5  	A5	358	358	1	8	357	99	96	
384	9	Si5  	B5	367	367	1	8	357	99	96	
385	9	La5  	A5	358	358	1	8	357	99	96	
386	9	La5  	A5	358	358	1	8	357	99	96	
387	9	So5  	G	349	349	1	4	714	99	96	
388	9	Fa5#4	F5#4	344	344	1	8	357	99	96	
389	9	Fa5#4	F5#4	344	344	1	8	357	99	96	
390	9	Mi5  	E5	336	336	1	8	357	95	96	
391	9	So5  	G	349	349	1	8	357	95	96	se
392	9	Fa5#4	F5#4	344	344	1	16	179	99	96	ni 
393	9	Mi5	E5	336	336	1	16	179	95	90	
394	9	Mi5  	E5	336	336	1	2	1429	95	96	ben 
395	9	Mi5  	E5	336	336	1	8	357	95	96	SAZ
396	9	Fa5  	F5	340	340	1	16	179	95	96	.
397	9	So5  	G	349	349	1	16	179	95	90	.
398	9	Fa5  	F5	340	340	1	16	179	95	96	.
399	9	Mi5  	E5	336	336	1	16	179	95	90	.
400	9	Re5  	D5	327	327	1	8	357	95	96	.
401	9	Do5#4	C5#4	322	322	1	8	357	95	96	.
402	9	Re5  	D5	327	327	1	8	357	95	96	.
403	9	Mi5  	E5	336	336	1	4	714	95	96	.
404	9	La4  	A4	305	305	1	16	179	95	96	.
405	9	Si4b4	B4b4	310	310	1	16	179	95	90	.
406	9	Do5#4	C5#4	322	322	1	16	179	95	96	.
407	9	Re5  	D5	327	327	1	16	179	95	90	.
408	9	Mi5  	E5	336	336	1	8	357	95	96	.
409	9	Re5  	D5	327	327	1	4	714	95	96	Göz 
410	9	Mi5  	E5	336	336	1	8	357	95	96	göz_
411	9	Mi5  	E5	336	336	1	2	1429	95	96	ol
412	9	Fa5  	F5	340	340	3	16	536	99	96	du 
413	9	Mi5  	E5	336	336	1	16	179	99	90	
414	9	Re5  	D5	327	327	1	4	714	99	96	
415	9	La5  	A5	358	358	1	4	714	99	96	
416	9	La5  	A5	358	358	1	8	357	99	96	
417	9	So5  	G	349	349	1	8	357	99	96	
418	9	Fa5  	F5	340	340	1	8	357	99	96	
419	9	Mi5  	E5	336	336	1	8	357	99	96	
420	9	Re5  	D5	327	327	1	4	714	95	96	
421	9	Mi5  	E5	336	336	1	8	357	95	96	yü
422	9	Fa5  	F5	340	340	1	8	357	95	96	re
423	9	Mi5  	E5	336	336	1	8	357	99	96	ðim 
424	9	Re5  	D5	327	327	1	8	357	99	96	
425	9	Do5#4	C5#4	322	322	1	8	357	99	96	
426	9	Si4b4	B4b4	310	310	1	8	357	95	96	
427	9	Do5#4	C5#4	322	322	1	4	714	99	96	göz
428	9	Re5  	D5	327	327	1	4	714	99	96	
429	9	Do5#4	C5#4	322	322	1	8	357	99	96	
430	9	Si4b4	B4b4	310	310	1	8	357	99	96	
431	9	La4  	A4	305	305	3	8	1071	99	96	
432	9	Si4  	B4	314	314	1	8	357	99	96	
433	9	Do5  	C5	318	318	1	4	714	95	96	
434	9	Do5  	C5	318	318	1	8	357	95	96	le
435	9	Do5  	C5	318	318	1	8	357	95	96	ri
436	9	Do5  	C5	318	318	1	8	357	99	96	nin 
437	9	Si4  	B4	314	314	1	4	714	99	96	
438	9	La4  	A4	305	305	1	8	357	95	96	
439	9	La4  	A4	305	305	3	16	536	99	96	der
440	9	So4  	G	296	296	1	16	179	99	90	
441	9	Fa4#4	F4#4	291	291	3	16	536	99	96	
442	9	Mi4  	E4	283	283	1	16	179	99	90	
443	9	Re4  	D4	274	274	1	4	714	95	96	
444	9	Si4b4	B4b4	310	310	3	16	536	99	96	din
445	9	La4	A4	305	305	1	16	179	99	90	
446	9	So4  	G	296	296	1	8	357	99	96	
447	9	La4  	A4	305	305	1	8	357	99	96	
448	9	Si4b4	B4b4	310	310	1	8	357	99	96	
449	9	Do5#4	C5#4	322	322	1	4	714	99	96	
450	9	Si4b4	B4b4	310	310	1	16	179	95	96	
451	9	La4	A4	305	305	9	16	1608	95	90	
