Sira	Kod	Nota53	NotaAE	Koma53	KomaAE	Pay	Payda	Ms	LNS	Bas	Soz1	Offset
1	9	Fa5#4	F5#4	344	344	1	8	556	95	96		0.125
2	9	Sol5	G5	349	349	3	8	1667	95	96		0.5
3	9	La5	A5	358	358	1	16	278	95	96		0.5625
4	9	Sol5	G5	349	349	1	16	278	95	96		0.625
5	9	Fa5#4	F5#4	344	344	1	16	278	95	96		0.6875
6	9	Mi5b4	E5b4	332	332	1	16	278	95	96		0.75
7	9	Re5	D5	327	327	1	4	1111	95	96		1.0
8	9	Mi5b4	E5b4	332	332	3	32	417	95	96		1.09375
9	9	Re5	D5	327	327	1	32	139	95	96		1.125
10	9	Do5	C5	318	318	1	16	278	95	96		1.1875
11	9	Mi5b4	E5b4	332	332	1	16	278	95	96		1.25
12	9	Re5	D5	327	327	1	4	1111	95	96		1.5
13	9	Sol5	G5	349	349	1	16	278	95	96		1.5625
14	9	Fa5#4	F5#4	344	344	1	32	139	95	96		1.59375
15	9	La5	A5	358	358	1	32	139	95	96		1.625
16	9	Sol5	G5	349	349	1	16	278	95	96		1.6875
17	9	Fa5#4	F5#4	344	344	1	16	278	95	96		1.75
18	9	Mi5b4	E5b4	332	332	1	16	278	95	96		1.8125
19	9	Re5	D5	327	327	1	16	278	95	96		1.875
20	9	Do5	C5	318	318	1	8	556	95	96		2.0
21	9	Es	Es	-1	-1	1	8	556	100	0		2.125
22	9	Re5	D5	327	327	1	4	1111	95	96		2.375
23	9	Mi5b4	E5b4	332	332	1	8	556	95	96		2.5
24	9	Fa5#4	F5#4	344	344	1	8	556	95	96		2.625
25	9	Sol5	G5	349	349	1	8	556	95	96		2.75
26	9	La5b4	A5b4	354	354	1	8	556	95	96		2.875
27	9	Sol5	G5	349	349	1	16	278	95	96		2.9375
28	9	Fa5#4	F5#4	344	344	1	16	278	95	96		3.0
29	9	Sol5	G5	349	349	3	16	833	95	96		3.1875
30	9	Do6	C6	371	371	1	16	278	95	96		3.25
31	9	Si5b1	B5b1	366	366	1	16	278	95	96		3.3125
32	9	La5b4	A5b4	354	354	1	16	278	95	96		3.375
33	9	Sol5	G5	349	349	1	16	278	95	96		3.4375
34	9	Fa5#4	F5#4	344	344	1	16	278	95	96		3.5
35	9	Sol5	G5	349	349	3	16	833	95	96		3.6875
36	9	Re5	D5	327	327	1	16	278	95	96		3.75
37	9	Mi5b4	E5b4	332	332	1	16	278	95	96		3.8125
38	9	Fa5#4	F5#4	344	344	1	16	278	95	96		3.875
39	9	Sol5	G5	349	349	1	8	556	95	96		4.0
40	9	Fa5#4	F5#4	344	344	1	8	556	95	96		4.125
41	9	Sol5	G5	349	349	1	4	1111	95	96		4.375
42	9	Fa5#4	F5#4	344	344	1	16	278	95	96		4.4375
43	9	Sol5	G5	349	349	1	16	278	95	96		4.5
44	9	Mi5b4	E5b4	332	332	1	8	556	95	96		4.625
45	9	Re5	D5	327	327	1	16	278	95	96		4.6875
46	9	Mi5b4	E5b4	332	332	1	16	278	95	96		4.75
47	9	Do5	C5	318	318	1	8	556	95	96		4.875
48	9	Fa5	F5	340	340	1	16	278	95	96		4.9375
49	9	Mi5b4	E5b4	332	332	1	16	278	95	96		5.0
50	9	Re5	D5	327	327	3	8	1667	95	96		5.375
51	9	Do5	C5	318	318	1	16	278	95	96		5.4375
52	9	Si4b1	B4b1	313	313	1	16	278	95	96		5.5
53	9	Re5	D5	327	327	1	16	278	95	96		5.5625
54	9	Do5	C5	318	318	1	16	278	95	96		5.625
55	9	Si4b1	B4b1	313	313	1	16	278	95	96		5.6875
56	9	La4b4	A4b4	301	301	1	16	278	95	96		5.75
57	9	Sol4	G4	296	296	3	32	417	95	96		5.84375
58	9	Fa4#4	F4#4	291	291	1	32	139	95	96		5.875
59	9	Sol4	G4	296	296	1	8	556	95	96		6.0
60	9	Es	Es	-1	-1	1	8	556	100	0		6.125
61	9	Si4b1	B4b1	313	313	1	16	278	95	96		6.1875
62	9	Do5	C5	318	318	1	16	278	95	96		6.25
63	9	Re5	D5	327	327	1	8	556	95	96		6.375
64	9	Mi5b4	E5b4	332	332	1	8	556	95	96		6.5
65	9	Sol5	G5	349	349	1	16	278	95	96		6.5625
66	9	Fa5#4	F5#4	344	344	1	16	278	95	96		6.625
67	9	Mi5b4	E5b4	332	332	1	16	278	95	96		6.6875
68	9	Re5	D5	327	327	1	16	278	95	96		6.75
69	9	Do5	C5	318	318	1	16	278	95	96		6.8125
70	9	Si4b1	B4b1	313	313	1	16	278	95	96		6.875
71	9	La4b4	A4b4	301	301	1	16	278	95	96		6.9375
72	9	Sol4	G4	296	296	1	16	278	95	96		7.0
73	9	Si4b1	B4b1	313	313	1	8	556	95	96		7.125
74	9	La4b4	A4b4	301	301	1	16	278	95	96		7.1875
75	9	Si4b1	B4b1	313	313	1	16	278	95	96		7.25
76	9	La4b4	A4b4	301	301	1	16	278	95	96		7.3125
77	9	Sol4	G4	296	296	1	16	278	95	96		7.375
78	9	Fa4#4	F4#4	291	291	1	8	556	95	96		7.5
79	9	Sol4	G4	296	296	1	16	278	95	96		7.5625
80	9	La4b4	A4b4	301	301	1	16	278	95	96		7.625
81	9	Si4b1	B4b1	313	313	1	16	278	95	96		7.6875
82	9	Do5	C5	318	318	1	16	278	95	96		7.75
83	9	Re5	D5	327	327	1	16	278	95	96		7.8125
84	9	Mi5b4	E5b4	332	332	1	16	278	95	96		7.875
85	9	Fa5#4	F5#4	344	344	1	16	278	95	96		7.9375
86	9	Sol5	G5	349	349	1	16	278	95	96		8.0
87	9	Fa5#4	F5#4	344	344	1	8	556	95	96		8.125
88	9	Sol5	G5	349	349	1	4	1111	95	96		8.375
89	9	Fa5#4	F5#4	344	344	1	16	278	95	96		8.4375
90	9	Sol5	G5	349	349	1	16	278	95	96		8.5
91	9	Mi5b4	E5b4	332	332	1	8	556	95	96		8.625
92	9	Re5	D5	327	327	1	16	278	95	96		8.6875
93	9	Mi5b4	E5b4	332	332	1	16	278	95	96		8.75
94	9	Do5	C5	318	318	1	8	556	95	96		8.875
95	9	Fa5	F5	340	340	1	16	278	95	96		8.9375
96	9	Mi5b4	E5b4	332	332	1	16	278	95	96		9.0
97	9	Re5	D5	327	327	3	8	1667	95	96		9.375
98	9	Do5	C5	318	318	1	16	278	95	96		9.4375
99	9	Si4b1	B4b1	313	313	1	16	278	95	96		9.5
100	9	Re5	D5	327	327	1	16	278	95	96		9.5625
101	9	Do5	C5	318	318	1	16	278	95	96		9.625
102	9	Si4b1	B4b1	313	313	1	16	278	95	96		9.6875
103	9	La4b4	A4b4	301	301	1	16	278	95	96		9.75
104	9	Sol4	G4	296	296	3	32	417	95	96		9.84375
105	9	Fa4#4	F4#4	291	291	1	32	139	95	96		9.875
106	9	Sol4	G4	296	296	1	8	556	95	96		10.0
107	9	Es	Es	-1	-1	1	8	556	100	0		10.125
108	9	Si4b1	B4b1	313	313	1	16	278	95	96		10.1875
109	9	Do5	C5	318	318	1	16	278	95	96		10.25
110	9	Re5	D5	327	327	1	8	556	95	96		10.375
111	9	Mi5b4	E5b4	332	332	1	8	556	95	96		10.5
112	9	Sol5	G5	349	349	1	16	278	95	96		10.5625
113	9	Fa5#4	F5#4	344	344	1	16	278	95	96		10.625
114	9	Mi5b4	E5b4	332	332	1	16	278	95	96		10.6875
115	9	Re5	D5	327	327	1	16	278	95	96		10.75
116	9	Do5	C5	318	318	1	16	278	95	96		10.8125
117	9	Si4b1	B4b1	313	313	1	16	278	95	96		10.875
118	9	La4b4	A4b4	301	301	1	16	278	95	96		10.9375
119	9	Sol4	G4	296	296	1	16	278	95	96		11.0
120	9	Si4b1	B4b1	313	313	1	8	556	95	96		11.125
121	9	La4b4	A4b4	301	301	1	16	278	95	96		11.1875
122	9	Si4b1	B4b1	313	313	1	16	278	95	96		11.25
123	9	La4b4	A4b4	301	301	1	16	278	95	96		11.3125
124	9	Sol4	G4	296	296	1	16	278	95	96		11.375
125	9	Fa4#4	F4#4	291	291	1	8	556	95	96		11.5
126	9	Sol4	G4	296	296	1	4	1111	95	96		11.75
127	9	Es	Es	-1	-1	1	4	1111	100	0		12.0
128	9	Si4b1	B4b1	313	313	1	4	1111	95	96		12.25
129	9	Si4b1	B4b1	313	313	1	4	1111	95	96		12.5
130	9	Re5	D5	327	327	1	16	278	95	96		12.5625
131	9	Do5	C5	318	318	1	16	278	95	96		12.625
132	9	Si4b1	B4b1	313	313	1	16	278	95	96		12.6875
133	9	La4b4	A4b4	301	301	1	16	278	95	96		12.75
134	9	Sol4	G4	296	296	1	4	1111	95	96		13.0
135	9	Es	Es	-1	-1	1	8	556	100	0		13.125
136	9	Re5	D5	327	327	1	4	1111	95	96		13.375
137	9	Do5	C5	318	318	1	8	556	95	96		13.5
138	9	Re5	D5	327	327	1	16	278	95	96		13.5625
139	9	Mi5b4	E5b4	332	332	1	16	278	95	96		13.625
140	9	Fa5#4	F5#4	344	344	1	8	556	95	96		13.75
141	9	Sol5	G5	349	349	1	4	1111	95	96		14.0
142	9	Sol5	G5	349	349	1	8	556	95	96		14.125
143	9	Sol5	G5	349	349	1	16	278	95	96		14.1875
144	9	La5b4	A5b4	354	354	1	16	278	95	96		14.25
145	9	Sol5	G5	349	349	1	8	556	95	96		14.375
146	9	Fa5#4	F5#4	344	344	1	8	556	95	96		14.5
147	9	Fa5#4	F5#4	344	344	1	16	278	95	96		14.5625
148	9	Mi5b4	E5b4	332	332	1	16	278	95	96		14.625
149	9	Mi5b4	E5b4	332	332	1	16	278	95	96		14.6875
150	9	Re5	D5	327	327	1	16	278	95	96		14.75
151	9	Re5	D5	327	327	1	4	1111	95	96		15.0
152	9	Sol5	G5	349	349	1	16	278	95	96		15.0625
153	9	Fa5#4	F5#4	344	344	1	16	278	95	96		15.125
154	9	Mi5b4	E5b4	332	332	1	16	278	95	96		15.1875
155	9	Re5	D5	327	327	1	16	278	95	96		15.25
156	9	Mi5b4	E5b4	332	332	1	8	556	95	96		15.375
157	9	Fa5#4	F5#4	344	344	1	8	556	95	96		15.5
158	9	Sol5	G5	349	349	1	4	1111	95	96		15.75
159	9	Es	Es	-1	-1	1	4	1111	100	0		16.0
160	9	Fa5#4	F5#4	344	344	1	8	556	95	96		16.125
161	9	Sol5	G5	349	349	1	4	1111	95	96		16.375
162	9	Fa5#4	F5#4	344	344	1	16	278	95	96		16.4375
163	9	Sol5	G5	349	349	1	16	278	95	96		16.5
164	9	Mi5b4	E5b4	332	332	1	8	556	95	96		16.625
165	9	Re5	D5	327	327	1	16	278	95	96		16.6875
166	9	Mi5b4	E5b4	332	332	1	16	278	95	96		16.75
167	9	Do5	C5	318	318	1	8	556	95	96		16.875
168	9	Fa5	F5	340	340	1	16	278	95	96		16.9375
169	9	Mi5b4	E5b4	332	332	1	16	278	95	96		17.0
170	9	Re5	D5	327	327	3	8	1667	95	96		17.375
171	9	Do5	C5	318	318	1	16	278	95	96		17.4375
172	9	Si4b1	B4b1	313	313	1	16	278	95	96		17.5
173	9	Re5	D5	327	327	1	16	278	95	96		17.5625
174	9	Do5	C5	318	318	1	16	278	95	96		17.625
175	9	Si4b1	B4b1	313	313	1	16	278	95	96		17.6875
176	9	La4b4	A4b4	301	301	1	16	278	95	96		17.75
177	9	Sol4	G4	296	296	3	32	417	95	96		17.84375
178	9	Fa4#4	F4#4	291	291	1	32	139	95	96		17.875
179	9	Sol4	G4	296	296	1	8	556	95	96		18.0
180	9	Es	Es	-1	-1	1	8	556	100	0		18.125
181	9	Si4b1	B4b1	313	313	1	16	278	95	96		18.1875
182	9	Do5	C5	318	318	1	16	278	95	96		18.25
183	9	Re5	D5	327	327	1	8	556	95	96		18.375
184	9	Mi5b4	E5b4	332	332	1	8	556	95	96		18.5
185	9	Sol5	G5	349	349	1	16	278	95	96		18.5625
186	9	Fa5#4	F5#4	344	344	1	16	278	95	96		18.625
187	9	Mi5b4	E5b4	332	332	1	16	278	95	96		18.6875
188	9	Re5	D5	327	327	1	16	278	95	96		18.75
189	9	Do5	C5	318	318	1	16	278	95	96		18.8125
190	9	Si4b1	B4b1	313	313	1	16	278	95	96		18.875
191	9	La4b4	A4b4	301	301	1	16	278	95	96		18.9375
192	9	Sol4	G4	296	296	1	16	278	95	96		19.0
193	9	Si4b1	B4b1	313	313	1	8	556	95	96		19.125
194	9	La4b4	A4b4	301	301	1	16	278	95	96		19.1875
195	9	Si4b1	B4b1	313	313	1	16	278	95	96		19.25
196	9	La4b4	A4b4	301	301	1	16	278	95	96		19.3125
197	9	Sol4	G4	296	296	1	16	278	95	96		19.375
198	9	Fa4#4	F4#4	291	291	1	8	556	95	96		19.5
199	9	Sol4	G4	296	296	1	16	278	95	96		19.5625
200	9	La4b4	A4b4	301	301	1	16	278	95	96		19.625
201	9	Si4b1	B4b1	313	313	1	16	278	95	96		19.6875
202	9	Do5	C5	318	318	1	16	278	95	96		19.75
203	9	Re5	D5	327	327	1	16	278	95	96		19.8125
204	9	Mi5b4	E5b4	332	332	1	16	278	95	96		19.875
205	9	Fa5#4	F5#4	344	344	1	16	278	95	96		19.9375
206	9	Sol5	G5	349	349	1	16	278	95	96		20.0
207	9	Fa5#4	F5#4	344	344	1	8	556	95	96		20.125
208	9	Sol5	G5	349	349	1	4	1111	95	96		20.375
209	9	Fa5#4	F5#4	344	344	1	16	278	95	96		20.4375
210	9	Sol5	G5	349	349	1	16	278	95	96		20.5
211	9	Mi5b4	E5b4	332	332	1	8	556	95	96		20.625
212	9	Re5	D5	327	327	1	16	278	95	96		20.6875
213	9	Mi5b4	E5b4	332	332	1	16	278	95	96		20.75
214	9	Do5	C5	318	318	1	8	556	95	96		20.875
215	9	Fa5	F5	340	340	1	16	278	95	96		20.9375
216	9	Mi5b4	E5b4	332	332	1	16	278	95	96		21.0
217	9	Re5	D5	327	327	3	8	1667	95	96		21.375
218	9	Do5	C5	318	318	1	16	278	95	96		21.4375
219	9	Si4b1	B4b1	313	313	1	16	278	95	96		21.5
220	9	Re5	D5	327	327	1	16	278	95	96		21.5625
221	9	Do5	C5	318	318	1	16	278	95	96		21.625
222	9	Si4b1	B4b1	313	313	1	16	278	95	96		21.6875
223	9	La4b4	A4b4	301	301	1	16	278	95	96		21.75
224	9	Sol4	G4	296	296	3	32	417	95	96		21.84375
225	9	Fa4#4	F4#4	291	291	1	32	139	95	96		21.875
226	9	Sol4	G4	296	296	1	8	556	95	96		22.0
227	9	Es	Es	-1	-1	1	8	556	100	0		22.125
228	9	Si4b1	B4b1	313	313	1	16	278	95	96		22.1875
229	9	Do5	C5	318	318	1	16	278	95	96		22.25
230	9	Re5	D5	327	327	1	8	556	95	96		22.375
231	9	Mi5b4	E5b4	332	332	1	8	556	95	96		22.5
232	9	Sol5	G5	349	349	1	16	278	95	96		22.5625
233	9	Fa5#4	F5#4	344	344	1	16	278	95	96		22.625
234	9	Mi5b4	E5b4	332	332	1	16	278	95	96		22.6875
235	9	Re5	D5	327	327	1	16	278	95	96		22.75
236	9	Do5	C5	318	318	1	16	278	95	96		22.8125
237	9	Si4b1	B4b1	313	313	1	16	278	95	96		22.875
238	9	La4b4	A4b4	301	301	1	16	278	95	96		22.9375
239	9	Sol4	G4	296	296	1	16	278	95	96		23.0
240	9	Si4b1	B4b1	313	313	1	8	556	95	96		23.125
241	9	La4b4	A4b4	301	301	1	16	278	95	96		23.1875
242	9	Si4b1	B4b1	313	313	1	16	278	95	96		23.25
243	9	La4b4	A4b4	301	301	1	16	278	95	96		23.3125
244	9	Sol4	G4	296	296	1	16	278	95	96		23.375
245	9	Fa4#4	F4#4	291	291	1	8	556	95	96		23.5
246	9	Sol4	G4	296	296	1	4	1111	95	96		23.75
247	9	Es	Es	-1	-1	1	4	1111	100	0		24.0
248	9	Si4b1	B4b1	313	313	1	4	1111	95	96		24.25
249	9	Si4b1	B4b1	313	313	1	4	1111	95	96		24.5
250	9	Re5	D5	327	327	1	16	278	95	96		24.5625
251	9	Do5	C5	318	318	1	16	278	95	96		24.625
252	9	Si4b1	B4b1	313	313	1	16	278	95	96		24.6875
253	9	La4b4	A4b4	301	301	1	16	278	95	96		24.75
254	9	Sol4	G4	296	296	1	4	1111	95	96		25.0
255	9	Es	Es	-1	-1	1	8	556	100	0		25.125
256	9	Re5	D5	327	327	1	4	1111	95	96		25.375
257	9	Do5	C5	318	318	1	8	556	95	96		25.5
258	9	Re5	D5	327	327	1	16	278	95	96		25.5625
259	9	Mi5b4	E5b4	332	332	1	16	278	95	96		25.625
260	9	Fa5#4	F5#4	344	344	1	8	556	95	96		25.75
261	9	Sol5	G5	349	349	1	4	1111	95	96		26.0
262	9	Sol5	G5	349	349	1	8	556	95	96		26.125
263	9	Sol5	G5	349	349	1	16	278	95	96		26.1875
264	9	La5b4	A5b4	354	354	1	16	278	95	96		26.25
265	9	Sol5	G5	349	349	1	8	556	95	96		26.375
266	9	Fa5#4	F5#4	344	344	1	8	556	95	96		26.5
267	9	Fa5#4	F5#4	344	344	1	16	278	95	96		26.5625
268	9	Mi5b4	E5b4	332	332	1	16	278	95	96		26.625
269	9	Mi5b4	E5b4	332	332	1	16	278	95	96		26.6875
270	9	Re5	D5	327	327	1	16	278	95	96		26.75
271	9	Re5	D5	327	327	1	4	1111	95	96		27.0
272	9	Sol5	G5	349	349	1	16	278	95	96		27.0625
273	9	Fa5#4	F5#4	344	344	1	16	278	95	96		27.125
274	9	Mi5b4	E5b4	332	332	1	16	278	95	96		27.1875
275	9	Re5	D5	327	327	1	16	278	95	96		27.25
276	9	Mi5b4	E5b4	332	332	1	8	556	95	96		27.375
277	9	Fa5#4	F5#4	344	344	1	8	556	95	96		27.5
278	9	Sol5	G5	349	349	1	4	1111	95	96		27.75
279	9	Es	Es	-1	-1	1	4	1111	100	0		28.0
