Sira	Kod	Nota53	NotaAE	Koma53	KomaAE	Pay	Payda	Ms	LNS	Bas	Soz1	Offset
1	9	La5	A5	358	358	1	8	455	95	96	ARANAĞME	0.25
2	9	La5	A5	358	358	1	8	455	95	96	.	0.5
3	9	La5	A5	358	358	1	8	455	95	96	.	0.75
4	9	La5	A5	358	358	1	8	455	95	96	.	1.0
5	9	La5	A5	358	358	1	16	227	95	96	.	1.125
6	9	Si5	B5	367	367	1	16	227	95	96	.	1.25
7	9	Sol5	G5	349	349	1	16	227	95	96	.	1.375
8	9	La5	A5	358	358	1	16	227	95	96	.	1.5
9	9	Fa5#4	F5#4	344	344	1	16	227	95	96	.	1.625
10	9	Sol5	G5	349	349	1	16	227	95	96	.	1.75
11	9	Mi5	E5	336	336	1	8	455	95	96	.	2.0
12	9	Sol5	G5	349	349	1	8	455	95	96	.	2.25
13	9	Sol5	G5	349	349	1	16	227	95	96	.	2.375
14	9	La5	A5	358	358	1	16	227	95	96	.	2.5
15	9	Fa5#4	F5#4	344	344	1	16	227	95	96	.	2.625
16	9	Sol5	G5	349	349	1	16	227	95	96	.	2.75
17	9	Mi5	E5	336	336	1	16	227	95	96	.	2.875
18	9	Fa5#4	F5#4	344	344	1	16	227	95	96	.	3.0
19	9	Re5	D5	327	327	1	4	909	95	96	.	3.5
20	9	Es	Es	-1	-1	1	4	909	100	0		4.0
21	9	La5	A5	358	358	1	8	455	95	96	ARANAĞME	4.25
22	9	La5	A5	358	358	1	8	455	95	96	.	4.5
23	9	La5	A5	358	358	1	8	455	95	96	.	4.75
24	9	La5	A5	358	358	1	8	455	95	96	.	5.0
25	9	La5	A5	358	358	1	16	227	95	96	.	5.125
26	9	Si5	B5	367	367	1	16	227	95	96	.	5.25
27	9	Sol5	G5	349	349	1	16	227	95	96	.	5.375
28	9	La5	A5	358	358	1	16	227	95	96	.	5.5
29	9	Fa5#4	F5#4	344	344	1	16	227	95	96	.	5.625
30	9	Sol5	G5	349	349	1	16	227	95	96	.	5.75
31	9	Mi5	E5	336	336	1	8	455	95	96	.	6.0
32	9	Sol5	G5	349	349	1	8	455	95	96	.	6.25
33	9	Sol5	G5	349	349	1	16	227	95	96	.	6.375
34	9	La5	A5	358	358	1	16	227	95	96	.	6.5
35	9	Fa5#4	F5#4	344	344	1	16	227	95	96	.	6.625
36	9	Sol5	G5	349	349	1	16	227	95	96	.	6.75
37	9	Mi5	E5	336	336	1	16	227	95	96	.	6.875
38	9	Fa5#4	F5#4	344	344	1	16	227	95	96	.	7.0
39	9	Re5	D5	327	327	1	4	909	95	96	.	7.5
40	9	Es	Es	-1	-1	1	4	909	100	0		8.0
41	9	Mi5	E5	336	336	1	8	455	95	96	.	8.25
42	9	Mi5	E5	336	336	1	16	227	95	96	.	8.375
43	9	Fa5	F5	340	340	1	16	227	95	96	.	8.5
44	9	Re5	D5	327	327	1	8	455	95	96	.	8.75
45	9	Re5	D5	327	327	1	16	227	95	96	.	8.875
46	9	Mi5	E5	336	336	1	16	227	95	96	.	9.0
47	9	Do5#4	C5#4	322	322	1	8	455	95	96	.	9.25
48	9	Do5#4	C5#4	322	322	1	16	227	95	96	.	9.375
49	9	Re5	D5	327	327	1	16	227	95	96	.	9.5
50	9	Si4b4	B4b4	310	310	1	8	455	95	96	.	9.75
51	9	La4	A4	305	305	1	8	455	95	96	.	10.0
52	9	Es	Es	-1	-1	1	16	227	100	0	.	10.125
53	9	Re5	D5	327	327	1	8	455	95	96	.	10.375
54	9	Do5#4	C5#4	322	322	1	16	227	95	96	.	10.5
55	9	Si4b4	B4b4	310	310	1	8	455	95	96	.	10.75
56	9	Re5	D5	327	327	1	8	455	95	96	.	11.0
57	9	Es	Es	-1	-1	1	8	455	100	0	.	11.25
58	9	Do5#4	C5#4	322	322	1	16	227	95	96	.	11.375
59	9	Si4b4	B4b4	310	310	1	16	227	95	96	.	11.5
60	9	La4	A4	305	305	1	4	909	95	96	.	12.0
61	9	Mi5	E5	336	336	1	8	455	95	96	.	12.25
62	9	Mi5	E5	336	336	1	16	227	95	96	.	12.375
63	9	Fa5	F5	340	340	1	16	227	95	96	.	12.5
64	9	Re5	D5	327	327	1	8	455	95	96	.	12.75
65	9	Re5	D5	327	327	1	16	227	95	96	.	12.875
66	9	Mi5	E5	336	336	1	16	227	95	96	.	13.0
67	9	Do5#4	C5#4	322	322	1	8	455	95	96	.	13.25
68	9	Do5#4	C5#4	322	322	1	16	227	95	96	.	13.375
69	9	Re5	D5	327	327	1	16	227	95	96	.	13.5
70	9	Si4b4	B4b4	310	310	1	8	455	95	96	.	13.75
71	9	La4	A4	305	305	1	8	455	95	96	.	14.0
72	9	Es	Es	-1	-1	1	16	227	100	0	.	14.125
73	9	Re5	D5	327	327	1	8	455	95	96	.	14.375
74	9	Do5#4	C5#4	322	322	1	16	227	95	96	.	14.5
75	9	Si4b4	B4b4	310	310	1	8	455	95	96	.	14.75
76	9	Re5	D5	327	327	1	8	455	95	96	.	15.0
77	9	Es	Es	-1	-1	1	8	455	100	0	.	15.25
78	9	Do5#4	C5#4	322	322	1	16	227	95	96	.	15.375
79	9	Si4b4	B4b4	310	310	1	16	227	95	96	.	15.5
80	9	La4	A4	305	305	1	4	909	95	96	.	16.0
81	9	Re5	D5	327	327	3	16	682	95	96	Ay	16.375
82	9	Do5#4	C5#4	322	322	1	16	227	95	96	nı 	16.5
83	9	Si4b4	B4b4	310	310	1	16	227	95	96	ça	16.625
84	9	Re5	D5	327	327	1	16	227	95	96	tı 	16.75
85	9	Es	Es	-1	-1	1	8	455	100	0		17.0
86	9	Do5#4	C5#4	322	322	1	8	455	95	96	al	17.25
87	9	Si4b4	B4b4	310	310	1	8	455	95	96	tın	17.5
88	9	La4	A4	305	305	1	4	909	50	96	da  	18.0
89	9	Do5#4	C5#4	322	322	3	16	682	95	96	Aş	18.375
90	9	Re5	D5	327	327	1	16	227	95	96	kı	18.5
91	9	Mi5	E5	336	336	1	8	455	95	96	mız 	18.75
92	9	Sol5	G5	349	349	1	8	455	95	96	bir 	19.0
93	9	Fa5	F5	340	340	1	16	227	95	96	ya	19.125
94	9	Mi5	E5	336	336	3	16	682	95	96	lan	19.5
95	9	Re5	D5	327	327	1	4	909	95	96	mış  	20.0
96	9	Re5	D5	327	327	3	16	682	95	96	Ay	20.375
97	9	Do5#4	C5#4	322	322	1	16	227	95	96	nı 	20.5
98	9	Si4b4	B4b4	310	310	1	16	227	95	96	ça	20.625
99	9	Re5	D5	327	327	1	16	227	95	96	tı 	20.75
100	9	Es	Es	-1	-1	1	8	455	100	0		21.0
101	9	Do5#4	C5#4	322	322	1	8	455	95	96	al	21.25
102	9	Si4b4	B4b4	310	310	1	8	455	95	96	tın	21.5
103	9	La4	A4	305	305	1	4	909	50	96	da  	22.0
104	9	Do5#4	C5#4	322	322	3	16	682	95	96	Aş	22.375
105	9	Re5	D5	327	327	1	16	227	95	96	kı	22.5
106	9	Mi5	E5	336	336	1	8	455	95	96	mız 	22.75
107	9	Sol5	G5	349	349	1	8	455	95	96	bir 	23.0
108	9	Fa5	F5	340	340	1	16	227	95	96	ya	23.125
109	9	Mi5	E5	336	336	3	16	682	95	96	lan	23.5
110	9	Re5	D5	327	327	1	4	909	95	96	mış  	24.0
111	9	Fa5#4	F5#4	344	344	1	16	227	95	96	Dö	24.125
112	9	Fa5#4	F5#4	344	344	3	16	682	95	96	nüp 	24.5
113	9	Re5	D5	327	327	1	8	455	95	96	bak	24.75
114	9	Mi5	E5	336	336	1	8	455	95	96	tım 	25.0
115	9	Fa5#4	F5#4	344	344	1	8	455	95	96	ma	25.25
116	9	Sol5	G5	349	349	1	8	455	95	96	zi	25.5
117	9	La5	A5	358	358	1	4	909	50	96	ye  	26.0
118	9	La5	A5	358	358	3	16	682	95	96	Pay	26.375
119	9	La5	A5	358	358	1	16	227	95	96	la	26.5
120	9	Sol5	G5	349	349	1	16	227	95	96	şa	26.625
121	9	Fa5#4	F5#4	344	344	3	16	682	95	96	cak 	27.0
122	9	Mi5	E5	336	336	1	16	227	95	96	ne 	27.125
123	9	Fa5#4	F5#4	344	344	3	16	682	95	96	kal	27.5
124	9	Re5	D5	327	327	1	4	909	95	96	mış  	28.0
125	9	Fa5#4	F5#4	344	344	1	16	227	95	96	Dö	28.125
126	9	Fa5#4	F5#4	344	344	3	16	682	95	96	nüp 	28.5
127	9	Re5	D5	327	327	1	8	455	95	96	bak	28.75
128	9	Mi5	E5	336	336	1	8	455	95	96	tım 	29.0
129	9	Fa5#4	F5#4	344	344	1	8	455	95	96	ma	29.25
130	9	Sol5	G5	349	349	1	8	455	95	96	zi	29.5
131	9	La5	A5	358	358	1	4	909	50	96	ye  	30.0
132	9	La5	A5	358	358	3	16	682	95	96	Pay	30.375
133	9	La5	A5	358	358	1	16	227	95	96	la	30.5
134	9	Sol5	G5	349	349	1	16	227	95	96	şa	30.625
135	9	Fa5#4	F5#4	344	344	3	16	682	95	96	cak 	31.0
136	9	Mi5	E5	336	336	1	16	227	95	96	ne 	31.125
137	9	Fa5#4	F5#4	344	344	3	16	682	95	96	kal	31.5
138	9	Re5	D5	327	327	1	4	909	95	96	mış  	32.0
139	9	La5	A5	358	358	1	8	455	95	96	Yıl	32.25
140	9	La5	A5	358	358	1	8	455	95	96	lar 	32.5
141	9	La5	A5	358	358	1	8	455	95	96	yor	32.75
142	9	La5	A5	358	358	1	8	455	95	96	gun 	33.0
143	9	Si5	B5	367	367	1	8	455	95	96	ben 	33.25
144	9	Sol5	G5	349	349	1	8	455	95	96	yor	33.5
145	9	Fa5#4	F5#4	344	344	1	4	909	95	96	gun  	34.0
146	9	La5	A5	358	358	1	8	455	95	96	Yıl	34.25
147	9	La5	A5	358	358	1	8	455	95	96	lar 	34.5
148	9	La5	A5	358	358	1	8	455	95	96	yor	34.75
149	9	La5	A5	358	358	1	8	455	95	96	gun 	35.0
150	9	Si5	B5	367	367	1	8	455	95	96	ben 	35.25
151	9	Sol5	G5	349	349	1	8	455	95	96	yor	35.5
152	9	Fa5#4	F5#4	344	344	1	4	909	95	96	gun  	36.0
153	9	Es	Es	-1	-1	1	8	455	100	0		36.25
154	9	Mi5	E5	336	336	1	16	227	95	96	Bo	36.375
155	9	Fa5#4	F5#4	344	344	1	16	227	95	96	şa 	36.5
156	9	Sol5	G5	349	349	1	8	455	95	96	geç	36.75
157	9	Fa5#4	F5#4	344	344	1	8	455	95	96	miş 	37.0
158	9	Es	Es	-1	-1	1	8	455	100	0		37.25
159	9	Mi5	E5	336	336	1	16	227	95	96	se	37.375
160	9	Fa5#4	F5#4	344	344	1	16	227	95	96	ne	37.5
161	9	Re5	D5	327	327	1	4	909	95	96	ler  	38.0
162	9	Es	Es	-1	-1	1	8	455	100	0		38.25
163	9	Mi5	E5	336	336	1	16	227	95	96	Bo	38.375
164	9	Fa5#4	F5#4	344	344	1	16	227	95	96	şa 	38.5
165	9	Sol5	G5	349	349	1	8	455	95	96	geç	38.75
166	9	Fa5#4	F5#4	344	344	1	8	455	95	96	miş 	39.0
167	9	Es	Es	-1	-1	1	8	455	100	0		39.25
168	9	Mi5	E5	336	336	1	16	227	95	96	se	39.375
169	9	Fa5#4	F5#4	344	344	1	16	227	95	96	ne	39.5
170	9	Re5	D5	327	327	1	4	909	95	96	ler  	40.0
171	9	Mi5	E5	336	336	3	16	682	95	96	Ben	40.375
172	9	Re5	D5	327	327	1	16	227	95	96	de 	40.5
173	9	Do5#4	C5#4	322	322	1	8	455	95	96	hic	40.75
174	9	Mi5	E5	336	336	1	8	455	95	96	ran 	41.0
175	9	Es	Es	-1	-1	1	8	455	100	0		41.25
176	9	Re5	D5	327	327	1	16	227	95	96	ya	41.375
177	9	Do5#4	C5#4	322	322	1	16	227	95	96	ra	41.5
178	9	Mi5	E5	336	336	1	4	909	95	96	sı  	42.0
179	9	Re5	D5	327	327	3	16	682	95	96	Ben	42.375
180	9	Do5#4	C5#4	322	322	1	16	227	95	96	de 	42.5
181	9	Si4b4	B4b4	310	310	1	8	455	95	96	bit	42.75
182	9	Re5	D5	327	327	1	8	455	95	96	mez 	43.0
183	9	Es	Es	-1	-1	1	8	455	100	0		43.25
184	9	Do5#4	C5#4	322	322	1	16	227	95	96	çi	43.375
185	9	Si4b4	B4b4	310	310	1	16	227	95	96	le	43.5
186	9	La4	A4	305	305	1	4	909	95	96	ler  	44.0
187	9	Mi5	E5	336	336	3	16	682	95	96	Ben	44.375
188	9	Re5	D5	327	327	1	16	227	95	96	de 	44.5
189	9	Do5#4	C5#4	322	322	1	8	455	95	96	hic	44.75
190	9	Mi5	E5	336	336	1	8	455	95	96	ran 	45.0
191	9	Es	Es	-1	-1	1	8	455	100	0		45.25
192	9	Re5	D5	327	327	1	16	227	95	96	ya	45.375
193	9	Do5#4	C5#4	322	322	1	16	227	95	96	ra	45.5
194	9	Mi5	E5	336	336	1	4	909	95	96	sı  	46.0
195	9	Re5	D5	327	327	3	16	682	95	96	Ben	46.375
196	9	Do5#4	C5#4	322	322	1	16	227	95	96	de 	46.5
197	9	Si4b4	B4b4	310	310	1	8	455	95	96	bit	46.75
198	9	Re5	D5	327	327	1	8	455	95	96	mez 	47.0
199	9	Es	Es	-1	-1	1	8	455	100	0		47.25
200	9	Do5#4	C5#4	322	322	1	16	227	95	96	çi	47.375
201	9	Si4b4	B4b4	310	310	1	16	227	95	96	le	47.5
202	9	La4	A4	305	305	1	4	909	95	96	ler  	48.0
203	9	Re5	D5	327	327	3	16	682	95	96	Göz	48.375
204	9	Do5#4	C5#4	322	322	1	16	227	95	96	le	48.5
205	9	Si4b4	B4b4	310	310	3	16	682	95	96	rin	48.875
206	9	Re5	D5	327	327	1	16	227	95	96	de 	49.0
207	9	Do5#4	C5#4	322	322	1	8	455	95	96	kin 	49.25
208	9	Si4b4	B4b4	310	310	1	8	455	95	96	nef	49.5
209	9	La4	A4	305	305	1	4	909	95	96	ret  	50.0
210	9	Es	Es	-1	-1	1	8	455	100	0		50.25
211	9	Do5#4	C5#4	322	322	1	16	227	95	96	Ba	50.375
212	9	Re5	D5	327	327	1	16	227	95	96	na 	50.5
213	9	Mi5	E5	336	336	1	8	455	95	96	sev	50.75
214	9	Sol5	G5	349	349	1	8	455	95	96	gin 	51.0
215	9	Fa5	F5	340	340	1	8	455	95	96	hiç 	51.25
216	9	Mi5	E5	336	336	1	8	455	95	96	yok	51.5
217	9	Re5	D5	327	327	1	4	909	95	96	muş  	52.0
218	9	Re5	D5	327	327	3	16	682	95	96	Göz	52.375
219	9	Do5#4	C5#4	322	322	1	16	227	95	96	le	52.5
220	9	Si4b4	B4b4	310	310	3	16	682	95	96	rin	52.875
221	9	Re5	D5	327	327	1	16	227	95	96	de 	53.0
222	9	Do5#4	C5#4	322	322	1	8	455	95	96	kin 	53.25
223	9	Si4b4	B4b4	310	310	1	8	455	95	96	nef	53.5
224	9	La4	A4	305	305	1	4	909	95	96	ret  	54.0
225	9	Es	Es	-1	-1	1	8	455	100	0		54.25
226	9	Do5#4	C5#4	322	322	1	16	227	95	96	Ba	54.375
227	9	Re5	D5	327	327	1	16	227	95	96	na 	54.5
228	9	Mi5	E5	336	336	1	8	455	95	96	sev	54.75
229	9	Sol5	G5	349	349	1	8	455	95	96	gin 	55.0
230	9	Fa5	F5	340	340	1	8	455	95	96	hiç 	55.25
231	9	Mi5	E5	336	336	1	8	455	95	96	yok	55.5
232	9	Re5	D5	327	327	1	4	909	95	96	muş  	56.0
233	9	Fa5#4	F5#4	344	344	1	16	227	95	96	Be	56.125
234	9	Fa5#4	F5#4	344	344	3	16	682	95	96	nim 	56.5
235	9	Re5	D5	327	327	1	8	455	95	96	kal	56.75
236	9	Mi5	E5	336	336	1	8	455	95	96	bim 	57.0
237	9	Fa5#4	F5#4	344	344	3	16	682	95	96	boş 	57.375
238	9	Sol5	G5	349	349	1	16	227	95	96	ye	57.5
239	9	La5	A5	358	358	1	4	909	95	96	re  	58.0
240	9	Es	Es	-1	-1	1	8	455	100	0		58.25
241	9	La5	A5	358	358	1	16	227	95	96	Sa	58.375
242	9	La5	A5	358	358	1	16	227	95	96	na 	58.5
243	9	Sol5	G5	349	349	1	8	455	95	96	sev	58.75
244	9	Fa5#4	F5#4	344	344	1	8	455	95	96	giy	59.0
245	9	Mi5	E5	336	336	1	16	227	95	96	le 	59.125
246	9	Fa5#4	F5#4	344	344	3	16	682	95	96	dol	59.5
247	9	Re5	D5	327	327	1	4	909	95	96	muş  	60.0
248	9	Fa5#4	F5#4	344	344	1	16	227	95	96	Be	60.125
249	9	Fa5#4	F5#4	344	344	3	16	682	95	96	nim 	60.5
250	9	Re5	D5	327	327	1	8	455	95	96	kal	60.75
251	9	Mi5	E5	336	336	1	8	455	95	96	bim 	61.0
252	9	Fa5#4	F5#4	344	344	3	16	682	95	96	boş 	61.375
253	9	Sol5	G5	349	349	1	16	227	95	96	ye	61.5
254	9	La5	A5	358	358	1	4	909	95	96	re  	62.0
255	9	Es	Es	-1	-1	1	8	455	100	0		62.25
256	9	La5	A5	358	358	1	16	227	95	96	Sa	62.375
257	9	La5	A5	358	358	1	16	227	95	96	na 	62.5
258	9	Sol5	G5	349	349	1	8	455	95	96	sev	62.75
259	9	Fa5#4	F5#4	344	344	1	8	455	95	96	giy	63.0
260	9	Mi5	E5	336	336	1	16	227	95	96	le 	63.125
261	9	Fa5#4	F5#4	344	344	3	16	682	95	96	dol	63.5
262	9	Re5	D5	327	327	1	4	909	95	96	muş  	64.0
263	9	La5	A5	358	358	1	8	455	95	96	Yıl	64.25
264	9	La5	A5	358	358	1	8	455	95	96	lar 	64.5
265	9	La5	A5	358	358	1	8	455	95	96	yor	64.75
266	9	La5	A5	358	358	1	8	455	95	96	gun 	65.0
267	9	Si5	B5	367	367	1	8	455	95	96	ben 	65.25
268	9	Sol5	G5	349	349	1	8	455	95	96	yor	65.5
269	9	Fa5#4	F5#4	344	344	1	4	909	95	96	gun  	66.0
270	9	La5	A5	358	358	1	8	455	95	96	Yıl	66.25
271	9	La5	A5	358	358	1	8	455	95	96	lar 	66.5
272	9	La5	A5	358	358	1	8	455	95	96	yor	66.75
273	9	La5	A5	358	358	1	8	455	95	96	gun 	67.0
274	9	Si5	B5	367	367	1	8	455	95	96	ben 	67.25
275	9	Sol5	G5	349	349	1	8	455	95	96	yor	67.5
276	9	Fa5#4	F5#4	344	344	1	4	909	95	96	gun  	68.0
277	9	Es	Es	-1	-1	1	8	455	100	0		68.25
278	9	Mi5	E5	336	336	1	16	227	95	96	Bo	68.375
279	9	Fa5#4	F5#4	344	344	1	16	227	95	96	şa 	68.5
280	9	Sol5	G5	349	349	1	8	455	95	96	geç	68.75
281	9	Fa5#4	F5#4	344	344	1	8	455	95	96	miş 	69.0
282	9	Es	Es	-1	-1	1	8	455	100	0		69.25
283	9	Mi5	E5	336	336	1	16	227	95	96	se	69.375
284	9	Fa5#4	F5#4	344	344	1	16	227	95	96	ne	69.5
285	9	Re5	D5	327	327	1	4	909	95	96	ler  	70.0
286	9	Es	Es	-1	-1	1	8	455	100	0		70.25
287	9	Mi5	E5	336	336	1	16	227	95	96	Bo	70.375
288	9	Fa5#4	F5#4	344	344	1	16	227	95	96	şa 	70.5
289	9	Sol5	G5	349	349	1	8	455	95	96	geç	70.75
290	9	Fa5#4	F5#4	344	344	1	8	455	95	96	miş 	71.0
291	9	Es	Es	-1	-1	1	8	455	100	0		71.25
292	9	Mi5	E5	336	336	1	16	227	95	96	se	71.375
293	9	Fa5#4	F5#4	344	344	1	16	227	95	96	ne	71.5
294	9	Re5	D5	327	327	1	4	909	95	96	ler  	72.0
295	9	Mi5	E5	336	336	3	16	682	95	96	Ben	72.375
296	9	Re5	D5	327	327	1	16	227	95	96	de 	72.5
297	9	Do5#4	C5#4	322	322	1	8	455	95	96	hic	72.75
298	9	Mi5	E5	336	336	1	8	455	95	96	ran 	73.0
299	9	Es	Es	-1	-1	1	8	455	100	0		73.25
300	9	Re5	D5	327	327	1	16	227	95	96	ya	73.375
301	9	Do5#4	C5#4	322	322	1	16	227	95	96	ra	73.5
302	9	Mi5	E5	336	336	1	4	909	95	96	sı  	74.0
303	9	Re5	D5	327	327	3	16	682	95	96	Ben	74.375
304	9	Do5#4	C5#4	322	322	1	16	227	95	96	de 	74.5
305	9	Si4b4	B4b4	310	310	1	8	455	95	96	bit	74.75
306	9	Re5	D5	327	327	1	8	455	95	96	mez 	75.0
307	9	Es	Es	-1	-1	1	8	455	100	0		75.25
308	9	Do5#4	C5#4	322	322	1	16	227	95	96	çi	75.375
309	9	Si4b4	B4b4	310	310	1	16	227	95	96	le	75.5
310	9	La4	A4	305	305	1	4	909	95	96	ler  	76.0
311	9	Mi5	E5	336	336	3	16	682	95	96	Ben	76.375
312	9	Re5	D5	327	327	1	16	227	95	96	de 	76.5
313	9	Do5#4	C5#4	322	322	1	8	455	95	96	hic	76.75
314	9	Mi5	E5	336	336	1	8	455	95	96	ran 	77.0
315	9	Es	Es	-1	-1	1	8	455	100	0		77.25
316	9	Re5	D5	327	327	1	16	227	95	96	ya	77.375
317	9	Do5#4	C5#4	322	322	1	16	227	95	96	ra	77.5
318	9	Mi5	E5	336	336	1	4	909	95	96	sı  	78.0
319	9	Re5	D5	327	327	3	16	682	95	96	Ben	78.375
320	9	Do5#4	C5#4	322	322	1	16	227	95	96	de 	78.5
321	9	Si4b4	B4b4	310	310	1	8	455	95	96	bit	78.75
322	9	Re5	D5	327	327	1	8	455	95	96	mez 	79.0
323	9	Es	Es	-1	-1	1	8	455	100	0		79.25
324	9	Do5#4	C5#4	322	322	1	16	227	95	96	çi	79.375
325	9	Si4b4	B4b4	310	310	1	16	227	95	96	le	79.5
326	9	La4	A4	305	305	1	4	909	95	96	ler  	80.0
