Sira	Kod	Nota53	NotaAE	Koma53	KomaAE	Pay	Payda	Ms	LNS	Bas	Soz1	Offset
1	51			0	0	2	4	0	2	0	Nîmsofyan	0.0
2	9	Mi5	E5	336	336	1	16	192	95	96	ARANAĞME	0.125
3	9	Mi5	E5	336	336	1	8	385	95	96	.	0.375
4	9	Fa5#4	F5#4	344	344	1	16	192	95	96	.	0.5
5	9	Sol5	G5	349	349	1	8	385	95	96	.	0.75
6	9	La5	A5	358	358	1	8	385	95	96	.	1.0
7	9	Sol5	G5	349	349	1	8	385	95	96	.	1.25
8	9	Fa5	F5	340	340	1	8	385	95	96	.	1.5
9	9	Mi5	E5	336	336	1	8	385	95	96	.	1.75
10	9	Re5	D5	327	327	1	8	385	95	96	.	2.0
11	9	Mi5	E5	336	336	1	16	192	95	96	.	2.125
12	9	Re5	D5	327	327	1	16	192	95	96	.	2.25
13	9	Do5#4	C5#4	322	322	1	16	192	95	96	.	2.375
14	9	Re5	D5	327	327	1	16	192	95	96	.	2.5
15	9	Mi5	E5	336	336	1	16	192	95	96	.	2.625
16	9	Fa5#4	F5#4	344	344	1	16	192	95	96	.	2.75
17	9	Sol5	G5	349	349	1	16	192	95	96	.	2.875
18	9	La5	A5	358	358	1	16	192	95	96	.	3.0
19	9	Sol5	G5	349	349	1	16	192	95	96	.	3.125
20	9	Fa5	F5	340	340	1	16	192	95	96	.	3.25
21	9	Mi5	E5	336	336	1	16	192	95	96	.	3.375
22	9	Re5	D5	327	327	1	16	192	95	96	.	3.5
23	9	Do5#4	C5#4	322	322	1	16	192	95	96	.	3.625
24	9	Si4b4	B4b4	310	310	1	16	192	95	96	.	3.75
25	9	Si4b4	B4b4	310	310	1	16	192	95	96	.	3.875
26	9	La4	A4	305	305	1	16	192	95	96	.	4.0
27	9	La4	A4	305	305	3	16	577	95	96	.	4.375
28	9	La5	A5	358	358	1	16	192	95	96	.	4.5
29	9	Sol5	G5	349	349	1	16	192	95	96	.	4.625
30	9	Fa5	F5	340	340	1	16	192	95	96	.	4.75
31	9	Mi5	E5	336	336	1	16	192	95	96	.	4.875
32	9	Re5	D5	327	327	1	16	192	95	96	.	5.0
33	9	Do5#4	C5#4	322	322	3	16	577	95	96	.	5.375
34	9	Re5	D5	327	327	1	16	192	95	96	.	5.5
35	9	Do5#4	C5#4	322	322	1	16	192	95	96	.	5.625
36	9	Si4b4	B4b4	310	310	1	16	192	95	96	.	5.75
37	9	Si4b4	B4b4	310	310	1	16	192	95	96	.	5.875
38	9	La4	A4	305	305	1	16	192	95	96	.	6.0
39	9	La4	A4	305	305	1	16	192	95	96	.	6.125
40	9	La4	A4	305	305	1	8	385	95	96	.	6.375
41	9	Si4b4	B4b4	310	310	1	16	192	95	96	.	6.5
42	9	Do5#4	C5#4	322	322	1	8	385	95	96	.	6.75
43	9	Re5	D5	327	327	1	8	385	95	96	.	7.0
44	9	Mi5	E5	336	336	1	8	385	95	96	.	7.25
45	9	Fa5#4	F5#4	344	344	1	8	385	95	96	.	7.5
46	9	Sol5	G5	349	349	1	8	385	95	96	.	7.75
47	9	La5	A5	358	358	1	8	385	95	96	.	8.0
48	9	Mi5	E5	336	336	1	16	192	95	96	ARANAĞME	8.125
49	9	Mi5	E5	336	336	1	8	385	95	96	.	8.375
50	9	Fa5#4	F5#4	344	344	1	16	192	95	96	.	8.5
51	9	Sol5	G5	349	349	1	8	385	95	96	.	8.75
52	9	La5	A5	358	358	1	8	385	95	96	.	9.0
53	9	Sol5	G5	349	349	1	8	385	95	96	.	9.25
54	9	Fa5	F5	340	340	1	8	385	95	96	.	9.5
55	9	Mi5	E5	336	336	1	8	385	95	96	.	9.75
56	9	Re5	D5	327	327	1	8	385	95	96	.	10.0
57	9	Mi5	E5	336	336	1	16	192	95	96	.	10.125
58	9	Re5	D5	327	327	1	16	192	95	96	.	10.25
59	9	Do5#4	C5#4	322	322	1	16	192	95	96	.	10.375
60	9	Re5	D5	327	327	1	16	192	95	96	.	10.5
61	9	Mi5	E5	336	336	1	16	192	95	96	.	10.625
62	9	Fa5#4	F5#4	344	344	1	16	192	95	96	.	10.75
63	9	Sol5	G5	349	349	1	16	192	95	96	.	10.875
64	9	La5	A5	358	358	1	16	192	95	96	.	11.0
65	9	Sol5	G5	349	349	1	16	192	95	96	.	11.125
66	9	Fa5	F5	340	340	1	16	192	95	96	.	11.25
67	9	Mi5	E5	336	336	1	16	192	95	96	.	11.375
68	9	Re5	D5	327	327	1	16	192	95	96	.	11.5
69	9	Do5#4	C5#4	322	322	1	16	192	95	96	.	11.625
70	9	Si4b4	B4b4	310	310	1	16	192	95	96	.	11.75
71	9	Si4b4	B4b4	310	310	1	16	192	95	96	.	11.875
72	9	La4	A4	305	305	1	16	192	95	96	.	12.0
73	9	La4	A4	305	305	3	16	577	95	96	.	12.375
74	9	La5	A5	358	358	1	16	192	95	96	.	12.5
75	9	Sol5	G5	349	349	1	16	192	95	96	.	12.625
76	9	Fa5	F5	340	340	1	16	192	95	96	.	12.75
77	9	Mi5	E5	336	336	1	16	192	95	96	.	12.875
78	9	Re5	D5	327	327	1	16	192	95	96	.	13.0
79	9	Do5#4	C5#4	322	322	3	16	577	95	96	.	13.375
80	9	Re5	D5	327	327	1	16	192	95	96	.	13.5
81	9	Do5#4	C5#4	322	322	1	16	192	95	96	.	13.625
82	9	Si4b4	B4b4	310	310	1	16	192	95	96	.	13.75
83	9	Si4b4	B4b4	310	310	1	16	192	95	96	.	13.875
84	9	La4	A4	305	305	1	16	192	95	96	.	14.0
85	9	La4	A4	305	305	1	16	192	95	96	.	14.125
86	9	Sol4	G4	296	296	1	16	192	95	96	.	14.25
87	9	La4	A4	305	305	1	16	192	95	96	.	14.375
88	9	Si4b4	B4b4	310	310	1	16	192	95	96	.	14.5
89	9	Do5#4	C5#4	322	322	1	16	192	95	96	.	14.625
90	9	Re5	D5	327	327	1	16	192	95	96	.	14.75
91	9	Mi5	E5	336	336	1	16	192	95	96	.	14.875
92	9	Fa5	F5	340	340	1	16	192	95	96	.	15.0
93	9	Mi5	E5	336	336	1	16	192	95	96	.	15.125
94	9	Re5	D5	327	327	1	16	192	95	96	.	15.25
95	9	Do5#4	C5#4	322	322	1	16	192	95	96	.	15.375
96	9	Re5	D5	327	327	1	16	192	95	96	.	15.5
97	9	Mi5	E5	336	336	1	16	192	95	96	.	15.625
98	9	Sol5	G5	349	349	1	16	192	95	96	.	15.75
99	9	Fa5	F5	340	340	1	16	192	95	96	.	15.875
100	9	Mi5	E5	336	336	1	16	192	95	96	.	16.0
101	9	Mi5	E5	336	336	1	4	769	95	96	.	16.5
102	9	Mi5	E5	336	336	1	8	385	95	96	Dağ	16.75
103	9	Fa5	F5	340	340	1	8	385	95	96	lar 	17.0
104	9	Mi5	E5	336	336	3	16	577	99	96	dağ	17.375
105	9	Re5	D5	327	327	1	16	192	95	96		17.5
106	9	Do5#4	C5#4	322	322	3	32	288	99	96	lar 	17.6875
107	9	Si4b4	B4b4	310	310	1	32	96	99	96		17.75
108	9	Do5#4	C5#4	322	322	1	8	385	95	96		18.0
109	9	Re5	D5	327	327	1	4	769	95	96	vî	18.5
110	9	Mi5	E5	336	336	1	4	769	100	96	ran 	19.0
111	9	Mi5	E5	336	336	1	4	769	95	96		19.5
112	9	Fa5	F5	340	340	3	16	577	99	96	dağ	19.875
113	9	Mi5	E5	336	336	1	16	192	99	96		20.0
114	9	Re5	D5	327	327	1	4	769	99	96		20.5
115	9	Do5#4	C5#4	322	322	1	8	385	99	96		20.75
116	9	Re5	D5	327	327	1	8	385	99	96		21.0
117	9	Mi5	E5	336	336	3	16	577	99	96		21.375
118	9	Re5	D5	327	327	1	16	192	95	96		21.5
119	9	Mi5	E5	336	336	1	16	192	99	96	lar  	21.625
120	9	Re5	D5	327	327	1	16	192	99	96		21.75
121	9	Do5#4	C5#4	322	322	1	8	385	100	96		22.0
122	9	Do5#4	C5#4	322	322	1	4	769	99	96		22.5
123	9	Do5#4	C5#4	322	322	3	16	577	99	96		22.875
124	9	Re5	D5	327	327	1	16	192	99	96		23.0
125	9	Do5#4	C5#4	322	322	1	16	192	99	96		23.125
126	9	Si4b4	B4b4	310	310	1	16	192	99	96		23.25
127	9	Si4b4	B4b4	310	310	1	16	192	99	96		23.375
128	9	La4	A4	305	305	1	16	192	99	96		23.5
129	9	La4	A4	305	305	1	8	385	95	96		23.75
130	9	Sol5	G5	349	349	1	8	385	100	96	SAZ	24.0
131	9	Sol5	G5	349	349	1	8	385	95	96	.	24.25
132	9	Sol5	G5	349	349	1	16	192	95	96	.	24.375
133	9	Fa5	F5	340	340	1	16	192	95	96	.	24.5
134	11	Fa5	F5	340	340	1	8	385	95	96	.	24.75
135	9	Fa5	F5	340	340	1	16	192	95	96	.	24.875
136	9	Mi5	E5	336	336	1	16	192	95	96	.	25.0
137	9	Mi5	E5	336	336	1	16	192	95	96	.	25.125
138	9	Mi5	E5	336	336	1	16	192	95	96	.	25.25
139	9	Mi5	E5	336	336	1	16	192	95	96	.	25.375
140	9	Re5	D5	327	327	1	16	192	95	96	.	25.5
141	9	Do5#4	C5#4	322	322	1	16	192	95	96	.	25.625
142	9	Re5	D5	327	327	1	16	192	95	96	.	25.75
143	9	Mi5	E5	336	336	1	16	192	95	96	.	25.875
144	9	Fa5	F5	340	340	1	16	192	95	96	.	26.0
145	9	Sol5	G5	349	349	1	8	385	95	96	.	26.25
146	9	Fa5	F5	340	340	1	16	192	95	96	.	26.375
147	9	Mi5	E5	336	336	1	16	192	95	96	.	26.5
148	9	Mi5	E5	336	336	1	16	192	95	96	.	26.625
149	9	Re5	D5	327	327	1	16	192	95	96	.	26.75
150	9	Re5	D5	327	327	1	16	192	95	96	.	26.875
151	9	Do5#4	C5#4	322	322	1	16	192	95	96	.	27.0
152	9	Re5	D5	327	327	1	8	385	95	96	.	27.25
153	9	Mi5	E5	336	336	1	16	192	95	96	.	27.375
154	11	Re5	D5	327	327	1	16	192	95	96	.	27.5
155	9	Re5	D5	327	327	1	4	769	95	96	.	28.0
156	9	Do5#4	C5#4	322	322	1	8	385	95	96	Yü	28.25
157	9	Re5	D5	327	327	1	8	385	95	96	züm 	28.5
158	9	Do5#4	C5#4	322	322	1	8	385	99	96	gü	28.75
159	9	Si4b4	B4b4	310	310	1	8	385	95	96		29.0
160	9	La4	A4	305	305	1	8	385	99	96	ler 	29.25
161	9	Sol4	G4	296	296	1	8	385	95	96		29.5
162	9	La4	A4	305	305	1	8	385	99	96	kal	29.75
163	9	Si4b4	B4b4	310	310	1	16	192	99	96		29.875
164	9	Do5#4	C5#4	322	322	1	16	192	95	96		30.0
165	9	Re5	D5	327	327	1	2	1538	95	96	bim 	31.0
166	9	Re5	D5	327	327	1	16	192	99	96	ağ	31.125
167	9	Do5#4	C5#4	322	322	1	16	192	99	96		31.25
168	9	Si4b4	B4b4	310	310	1	16	192	99	96		31.375
169	9	Do5#4	C5#4	322	322	1	16	192	99	96		31.5
170	9	Si4b4	B4b4	310	310	1	16	192	99	96		31.625
171	9	La4	A4	305	305	1	16	192	99	96		31.75
172	9	Si4b4	B4b4	310	310	1	8	385	99	96		32.0
173	9	Si4b4	B4b4	310	310	1	8	385	99	96		32.25
174	9	La4	A4	305	305	1	8	385	99	96		32.5
175	9	Do5#4	C5#4	322	322	3	16	577	99	96		32.875
176	9	Si4b4	B4b4	310	310	1	16	192	95	96		33.0
177	9	Do5#4	C5#4	322	322	1	16	192	99	96	lar  	33.125
178	9	Si4b4	B4b4	310	310	1	16	192	99	96		33.25
179	9	La4	A4	305	305	3	8	1154	95	96		34.0
180	9	La4	A4	305	305	1	16	192	95	96	SAZ	34.125
181	9	Do5#4	C5#4	322	322	1	16	192	95	96	.	34.25
182	9	Si4b4	B4b4	310	310	1	16	192	95	96	.	34.375
183	9	La4	A4	305	305	1	16	192	95	96	.	34.5
184	9	Sol4	G4	296	296	1	16	192	95	96	.	34.625
185	9	La4	A4	305	305	1	16	192	95	96	.	34.75
186	9	Si4b4	B4b4	310	310	1	16	192	95	96	.	34.875
187	9	Do5#4	C5#4	322	322	1	16	192	95	96	.	35.0
188	9	Re5	D5	327	327	1	4	769	95	96	.	35.5
189	9	Do5#4	C5#4	322	322	1	8	385	95	96	Yü	35.75
190	9	Re5	D5	327	327	1	8	385	95	96	züm 	36.0
191	9	Do5#4	C5#4	322	322	1	8	385	99	96	gü	36.25
192	9	Si4b4	B4b4	310	310	1	8	385	95	96		36.5
193	9	La4	A4	305	305	1	8	385	99	96	ler 	36.75
194	9	Sol4	G4	296	296	1	8	385	95	96		37.0
195	9	La4	A4	305	305	1	8	385	99	96	kal	37.25
196	9	Si4b4	B4b4	310	310	1	16	192	99	96		37.375
197	9	Do5#4	C5#4	322	322	1	16	192	95	96		37.5
198	9	Re5	D5	327	327	1	4	769	100	96	bim 	38.0
199	9	Re5	D5	327	327	1	4	769	95	96		38.5
200	9	Re5	D5	327	327	1	16	192	99	96	ağ	38.625
201	9	Do5#4	C5#4	322	322	1	16	192	99	96		38.75
202	9	Si4b4	B4b4	310	310	1	8	384	99	96		39.0
203	9	Si4b4	B4b4	310	310	1	16	192	99	96		39.125
204	9	La4	A4	305	305	1	16	192	99	96		39.25
205	9	Si4b4	B4b4	310	310	1	8	385	99	96		39.5
206	9	Si4b4	B4b4	310	310	1	8	385	99	96		39.75
207	9	La4	A4	305	305	1	8	385	99	96		40.0
208	9	Do5#4	C5#4	322	322	3	16	577	99	96		40.375
209	9	Si4b4	B4b4	310	310	1	16	192	95	96		40.5
210	9	Do5#4	C5#4	322	322	1	16	192	99	96	lar  	40.625
211	9	Si4b4	B4b4	310	310	1	16	192	99	96		40.75
212	9	La4	A4	305	305	1	8	385	100	96		41.0
213	9	La4	A4	305	305	2	8	769	95	96		41.5
214	9	La4	A4	305	305	1	16	192	95	96	SAZ	41.625
215	9	Sol4	G4	296	296	1	16	192	95	96	.	41.75
216	9	La4	A4	305	305	1	16	192	95	96	.	41.875
217	9	Si4b4	B4b4	310	310	1	16	192	95	96	.	42.0
218	9	Do5#4	C5#4	322	322	1	16	192	95	96	.	42.125
219	9	Re5	D5	327	327	1	16	192	95	96	.	42.25
220	9	Mi5	E5	336	336	1	16	192	95	96	.	42.375
221	9	Fa5	F5	340	340	1	16	192	95	96	.	42.5
222	9	Mi5	E5	336	336	1	16	192	95	96	.	42.625
223	9	Re5	D5	327	327	1	16	192	95	96	.	42.75
224	9	Do5#4	C5#4	322	322	1	16	192	95	96	.	42.875
225	9	Re5	D5	327	327	1	16	192	95	96	.	43.0
226	9	Mi5	E5	336	336	1	16	192	95	96	.	43.125
227	9	Sol5	G5	349	349	1	16	192	95	96	.	43.25
228	9	Fa5#4	F5#4	344	344	1	16	192	95	96	.	43.375
229	9	Mi5	E5	336	336	1	16	192	95	96	.	43.5
230	9	Mi5	E5	336	336	1	4	769	95	96	.	44.0
231	9	Mi5	E5	336	336	1	8	385	95	96	Yü	44.25
232	9	Fa5	F5	340	340	1	8	385	95	96	re	44.5
233	9	Mi5	E5	336	336	3	16	577	99	96	ğim	44.875
234	9	Re5	D5	327	327	1	16	192	95	96		45.0
235	9	Do5#4	C5#4	322	322	3	32	288	99	96	den 	45.1875
236	9	Si4b4	B4b4	310	310	1	32	96	99	96		45.25
237	9	Do5#4	C5#4	322	322	1	8	385	95	96		45.5
238	9	Re5	D5	327	327	1	4	769	95	96	kan	46.0
239	9	Mi5	E5	336	336	1	2	1538	95	96	lar 	47.0
240	9	Fa5	F5	340	340	3	16	577	99	96	dam	47.375
241	9	Mi5	E5	336	336	1	16	192	99	96		47.5
242	9	Re5	D5	327	327	1	4	769	99	96		48.0
243	9	Do5#4	C5#4	322	322	1	8	385	99	96		48.25
244	9	Re5	D5	327	327	1	8	385	99	96		48.5
245	9	Mi5	E5	336	336	3	16	577	99	96		48.875
246	9	Re5	D5	327	327	1	16	192	95	96		49.0
247	9	Mi5	E5	336	336	1	16	192	99	96	lar  	49.125
248	9	Re5	D5	327	327	1	16	192	99	96		49.25
249	9	Do5#4	C5#4	322	322	3	8	1154	99	96		50.0
250	9	Do5#4	C5#4	322	322	3	16	577	99	96		50.375
251	9	Re5	D5	327	327	1	16	192	99	96		50.5
252	9	Do5#4	C5#4	322	322	1	16	192	99	96		50.625
253	9	Si4b4	B4b4	310	310	1	16	192	99	96		50.75
254	9	Si4b4	B4b4	310	310	1	16	192	99	96		50.875
255	9	La4	A4	305	305	1	16	192	99	96		51.0
256	9	La4	A4	305	305	1	8	385	95	96		51.25
257	9	Sol5	G5	349	349	1	4	769	95	96	SAZ	51.75
258	9	Sol5	G5	349	349	1	16	192	95	96	.	51.875
259	9	Fa5	F5	340	340	1	16	192	95	96	.	52.0
260	11	Fa5	F5	340	340	1	8	385	95	96	.	52.25
261	9	Fa5	F5	340	340	1	16	192	95	96	.	52.375
262	9	Mi5	E5	336	336	1	16	192	95	96	.	52.5
263	11	Mi5	E5	336	336	1	8	385	95	96	.	52.75
264	9	Mi5	E5	336	336	1	16	192	95	96	.	52.875
265	9	Re5	D5	327	327	1	16	192	95	96	.	53.0
266	9	Do5#4	C5#4	322	322	1	16	192	95	96	.	53.125
267	9	Re5	D5	327	327	1	16	192	95	96	.	53.25
268	9	Mi5	E5	336	336	1	16	192	95	96	.	53.375
269	9	Fa5#4	F5#4	344	344	1	16	192	95	96	.	53.5
270	9	Sol5	G5	349	349	1	8	385	95	96	.	53.75
271	9	Fa5	F5	340	340	1	16	192	95	96	.	53.875
272	9	Mi5	E5	336	336	1	16	192	95	96	.	54.0
273	9	Mi5	E5	336	336	1	16	192	95	96	.	54.125
274	9	Re5	D5	327	327	1	16	192	95	96	.	54.25
275	9	Re5	D5	327	327	1	16	192	95	96	.	54.375
276	9	Do5#4	C5#4	322	322	1	16	192	95	96	.	54.5
277	9	Re5	D5	327	327	1	8	385	95	96	.	54.75
278	9	Mi5	E5	336	336	1	16	192	95	96	.	54.875
279	9	Re5	D5	327	327	1	16	192	95	96	.	55.0
280	9	Re5	D5	327	327	1	4	769	95	96	.	55.5
281	9	Do5#4	C5#4	322	322	1	8	385	99	96	Bir_	55.75
282	9	Re5	D5	327	327	1	8	385	95	96	o	56.0
283	9	Do5#4	C5#4	322	322	1	8	385	99	96	lay	56.25
284	9	Si4b4	B4b4	310	310	1	8	385	95	96		56.5
285	9	La4	A4	305	305	1	8	385	99	96	dı 	56.75
286	9	Sol4	G4	296	296	1	8	385	95	96		57.0
287	9	La4	A4	305	305	1	8	385	99	96	bir_	57.25
288	9	Si4b4	B4b4	310	310	1	16	192	99	96		57.375
289	9	Do5#4	C5#4	322	322	1	16	192	95	96		57.5
290	9	Re5	D5	327	327	1	4	769	100	96	o	58.0
291	9	Re5	D5	327	327	1	4	769	95	96		58.5
292	9	Re5	D5	327	327	1	16	192	99	96	lay	58.625
293	9	Do5#4	C5#4	322	322	1	16	192	99	96		58.75
294	9	Si4b4	B4b4	310	310	1	16	192	99	96		58.875
295	9	Do5#4	C5#4	322	322	1	16	192	99	96		59.0
296	9	Si4b4	B4b4	310	310	1	16	192	99	96		59.125
297	9	La4	A4	305	305	1	16	192	99	96		59.25
298	9	Si4b4	B4b4	310	310	1	8	385	99	96		59.5
299	9	Si4b4	B4b4	310	310	1	8	385	99	96		59.75
300	9	La4	A4	305	305	1	8	385	99	96		60.0
301	9	Do5#4	C5#4	322	322	3	16	577	99	96		60.375
302	9	Si4b4	B4b4	310	310	1	16	192	95	96		60.5
303	9	Do5#4	C5#4	322	322	1	16	192	99	96	dı  	60.625
304	9	Si4b4	B4b4	310	310	1	16	192	99	96		60.75
305	9	La4	A4	305	305	1	8	385	100	96		61.0
306	9	La4	A4	305	305	2	8	769	95	96		61.5
307	9	La4	A4	305	305	1	16	192	95	96	SAZ	61.625
308	9	Do5#4	C5#4	322	322	1	16	192	95	96	.	61.75
309	9	Si4b4	B4b4	310	310	1	16	192	95	96	.	61.875
310	9	La4	A4	305	305	1	16	192	95	96	.	62.0
311	9	Sol4	G4	296	296	1	16	192	95	96	.	62.125
312	9	La4	A4	305	305	1	16	192	95	96	.	62.25
313	9	Si4b4	B4b4	310	310	1	16	192	95	96	.	62.375
314	9	Do5#4	C5#4	322	322	1	16	192	95	96	.	62.5
315	9	Re5	D5	327	327	1	4	769	95	96	.	63.0
316	9	Do5#4	C5#4	322	322	1	8	385	95	96	Ne 	63.25
317	9	Re5	D5	327	327	1	8	385	95	96	o	63.5
318	9	Do5#4	C5#4	322	322	1	8	385	99	96	lur 	63.75
319	9	Si4b4	B4b4	310	310	1	8	385	95	96		64.0
320	9	La4	A4	305	305	1	8	385	99	96	be	64.25
321	9	Sol4	G4	296	296	1	8	385	95	96		64.5
322	9	La4	A4	305	305	1	8	385	99	96	nim_	64.75
323	9	Si4b4	B4b4	310	310	1	16	192	99	96		64.875
324	9	Do5#4	C5#4	322	322	1	16	192	95	96		65.0
325	9	Re5	D5	327	327	1	2	1538	95	96	o	66.0
326	9	Re5	D5	327	327	1	16	192	99	96	lay	66.125
327	9	Do5#4	C5#4	322	322	1	16	192	99	96		66.25
328	9	Si4b4	B4b4	310	310	1	16	192	99	96		66.375
329	9	Do5#4	C5#4	322	322	1	16	192	99	96		66.5
330	9	Si4b4	B4b4	310	310	1	16	192	99	96		66.625
331	9	La4	A4	305	305	1	16	192	99	96		66.75
332	9	Si4b4	B4b4	310	310	1	8	385	99	96		67.0
333	9	Si4b4	B4b4	310	310	1	8	385	99	96		67.25
334	9	La4	A4	305	305	1	8	385	99	96		67.5
335	9	Do5#4	C5#4	322	322	3	16	577	99	96		67.875
336	9	Si4b4	B4b4	310	310	1	16	192	95	96		68.0
337	9	Do5#4	C5#4	322	322	1	16	192	99	96	dı  	68.125
338	9	Si4b4	B4b4	310	310	1	16	192	99	96		68.25
339	9	La4	A4	305	305	3	8	1154	95	96		69.0
340	9	Si4b4	B4b4	310	310	1	16	192	95	96	SAZ	69.125
341	9	La4	A4	305	305	1	16	192	95	96	.	69.25
342	9	Si4b4	B4b4	310	310	1	16	192	95	96	.	69.375
343	9	Do5#4	C5#4	322	322	1	16	192	95	96	.	69.5
344	9	La4	A4	305	305	1	4	769	95	96	.	70.0
345	9	Mi5	E5	336	336	1	16	192	95	96	ARANAĞME	70.125
346	9	Mi5	E5	336	336	1	8	385	95	96	.	70.375
347	9	Fa5#4	F5#4	344	344	1	16	192	95	96	.	70.5
348	9	Sol5	G5	349	349	1	8	385	95	96	.	70.75
349	9	La5	A5	358	358	1	8	385	95	96	.	71.0
350	9	Sol5	G5	349	349	1	8	385	95	96	.	71.25
351	9	Fa5	F5	340	340	1	8	385	95	96	.	71.5
352	9	Mi5	E5	336	336	1	8	385	95	96	.	71.75
353	9	Re5	D5	327	327	1	8	385	95	96	.	72.0
354	9	Mi5	E5	336	336	1	16	192	95	96	.	72.125
355	9	Re5	D5	327	327	1	16	192	95	96	.	72.25
356	9	Do5#4	C5#4	322	322	1	16	192	95	96	.	72.375
357	9	Re5	D5	327	327	1	16	192	95	96	.	72.5
358	9	Mi5	E5	336	336	1	16	192	95	96	.	72.625
359	9	Fa5#4	F5#4	344	344	1	16	192	95	96	.	72.75
360	9	Sol5	G5	349	349	1	16	192	95	96	.	72.875
361	9	La5	A5	358	358	1	16	192	95	96	.	73.0
362	9	Sol5	G5	349	349	1	16	192	95	96	.	73.125
363	9	Fa5	F5	340	340	1	16	192	95	96	.	73.25
364	9	Mi5	E5	336	336	1	16	192	95	96	.	73.375
365	9	Re5	D5	327	327	1	16	192	95	96	.	73.5
366	9	Do5#4	C5#4	322	322	1	16	192	95	96	.	73.625
367	9	Si4b4	B4b4	310	310	1	16	192	95	96	.	73.75
368	9	Si4b4	B4b4	310	310	1	16	192	95	96	.	73.875
369	9	La4	A4	305	305	1	16	192	95	96	.	74.0
370	9	La4	A4	305	305	3	16	577	95	96	.	74.375
371	9	La5	A5	358	358	1	16	192	95	96	.	74.5
372	9	Sol5	G5	349	349	1	16	192	95	96	.	74.625
373	9	Fa5	F5	340	340	1	16	192	95	96	.	74.75
374	9	Mi5	E5	336	336	1	16	192	95	96	.	74.875
375	9	Re5	D5	327	327	1	16	192	95	96	.	75.0
376	9	Do5#4	C5#4	322	322	3	16	577	95	96	.	75.375
377	9	Re5	D5	327	327	1	16	192	95	96	.	75.5
378	9	Do5#4	C5#4	322	322	1	16	192	95	96	.	75.625
379	9	Si4b4	B4b4	310	310	1	16	192	95	96	.	75.75
380	9	Si4b4	B4b4	310	310	1	16	192	95	96	.	75.875
381	9	La4	A4	305	305	1	16	192	95	96	.	76.0
382	9	La4	A4	305	305	1	16	192	95	96	.	76.125
383	9	La4	A4	305	305	1	8	385	95	96	.	76.375
384	9	Si4b4	B4b4	310	310	1	16	192	95	96	.	76.5
385	9	Do5#4	C5#4	322	322	1	8	385	95	96	.	76.75
386	9	Re5	D5	327	327	1	8	385	95	96	.	77.0
387	9	Mi5	E5	336	336	1	8	385	95	96	.	77.25
388	9	Fa5#4	F5#4	344	344	1	8	385	95	96	.	77.5
389	9	Sol5	G5	349	349	1	8	385	95	96	.	77.75
390	9	La5	A5	358	358	1	8	385	95	96	.	78.0
391	9	Mi5	E5	336	336	1	16	192	95	96	ARANAĞME	78.125
392	9	Mi5	E5	336	336	1	8	385	95	96	.	78.375
393	9	Fa5#4	F5#4	344	344	1	16	192	95	96	.	78.5
394	9	Sol5	G5	349	349	1	8	385	95	96	.	78.75
395	9	La5	A5	358	358	1	8	385	95	96	.	79.0
396	9	Sol5	G5	349	349	1	8	385	95	96	.	79.25
397	9	Fa5	F5	340	340	1	8	385	95	96	.	79.5
398	9	Mi5	E5	336	336	1	8	385	95	96	.	79.75
399	9	Re5	D5	327	327	1	8	385	95	96	.	80.0
400	9	Mi5	E5	336	336	1	16	192	95	96	.	80.125
401	9	Re5	D5	327	327	1	16	192	95	96	.	80.25
402	9	Do5#4	C5#4	322	322	1	16	192	95	96	.	80.375
403	9	Re5	D5	327	327	1	16	192	95	96	.	80.5
404	9	Mi5	E5	336	336	1	16	192	95	96	.	80.625
405	9	Fa5#4	F5#4	344	344	1	16	192	95	96	.	80.75
406	9	Sol5	G5	349	349	1	16	192	95	96	.	80.875
407	9	La5	A5	358	358	1	16	192	95	96	.	81.0
408	9	Sol5	G5	349	349	1	16	192	95	96	.	81.125
409	9	Fa5	F5	340	340	1	16	192	95	96	.	81.25
410	9	Mi5	E5	336	336	1	16	192	95	96	.	81.375
411	9	Re5	D5	327	327	1	16	192	95	96	.	81.5
412	9	Do5#4	C5#4	322	322	1	16	192	95	96	.	81.625
413	9	Si4b4	B4b4	310	310	1	16	192	95	96	.	81.75
414	9	Si4b4	B4b4	310	310	1	16	192	95	96	.	81.875
415	9	La4	A4	305	305	1	16	192	95	96	.	82.0
416	9	La4	A4	305	305	3	16	577	95	96	.	82.375
417	9	La5	A5	358	358	1	16	192	95	96	.	82.5
418	9	Sol5	G5	349	349	1	16	192	95	96	.	82.625
419	9	Fa5	F5	340	340	1	16	192	95	96	.	82.75
420	9	Mi5	E5	336	336	1	16	192	95	96	.	82.875
421	9	Re5	D5	327	327	1	16	192	95	96	.	83.0
422	9	Do5#4	C5#4	322	322	3	16	577	95	96	.	83.375
423	9	Re5	D5	327	327	1	16	192	95	96	.	83.5
424	9	Do5#4	C5#4	322	322	1	16	192	95	96	.	83.625
425	9	Si4b4	B4b4	310	310	1	16	192	95	96	.	83.75
426	9	Si4b4	B4b4	310	310	1	16	192	95	96	.	83.875
427	9	La4	A4	305	305	1	16	192	95	96	.	84.0
428	9	La4	A4	305	305	1	16	192	95	96	.	84.125
429	9	Sol4	G4	296	296	1	16	192	95	96	.	84.25
430	9	La4	A4	305	305	1	16	192	95	96	.	84.375
431	9	Si4b4	B4b4	310	310	1	16	192	95	96	.	84.5
432	9	Do5#4	C5#4	322	322	1	16	192	95	96	.	84.625
433	9	Re5	D5	327	327	1	16	192	95	96	.	84.75
434	9	Mi5	E5	336	336	1	16	192	95	96	.	84.875
435	9	Fa5	F5	340	340	1	16	192	95	96	.	85.0
436	9	Mi5	E5	336	336	1	16	192	95	96	.	85.125
437	9	Re5	D5	327	327	1	16	192	95	96	.	85.25
438	9	Do5#4	C5#4	322	322	1	16	192	95	96	.	85.375
439	9	Re5	D5	327	327	1	16	192	95	96	.	85.5
440	9	Mi5	E5	336	336	1	16	192	95	96	.	85.625
441	9	Sol5	G5	349	349	1	16	192	95	96	.	85.75
442	9	Fa5	F5	340	340	1	16	192	95	96	.	85.875
443	9	Mi5	E5	336	336	1	16	192	95	96	.	86.0
444	9	Mi5	E5	336	336	1	4	769	95	96	.	86.5
445	9	Mi5	E5	336	336	1	8	385	95	96	Dağ	86.75
446	9	Fa5	F5	340	340	1	8	385	95	96	lar 	87.0
447	9	Mi5	E5	336	336	3	16	577	99	96	dağ	87.375
448	9	Re5	D5	327	327	1	16	192	95	96		87.5
449	9	Do5#4	C5#4	322	322	3	32	288	99	96	lar 	87.6875
450	9	Si4b4	B4b4	310	310	1	32	96	99	96		87.75
451	9	Do5#4	C5#4	322	322	1	8	385	95	96		88.0
452	9	Re5	D5	327	327	1	4	769	95	96	vî	88.5
453	9	Mi5	E5	336	336	1	4	769	100	96	ran 	89.0
454	9	Mi5	E5	336	336	1	4	769	95	96		89.5
455	9	Fa5	F5	340	340	3	16	577	99	96	dağ	89.875
456	9	Mi5	E5	336	336	1	16	192	99	96		90.0
457	9	Re5	D5	327	327	1	4	769	99	96		90.5
458	9	Do5#4	C5#4	322	322	1	8	385	99	96		90.75
459	9	Re5	D5	327	327	1	8	385	99	96		91.0
460	9	Mi5	E5	336	336	3	16	577	99	96		91.375
461	9	Re5	D5	327	327	1	16	192	95	96		91.5
462	9	Mi5	E5	336	336	1	16	192	99	96	lar  	91.625
463	9	Re5	D5	327	327	1	16	192	99	96		91.75
464	9	Do5#4	C5#4	322	322	1	8	385	100	96		92.0
465	9	Do5#4	C5#4	322	322	1	4	769	99	96		92.5
466	9	Do5#4	C5#4	322	322	3	16	577	99	96		92.875
467	9	Re5	D5	327	327	1	16	192	99	96		93.0
468	9	Do5#4	C5#4	322	322	1	16	192	99	96		93.125
469	9	Si4b4	B4b4	310	310	1	16	192	99	96		93.25
470	9	Si4b4	B4b4	310	310	1	16	192	99	96		93.375
471	9	La4	A4	305	305	1	16	192	99	96		93.5
472	9	La4	A4	305	305	1	8	385	95	96		93.75
473	9	Sol5	G5	349	349	1	8	385	100	96	SAZ	94.0
474	9	Sol5	G5	349	349	1	8	385	95	96	.	94.25
475	9	Sol5	G5	349	349	1	16	192	95	96	.	94.375
476	9	Fa5	F5	340	340	1	16	192	95	96	.	94.5
477	11	Fa5	F5	340	340	1	8	385	95	96	.	94.75
478	9	Fa5	F5	340	340	1	16	192	95	96	.	94.875
479	9	Mi5	E5	336	336	1	16	192	95	96	.	95.0
480	9	Mi5	E5	336	336	1	16	192	95	96	.	95.125
481	9	Mi5	E5	336	336	1	16	192	95	96	.	95.25
482	9	Mi5	E5	336	336	1	16	192	95	96	.	95.375
483	9	Re5	D5	327	327	1	16	192	95	96	.	95.5
484	9	Do5#4	C5#4	322	322	1	16	192	95	96	.	95.625
485	9	Re5	D5	327	327	1	16	192	95	96	.	95.75
486	9	Mi5	E5	336	336	1	16	192	95	96	.	95.875
487	9	Fa5	F5	340	340	1	16	192	95	96	.	96.0
488	9	Sol5	G5	349	349	1	8	385	95	96	.	96.25
489	9	Fa5	F5	340	340	1	16	192	95	96	.	96.375
490	9	Mi5	E5	336	336	1	16	192	95	96	.	96.5
491	9	Mi5	E5	336	336	1	16	192	95	96	.	96.625
492	9	Re5	D5	327	327	1	16	192	95	96	.	96.75
493	9	Re5	D5	327	327	1	16	192	95	96	.	96.875
494	9	Do5#4	C5#4	322	322	1	16	192	95	96	.	97.0
495	9	Re5	D5	327	327	1	8	385	95	96	.	97.25
496	9	Mi5	E5	336	336	1	16	192	95	96	.	97.375
497	11	Re5	D5	327	327	1	16	192	95	96	.	97.5
498	9	Re5	D5	327	327	1	4	769	95	96	.	98.0
499	9	Do5#4	C5#4	322	322	1	8	385	95	96	Yü	98.25
500	9	Re5	D5	327	327	1	8	385	95	96	züm 	98.5
501	9	Do5#4	C5#4	322	322	1	8	385	99	96	gü	98.75
502	9	Si4b4	B4b4	310	310	1	8	385	95	96		99.0
503	9	La4	A4	305	305	1	8	385	99	96	ler 	99.25
504	9	Sol4	G4	296	296	1	8	385	95	96		99.5
505	9	La4	A4	305	305	1	8	385	99	96	kal	99.75
506	9	Si4b4	B4b4	310	310	1	16	192	99	96		99.875
507	9	Do5#4	C5#4	322	322	1	16	192	95	96		100.0
508	9	Re5	D5	327	327	1	2	1538	95	96	bim 	101.0
509	9	Re5	D5	327	327	1	16	192	99	96	ağ	101.125
510	9	Do5#4	C5#4	322	322	1	16	192	99	96		101.25
511	9	Si4b4	B4b4	310	310	1	16	192	99	96		101.375
512	9	Do5#4	C5#4	322	322	1	16	192	99	96		101.5
513	9	Si4b4	B4b4	310	310	1	16	192	99	96		101.625
514	9	La4	A4	305	305	1	16	192	99	96		101.75
515	9	Si4b4	B4b4	310	310	1	8	385	99	96		102.0
516	9	Si4b4	B4b4	310	310	1	8	385	99	96		102.25
517	9	La4	A4	305	305	1	8	385	99	96		102.5
518	9	Do5#4	C5#4	322	322	3	16	577	99	96		102.875
519	9	Si4b4	B4b4	310	310	1	16	192	95	96		103.0
520	9	Do5#4	C5#4	322	322	1	16	192	99	96	lar  	103.125
521	9	Si4b4	B4b4	310	310	1	16	192	99	96		103.25
522	9	La4	A4	305	305	3	8	1154	95	96		104.0
523	9	La4	A4	305	305	1	16	192	95	96	SAZ	104.125
524	9	Do5#4	C5#4	322	322	1	16	192	95	96	.	104.25
525	9	Si4b4	B4b4	310	310	1	16	192	95	96	.	104.375
526	9	La4	A4	305	305	1	16	192	95	96	.	104.5
527	9	Sol4	G4	296	296	1	16	192	95	96	.	104.625
528	9	La4	A4	305	305	1	16	192	95	96	.	104.75
529	9	Si4b4	B4b4	310	310	1	16	192	95	96	.	104.875
530	9	Do5#4	C5#4	322	322	1	16	192	95	96	.	105.0
531	9	Re5	D5	327	327	1	4	769	95	96	.	105.5
532	9	Do5#4	C5#4	322	322	1	8	385	95	96	Yü	105.75
533	9	Re5	D5	327	327	1	8	385	95	96	züm 	106.0
534	9	Do5#4	C5#4	322	322	1	8	385	99	96	gü	106.25
535	9	Si4b4	B4b4	310	310	1	8	385	95	96		106.5
536	9	La4	A4	305	305	1	8	385	99	96	ler 	106.75
537	9	Sol4	G4	296	296	1	8	385	95	96		107.0
538	9	La4	A4	305	305	1	8	385	99	96	kal	107.25
539	9	Si4b4	B4b4	310	310	1	16	192	99	96		107.375
540	9	Do5#4	C5#4	322	322	1	16	192	95	96		107.5
541	9	Re5	D5	327	327	1	4	769	100	96	bim 	108.0
542	9	Re5	D5	327	327	1	4	769	95	96		108.5
543	9	Re5	D5	327	327	1	16	192	99	96	ağ	108.625
544	9	Do5#4	C5#4	322	322	1	16	192	99	96		108.75
545	9	Si4b4	B4b4	310	310	1	8	384	99	96		109.0
546	9	Si4b4	B4b4	310	310	1	16	192	99	96		109.125
547	9	La4	A4	305	305	1	16	192	99	96		109.25
548	9	Si4b4	B4b4	310	310	1	8	385	99	96		109.5
549	9	Si4b4	B4b4	310	310	1	8	385	99	96		109.75
550	9	La4	A4	305	305	1	8	385	99	96		110.0
551	9	Do5#4	C5#4	322	322	3	16	577	99	96		110.375
552	9	Si4b4	B4b4	310	310	1	16	192	95	96		110.5
553	9	Do5#4	C5#4	322	322	1	16	192	99	96	lar  	110.625
554	9	Si4b4	B4b4	310	310	1	16	192	99	96		110.75
555	9	La4	A4	305	305	1	8	385	100	96		111.0
556	9	La4	A4	305	305	2	8	769	95	96		111.5
557	9	La4	A4	305	305	1	16	192	95	96	SAZ	111.625
558	9	Sol4	G4	296	296	1	16	192	95	96	.	111.75
559	9	La4	A4	305	305	1	16	192	95	96	.	111.875
560	9	Si4b4	B4b4	310	310	1	16	192	95	96	.	112.0
561	9	Do5#4	C5#4	322	322	1	16	192	95	96	.	112.125
562	9	Re5	D5	327	327	1	16	192	95	96	.	112.25
563	9	Mi5	E5	336	336	1	16	192	95	96	.	112.375
564	9	Fa5	F5	340	340	1	16	192	95	96	.	112.5
565	9	Mi5	E5	336	336	1	16	192	95	96	.	112.625
566	9	Re5	D5	327	327	1	16	192	95	96	.	112.75
567	9	Do5#4	C5#4	322	322	1	16	192	95	96	.	112.875
568	9	Re5	D5	327	327	1	16	192	95	96	.	113.0
569	9	Mi5	E5	336	336	1	16	192	95	96	.	113.125
570	9	Sol5	G5	349	349	1	16	192	95	96	.	113.25
571	9	Fa5#4	F5#4	344	344	1	16	192	95	96	.	113.375
572	9	Mi5	E5	336	336	1	16	192	95	96	.	113.5
573	9	Mi5	E5	336	336	1	4	769	95	96	.	114.0
574	9	Mi5	E5	336	336	1	8	385	95	96	Yü	114.25
575	9	Fa5	F5	340	340	1	8	385	95	96	re	114.5
576	9	Mi5	E5	336	336	3	16	577	99	96	ğim	114.875
577	9	Re5	D5	327	327	1	16	192	95	96		115.0
578	9	Do5#4	C5#4	322	322	3	32	288	99	96	den 	115.1875
579	9	Si4b4	B4b4	310	310	1	32	96	99	96		115.25
580	9	Do5#4	C5#4	322	322	1	8	385	95	96		115.5
581	9	Re5	D5	327	327	1	4	769	95	96	kan	116.0
582	9	Mi5	E5	336	336	1	2	1538	95	96	lar 	117.0
583	9	Fa5	F5	340	340	3	16	577	99	96	dam	117.375
584	9	Mi5	E5	336	336	1	16	192	99	96		117.5
585	9	Re5	D5	327	327	1	4	769	99	96		118.0
586	9	Do5#4	C5#4	322	322	1	8	385	99	96		118.25
587	9	Re5	D5	327	327	1	8	385	99	96		118.5
588	9	Mi5	E5	336	336	3	16	577	99	96		118.875
589	9	Re5	D5	327	327	1	16	192	95	96		119.0
590	9	Mi5	E5	336	336	1	16	192	99	96	lar  	119.125
591	9	Re5	D5	327	327	1	16	192	99	96		119.25
592	9	Do5#4	C5#4	322	322	3	8	1154	99	96		120.0
593	9	Do5#4	C5#4	322	322	3	16	577	99	96		120.375
594	9	Re5	D5	327	327	1	16	192	99	96		120.5
595	9	Do5#4	C5#4	322	322	1	16	192	99	96		120.625
596	9	Si4b4	B4b4	310	310	1	16	192	99	96		120.75
597	9	Si4b4	B4b4	310	310	1	16	192	99	96		120.875
598	9	La4	A4	305	305	1	16	192	99	96		121.0
599	9	La4	A4	305	305	1	8	385	95	96		121.25
600	9	Sol5	G5	349	349	1	4	769	95	96	SAZ	121.75
601	9	Sol5	G5	349	349	1	16	192	95	96	.	121.875
602	9	Fa5	F5	340	340	1	16	192	95	96	.	122.0
603	11	Fa5	F5	340	340	1	8	385	95	96	.	122.25
604	9	Fa5	F5	340	340	1	16	192	95	96	.	122.375
605	9	Mi5	E5	336	336	1	16	192	95	96	.	122.5
606	11	Mi5	E5	336	336	1	8	385	95	96	.	122.75
607	9	Mi5	E5	336	336	1	16	192	95	96	.	122.875
608	9	Re5	D5	327	327	1	16	192	95	96	.	123.0
609	9	Do5#4	C5#4	322	322	1	16	192	95	96	.	123.125
610	9	Re5	D5	327	327	1	16	192	95	96	.	123.25
611	9	Mi5	E5	336	336	1	16	192	95	96	.	123.375
612	9	Fa5#4	F5#4	344	344	1	16	192	95	96	.	123.5
613	9	Sol5	G5	349	349	1	8	385	95	96	.	123.75
614	9	Fa5	F5	340	340	1	16	192	95	96	.	123.875
615	9	Mi5	E5	336	336	1	16	192	95	96	.	124.0
616	9	Mi5	E5	336	336	1	16	192	95	96	.	124.125
617	9	Re5	D5	327	327	1	16	192	95	96	.	124.25
618	9	Re5	D5	327	327	1	16	192	95	96	.	124.375
619	9	Do5#4	C5#4	322	322	1	16	192	95	96	.	124.5
620	9	Re5	D5	327	327	1	8	385	95	96	.	124.75
621	9	Mi5	E5	336	336	1	16	192	95	96	.	124.875
622	9	Re5	D5	327	327	1	16	192	95	96	.	125.0
623	9	Re5	D5	327	327	1	4	769	95	96	.	125.5
624	9	Do5#4	C5#4	322	322	1	8	385	99	96	Bir_	125.75
625	9	Re5	D5	327	327	1	8	385	95	96	o	126.0
626	9	Do5#4	C5#4	322	322	1	8	385	99	96	lay	126.25
627	9	Si4b4	B4b4	310	310	1	8	385	95	96		126.5
628	9	La4	A4	305	305	1	8	385	99	96	dı 	126.75
629	9	Sol4	G4	296	296	1	8	385	95	96		127.0
630	9	La4	A4	305	305	1	8	385	99	96	bir_	127.25
631	9	Si4b4	B4b4	310	310	1	16	192	99	96		127.375
632	9	Do5#4	C5#4	322	322	1	16	192	95	96		127.5
633	9	Re5	D5	327	327	1	4	769	100	96	o	128.0
634	9	Re5	D5	327	327	1	4	769	95	96		128.5
635	9	Re5	D5	327	327	1	16	192	99	96	lay	128.625
636	9	Do5#4	C5#4	322	322	1	16	192	99	96		128.75
637	9	Si4b4	B4b4	310	310	1	16	192	99	96		128.875
638	9	Do5#4	C5#4	322	322	1	16	192	99	96		129.0
639	9	Si4b4	B4b4	310	310	1	16	192	99	96		129.125
640	9	La4	A4	305	305	1	16	192	99	96		129.25
641	9	Si4b4	B4b4	310	310	1	8	385	99	96		129.5
642	9	Si4b4	B4b4	310	310	1	8	385	99	96		129.75
643	9	La4	A4	305	305	1	8	385	99	96		130.0
644	9	Do5#4	C5#4	322	322	3	16	577	99	96		130.375
645	9	Si4b4	B4b4	310	310	1	16	192	95	96		130.5
646	9	Do5#4	C5#4	322	322	1	16	192	99	96	dı  	130.625
647	9	Si4b4	B4b4	310	310	1	16	192	99	96		130.75
648	9	La4	A4	305	305	1	8	385	100	96		131.0
649	9	La4	A4	305	305	2	8	769	95	96		131.5
650	9	La4	A4	305	305	1	16	192	95	96	SAZ	131.625
651	9	Do5#4	C5#4	322	322	1	16	192	95	96	.	131.75
652	9	Si4b4	B4b4	310	310	1	16	192	95	96	.	131.875
653	9	La4	A4	305	305	1	16	192	95	96	.	132.0
654	9	Sol4	G4	296	296	1	16	192	95	96	.	132.125
655	9	La4	A4	305	305	1	16	192	95	96	.	132.25
656	9	Si4b4	B4b4	310	310	1	16	192	95	96	.	132.375
657	9	Do5#4	C5#4	322	322	1	16	192	95	96	.	132.5
658	9	Re5	D5	327	327	1	4	769	95	96	.	133.0
659	9	Do5#4	C5#4	322	322	1	8	385	95	96	Ne 	133.25
660	9	Re5	D5	327	327	1	8	385	95	96	o	133.5
661	9	Do5#4	C5#4	322	322	1	8	385	99	96	lur 	133.75
662	9	Si4b4	B4b4	310	310	1	8	385	95	96		134.0
663	9	La4	A4	305	305	1	8	385	99	96	be	134.25
664	9	Sol4	G4	296	296	1	8	385	95	96		134.5
665	9	La4	A4	305	305	1	8	385	99	96	nim_	134.75
666	9	Si4b4	B4b4	310	310	1	16	192	99	96		134.875
667	9	Do5#4	C5#4	322	322	1	16	192	95	96		135.0
668	9	Re5	D5	327	327	1	2	1538	95	96	o	136.0
669	9	Re5	D5	327	327	1	16	192	99	96	lay	136.125
670	9	Do5#4	C5#4	322	322	1	16	192	99	96		136.25
671	9	Si4b4	B4b4	310	310	1	16	192	99	96		136.375
672	9	Do5#4	C5#4	322	322	1	16	192	99	96		136.5
673	9	Si4b4	B4b4	310	310	1	16	192	99	96		136.625
674	9	La4	A4	305	305	1	16	192	99	96		136.75
675	9	Si4b4	B4b4	310	310	1	8	385	99	96		137.0
676	9	Si4b4	B4b4	310	310	1	8	385	99	96		137.25
677	9	La4	A4	305	305	1	8	385	99	96		137.5
678	9	Do5#4	C5#4	322	322	3	16	577	99	96		137.875
679	9	Si4b4	B4b4	310	310	1	16	192	95	96		138.0
680	9	Do5#4	C5#4	322	322	1	16	192	99	96	dı  	138.125
681	9	Si4b4	B4b4	310	310	1	16	192	99	96		138.25
682	9	La4	A4	305	305	3	8	1154	95	96		139.0
683	9	Si4b4	B4b4	310	310	1	16	192	95	96	SAZ	139.125
684	9	La4	A4	305	305	1	16	192	95	96	.	139.25
685	9	Si4b4	B4b4	310	310	1	16	192	95	96	.	139.375
686	9	Do5#4	C5#4	322	322	1	16	192	95	96	.	139.5
687	9	La4	A4	305	305	1	4	769	95	96	.	140.0
