Sira	Kod	Nota53	NotaAE	Koma53	KomaAE	Pay	Payda	Ms	LNS	Bas	Soz1	Offset
1	9	Re5	D5	327	327	3	16	682	99	96	Ge	0.1875
2	9	Mi5	E5	336	336	1	16	227	95	96		0.25
3	9	Mi5	E5	336	336	1	4	909	95	96	lin 	0.5
4	9	Mi5	E5	336	336	1	4	909	95	96	gi	0.75
5	9	Mi5	E5	336	336	1	4	909	95	96	de	1.0
6	9	Es	Es	-1	-1	1	8	455	100	0		1.125
7	9	Sol5	G5	349	349	1	8	455	99	96	lim 	1.25
8	9	Fa5	F5	340	340	1	8	455	95	96		1.375
9	9	Mi5	E5	336	336	1	8	455	95	96	e	1.5
10	9	Re5	D5	327	327	1	8	455	99	96	fen	1.625
11	9	Do5#4	C5#4	322	322	1	8	455	95	96		1.75
12	9	Si4b4	B4b4	310	310	1	8	455	99	96	dim  	1.875
13	9	La4	A4	305	305	1	8	455	95	96		2.0
14	9	Mi5	E5	336	336	3	16	682	99	96	Al	2.1875
15	9	Re5	D5	327	327	1	16	227	95	96		2.25
16	9	Re5	D5	327	327	3	16	682	99	96	lah 	2.4375
17	9	Do5#4	C5#4	322	322	1	16	227	95	96		2.5
18	9	Do5#4	C5#4	322	322	3	16	682	99	96	yo	2.6875
19	9	Si4b4	B4b4	310	310	1	16	227	95	96		2.75
20	9	La4	A4	305	305	1	8	455	99	96	lu	2.875
21	9	Mi5	E5	336	336	1	8	455	95	96		3.0
22	9	Mi5	E5	336	336	1	8	455	99	96	na  	3.125
23	9	Re5	D5	327	327	1	8	455	99	96		3.25
24	9	Do5#4	C5#4	322	322	1	8	455	99	96		3.375
25	9	Re5	D5	327	327	1	8	455	99	96		3.5
26	9	Mi5	E5	336	336	1	4	909	95	96		3.75
27	9	Es	Es	-1	-1	1	4	909	100	0		4.0
28	9	Re5	D5	327	327	3	16	682	99	96	Ge	4.1875
29	9	Mi5	E5	336	336	1	16	227	95	96		4.25
30	9	Mi5	E5	336	336	1	4	909	95	96	lin 	4.5
31	9	Mi5	E5	336	336	1	4	909	95	96	gi	4.75
32	9	Mi5	E5	336	336	1	4	909	95	96	de	5.0
33	9	Es	Es	-1	-1	1	8	455	100	0		5.125
34	9	Sol5	G5	349	349	1	8	455	99	96	lim 	5.25
35	9	Fa5	F5	340	340	1	8	455	95	96		5.375
36	9	Mi5	E5	336	336	1	8	455	95	96	e	5.5
37	9	Re5	D5	327	327	1	8	455	99	96	fen	5.625
38	9	Do5#4	C5#4	322	322	1	8	455	95	96		5.75
39	9	Si4b4	B4b4	310	310	1	8	455	99	96	dim  	5.875
40	9	La4	A4	305	305	1	8	455	95	96		6.0
41	9	Mi5	E5	336	336	3	16	682	99	96	Al	6.1875
42	9	Re5	D5	327	327	1	16	227	95	96		6.25
43	9	Re5	D5	327	327	3	16	682	99	96	lah 	6.4375
44	9	Do5#4	C5#4	322	322	1	16	227	95	96		6.5
45	9	Do5#4	C5#4	322	322	3	16	682	99	96	yo	6.6875
46	9	Si4b4	B4b4	310	310	1	16	227	95	96		6.75
47	9	La4	A4	305	305	1	8	455	99	96	lu	6.875
48	9	Mi5	E5	336	336	1	8	455	95	96		7.0
49	9	Mi5	E5	336	336	1	8	455	99	96	na  	7.125
50	9	Re5	D5	327	327	1	8	455	99	96		7.25
51	9	Do5#4	C5#4	322	322	1	8	455	99	96		7.375
52	9	Re5	D5	327	327	1	8	455	99	96		7.5
53	9	Mi5	E5	336	336	1	4	909	95	96		7.75
54	9	Es	Es	-1	-1	1	4	909	100	0		8.0
55	9	Re5	D5	327	327	1	8	455	99	96	Fer	8.125
56	9	Mi5	E5	336	336	1	8	455	95	96		8.25
57	9	Re5	D5	327	327	1	8	455	99	96	yâd 	8.375
58	9	Do5#4	C5#4	322	322	1	8	455	95	96		8.5
59	9	Si4b4	B4b4	310	310	3	16	682	99	96	e	8.6875
60	9	La4	A4	305	305	1	16	227	95	96		8.75
61	9	La4	A4	305	305	1	4	909	95	96	de	9.0
62	9	Es	Es	-1	-1	1	8	455	100	0		9.125
63	9	Sol5	G5	349	349	1	8	455	99	96	lim 	9.25
64	9	Fa5	F5	340	340	1	8	455	95	96		9.375
65	9	Mi5	E5	336	336	1	8	455	95	96	e	9.5
66	9	Re5	D5	327	327	1	8	455	99	96	fen	9.625
67	9	Do5#4	C5#4	322	322	1	8	455	95	96		9.75
68	9	Si4b4	B4b4	310	310	1	8	455	99	96	dim  	9.875
69	9	La4	A4	305	305	1	8	455	95	96		10.0
70	9	Mi5	E5	336	336	3	16	682	99	96	Al	10.1875
71	9	Re5	D5	327	327	1	16	227	95	96		10.25
72	9	Re5	D5	327	327	3	16	682	99	96	lah 	10.4375
73	9	Do5#4	C5#4	322	322	1	16	227	95	96		10.5
74	9	Si4b4	B4b4	310	310	3	16	682	99	96	yo	10.6875
75	9	La4	A4	305	305	1	16	227	95	96		10.75
76	9	Sol4	G4	296	296	1	4	909	95	96	lu	11.0
77	9	La4	A4	305	305	1	16	227	99	96	na  	11.0625
78	9	Si4b4	B4b4	310	310	1	16	227	99	96		11.125
79	9	Do5#4	C5#4	322	322	1	4	909	99	96		11.375
80	9	Si4b4	B4b4	310	310	1	16	227	99	96		11.4375
81	9	La4	A4	305	305	1	16	227	99	96		11.5
82	9	Re5	D5	327	327	3	8	1364	95	96		11.875
83	9	Es	Es	-1	-1	1	8	455	100	0		12.0
84	9	Re5	D5	327	327	1	8	455	99	96	Fer	12.125
85	9	Mi5	E5	336	336	1	8	455	95	96		12.25
86	9	Re5	D5	327	327	1	8	455	99	96	yâd 	12.375
87	9	Do5#4	C5#4	322	322	1	8	455	95	96		12.5
88	9	Si4b4	B4b4	310	310	3	16	682	99	96	e	12.6875
89	9	La4	A4	305	305	1	16	227	95	96		12.75
90	9	La4	A4	305	305	1	4	909	95	96	de	13.0
91	9	Es	Es	-1	-1	1	8	455	100	0		13.125
92	9	Sol5	G5	349	349	1	8	455	99	96	lim 	13.25
93	9	Fa5	F5	340	340	1	8	455	95	96		13.375
94	9	Mi5	E5	336	336	1	8	455	95	96	e	13.5
95	9	Re5	D5	327	327	1	8	455	99	96	fen	13.625
96	9	Do5#4	C5#4	322	322	1	8	455	95	96		13.75
97	9	Si4b4	B4b4	310	310	1	8	455	99	96	dim  	13.875
98	9	La4	A4	305	305	1	8	455	95	96		14.0
99	9	Mi5	E5	336	336	3	16	682	99	96	Al	14.1875
100	9	Re5	D5	327	327	1	16	227	95	96		14.25
101	9	Re5	D5	327	327	3	16	682	99	96	lah 	14.4375
102	9	Do5#4	C5#4	322	322	1	16	227	95	96		14.5
103	9	Si4b4	B4b4	310	310	3	16	682	99	96	yo	14.6875
104	9	La4	A4	305	305	1	16	227	95	96		14.75
105	9	Sol4	G4	296	296	1	4	909	95	96	lu	15.0
106	9	La4	A4	305	305	1	16	227	99	96	na  	15.0625
107	9	Si4b4	B4b4	310	310	1	16	227	99	96		15.125
108	9	Do5#4	C5#4	322	322	1	4	909	99	96		15.375
109	9	Si4b4	B4b4	310	310	1	16	227	99	96		15.4375
110	9	La4	A4	305	305	1	16	227	99	96		15.5
111	9	La4	A4	305	305	3	8	1364	95	96		15.875
112	9	Es	Es	-1	-1	1	8	455	100	0		16.0
113	9	Re5	D5	327	327	3	16	682	99	96	Bir 	16.1875
114	9	Mi5	E5	336	336	1	16	227	95	96		16.25
115	9	Mi5	E5	336	336	1	4	909	95	96	yı	16.5
116	9	Mi5	E5	336	336	1	4	909	95	96	lı 	16.75
117	9	Mi5	E5	336	336	1	4	909	95	96	bir 	17.0
118	9	Es	Es	-1	-1	1	8	455	100	0		17.125
119	9	Sol5	G5	349	349	1	8	455	99	96	gün 	17.25
120	9	Fa5	F5	340	340	1	8	455	95	96		17.375
121	9	Mi5	E5	336	336	1	8	455	95	96	e	17.5
122	9	Re5	D5	327	327	1	8	455	99	96	fen	17.625
123	9	Do5#4	C5#4	322	322	1	8	455	95	96		17.75
124	9	Si4b4	B4b4	310	310	1	8	455	99	96	dim  	17.875
125	9	La4	A4	305	305	1	8	455	95	96		18.0
126	9	Mi5	E5	336	336	3	16	682	99	96	Ge	18.1875
127	9	Re5	D5	327	327	1	16	227	95	96		18.25
128	9	Re5	D5	327	327	3	16	682	99	96	le	18.4375
129	9	Do5#4	C5#4	322	322	1	16	227	95	96		18.5
130	9	Do5#4	C5#4	322	322	3	16	682	99	96	cek 	18.6875
131	9	Si4b4	B4b4	310	310	1	16	227	95	96		18.75
132	9	La4	A4	305	305	1	8	455	99	96	ol 	18.875
133	9	Mi5	E5	336	336	1	8	455	95	96		19.0
134	9	Mi5	E5	336	336	1	8	455	99	96	gün  	19.125
135	9	Re5	D5	327	327	1	8	455	99	96		19.25
136	9	Do5#4	C5#4	322	322	1	8	455	99	96		19.375
137	9	Re5	D5	327	327	1	8	455	99	96		19.5
138	9	Mi5	E5	336	336	1	4	909	95	96		19.75
139	9	Es	Es	-1	-1	1	4	909	100	0		20.0
140	9	Re5	D5	327	327	3	16	682	99	96	Bir 	20.1875
141	9	Mi5	E5	336	336	1	16	227	95	96		20.25
142	9	Mi5	E5	336	336	1	4	909	95	96	yı	20.5
143	9	Mi5	E5	336	336	1	4	909	95	96	lı 	20.75
144	9	Mi5	E5	336	336	1	4	909	95	96	bir 	21.0
145	9	Es	Es	-1	-1	1	8	455	100	0		21.125
146	9	Sol5	G5	349	349	1	8	455	99	96	gün 	21.25
147	9	Fa5	F5	340	340	1	8	455	95	96		21.375
148	9	Mi5	E5	336	336	1	8	455	95	96	e	21.5
149	9	Re5	D5	327	327	1	8	455	99	96	fen	21.625
150	9	Do5#4	C5#4	322	322	1	8	455	95	96		21.75
151	9	Si4b4	B4b4	310	310	1	8	455	99	96	dim  	21.875
152	9	La4	A4	305	305	1	8	455	95	96		22.0
153	9	Mi5	E5	336	336	3	16	682	99	96	Ge	22.1875
154	9	Re5	D5	327	327	1	16	227	95	96		22.25
155	9	Re5	D5	327	327	3	16	682	99	96	le	22.4375
156	9	Do5#4	C5#4	322	322	1	16	227	95	96		22.5
157	9	Do5#4	C5#4	322	322	3	16	682	99	96	cek 	22.6875
158	9	Si4b4	B4b4	310	310	1	16	227	95	96		22.75
159	9	La4	A4	305	305	1	8	455	99	96	ol 	22.875
160	9	Mi5	E5	336	336	1	8	455	95	96		23.0
161	9	Mi5	E5	336	336	1	8	455	99	96	gün  	23.125
162	9	Re5	D5	327	327	1	8	455	99	96		23.25
163	9	Do5#4	C5#4	322	322	1	8	455	99	96		23.375
164	9	Re5	D5	327	327	1	8	455	99	96		23.5
165	9	Mi5	E5	336	336	1	4	909	95	96		23.75
166	9	Es	Es	-1	-1	1	4	909	100	0		24.0
167	9	Re5	D5	327	327	1	8	455	99	96	Sü	24.125
168	9	Mi5	E5	336	336	1	8	455	95	96		24.25
169	9	Re5	D5	327	327	1	8	455	99	96	re	24.375
170	9	Do5#4	C5#4	322	322	1	8	455	95	96		24.5
171	9	Si4b4	B4b4	310	310	3	16	682	99	96	gel 	24.6875
172	9	La4	A4	305	305	1	16	227	95	96		24.75
173	9	La4	A4	305	305	1	4	909	95	96	yü	25.0
174	9	Es	Es	-1	-1	1	8	455	100	0		25.125
175	9	Sol5	G5	349	349	1	8	455	99	96	zün 	25.25
176	9	Fa5	F5	340	340	1	8	455	95	96		25.375
177	9	Mi5	E5	336	336	1	8	455	95	96	e	25.5
178	9	Re5	D5	327	327	1	8	455	99	96	fen	25.625
179	9	Do5#4	C5#4	322	322	1	8	455	95	96		25.75
180	9	Si4b4	B4b4	310	310	1	8	455	99	96	dim  	25.875
181	9	La4	A4	305	305	1	8	455	95	96		26.0
182	9	Mi5	E5	336	336	3	16	682	99	96	Al	26.1875
183	9	Re5	D5	327	327	1	16	227	95	96		26.25
184	9	Re5	D5	327	327	3	16	682	99	96	lah 	26.4375
185	9	Do5#4	C5#4	322	322	1	16	227	95	96		26.5
186	9	Si4b4	B4b4	310	310	3	16	682	99	96	yo	26.6875
187	9	La4	A4	305	305	1	16	227	95	96		26.75
188	9	Sol4	G4	296	296	1	4	909	95	96	lu	27.0
189	9	La4	A4	305	305	1	16	227	99	96	na  	27.0625
190	9	Si4b4	B4b4	310	310	1	16	227	99	96		27.125
191	9	Do5#4	C5#4	322	322	1	4	909	99	96		27.375
192	9	Si4b4	B4b4	310	310	1	16	227	99	96		27.4375
193	9	La4	A4	305	305	1	16	227	99	96		27.5
194	9	Re5	D5	327	327	3	8	1364	95	96		27.875
195	9	Es	Es	-1	-1	1	8	455	100	0		28.0
196	9	Re5	D5	327	327	1	8	455	99	96	Sü	28.125
197	9	Mi5	E5	336	336	1	8	455	95	96		28.25
198	9	Re5	D5	327	327	1	8	455	99	96	re	28.375
199	9	Do5#4	C5#4	322	322	1	8	455	95	96		28.5
200	9	Si4b4	B4b4	310	310	3	16	682	99	96	gel 	28.6875
201	9	La4	A4	305	305	1	16	227	95	96		28.75
202	9	La4	A4	305	305	1	4	909	95	96	yü	29.0
203	9	Es	Es	-1	-1	1	8	455	100	0		29.125
204	9	Sol5	G5	349	349	1	8	455	99	96	zün 	29.25
205	9	Fa5	F5	340	340	1	8	455	95	96		29.375
206	9	Mi5	E5	336	336	1	8	455	95	96	e	29.5
207	9	Re5	D5	327	327	1	8	455	99	96	fen	29.625
208	9	Do5#4	C5#4	322	322	1	8	455	95	96		29.75
209	9	Si4b4	B4b4	310	310	1	8	455	99	96	dim  	29.875
210	9	La4	A4	305	305	1	8	455	95	96		30.0
211	9	Mi5	E5	336	336	3	16	682	99	96	Al	30.1875
212	9	Re5	D5	327	327	1	16	227	95	96		30.25
213	9	Re5	D5	327	327	3	16	682	99	96	lah 	30.4375
214	9	Do5#4	C5#4	322	322	1	16	227	95	96		30.5
215	9	Si4b4	B4b4	310	310	3	16	682	99	96	yo	30.6875
216	9	La4	A4	305	305	1	16	227	95	96		30.75
217	9	Sol4	G4	296	296	1	4	909	95	96	lu	31.0
218	9	La4	A4	305	305	1	16	227	99	96	na  	31.0625
219	9	Si4b4	B4b4	310	310	1	16	227	99	96		31.125
220	9	Do5#4	C5#4	322	322	1	4	909	99	96		31.375
221	9	Si4b4	B4b4	310	310	1	16	227	99	96		31.4375
222	9	La4	A4	305	305	1	16	227	99	96		31.5
223	9	La4	A4	305	305	3	8	1364	95	96		31.875
224	9	Es	Es	-1	-1	1	8	455	100	0		32.0
225	9	Re5	D5	327	327	3	16	682	99	96	Ge	32.1875
226	9	Mi5	E5	336	336	1	16	227	95	96		32.25
227	9	Mi5	E5	336	336	1	4	909	95	96	lin 	32.5
228	9	Mi5	E5	336	336	1	4	909	95	96	gi	32.75
229	9	Mi5	E5	336	336	1	4	909	95	96	de	33.0
230	9	Es	Es	-1	-1	1	8	455	100	0		33.125
231	9	Sol5	G5	349	349	1	8	455	99	96	lim 	33.25
232	9	Fa5	F5	340	340	1	8	455	95	96		33.375
233	9	Mi5	E5	336	336	1	8	455	95	96	e	33.5
234	9	Re5	D5	327	327	1	8	455	99	96	fen	33.625
235	9	Do5#4	C5#4	322	322	1	8	455	95	96		33.75
236	9	Si4b4	B4b4	310	310	1	8	455	99	96	dim  	33.875
237	9	La4	A4	305	305	1	8	455	95	96		34.0
238	9	Mi5	E5	336	336	3	16	682	99	96	Al	34.1875
239	9	Re5	D5	327	327	1	16	227	95	96		34.25
240	9	Re5	D5	327	327	3	16	682	99	96	lah 	34.4375
241	9	Do5#4	C5#4	322	322	1	16	227	95	96		34.5
242	9	Do5#4	C5#4	322	322	3	16	682	99	96	yo	34.6875
243	9	Si4b4	B4b4	310	310	1	16	227	95	96		34.75
244	9	La4	A4	305	305	1	8	455	99	96	lu	34.875
245	9	Mi5	E5	336	336	1	8	455	95	96		35.0
246	9	Mi5	E5	336	336	1	8	455	99	96	na  	35.125
247	9	Re5	D5	327	327	1	8	455	99	96		35.25
248	9	Do5#4	C5#4	322	322	1	8	455	99	96		35.375
249	9	Re5	D5	327	327	1	8	455	99	96		35.5
250	9	Mi5	E5	336	336	1	4	909	95	96		35.75
251	9	Es	Es	-1	-1	1	4	909	100	0		36.0
252	9	Re5	D5	327	327	3	16	682	99	96	Ge	36.1875
253	9	Mi5	E5	336	336	1	16	227	95	96		36.25
254	9	Mi5	E5	336	336	1	4	909	95	96	lin 	36.5
255	9	Mi5	E5	336	336	1	4	909	95	96	gi	36.75
256	9	Mi5	E5	336	336	1	4	909	95	96	de	37.0
257	9	Es	Es	-1	-1	1	8	455	100	0		37.125
258	9	Sol5	G5	349	349	1	8	455	99	96	lim 	37.25
259	9	Fa5	F5	340	340	1	8	455	95	96		37.375
260	9	Mi5	E5	336	336	1	8	455	95	96	e	37.5
261	9	Re5	D5	327	327	1	8	455	99	96	fen	37.625
262	9	Do5#4	C5#4	322	322	1	8	455	95	96		37.75
263	9	Si4b4	B4b4	310	310	1	8	455	99	96	dim  	37.875
264	9	La4	A4	305	305	1	8	455	95	96		38.0
265	9	Mi5	E5	336	336	3	16	682	99	96	Al	38.1875
266	9	Re5	D5	327	327	1	16	227	95	96		38.25
267	9	Re5	D5	327	327	3	16	682	99	96	lah 	38.4375
268	9	Do5#4	C5#4	322	322	1	16	227	95	96		38.5
269	9	Do5#4	C5#4	322	322	3	16	682	99	96	yo	38.6875
270	9	Si4b4	B4b4	310	310	1	16	227	95	96		38.75
271	9	La4	A4	305	305	1	8	455	99	96	lu	38.875
272	9	Mi5	E5	336	336	1	8	455	95	96		39.0
273	9	Mi5	E5	336	336	1	8	455	99	96	na  	39.125
274	9	Re5	D5	327	327	1	8	455	99	96		39.25
275	9	Do5#4	C5#4	322	322	1	8	455	99	96		39.375
276	9	Re5	D5	327	327	1	8	455	99	96		39.5
277	9	Mi5	E5	336	336	1	4	909	95	96		39.75
278	9	Es	Es	-1	-1	1	4	909	100	0		40.0
279	9	Re5	D5	327	327	1	8	455	99	96	Fer	40.125
280	9	Mi5	E5	336	336	1	8	455	95	96		40.25
281	9	Re5	D5	327	327	1	8	455	99	96	yâd 	40.375
282	9	Do5#4	C5#4	322	322	1	8	455	95	96		40.5
283	9	Si4b4	B4b4	310	310	3	16	682	99	96	e	40.6875
284	9	La4	A4	305	305	1	16	227	95	96		40.75
285	9	La4	A4	305	305	1	4	909	95	96	de	41.0
286	9	Es	Es	-1	-1	1	8	455	100	0		41.125
287	9	Sol5	G5	349	349	1	8	455	99	96	lim 	41.25
288	9	Fa5	F5	340	340	1	8	455	95	96		41.375
289	9	Mi5	E5	336	336	1	8	455	95	96	e	41.5
290	9	Re5	D5	327	327	1	8	455	99	96	fen	41.625
291	9	Do5#4	C5#4	322	322	1	8	455	95	96		41.75
292	9	Si4b4	B4b4	310	310	1	8	455	99	96	dim  	41.875
293	9	La4	A4	305	305	1	8	455	95	96		42.0
294	9	Mi5	E5	336	336	3	16	682	99	96	Al	42.1875
295	9	Re5	D5	327	327	1	16	227	95	96		42.25
296	9	Re5	D5	327	327	3	16	682	99	96	lah 	42.4375
297	9	Do5#4	C5#4	322	322	1	16	227	95	96		42.5
298	9	Si4b4	B4b4	310	310	3	16	682	99	96	yo	42.6875
299	9	La4	A4	305	305	1	16	227	95	96		42.75
300	9	Sol4	G4	296	296	1	4	909	95	96	lu	43.0
301	9	La4	A4	305	305	1	16	227	99	96	na  	43.0625
302	9	Si4b4	B4b4	310	310	1	16	227	99	96		43.125
303	9	Do5#4	C5#4	322	322	1	4	909	99	96		43.375
304	9	Si4b4	B4b4	310	310	1	16	227	99	96		43.4375
305	9	La4	A4	305	305	1	16	227	99	96		43.5
306	9	Re5	D5	327	327	3	8	1364	95	96		43.875
307	9	Es	Es	-1	-1	1	8	455	100	0		44.0
308	9	Re5	D5	327	327	1	8	455	99	96	Fer	44.125
309	9	Mi5	E5	336	336	1	8	455	95	96		44.25
310	9	Re5	D5	327	327	1	8	455	99	96	yâd 	44.375
311	9	Do5#4	C5#4	322	322	1	8	455	95	96		44.5
312	9	Si4b4	B4b4	310	310	3	16	682	99	96	e	44.6875
313	9	La4	A4	305	305	1	16	227	95	96		44.75
314	9	La4	A4	305	305	1	4	909	95	96	de	45.0
315	9	Es	Es	-1	-1	1	8	455	100	0		45.125
316	9	Sol5	G5	349	349	1	8	455	99	96	lim 	45.25
317	9	Fa5	F5	340	340	1	8	455	95	96		45.375
318	9	Mi5	E5	336	336	1	8	455	95	96	e	45.5
319	9	Re5	D5	327	327	1	8	455	99	96	fen	45.625
320	9	Do5#4	C5#4	322	322	1	8	455	95	96		45.75
321	9	Si4b4	B4b4	310	310	1	8	455	99	96	dim  	45.875
322	9	La4	A4	305	305	1	8	455	95	96		46.0
323	9	Mi5	E5	336	336	3	16	682	99	96	Al	46.1875
324	9	Re5	D5	327	327	1	16	227	95	96		46.25
325	9	Re5	D5	327	327	3	16	682	99	96	lah 	46.4375
326	9	Do5#4	C5#4	322	322	1	16	227	95	96		46.5
327	9	Si4b4	B4b4	310	310	3	16	682	99	96	yo	46.6875
328	9	La4	A4	305	305	1	16	227	95	96		46.75
329	9	Sol4	G4	296	296	1	4	909	95	96	lu	47.0
330	9	La4	A4	305	305	1	16	227	99	96	na  	47.0625
331	9	Si4b4	B4b4	310	310	1	16	227	99	96		47.125
332	9	Do5#4	C5#4	322	322	1	4	909	99	96		47.375
333	9	Si4b4	B4b4	310	310	1	16	227	99	96		47.4375
334	9	La4	A4	305	305	1	16	227	99	96		47.5
335	9	La4	A4	305	305	3	8	1364	95	96		47.875
336	9	Es	Es	-1	-1	1	8	455	100	0		48.0
337	9	Re5	D5	327	327	3	16	682	99	96	Bir 	48.1875
338	9	Mi5	E5	336	336	1	16	227	95	96		48.25
339	9	Mi5	E5	336	336	1	4	909	95	96	yı	48.5
340	9	Mi5	E5	336	336	1	4	909	95	96	lı 	48.75
341	9	Mi5	E5	336	336	1	4	909	95	96	bir 	49.0
342	9	Es	Es	-1	-1	1	8	455	100	0		49.125
343	9	Sol5	G5	349	349	1	8	455	99	96	gün 	49.25
344	9	Fa5	F5	340	340	1	8	455	95	96		49.375
345	9	Mi5	E5	336	336	1	8	455	95	96	e	49.5
346	9	Re5	D5	327	327	1	8	455	99	96	fen	49.625
347	9	Do5#4	C5#4	322	322	1	8	455	95	96		49.75
348	9	Si4b4	B4b4	310	310	1	8	455	99	96	dim  	49.875
349	9	La4	A4	305	305	1	8	455	95	96		50.0
350	9	Mi5	E5	336	336	3	16	682	99	96	Ge	50.1875
351	9	Re5	D5	327	327	1	16	227	95	96		50.25
352	9	Re5	D5	327	327	3	16	682	99	96	le	50.4375
353	9	Do5#4	C5#4	322	322	1	16	227	95	96		50.5
354	9	Do5#4	C5#4	322	322	3	16	682	99	96	cek 	50.6875
355	9	Si4b4	B4b4	310	310	1	16	227	95	96		50.75
356	9	La4	A4	305	305	1	8	455	99	96	ol 	50.875
357	9	Mi5	E5	336	336	1	8	455	95	96		51.0
358	9	Mi5	E5	336	336	1	8	455	99	96	gün  	51.125
359	9	Re5	D5	327	327	1	8	455	99	96		51.25
360	9	Do5#4	C5#4	322	322	1	8	455	99	96		51.375
361	9	Re5	D5	327	327	1	8	455	99	96		51.5
362	9	Mi5	E5	336	336	1	4	909	95	96		51.75
363	9	Es	Es	-1	-1	1	4	909	100	0		52.0
364	9	Re5	D5	327	327	3	16	682	99	96	Bir 	52.1875
365	9	Mi5	E5	336	336	1	16	227	95	96		52.25
366	9	Mi5	E5	336	336	1	4	909	95	96	yı	52.5
367	9	Mi5	E5	336	336	1	4	909	95	96	lı 	52.75
368	9	Mi5	E5	336	336	1	4	909	95	96	bir 	53.0
369	9	Es	Es	-1	-1	1	8	455	100	0		53.125
370	9	Sol5	G5	349	349	1	8	455	99	96	gün 	53.25
371	9	Fa5	F5	340	340	1	8	455	95	96		53.375
372	9	Mi5	E5	336	336	1	8	455	95	96	e	53.5
373	9	Re5	D5	327	327	1	8	455	99	96	fen	53.625
374	9	Do5#4	C5#4	322	322	1	8	455	95	96		53.75
375	9	Si4b4	B4b4	310	310	1	8	455	99	96	dim  	53.875
376	9	La4	A4	305	305	1	8	455	95	96		54.0
377	9	Mi5	E5	336	336	3	16	682	99	96	Ge	54.1875
378	9	Re5	D5	327	327	1	16	227	95	96		54.25
379	9	Re5	D5	327	327	3	16	682	99	96	le	54.4375
380	9	Do5#4	C5#4	322	322	1	16	227	95	96		54.5
381	9	Do5#4	C5#4	322	322	3	16	682	99	96	cek 	54.6875
382	9	Si4b4	B4b4	310	310	1	16	227	95	96		54.75
383	9	La4	A4	305	305	1	8	455	99	96	ol 	54.875
384	9	Mi5	E5	336	336	1	8	455	95	96		55.0
385	9	Mi5	E5	336	336	1	8	455	99	96	gün  	55.125
386	9	Re5	D5	327	327	1	8	455	99	96		55.25
387	9	Do5#4	C5#4	322	322	1	8	455	99	96		55.375
388	9	Re5	D5	327	327	1	8	455	99	96		55.5
389	9	Mi5	E5	336	336	1	4	909	95	96		55.75
390	9	Es	Es	-1	-1	1	4	909	100	0		56.0
391	9	Re5	D5	327	327	1	8	455	99	96	Sü	56.125
392	9	Mi5	E5	336	336	1	8	455	95	96		56.25
393	9	Re5	D5	327	327	1	8	455	99	96	re	56.375
394	9	Do5#4	C5#4	322	322	1	8	455	95	96		56.5
395	9	Si4b4	B4b4	310	310	3	16	682	99	96	gel 	56.6875
396	9	La4	A4	305	305	1	16	227	95	96		56.75
397	9	La4	A4	305	305	1	4	909	95	96	yü	57.0
398	9	Es	Es	-1	-1	1	8	455	100	0		57.125
399	9	Sol5	G5	349	349	1	8	455	99	96	zün 	57.25
400	9	Fa5	F5	340	340	1	8	455	95	96		57.375
401	9	Mi5	E5	336	336	1	8	455	95	96	e	57.5
402	9	Re5	D5	327	327	1	8	455	99	96	fen	57.625
403	9	Do5#4	C5#4	322	322	1	8	455	95	96		57.75
404	9	Si4b4	B4b4	310	310	1	8	455	99	96	dim  	57.875
405	9	La4	A4	305	305	1	8	455	95	96		58.0
406	9	Mi5	E5	336	336	3	16	682	99	96	Al	58.1875
407	9	Re5	D5	327	327	1	16	227	95	96		58.25
408	9	Re5	D5	327	327	3	16	682	99	96	lah 	58.4375
409	9	Do5#4	C5#4	322	322	1	16	227	95	96		58.5
410	9	Si4b4	B4b4	310	310	3	16	682	99	96	yo	58.6875
411	9	La4	A4	305	305	1	16	227	95	96		58.75
412	9	Sol4	G4	296	296	1	4	909	95	96	lu	59.0
413	9	La4	A4	305	305	1	16	227	99	96	na  	59.0625
414	9	Si4b4	B4b4	310	310	1	16	227	99	96		59.125
415	9	Do5#4	C5#4	322	322	1	4	909	99	96		59.375
416	9	Si4b4	B4b4	310	310	1	16	227	99	96		59.4375
417	9	La4	A4	305	305	1	16	227	99	96		59.5
418	9	Re5	D5	327	327	3	8	1364	95	96		59.875
419	9	Es	Es	-1	-1	1	8	455	100	0		60.0
420	9	Re5	D5	327	327	1	8	455	99	96	Sü	60.125
421	9	Mi5	E5	336	336	1	8	455	95	96		60.25
422	9	Re5	D5	327	327	1	8	455	99	96	re	60.375
423	9	Do5#4	C5#4	322	322	1	8	455	95	96		60.5
424	9	Si4b4	B4b4	310	310	3	16	682	99	96	gel 	60.6875
425	9	La4	A4	305	305	1	16	227	95	96		60.75
426	9	La4	A4	305	305	1	4	909	95	96	yü	61.0
427	9	Es	Es	-1	-1	1	8	455	100	0		61.125
428	9	Sol5	G5	349	349	1	8	455	99	96	zün 	61.25
429	9	Fa5	F5	340	340	1	8	455	95	96		61.375
430	9	Mi5	E5	336	336	1	8	455	95	96	e	61.5
431	9	Re5	D5	327	327	1	8	455	99	96	fen	61.625
432	9	Do5#4	C5#4	322	322	1	8	455	95	96		61.75
433	9	Si4b4	B4b4	310	310	1	8	455	99	96	dim  	61.875
434	9	La4	A4	305	305	1	8	455	95	96		62.0
435	9	Mi5	E5	336	336	3	16	682	99	96	Al	62.1875
436	9	Re5	D5	327	327	1	16	227	95	96		62.25
437	9	Re5	D5	327	327	3	16	682	99	96	lah 	62.4375
438	9	Do5#4	C5#4	322	322	1	16	227	95	96		62.5
439	9	Si4b4	B4b4	310	310	3	16	682	99	96	yo	62.6875
440	9	La4	A4	305	305	1	16	227	95	96		62.75
441	9	Sol4	G4	296	296	1	4	909	95	96	lu	63.0
442	9	La4	A4	305	305	1	16	227	99	96	na  	63.0625
443	9	Si4b4	B4b4	310	310	1	16	227	99	96		63.125
444	9	Do5#4	C5#4	322	322	1	4	909	99	96		63.375
445	9	Si4b4	B4b4	310	310	1	16	227	99	96		63.4375
446	9	La4	A4	305	305	1	16	227	99	96		63.5
447	9	La4	A4	305	305	3	8	1364	95	96		63.875
448	9	Es	Es	-1	-1	1	8	455	100	0		64.0
