Sira	Kod	Nota53	NotaAE	Koma53	KomaAE	Pay	Payda	Ms	LNS	Bas	Soz1	Offset
1	51			0	0	6	2	0	12	0	Ağırsenginsemâî	0.0
2	9	Re5	D5	327	327	1	2	1379	95	96		0.166666666667
3	9	Re5	D5	327	327	3	8	1034	99	96		0.291666666667
4	9	Do5#4	C5#4	322	322	1	8	345	95	96		0.333333333333
5	9	Re5	D5	327	327	3	8	1034	99	96		0.458333333333
6	9	Es	Es	-1	-1	1	8	345	100	0		0.5
7	9	Do5#4	C5#4	322	322	1	8	345	99	96		0.541666666667
8	9	Re5	D5	327	327	1	8	345	99	96		0.583333333333
9	9	Mi5	E5	336	336	1	8	345	99	96		0.625
10	9	Fa5	F5	340	340	1	8	345	95	96		0.666666666667
11	9	Mi5	E5	336	336	1	8	345	99	96		0.708333333333
12	9	Re5	D5	327	327	1	8	345	99	96		0.75
13	9	Do5#4	C5#4	322	322	1	8	345	99	96		0.791666666667
14	9	Re5	D5	327	327	1	8	345	99	96		0.833333333333
15	9	Do5#4	C5#4	322	322	1	8	345	99	96		0.875
16	9	Re5	D5	327	327	1	8	345	99	96		0.916666666667
17	9	Do5#4	C5#4	322	322	1	8	345	99	96		0.958333333333
18	9	Si4b4	B4b4	310	310	1	8	345	95	96		1.0
19	9	Re5	D5	327	327	3	8	1034	95	96		1.125
20	9	Mi5	E5	336	336	1	8	345	95	96		1.16666666667
21	9	Re5	D5	327	327	1	8	345	99	96		1.20833333333
22	9	Do5#4	C5#4	322	322	1	4	690	99	96		1.29166666667
23	9	Re5	D5	327	327	1	8	345	95	96		1.33333333333
24	9	Do5#4	C5#4	322	322	1	8	345	99	96		1.375
25	9	Si4b4	B4b4	310	310	1	8	345	99	96		1.41666666667
26	8	Do5#4	C5#4	322	322	0	0	0	99	96		1.41666666667
27	9	Si4b4	B4b4	310	310	1	8	345	99	96		1.45833333333
28	9	La4	A4	305	305	1	8	345	95	96		1.5
29	9	La4	A4	305	305	1	8	345	99	96		1.54166666667
30	9	Sol4	G4	296	296	1	8	345	99	96		1.58333333333
31	8	La4	A4	305	305	0	0	0	99	96		1.58333333333
32	9	Sol4	G4	296	296	1	8	345	99	96		1.625
33	9	Fa4	F4	287	287	1	8	345	95	96		1.66666666667
34	9	Sol4	G4	296	296	3	4	2069	95	96		1.91666666667
35	9	Es	Es	-1	-1	1	4	690	100	0		2.0
36	9	Sol4	G4	296	296	1	2	1379	95	96		2.16666666667
37	9	La4	A4	305	305	1	2	1379	95	96		2.33333333333
38	9	Si4b4	B4b4	310	310	1	8	345	99	96		2.375
39	9	Do5#4	C5#4	322	322	1	8	345	99	96		2.41666666667
40	9	Si4b4	B4b4	310	310	1	4	690	99	96		2.5
41	9	Re5	D5	327	327	1	8	345	99	96		2.54166666667
42	9	Do5#4	C5#4	322	322	1	8	345	99	96		2.58333333333
43	9	Si4b4	B4b4	310	310	1	8	345	99	96		2.625
44	9	Do5#4	C5#4	322	322	1	8	345	99	96		2.66666666667
45	9	Re5	D5	327	327	1	2	1379	99	96		2.83333333333
46	9	Re5	D5	327	327	1	4	690	95	96		2.91666666667
47	9	Es	Es	-1	-1	1	4	690	100	0		3.0
48	9	Mi5	E5	336	336	1	4	690	99	96		3.08333333333
49	8	Sol5	G5	349	349	0	0	0	99	96		3.08333333333
50	9	Fa5	F5	340	340	1	8	345	99	96		3.125
51	9	Mi5	E5	336	336	1	8	345	99	96		3.16666666667
52	9	Re5	D5	327	327	1	4	690	99	96		3.25
53	8	Fa5	F5	340	340	0	0	0	99	96		3.25
54	9	Mi5	E5	336	336	1	8	345	99	96		3.29166666667
55	9	Re5	D5	327	327	1	8	345	99	96		3.33333333333
56	9	Do5#4	C5#4	322	322	1	4	690	99	96		3.41666666667
57	8	Mi5	E5	336	336	0	0	0	99	96		3.41666666667
58	9	Re5	D5	327	327	1	8	345	99	96		3.45833333333
59	9	Do5#4	C5#4	322	322	1	8	345	99	96		3.5
60	9	Si4b4	B4b4	310	310	1	4	690	99	96		3.58333333333
61	8	Mi5	E5	336	336	0	0	0	99	96		3.58333333333
62	9	Re5	D5	327	327	1	8	345	99	96		3.625
63	9	Do5#4	C5#4	322	322	1	8	345	99	96		3.66666666667
64	9	Do5#4	C5#4	322	322	1	4	690	99	96		3.75
65	8	Re5	D5	327	327	0	0	0	99	96		3.75
66	9	Do5#4	C5#4	322	322	1	8	345	99	96		3.79166666667
67	9	Re5	D5	327	327	1	8	345	99	96		3.83333333333
68	9	Do5#4	C5#4	322	322	1	8	345	99	96		3.875
69	8	Mi5	E5	336	336	0	0	0	99	96		3.875
70	9	Re5	D5	327	327	1	8	345	99	96		3.91666666667
71	9	Do5#4	C5#4	322	322	1	8	345	99	96		3.95833333333
72	9	Si4b4	B4b4	310	310	1	8	345	99	96		4.0
73	9	La4	A4	305	305	1	4	690	95	96		4.08333333333
74	9	Re5	D5	327	327	1	8	345	99	96		4.125
75	9	Re5	D5	327	327	1	8	345	99	96		4.16666666667
76	9	Re5	D5	327	327	1	4	690	99	96		4.25
77	8	Mi5	E5	336	336	0	0	0	99	96		4.25
78	9	Re5	D5	327	327	1	8	345	95	96		4.29166666667
79	9	Do5#4	C5#4	322	322	1	8	345	95	96		4.33333333333
80	9	Re5	D5	327	327	1	8	345	99	96		4.375
81	9	Do5#4	C5#4	322	322	1	8	345	99	96		4.41666666667
82	9	Si4b4	B4b4	310	310	1	8	345	99	96		4.45833333333
83	9	Do5#4	C5#4	322	322	1	8	345	99	96		4.5
84	9	Si4b4	B4b4	310	310	1	8	345	99	96		4.54166666667
85	9	Do5#4	C5#4	322	322	1	8	345	99	96		4.58333333333
86	9	Re5	D5	327	327	1	8	345	99	96		4.625
87	8	Mi5	E5	336	336	0	0	0	99	96		4.625
88	9	Re5	D5	327	327	1	16	172	99	96		4.64583333333
89	9	Do5#4	C5#4	322	322	1	16	172	95	96		4.66666666667
90	9	Do5#4	C5#4	322	322	3	4	2069	95	96		4.91666666667
91	9	Es	Es	-1	-1	1	4	690	100	0		5.0
92	9	Sol4	G4	296	296	1	2	1379	95	96		5.16666666667
93	9	La4	A4	305	305	1	2	1379	95	96		5.33333333333
94	9	La4	A4	305	305	3	8	1034	99	96		5.45833333333
95	9	Sol4	G4	296	296	1	8	345	99	96		5.5
96	9	Re5	D5	327	327	1	8	345	99	96		5.54166666667
97	9	Do5	C5	318	318	1	8	345	99	96		5.58333333333
98	9	Si4b1	B4b1	313	313	1	8	345	99	96		5.625
99	9	La4#4	A4#4	309	309	1	8	345	95	96		5.66666666667
100	9	Si4b1	B4b1	313	313	3	4	2069	95	96		5.91666666667
101	9	Es	Es	-1	-1	1	4	690	100	0		6.0
102	9	Re5	D5	327	327	1	2	1379	95	96		6.16666666667
103	9	Mi5	E5	336	336	3	8	1034	99	96		6.29166666667
104	9	Fa5	F5	340	340	1	8	345	95	96		6.33333333333
105	9	Mi5	E5	336	336	1	8	345	99	96		6.375
106	9	Re5	D5	327	327	1	4	690	99	96		6.45833333333
107	9	Mi5	E5	336	336	1	8	345	99	96		6.5
108	9	Re5	D5	327	327	1	8	345	99	96		6.54166666667
109	9	Do5#4	C5#4	322	322	1	4	690	99	96		6.625
110	9	Re5	D5	327	327	1	8	345	95	96		6.66666666667
111	9	Do5#4	C5#4	322	322	1	8	345	99	96		6.70833333333
112	9	Si4b4	B4b4	310	310	1	8	345	99	96		6.75
113	9	La4	A4	305	305	1	8	345	99	96		6.79166666667
114	9	Do5#4	C5#4	322	322	1	8	345	99	96		6.83333333333
115	9	Do5#4	C5#4	322	322	1	8	345	99	96		6.875
116	9	Si4b4	B4b4	310	310	1	4	690	99	96		6.95833333333
117	9	La4	A4	305	305	1	8	345	95	96		7.0
118	9	Es	Es	-1	-1	1	8	345	100	0		7.04166666667
119	9	Re5	D5	327	327	1	4	690	99	96		7.125
120	9	Mi5	E5	336	336	1	8	345	95	96		7.16666666667
121	9	Re5	D5	327	327	1	8	345	99	96		7.20833333333
122	9	Do5#4	C5#4	322	322	1	4	690	99	96		7.29166666667
123	9	Re5	D5	327	327	1	8	345	95	96		7.33333333333
124	9	Do5#4	C5#4	322	322	1	8	345	99	96		7.375
125	9	Si4b4	B4b4	310	310	1	8	345	99	96		7.41666666667
126	8	Do5#4	C5#4	322	322	0	0	0	99	96		7.41666666667
127	9	Si4b4	B4b4	310	310	1	8	345	99	96		7.45833333333
128	9	La4	A4	305	305	1	8	345	99	96		7.5
129	9	La4	A4	305	305	1	8	345	99	96		7.54166666667
130	9	Sol4	G4	296	296	1	8	345	99	96		7.58333333333
131	8	La4	A4	305	305	0	0	0	99	96		7.58333333333
132	9	Sol4	G4	296	296	1	8	345	99	96		7.625
133	9	Fa4	F4	287	287	1	8	345	99	96		7.66666666667
134	9	Sol4	G4	296	296	3	4	2069	95	96		7.91666666667
135	9	Es	Es	-1	-1	1	4	690	100	0		8.0
136	9	Sol4	G4	296	296	1	4	690	99	96		8.08333333333
137	9	La4	A4	305	305	1	8	345	99	96		8.125
138	9	Sol4	G4	296	296	1	8	345	99	96		8.16666666667
139	9	La4	A4	305	305	1	4	690	99	96		8.25
140	9	Si4b4	B4b4	310	310	1	8	345	99	96		8.29166666667
141	9	La4	A4	305	305	1	8	345	99	96		8.33333333333
142	9	Si4b4	B4b4	310	310	1	4	690	99	96		8.41666666667
143	9	Do5#4	C5#4	322	322	1	8	345	99	96		8.45833333333
144	9	Si4b4	B4b4	310	310	1	8	345	99	96		8.5
145	9	Do5#4	C5#4	322	322	1	4	690	99	96		8.58333333333
146	9	Re5	D5	327	327	1	4	690	99	96		8.66666666667
147	9	Re5	D5	327	327	1	4	690	99	96		8.75
148	8	Mi5	E5	336	336	0	0	0	99	96		8.75
149	9	Re5	D5	327	327	1	8	345	99	96		8.79166666667
150	9	Do5#4	C5#4	322	322	1	8	345	99	96		8.83333333333
151	8	Do5#4	C5#4	322	322	0	0	0	99	96		8.83333333333
152	9	Si4b4	B4b4	310	310	1	8	345	99	96		8.875
153	9	La4	A4	305	305	1	8	345	99	96		8.91666666667
154	9	Si4b4	B4b4	310	310	1	4	690	99	96		9.0
155	9	La4	A4	305	305	1	4	690	95	96		9.08333333333
156	9	Re5	D5	327	327	1	4	690	99	96		9.16666666667
157	9	Re5	D5	327	327	1	8	345	99	96		9.20833333333
158	9	Do5#4	C5#4	322	322	1	8	345	99	96		9.25
159	9	Si4b4	B4b4	310	310	1	8	345	95	96		9.29166666667
160	9	La4	A4	305	305	1	8	345	95	96		9.33333333333
161	9	Si4b4	B4b4	310	310	1	8	345	99	96		9.375
162	9	La4	A4	305	305	1	8	345	99	96		9.41666666667
163	9	Si4b4	B4b4	310	310	1	8	345	99	96		9.45833333333
164	9	Re5	D5	327	327	1	8	345	99	96		9.5
165	9	Do5#4	C5#4	322	322	1	8	345	99	96		9.54166666667
166	9	Si4b4	B4b4	310	310	1	8	345	99	96		9.58333333333
167	8	Do5#4	C5#4	322	322	0	0	0	99	96		9.58333333333
168	9	Si4b4	B4b4	310	310	1	8	345	99	96		9.625
169	9	La4	A4	305	305	1	8	345	95	96		9.66666666667
170	9	La4	A4	305	305	3	4	2069	95	96		9.91666666667
171	9	Es	Es	-1	-1	1	4	690	100	0		10.0
172	9	Re5	D5	327	327	3	8	1034	95	96		10.125
173	9	Do5#4	C5#4	322	322	1	8	345	95	96		10.1666666667
174	9	Si4	B4	314	314	3	8	1034	95	96		10.2916666667
175	9	Do5#4	C5#4	322	322	1	8	345	95	96		10.3333333333
176	9	Re5	D5	327	327	1	2	1379	95	96		10.5
177	9	Mi5	E5	336	336	1	8	345	99	96		10.5416666667
178	9	Sol5	G5	349	349	1	8	345	99	96		10.5833333333
179	9	Fa5	F5	340	340	1	8	345	99	96		10.625
180	9	Mi5	E5	336	336	1	8	345	95	96		10.6666666667
181	9	Do5#4	C5#4	322	322	1	4	690	99	96		10.75
182	9	Re5	D5	327	327	1	4	690	99	96		10.8333333333
183	9	Re5	D5	327	327	1	2	1379	99	96		11.0
184	9	Re5	D5	327	327	1	4	690	99	96		11.0833333333
185	8	Mi5	E5	336	336	0	0	0	99	96		11.0833333333
186	9	Re5	D5	327	327	1	8	345	99	96		11.125
187	9	Do5#4	C5#4	322	322	1	8	345	95	96		11.1666666667
188	9	Si4	B4	314	314	1	8	345	99	96		11.2083333333
189	9	Do5#4	C5#4	322	322	1	8	345	99	96		11.25
190	9	Si4	B4	314	314	1	8	345	99	96		11.2916666667
191	9	Do5#4	C5#4	322	322	1	8	345	95	96		11.3333333333
192	9	Re5	D5	327	327	3	8	1034	99	96		11.4583333333
193	9	Do5#4	C5#4	322	322	1	8	345	95	96		11.5
194	9	Re5	D5	327	327	1	2	1379	95	96		11.6666666667
195	9	Mi5	E5	336	336	1	8	345	99	96		11.7083333333
196	9	Re5	D5	327	327	1	8	345	99	96		11.75
197	9	Re5	D5	327	327	1	8	345	99	96		11.7916666667
198	9	Do5	C5	318	318	1	8	345	99	96		11.8333333333
199	9	Re5	D5	327	327	1	4	690	95	96		11.9166666667
200	9	Mi5	E5	336	336	1	4	690	95	96		12.0
201	8	Sol5	G5	349	349	0	0	0	95	96		12.0
202	9	Fa5	F5	340	340	1	4	690	99	96		12.0833333333
203	9	Mi5	E5	336	336	1	8	345	99	96		12.125
204	9	Re5	D5	327	327	1	8	345	95	96		12.1666666667
205	9	Re5	D5	327	327	1	8	345	99	96		12.2083333333
206	9	Do5	C5	318	318	1	4	690	99	96		12.2916666667
207	9	Re5	D5	327	327	1	8	345	99	96		12.3333333333
208	9	Do5	C5	318	318	1	8	345	99	96		12.375
209	9	Re5	D5	327	327	1	8	345	99	96		12.4166666667
210	9	Do5	C5	318	318	1	8	345	99	96		12.4583333333
211	9	Si4b1	B4b1	313	313	1	8	345	99	96		12.5
212	9	Si4b1	B4b1	313	313	1	8	345	95	96		12.5416666667
213	9	Re5	D5	327	327	1	4	690	95	96		12.625
214	9	Re5	D5	327	327	1	8	345	95	96		12.6666666667
215	9	Do5#4	C5#4	322	322	1	8	345	99	96		12.7083333333
216	9	Si4b4	B4b4	310	310	1	8	345	99	96		12.75
217	8	Do5#4	C5#4	322	322	0	0	0	99	96		12.75
218	9	Si4b4	B4b4	310	310	1	8	345	99	96		12.7916666667
219	9	La4	A4	305	305	1	8	345	99	96		12.8333333333
220	9	Si4b4	B4b4	310	310	1	2	1379	95	96		13.0
221	9	La4	A4	305	305	1	2	1379	95	96		13.1666666667
222	9	La4	A4	305	305	1	8	345	99	96		13.2083333333
223	9	Re5	D5	327	327	3	8	1034	95	96		13.3333333333
224	9	Re5	D5	327	327	3	8	1034	99	96		13.4583333333
225	9	Do5#4	C5#4	322	322	1	8	345	95	96		13.5
226	9	Si4	B4	314	314	3	8	1034	99	96		13.625
227	9	Do5#4	C5#4	322	322	1	8	345	95	96		13.6666666667
228	9	Re5	D5	327	327	3	4	2069	95	96		13.9166666667
229	9	Es	Es	-1	-1	1	4	690	100	0		14.0
230	9	Re5	D5	327	327	1	2	1379	95	96		14.1666666667
231	9	Mi5	E5	336	336	1	2	1379	95	96		14.3333333333
232	9	Mi5	E5	336	336	1	4	690	99	96		14.4166666667
233	8	Sol5	G5	349	349	0	0	0	99	96		14.4166666667
234	9	Fa5#4	F5#4	344	344	1	8	345	99	96		14.4583333333
235	9	Mi5	E5	336	336	1	8	345	95	96		14.5
236	9	Re5	D5	327	327	1	2	1379	95	96		14.6666666667
237	9	Mi5	E5	336	336	1	4	690	99	96		14.75
238	8	Sol5	G5	349	349	0	0	0	99	96		14.75
239	9	Fa5#4	F5#4	344	344	1	8	345	99	96		14.7916666667
240	9	Mi5	E5	336	336	1	8	345	99	96		14.8333333333
241	9	Re5	D5	327	327	1	16	172	99	96		14.8541666667
242	9	Do5#4	C5#4	322	322	1	16	172	99	96		14.875
243	9	Si4	B4	314	314	1	8	345	99	96		14.9166666667
244	9	Do5#4	C5#4	322	322	1	8	345	95	96		14.9583333333
245	9	Re5	D5	327	327	1	8	345	95	96		15.0
246	9	Do5#4	C5#4	322	322	1	4	690	99	96		15.0833333333
247	9	Re5	D5	327	327	1	4	690	99	96		15.1666666667
248	9	Re5	D5	327	327	1	2	1379	99	96		15.3333333333
249	9	Re5	D5	327	327	1	4	690	99	96		15.4166666667
250	9	Fa5#4	F5#4	344	344	1	4	690	99	96		15.5
251	9	Fa5#4	F5#4	344	344	1	4	690	99	96		15.5833333333
252	9	Mi5	E5	336	336	1	8	345	99	96		15.625
253	9	Re5	D5	327	327	1	8	345	99	96		15.6666666667
254	9	Re5	D5	327	327	3	4	2069	95	96		15.9166666667
255	9	Es	Es	-1	-1	1	4	690	100	0		16.0
256	9	Sol4	G4	296	296	1	2	1379	95	96		16.1666666667
257	9	La4	A4	305	305	1	2	1379	95	96		16.3333333333
258	9	Si4b4	B4b4	310	310	1	2	1379	95	96		16.5
259	9	Re5	D5	327	327	1	2	1379	95	96		16.6666666667
260	9	Mi5	E5	336	336	1	8	345	99	96		16.7083333333
261	9	Re5	D5	327	327	1	8	345	99	96		16.75
262	8	Mi5	E5	336	336	0	0	0	99	96		16.75
263	9	Re5	D5	327	327	1	8	345	99	96		16.7916666667
264	9	Do5#4	C5#4	322	322	1	8	345	99	96		16.8333333333
265	9	Do5#4	C5#4	322	322	1	8	345	99	96		16.875
266	9	Si4b4	B4b4	310	310	1	8	345	99	96		16.9166666667
267	8	Do5#4	C5#4	322	322	0	0	0	99	96		16.9166666667
268	9	Si4b4	B4b4	310	310	1	8	345	99	96		16.9583333333
269	9	La4	A4	305	305	1	8	345	99	96		17.0
270	9	Si4b4	B4b4	310	310	1	4	690	95	96		17.0833333333
271	9	Re5	D5	327	327	1	4	690	99	96		17.1666666667
272	9	Re5	D5	327	327	1	8	345	99	96		17.2083333333
273	9	Do5#4	C5#4	322	322	1	8	345	99	96		17.25
274	9	Si4b4	B4b4	310	310	1	8	345	95	96		17.2916666667
275	9	La4	A4	305	305	1	8	345	95	96		17.3333333333
276	9	Si4b4	B4b4	310	310	1	8	345	99	96		17.375
277	9	La4	A4	305	305	1	8	345	99	96		17.4166666667
278	9	Si4b4	B4b4	310	310	1	8	345	99	96		17.4583333333
279	9	Re5	D5	327	327	1	8	345	99	96		17.5
280	9	Do5#4	C5#4	322	322	1	8	345	99	96		17.5416666667
281	9	Si4b4	B4b4	310	310	1	8	345	99	96		17.5833333333
282	8	Do5#4	C5#4	322	322	0	0	0	99	96		17.5833333333
283	9	Si4b4	B4b4	310	310	1	8	345	99	96		17.625
284	9	La4	A4	305	305	1	8	345	95	96		17.6666666667
285	9	La4	A4	305	305	3	4	2069	95	96		17.9166666667
286	9	Es	Es	-1	-1	1	4	690	100	0		18.0
287	9	Re5	D5	327	327	3	8	1034	99	96		18.125
288	9	Mi5	E5	336	336	1	8	345	95	96		18.1666666667
289	9	Mi5	E5	336	336	1	2	1379	95	96		18.3333333333
290	9	Mi5	E5	336	336	3	8	1034	99	96		18.4583333333
291	9	Re5	D5	327	327	1	8	345	99	96		18.5
292	9	Do5	C5	318	318	1	8	345	99	96		18.5416666667
293	9	Re5	D5	327	327	1	8	345	99	96		18.5833333333
294	9	Mi5	E5	336	336	1	4	690	95	96		18.6666666667
295	9	Mi5	E5	336	336	1	2	1379	99	96		18.8333333333
296	9	Mi5	E5	336	336	1	4	690	99	96		18.9166666667
297	8	Fa5	F5	340	340	0	0	0	99	96		18.9166666667
298	9	Mi5	E5	336	336	1	8	345	99	96		18.9583333333
299	9	Re5	D5	327	327	1	8	345	95	96		19.0
300	9	Re5	D5	327	327	1	4	690	99	96		19.0833333333
301	8	Mi5	E5	336	336	0	0	0	99	96		19.0833333333
302	9	Re5	D5	327	327	1	8	345	95	96		19.125
303	9	Do5	C5	318	318	1	8	345	95	96		19.1666666667
304	9	Do5	C5	318	318	1	4	690	99	96		19.25
305	8	Re5	D5	327	327	0	0	0	99	96		19.25
306	9	Do5	C5	318	318	1	8	345	99	96		19.2916666667
307	9	Si4	B4	314	314	1	8	345	99	96		19.3333333333
308	9	Si4	B4	314	314	1	8	345	99	96		19.375
309	9	Do5	C5	318	318	1	8	345	99	96		19.4166666667
310	9	Si4	B4	314	314	1	8	345	99	96		19.4583333333
311	9	La4	A4	305	305	1	8	345	95	96		19.5
312	9	Do5	C5	318	318	1	8	345	99	96		19.5416666667
313	9	Si4	B4	314	314	1	8	345	99	96		19.5833333333
314	9	La4	A4	305	305	1	8	345	99	96		19.625
315	9	Sol4#4	G4#4	300	300	1	8	345	95	96		19.6666666667
316	9	La4	A4	305	305	3	4	2069	95	96		19.9166666667
317	9	Es	Es	-1	-1	1	4	690	100	0		20.0
318	9	La4	A4	305	305	1	2	1379	95	96		20.1666666667
319	9	Si4b4	B4b4	310	310	1	2	1379	95	96		20.3333333333
320	9	Do5#4	C5#4	322	322	1	2	1379	99	96		20.5
321	9	Si4b4	B4b4	310	310	1	4	690	99	96		20.5833333333
322	9	Do5#4	C5#4	322	322	1	4	690	99	96		20.6666666667
323	9	Re5	D5	327	327	3	4	2069	95	96		20.9166666667
324	9	Es	Es	-1	-1	1	4	690	100	0		21.0
325	9	Mi5	E5	336	336	1	4	690	99	96		21.0833333333
326	8	Sol5	G5	349	349	0	0	0	99	96		21.0833333333
327	9	Fa5	F5	340	340	1	8	345	99	96		21.125
328	9	Mi5	E5	336	336	1	8	345	99	96		21.1666666667
329	9	Re5	D5	327	327	1	4	690	99	96		21.25
330	8	Fa5	F5	340	340	0	0	0	99	96		21.25
331	9	Mi5	E5	336	336	1	8	345	99	96		21.2916666667
332	9	Re5	D5	327	327	1	8	345	99	96		21.3333333333
333	9	Do5#4	C5#4	322	322	1	4	690	99	96		21.4166666667
334	8	Mi5	E5	336	336	0	0	0	99	96		21.4166666667
335	9	Re5	D5	327	327	1	8	345	99	96		21.4583333333
336	9	Do5#4	C5#4	322	322	1	8	345	99	96		21.5
337	9	Si4b4	B4b4	310	310	1	4	690	99	96		21.5833333333
338	8	Mi5	E5	336	336	0	0	0	99	96		21.5833333333
339	9	Re5	D5	327	327	1	8	345	99	96		21.625
340	9	Do5#4	C5#4	322	322	1	8	345	99	96		21.6666666667
341	9	Do5#4	C5#4	322	322	1	4	690	99	96		21.75
342	8	Re5	D5	327	327	0	0	0	99	96		21.75
343	9	Do5#4	C5#4	322	322	1	8	345	99	96		21.7916666667
344	9	Re5	D5	327	327	1	8	345	99	96		21.8333333333
345	9	Do5#4	C5#4	322	322	1	8	345	99	96		21.875
346	8	Mi5	E5	336	336	0	0	0	99	96		21.875
347	9	Re5	D5	327	327	1	8	345	99	96		21.9166666667
348	9	Do5#4	C5#4	322	322	1	8	345	99	96		21.9583333333
349	9	Si4b4	B4b4	310	310	1	8	345	99	96		22.0
350	9	La4	A4	305	305	1	4	690	95	96		22.0833333333
351	9	Re5	D5	327	327	1	8	345	99	96		22.125
352	9	Re5	D5	327	327	1	8	345	99	96		22.1666666667
353	9	Re5	D5	327	327	1	4	690	99	96		22.25
354	8	Mi5	E5	336	336	0	0	0	99	96		22.25
355	9	Re5	D5	327	327	1	8	345	99	96		22.2916666667
356	9	Do5#4	C5#4	322	322	1	8	345	95	96		22.3333333333
357	9	Re5	D5	327	327	1	8	345	99	96		22.375
358	9	Do5#4	C5#4	322	322	1	8	345	99	96		22.4166666667
359	9	Si4b4	B4b4	310	310	1	8	345	99	96		22.4583333333
360	9	Do5#4	C5#4	322	322	1	8	345	99	96		22.5
361	9	Si4b4	B4b4	310	310	1	8	345	99	96		22.5416666667
362	9	Do5#4	C5#4	322	322	1	8	345	99	96		22.5833333333
363	9	Re5	D5	327	327	1	8	345	99	96		22.625
364	8	Mi5	E5	336	336	0	0	0	99	96		22.625
365	9	Re5	D5	327	327	1	16	172	99	96		22.6458333333
366	9	Do5#4	C5#4	322	322	1	16	172	95	96		22.6666666667
367	9	Do5#4	C5#4	322	322	3	4	2069	95	96		22.9166666667
368	9	Es	Es	-1	-1	1	4	690	100	0		23.0
369	9	Sol4	G4	296	296	1	2	1379	95	96		23.1666666667
370	9	La4	A4	305	305	1	2	1379	95	96		23.3333333333
371	9	La4	A4	305	305	3	8	1034	99	96		23.4583333333
372	9	Sol4	G4	296	296	1	8	345	99	96		23.5
373	9	Re5	D5	327	327	1	8	345	99	96		23.5416666667
374	9	Do5	C5	318	318	1	8	345	99	96		23.5833333333
375	9	Si4b1	B4b1	313	313	1	8	345	99	96		23.625
376	9	La4#4	A4#4	309	309	1	8	345	95	96		23.6666666667
377	9	Si4b1	B4b1	313	313	3	4	2069	95	96		23.9166666667
378	9	Es	Es	-1	-1	1	4	690	100	0		24.0
379	9	Re5	D5	327	327	1	2	1379	95	96		24.1666666667
380	9	Mi5	E5	336	336	3	8	1034	95	96		24.2916666667
381	9	Fa5	F5	340	340	1	8	345	99	96		24.3333333333
382	9	Mi5	E5	336	336	1	8	345	99	96		24.375
383	9	Re5	D5	327	327	1	4	690	99	96		24.4583333333
384	9	Mi5	E5	336	336	1	8	345	99	96		24.5
385	9	Re5	D5	327	327	1	8	345	99	96		24.5416666667
386	9	Do5#4	C5#4	322	322	1	4	690	99	96		24.625
387	9	Re5	D5	327	327	1	8	345	95	96		24.6666666667
388	9	Do5#4	C5#4	322	322	1	8	345	99	96		24.7083333333
389	9	Si4b4	B4b4	310	310	1	8	345	99	96		24.75
390	9	La4	A4	305	305	1	8	345	99	96		24.7916666667
391	9	Do5#4	C5#4	322	322	1	8	345	99	96		24.8333333333
392	9	Do5#4	C5#4	322	322	1	8	345	99	96		24.875
393	9	Si4b4	B4b4	310	310	1	4	690	99	96		24.9583333333
394	9	La4	A4	305	305	1	8	345	95	96		25.0
395	9	Es	Es	-1	-1	1	8	345	100	0		25.0416666667
396	9	Re5	D5	327	327	1	4	690	99	96		25.125
397	9	Mi5	E5	336	336	1	8	345	95	96		25.1666666667
398	9	Re5	D5	327	327	1	8	345	99	96		25.2083333333
399	9	Do5#4	C5#4	322	322	1	4	690	99	96		25.2916666667
400	9	Re5	D5	327	327	1	8	345	95	96		25.3333333333
401	9	Do5#4	C5#4	322	322	1	8	345	99	96		25.375
402	9	Si4b4	B4b4	310	310	1	8	345	99	96		25.4166666667
403	8	Do5#4	C5#4	322	322	0	0	0	99	96		25.4166666667
404	9	Si4b4	B4b4	310	310	1	8	345	99	96		25.4583333333
405	9	La4	A4	305	305	1	8	345	99	96		25.5
406	9	La4	A4	305	305	1	8	345	99	96		25.5416666667
407	9	Sol4	G4	296	296	1	8	345	99	96		25.5833333333
408	8	La4	A4	305	305	0	0	0	99	96		25.5833333333
409	9	Sol4	G4	296	296	1	8	345	99	96		25.625
410	9	Fa4	F4	287	287	1	8	345	95	96		25.6666666667
411	9	Sol4	G4	296	296	3	4	2069	95	96		25.9166666667
412	9	Es	Es	-1	-1	1	4	690	100	0		26.0
413	9	Sol4	G4	296	296	1	4	690	99	96		26.0833333333
414	9	La4	A4	305	305	1	8	345	99	96		26.125
415	9	Sol4	G4	296	296	1	8	345	99	96		26.1666666667
416	9	La4	A4	305	305	1	4	690	99	96		26.25
417	9	Si4b4	B4b4	310	310	1	8	345	99	96		26.2916666667
418	9	La4	A4	305	305	1	8	345	99	96		26.3333333333
419	9	Si4b4	B4b4	310	310	1	4	690	99	96		26.4166666667
420	9	Do5#4	C5#4	322	322	1	8	345	99	96		26.4583333333
421	9	Si4b4	B4b4	310	310	1	8	345	99	96		26.5
422	9	Do5#4	C5#4	322	322	1	4	690	99	96		26.5833333333
423	9	Re5	D5	327	327	1	4	690	99	96		26.6666666667
424	9	Re5	D5	327	327	1	4	690	99	96		26.75
425	8	Mi5	E5	336	336	0	0	0	99	96		26.75
426	9	Re5	D5	327	327	1	8	345	99	96		26.7916666667
427	9	Do5#4	C5#4	322	322	1	8	345	99	96		26.8333333333
428	8	Do5#4	C5#4	322	322	0	0	0	99	96		26.8333333333
429	9	Si4b4	B4b4	310	310	1	8	345	99	96		26.875
430	9	La4	A4	305	305	1	8	345	99	96		26.9166666667
431	9	Si4b4	B4b4	310	310	1	4	690	99	96		27.0
432	9	La4	A4	305	305	1	4	690	95	96		27.0833333333
433	9	Re5	D5	327	327	1	4	690	99	96		27.1666666667
434	9	Re5	D5	327	327	1	8	345	99	96		27.2083333333
435	9	Do5#4	C5#4	322	322	1	8	345	99	96		27.25
436	9	Si4b4	B4b4	310	310	1	8	345	95	96		27.2916666667
437	9	La4	A4	305	305	1	8	345	95	96		27.3333333333
438	9	Si4b4	B4b4	310	310	1	8	345	99	96		27.375
439	9	La4	A4	305	305	1	8	345	99	96		27.4166666667
440	9	Si4b4	B4b4	310	310	1	8	345	99	96		27.4583333333
441	9	Re5	D5	327	327	1	8	345	99	96		27.5
442	9	Do5#4	C5#4	322	322	1	8	345	99	96		27.5416666667
443	9	Si4b4	B4b4	310	310	1	8	345	99	96		27.5833333333
444	8	Do5#4	C5#4	322	322	0	0	0	99	96		27.5833333333
445	9	Si4b4	B4b4	310	310	1	8	345	99	96		27.625
446	9	La4	A4	305	305	1	8	345	95	96		27.6666666667
447	9	La4	A4	305	305	3	4	2069	95	96		27.9166666667
448	9	Es	Es	-1	-1	1	4	690	100	0		28.0
