Sira	Kod	Nota53	NotaAE	Koma53	KomaAE	Pay	Payda	Ms	LNS	Bas	Soz1	Offset
1	51			0	0	9	8	0	20	0	Aksak	0.0
2	1	La5	A5	358	358	1	4	667	95	96	ARANAĞME	0.222222222222
3	9	Re5	D5	327	327	1	16	167	95	96		0.277777777778
4	9	Re5	D5	327	327	1	8	333	95	96	.	0.388888888889
5	9	Re5	D5	327	327	1	16	167	95	96	.	0.444444444444
6	9	La5	A5	358	358	1	8	333	95	96	.	0.555555555556
7	9	La5	A5	358	358	1	8	333	95	96	.	0.666666666667
8	9	Mi5	E5	336	336	1	16	167	95	96	.	0.722222222222
9	9	Fa5#4	F5#4	344	344	1	16	167	95	96	.	0.777777777778
10	9	Sol5	G5	349	349	1	8	333	95	96	.	0.888888888889
11	9	Fa5#1	F5#1	341	341	1	16	167	95	96	.	0.944444444444
12	9	Mi5	E5	336	336	1	16	167	95	96	.	1.0
13	9	Re5	D5	327	327	1	8	333	95	96	.	1.11111111111
14	9	Es	Es	-1	-1	1	8	333	100	0	.	1.22222222222
15	9	Mi5	E5	336	336	1	8	333	95	96	.	1.33333333333
16	9	Fa5	F5	340	340	1	8	333	95	96	.	1.44444444444
17	9	Mi5	E5	336	336	1	8	333	95	96	.	1.55555555556
18	9	Re5	D5	327	327	1	8	333	95	96	.	1.66666666667
19	9	Do5#4	C5#4	322	322	1	8	333	95	96	.	1.77777777778
20	9	Si4b4	B4b4	310	310	1	8	333	95	96	.	1.88888888889
21	9	La4	A4	305	305	1	8	333	95	96	.	2.0
22	9	Si4b4	B4b4	310	310	1	16	167	95	96	.	2.05555555556
23	9	La4	A4	305	305	1	16	167	95	96	.	2.11111111111
24	9	Si4b4	B4b4	310	310	1	16	167	95	96	.	2.16666666667
25	9	Re5	D5	327	327	1	16	167	95	96	.	2.22222222222
26	9	Do5#4	C5#4	322	322	1	16	167	95	96	.	2.27777777778
27	9	Si4b4	B4b4	310	310	1	16	167	95	96	.	2.33333333333
28	9	Si4b4	B4b4	310	310	1	16	167	95	96	.	2.38888888889
29	9	La4	A4	305	305	1	16	167	95	96	.	2.44444444444
30	9	La4	A4	305	305	3	16	500	95	96	.	2.61111111111
31	9	La5	A5	358	358	1	16	167	95	96	.	2.66666666667
32	9	La5	A5	358	358	1	16	167	95	96	.	2.72222222222
33	9	Sol5	G5	349	349	1	16	167	95	96	.	2.77777777778
34	9	Fa5#4	F5#4	344	344	1	16	167	95	96	.	2.83333333333
35	9	Mi5	E5	336	336	1	16	167	95	96	.	2.88888888889
36	9	Fa5#4	F5#4	344	344	1	16	167	95	84	.	2.94444444444
37	9	Sol5	G5	349	349	1	16	167	95	78	.	3.0
38	1	La5	A5	358	358	1	4	667	95	96	ARANAĞME	3.22222222222
39	9	Re5	D5	327	327	1	16	167	95	96		3.27777777778
40	9	Re5	D5	327	327	1	8	333	95	96	.	3.38888888889
41	9	Re5	D5	327	327	1	16	167	95	96	.	3.44444444444
42	9	La5	A5	358	358	1	8	333	95	96	.	3.55555555556
43	9	La5	A5	358	358	1	8	333	95	96	.	3.66666666667
44	9	Mi5	E5	336	336	1	16	167	95	96	.	3.72222222222
45	9	Fa5#4	F5#4	344	344	1	16	167	95	96	.	3.77777777778
46	9	Sol5	G5	349	349	1	8	333	95	96	.	3.88888888889
47	9	Fa5#1	F5#1	341	341	1	16	167	95	96	.	3.94444444444
48	9	Mi5	E5	336	336	1	16	167	95	96	.	4.0
49	9	Re5	D5	327	327	1	8	333	95	96	.	4.11111111111
50	9	Es	Es	-1	-1	1	8	333	100	0	.	4.22222222222
51	9	Mi5	E5	336	336	1	8	333	95	96	.	4.33333333333
52	9	Fa5	F5	340	340	1	8	333	95	96	.	4.44444444444
53	9	Mi5	E5	336	336	1	8	333	95	96	.	4.55555555556
54	9	Re5	D5	327	327	1	8	333	95	96	.	4.66666666667
55	9	Do5#4	C5#4	322	322	1	8	333	95	96	.	4.77777777778
56	9	Si4b4	B4b4	310	310	1	8	333	95	96	.	4.88888888889
57	9	La4	A4	305	305	1	8	333	95	96	.	5.0
58	9	Si4b4	B4b4	310	310	1	16	167	95	96	.	5.05555555556
59	9	La4	A4	305	305	1	16	167	95	96	.	5.11111111111
60	9	Si4b4	B4b4	310	310	1	16	167	95	96	.	5.16666666667
61	9	Re5	D5	327	327	1	16	167	95	96	.	5.22222222222
62	9	Do5#4	C5#4	322	322	1	16	167	95	96	.	5.27777777778
63	9	Si4b4	B4b4	310	310	1	16	167	95	96	.	5.33333333333
64	9	Si4b4	B4b4	310	310	1	16	167	95	96	.	5.38888888889
65	9	La4	A4	305	305	1	16	167	95	96	.	5.44444444444
66	9	La4	A4	305	305	1	4	667	95	96	.	5.66666666667
67	9	La4	A4	305	305	1	8	333	95	96	.	5.77777777778
68	9	La4	A4	305	305	1	8	333	95	96	.	5.88888888889
69	9	La4	A4	305	305	1	8	333	95	96	.	6.0
70	9	La4	A4	305	305	1	4	667	95	96	.	6.22222222222
71	9	La4	A4	305	305	1	16	167	95	96	Yi	6.27777777778
72	9	La4	A4	305	305	1	8	333	95	96	ne 	6.38888888889
73	9	La4	A4	305	305	1	16	167	95	96	de 	6.44444444444
74	9	La5	A5	358	358	1	8	333	95	96	şah	6.55555555556
75	9	La5	A5	358	358	1	8	333	95	96	la	6.66666666667
76	9	Mi5	E5	336	336	1	16	167	99	96	nı	6.72222222222
77	9	Fa5#4	F5#4	344	344	1	16	167	95	96		6.77777777778
78	9	Sol5	G5	349	349	1	8	333	95	96	yor_	6.88888888889
79	9	Fa5#1	F5#1	341	341	1	16	167	99	96	a	6.94444444444
80	9	Mi5	E5	336	336	1	16	167	95	96		7.0
81	9	Mi5	E5	336	336	1	8	333	95	96	man  	7.11111111111
82	9	Es	Es	-1	-1	1	8	333	100	0		7.22222222222
83	9	La4	A4	305	305	1	8	333	99	96	Kol	7.33333333333
84	9	La4	A4	305	305	1	8	333	95	96	ba	7.44444444444
85	9	La5	A5	358	358	1	8	333	95	96	şı	7.55555555556
86	9	La5	A5	358	358	1	8	333	95	96	nın 	7.66666666667
87	9	Mi5	E5	336	336	1	8	333	95	96	yan	7.77777777778
88	9	Fa5#4	F5#4	344	344	1	8	333	95	96	dım 	7.88888888889
89	9	La5	A5	358	358	1	8	333	95	96	da 	8.0
90	9	Sol5	G5	349	349	1	16	167	99	96	kır 	8.05555555556
91	9	Fa5#4	F5#4	344	344	1	16	167	99	96		8.11111111111
92	9	Mi5	E5	336	336	1	16	167	99	96		8.16666666667
93	9	La5	A5	358	358	1	16	167	99	96		8.22222222222
94	9	Sol5	G5	349	349	1	16	167	99	96		8.27777777778
95	9	Fa5#1	F5#1	341	341	1	16	167	95	96		8.33333333333
96	9	Fa5#1	F5#1	341	341	1	16	167	99	96	a	8.38888888889
97	9	Mi5	E5	336	336	1	16	167	95	96		8.44444444444
98	9	Mi5	E5	336	336	3	16	500	95	96	tı  	8.61111111111
99	9	La5	A5	358	358	1	16	167	95	96	SAZ	8.66666666667
100	9	Sol5	G5	349	349	1	16	167	95	96	.	8.72222222222
101	9	Fa5	F5	340	340	1	16	167	95	96	.	8.77777777778
102	9	Mi5	E5	336	336	1	16	167	95	96	.	8.83333333333
103	9	Re5	D5	327	327	1	16	167	95	96	.	8.88888888889
104	9	Do5#4	C5#4	322	322	1	16	167	95	96	.	8.94444444444
105	9	Si4b4	B4b4	310	310	1	16	167	95	96	.	9.0
106	9	La4	A4	305	305	1	4	667	95	96	.	9.22222222222
107	9	La4	A4	305	305	1	16	167	95	96	Yi	9.27777777778
108	9	La4	A4	305	305	1	8	333	95	96	ne 	9.38888888889
109	9	La4	A4	305	305	1	16	167	95	96	de 	9.44444444444
110	9	La5	A5	358	358	1	8	333	95	96	şah	9.55555555556
111	9	La5	A5	358	358	1	8	333	95	96	la	9.66666666667
112	9	Mi5	E5	336	336	1	16	167	99	96	nı	9.72222222222
113	9	Fa5#4	F5#4	344	344	1	16	167	95	96		9.77777777778
114	9	Sol5	G5	349	349	1	8	333	95	96	yor_	9.88888888889
115	9	Fa5#1	F5#1	341	341	1	16	167	99	96	a	9.94444444444
116	9	Mi5	E5	336	336	1	16	167	95	96		10.0
117	9	Mi5	E5	336	336	1	8	333	95	96	man  	10.1111111111
118	9	Es	Es	-1	-1	1	8	333	100	0		10.2222222222
119	9	La4	A4	305	305	1	8	333	99	96	Kol	10.3333333333
120	9	La4	A4	305	305	1	8	333	95	96	ba	10.4444444444
121	9	La5	A5	358	358	1	8	333	95	96	şı	10.5555555556
122	9	La5	A5	358	358	1	8	333	95	96	nın 	10.6666666667
123	9	Mi5	E5	336	336	1	8	333	95	96	yan	10.7777777778
124	9	Fa5#4	F5#4	344	344	1	8	333	95	96	dım 	10.8888888889
125	9	La5	A5	358	358	1	8	333	95	96	da 	11.0
126	9	Sol5	G5	349	349	1	16	167	99	96	kır 	11.0555555556
127	9	Fa5#4	F5#4	344	344	1	16	167	99	96		11.1111111111
128	9	Mi5	E5	336	336	1	16	167	99	96		11.1666666667
129	9	La5	A5	358	358	1	16	167	99	96		11.2222222222
130	9	Sol5	G5	349	349	1	16	167	99	96		11.2777777778
131	9	Fa5#1	F5#1	341	341	1	16	167	95	96		11.3333333333
132	9	Fa5#1	F5#1	341	341	1	16	167	99	96	a	11.3888888889
133	9	Mi5	E5	336	336	1	16	167	95	96		11.4444444444
134	9	Mi5	E5	336	336	3	16	500	95	96	tı  	11.6111111111
135	9	La5	A5	358	358	1	16	167	95	96	SAZ	11.6666666667
136	9	La5	A5	358	358	1	16	167	95	96	.	11.7222222222
137	9	Sol5	G5	349	349	1	16	167	95	96	.	11.7777777778
138	9	Fa5#4	F5#4	344	344	1	16	167	95	96	.	11.8333333333
139	9	Mi5	E5	336	336	1	16	167	95	96	.	11.8888888889
140	9	Fa5#4	F5#4	344	344	1	16	167	95	96	.	11.9444444444
141	9	Sol5	G5	349	349	1	16	167	95	96	.	12.0
142	9	La5	A5	358	358	1	4	667	95	96	.	12.2222222222
143	9	Re5	D5	327	327	1	16	167	95	96	Gö	12.2777777778
144	9	Re5	D5	327	327	3	16	500	95	96	rü	12.4444444444
145	9	La5	A5	358	358	1	8	333	95	96	nü	12.5555555556
146	9	La5	A5	358	358	1	8	333	95	96	yor 	12.6666666667
147	9	Mi5	E5	336	336	1	16	167	99	96	yan	12.7222222222
148	9	Fa5#4	F5#4	344	344	1	16	167	95	96		12.7777777778
149	9	Sol5	G5	349	349	1	8	333	95	96	dım_	12.8888888889
150	9	Fa5#1	F5#1	341	341	1	16	167	99	96	a	12.9444444444
151	9	Mi5	E5	336	336	1	16	167	95	96		13.0
152	9	Re5	D5	327	327	1	8	333	95	96	man  	13.1111111111
153	9	Es	Es	-1	-1	1	8	333	100	0		13.2222222222
154	9	Mi5	E5	336	336	1	8	333	95	96	Bi	13.3333333333
155	9	Fa5	F5	340	340	1	8	333	95	96	ze 	13.4444444444
156	9	Mi5	E5	336	336	1	8	333	99	96	se	13.5555555556
157	9	Re5	D5	327	327	1	8	333	95	96		13.6666666667
158	9	Do5#4	C5#4	322	322	1	8	333	99	96	fer 	13.7777777778
159	9	Si4b4	B4b4	310	310	1	8	333	99	96		13.8888888889
160	9	La4	A4	305	305	1	8	333	95	96		14.0
161	9	Si4b4	B4b4	310	310	1	16	167	99	96	yol	14.0555555556
162	9	La4	A4	305	305	1	16	167	99	96		14.1111111111
163	9	Si4b4	B4b4	310	310	1	16	167	99	96		14.1666666667
164	9	Re5	D5	327	327	1	16	167	99	96		14.2222222222
165	9	Do5#4	C5#4	322	322	1	16	167	99	96		14.2777777778
166	9	Si4b4	B4b4	310	310	1	16	167	95	96		14.3333333333
167	9	Si4b4	B4b4	310	310	1	16	167	99	96	la	14.3888888889
168	9	La4	A4	305	305	1	16	167	95	96		14.4444444444
169	9	La4	A4	305	305	3	16	500	95	96	rı  	14.6111111111
170	9	La5	A5	358	358	1	16	167	95	96	SAZ	14.6666666667
171	9	La5	A5	358	358	1	16	167	95	96	.	14.7222222222
172	9	Sol5	G5	349	349	1	16	167	95	96	.	14.7777777778
173	9	Fa5#4	F5#4	344	344	1	16	167	95	96	.	14.8333333333
174	9	Mi5	E5	336	336	1	16	167	95	96	.	14.8888888889
175	9	Fa5#4	F5#4	344	344	1	16	167	95	96	.	14.9444444444
176	9	Sol5	G5	349	349	1	16	167	95	96	.	15.0
177	9	La5	A5	358	358	1	4	667	95	96	.	15.2222222222
178	9	Re5	D5	327	327	1	16	167	95	96	Gö	15.2777777778
179	9	Re5	D5	327	327	3	16	500	95	96	rü	15.4444444444
180	9	La5	A5	358	358	1	8	333	95	96	nü	15.5555555556
181	9	La5	A5	358	358	1	8	333	95	96	yor 	15.6666666667
182	9	Mi5	E5	336	336	1	16	167	99	96	yan	15.7222222222
183	9	Fa5#4	F5#4	344	344	1	16	167	95	96		15.7777777778
184	9	Sol5	G5	349	349	1	8	333	95	96	dım_	15.8888888889
185	9	Fa5#1	F5#1	341	341	1	16	167	99	96	a	15.9444444444
186	9	Mi5	E5	336	336	1	16	167	95	96		16.0
187	9	Re5	D5	327	327	1	8	333	95	96	man  	16.1111111111
188	9	Es	Es	-1	-1	1	8	333	100	0		16.2222222222
189	9	Mi5	E5	336	336	1	8	333	95	96	Bi	16.3333333333
190	9	Fa5	F5	340	340	1	8	333	95	96	ze 	16.4444444444
191	9	Mi5	E5	336	336	1	8	333	99	96	se	16.5555555556
192	9	Re5	D5	327	327	1	8	333	95	96		16.6666666667
193	9	Do5#4	C5#4	322	322	1	8	333	99	96	fer 	16.7777777778
194	9	Si4b4	B4b4	310	310	1	8	333	99	96		16.8888888889
195	9	La4	A4	305	305	1	8	333	95	96		17.0
196	9	Si4b4	B4b4	310	310	1	16	167	99	96	yol	17.0555555556
197	9	La4	A4	305	305	1	16	167	99	96		17.1111111111
198	9	Si4b4	B4b4	310	310	1	16	167	99	96		17.1666666667
199	9	Re5	D5	327	327	1	16	167	99	96		17.2222222222
200	9	Do5#4	C5#4	322	322	1	16	167	99	96		17.2777777778
201	9	Si4b4	B4b4	310	310	1	16	167	95	96		17.3333333333
202	9	Si4b4	B4b4	310	310	1	16	167	99	96	la	17.3888888889
203	9	La4	A4	305	305	1	16	167	95	96		17.4444444444
204	9	La4	A4	305	305	3	16	500	95	96	rı  	17.6111111111
205	9	La4	A4	305	305	1	16	167	95	96	SAZ	17.6666666667
206	9	La4	A4	305	305	1	16	167	95	96	.	17.7222222222
207	9	Sol4	G4	296	296	1	16	167	95	96	.	17.7777777778
208	9	Fa4#4	F4#4	291	291	1	16	167	95	96	.	17.8333333333
209	9	Mi4	E4	283	283	1	16	167	95	96	.	17.8888888889
210	9	Fa4#4	F4#4	291	291	1	16	167	95	96	.	17.9444444444
211	9	Sol4	G4	296	296	1	16	167	95	96	.	18.0
212	9	La4	A4	305	305	1	8	333	95	96	.	18.1111111111
213	9	Es	Es	-1	-1	1	8	333	100	0		18.2222222222
214	9	La4	A4	305	305	1	16	167	95	96	Da	18.2777777778
215	9	La4	A4	305	305	3	16	500	95	96	vul	18.4444444444
216	9	La5	A5	358	358	1	8	333	95	96	lar 	18.5555555556
217	9	La5	A5	358	358	1	16	167	99	96	çal	18.6111111111
218	9	Si5b1	B5b1	366	366	1	16	167	95	96		18.6666666667
219	9	Do6	C6	371	371	1	8	333	95	96	sın	18.7777777778
220	9	Do6	C6	371	371	1	16	167	99	96	lar_	18.8333333333
221	9	Si5b1	B5b1	366	366	1	16	167	95	96		18.8888888889
222	9	Si5b1	B5b1	366	366	1	16	167	99	96	a	18.9444444444
223	9	La5	A5	358	358	1	16	167	95	96		19.0
224	9	La5	A5	358	358	1	8	333	95	96	man  	19.1111111111
225	9	Es	Es	-1	-1	1	8	333	100	0		19.2222222222
226	9	La4	A4	305	305	1	16	167	95	96	A	19.2777777778
227	9	La4	A4	305	305	1	8	333	95	96	man 	19.3888888889
228	9	La4	A4	305	305	1	16	167	95	96	da 	19.4444444444
229	9	La5	A5	358	358	1	8	333	95	96	ceng_	19.5555555556
230	9	La5	A5	358	358	1	8	333	95	96	i 	19.6666666667
231	9	Mi5	E5	336	336	1	8	333	95	96	ceng_	19.7777777778
232	9	Fa5#4	F5#4	344	344	1	8	333	95	96	i 	19.8888888889
233	9	La5	A5	358	358	1	8	333	95	96	de 	20.0
234	9	Sol5	G5	349	349	1	16	167	99	96	har	20.0555555556
235	9	Fa5#4	F5#4	344	344	1	16	167	99	96		20.1111111111
236	9	Mi5	E5	336	336	1	16	167	99	96		20.1666666667
237	9	La5	A5	358	358	1	16	167	99	96		20.2222222222
238	9	Sol5	G5	349	349	1	16	167	99	96		20.2777777778
239	9	Fa5#1	F5#1	341	341	1	16	167	95	96		20.3333333333
240	9	Fa5#1	F5#1	341	341	1	16	167	99	96	bî	20.3888888889
241	9	Mi5	E5	336	336	1	16	167	95	96		20.4444444444
242	9	Mi5	E5	336	336	3	16	500	95	96	ye  	20.6111111111
243	9	La5	A5	358	358	1	16	167	95	96	SAZ	20.6666666667
244	9	Sol5	G5	349	349	1	16	167	95	96	.	20.7222222222
245	9	Fa5	F5	340	340	1	16	167	95	96	.	20.7777777778
246	9	Mi5	E5	336	336	1	16	167	95	96	.	20.8333333333
247	9	Re5	D5	327	327	1	16	167	95	96	.	20.8888888889
248	9	Do5#4	C5#4	322	322	1	16	167	95	96	.	20.9444444444
249	9	Si4b4	B4b4	310	310	1	16	167	95	96	.	21.0
250	9	La4	A4	305	305	1	8	333	95	96	.	21.1111111111
251	9	Es	Es	-1	-1	1	8	333	100	0		21.2222222222
252	9	La4	A4	305	305	1	16	167	95	96	Da	21.2777777778
253	9	La4	A4	305	305	3	16	500	95	96	vul	21.4444444444
254	9	La5	A5	358	358	1	8	333	95	96	lar 	21.5555555556
255	9	La5	A5	358	358	1	16	167	99	96	çal	21.6111111111
256	9	Si5b1	B5b1	366	366	1	16	167	95	96		21.6666666667
257	9	Do6	C6	371	371	1	8	333	95	96	sın	21.7777777778
258	9	Do6	C6	371	371	1	16	167	99	96	lar_	21.8333333333
259	9	Si5b1	B5b1	366	366	1	16	167	95	96		21.8888888889
260	9	Si5b1	B5b1	366	366	1	16	167	99	96	a	21.9444444444
261	9	La5	A5	358	358	1	16	167	95	96		22.0
262	9	La5	A5	358	358	1	8	333	95	96	man  	22.1111111111
263	9	Es	Es	-1	-1	1	8	333	100	0		22.2222222222
264	9	La4	A4	305	305	1	16	167	95	96	A	22.2777777778
265	9	La4	A4	305	305	1	8	333	95	96	man 	22.3888888889
266	9	La4	A4	305	305	1	16	167	95	96	da 	22.4444444444
267	9	La5	A5	358	358	1	8	333	95	96	ceng_	22.5555555556
268	9	La5	A5	358	358	1	8	333	95	96	i 	22.6666666667
269	9	Mi5	E5	336	336	1	8	333	95	96	ceng_	22.7777777778
270	9	Fa5#4	F5#4	344	344	1	8	333	95	96	i 	22.8888888889
271	9	La5	A5	358	358	1	8	333	95	96	de 	23.0
272	9	Sol5	G5	349	349	1	16	167	99	96	har	23.0555555556
273	9	Fa5#4	F5#4	344	344	1	16	167	99	96		23.1111111111
274	9	Mi5	E5	336	336	1	16	167	99	96		23.1666666667
275	9	La5	A5	358	358	1	16	167	99	96		23.2222222222
276	9	Sol5	G5	349	349	1	16	167	99	96		23.2777777778
277	9	Fa5#1	F5#1	341	341	1	16	167	95	96		23.3333333333
278	9	Fa5#1	F5#1	341	341	1	16	167	99	96	bî	23.3888888889
279	9	Mi5	E5	336	336	1	16	167	95	96		23.4444444444
280	9	Mi5	E5	336	336	3	16	500	95	96	ye  	23.6111111111
281	9	La5	A5	358	358	1	16	167	95	96	SAZ	23.6666666667
282	9	La5	A5	358	358	1	16	167	95	96	.	23.7222222222
283	9	Sol5	G5	349	349	1	16	167	95	96	.	23.7777777778
284	9	Fa5#4	F5#4	344	344	1	16	167	95	96	.	23.8333333333
285	9	Mi5	E5	336	336	1	16	167	95	96	.	23.8888888889
286	9	Fa5#4	F5#4	344	344	1	16	167	95	96	.	23.9444444444
287	9	Sol5	G5	349	349	1	16	167	95	96	.	24.0
288	9	La5	A5	358	358	1	4	667	95	96	.	24.2222222222
289	9	Re5	D5	327	327	1	16	167	95	96	Se	24.2777777778
290	9	Re5	D5	327	327	3	16	500	95	96	fer	24.4444444444
291	9	La5	A5	358	358	1	8	333	95	96	siz_	24.5555555556
292	9	La5	A5	358	358	1	8	333	95	96	o	24.6666666667
293	9	Mi5	E5	336	336	1	16	167	99	96	la	24.7222222222
294	9	Fa5#4	F5#4	344	344	1	16	167	95	96		24.7777777778
295	9	Sol5	G5	349	349	1	8	333	95	96	maz_	24.8888888889
296	9	Fa5#1	F5#1	341	341	1	16	167	99	96	a	24.9444444444
297	9	Mi5	E5	336	336	1	16	167	95	96		25.0
298	9	Re5	D5	327	327	1	8	333	95	96	man  	25.1111111111
299	9	Es	Es	-1	-1	1	8	333	100	0		25.2222222222
300	9	Mi5	E5	336	336	1	8	333	95	96	A	25.3333333333
301	9	Fa5	F5	340	340	1	8	333	95	96	man 	25.4444444444
302	9	Mi5	E5	336	336	1	8	333	99	96	er 	25.5555555556
303	9	Re5	D5	327	327	1	8	333	95	96		25.6666666667
304	9	Do5#4	C5#4	322	322	1	8	333	99	96	ev	25.7777777778
305	9	Si4b4	B4b4	310	310	1	8	333	99	96		25.8888888889
306	9	La4	A4	305	305	1	8	333	95	96		26.0
307	9	Si4b4	B4b4	310	310	1	16	167	99	96	lat	26.0555555556
308	9	La4	A4	305	305	1	16	167	99	96		26.1111111111
309	9	Si4b4	B4b4	310	310	1	16	167	99	96		26.1666666667
310	9	Re5	D5	327	327	1	16	167	99	96		26.2222222222
311	9	Do5#4	C5#4	322	322	1	16	167	99	96		26.2777777778
312	9	Si4b4	B4b4	310	310	1	16	167	95	96		26.3333333333
313	9	Si4b4	B4b4	310	310	1	16	167	99	96	la	26.3888888889
314	9	La4	A4	305	305	1	16	167	95	96		26.4444444444
315	9	La4	A4	305	305	3	16	500	95	96	rı  	26.6111111111
316	9	La5	A5	358	358	1	16	167	95	96	SAZ	26.6666666667
317	9	La5	A5	358	358	1	16	167	95	96	.	26.7222222222
318	9	Sol5	G5	349	349	1	16	167	95	96	.	26.7777777778
319	9	Fa5#4	F5#4	344	344	1	16	167	95	96	.	26.8333333333
320	9	Mi5	E5	336	336	1	16	167	95	96	.	26.8888888889
321	9	Fa5#4	F5#4	344	344	1	16	167	95	96	.	26.9444444444
322	9	Sol5	G5	349	349	1	16	167	95	96	.	27.0
323	9	La5	A5	358	358	1	4	667	95	96	.	27.2222222222
324	9	Re5	D5	327	327	1	16	167	95	96	Gö	27.2777777778
325	9	Re5	D5	327	327	3	16	500	95	96	rü	27.4444444444
326	9	La5	A5	358	358	1	8	333	95	96	nü	27.5555555556
327	9	La5	A5	358	358	1	8	333	95	96	yor 	27.6666666667
328	9	Mi5	E5	336	336	1	16	167	99	96	yan	27.7222222222
329	9	Fa5#4	F5#4	344	344	1	16	167	95	96		27.7777777778
330	9	Sol5	G5	349	349	1	8	333	95	96	dım_	27.8888888889
331	9	Fa5#1	F5#1	341	341	1	16	167	99	96	a	27.9444444444
332	9	Mi5	E5	336	336	1	16	167	95	96		28.0
333	9	Re5	D5	327	327	1	8	333	95	96	man  	28.1111111111
334	9	Es	Es	-1	-1	1	8	333	100	0		28.2222222222
335	9	Mi5	E5	336	336	1	8	333	95	96	Bi	28.3333333333
336	9	Fa5	F5	340	340	1	8	333	95	96	ze 	28.4444444444
337	9	Mi5	E5	336	336	1	8	333	99	96	se	28.5555555556
338	9	Re5	D5	327	327	1	8	333	95	96		28.6666666667
339	9	Do5#4	C5#4	322	322	1	8	333	99	96	fer 	28.7777777778
340	9	Si4b4	B4b4	310	310	1	8	333	99	96		28.8888888889
341	9	La4	A4	305	305	1	8	333	95	96		29.0
342	9	Si4b4	B4b4	310	310	1	16	167	99	96	yol	29.0555555556
343	9	La4	A4	305	305	1	16	167	99	96		29.1111111111
344	9	Si4b4	B4b4	310	310	1	16	167	99	96		29.1666666667
345	9	Re5	D5	327	327	1	16	167	99	96		29.2222222222
346	9	Do5#4	C5#4	322	322	1	16	167	99	96		29.2777777778
347	9	Si4b4	B4b4	310	310	1	16	167	95	96		29.3333333333
348	9	Si4b4	B4b4	310	310	1	16	167	99	96	la	29.3888888889
349	9	La4	A4	305	305	1	16	167	95	96		29.4444444444
350	9	La4	A4	305	305	3	16	500	95	96	rı  	29.6111111111
351	9	La5	A5	358	358	1	16	167	95	96	SAZ	29.6666666667
352	9	La5	A5	358	358	1	16	167	95	96	.	29.7222222222
353	9	Sol5	G5	349	349	1	16	167	95	96	.	29.7777777778
354	9	Fa5#4	F5#4	344	344	1	16	167	95	96	.	29.8333333333
355	9	Mi5	E5	336	336	1	16	167	95	96	.	29.8888888889
356	9	Fa5#4	F5#4	344	344	1	16	167	95	96	.	29.9444444444
357	9	Sol5	G5	349	349	1	16	167	95	96	.	30.0
358	9	La5	A5	358	358	1	4	667	95	96	.	30.2222222222
359	9	Re5	D5	327	327	1	16	167	95	96	Gö	30.2777777778
360	9	Re5	D5	327	327	3	16	500	95	96	rü	30.4444444444
361	9	La5	A5	358	358	1	8	333	95	96	nü	30.5555555556
362	9	La5	A5	358	358	1	8	333	95	96	yor 	30.6666666667
363	9	Mi5	E5	336	336	1	16	167	99	96	yan	30.7222222222
364	9	Fa5#4	F5#4	344	344	1	16	167	95	96		30.7777777778
365	9	Sol5	G5	349	349	1	8	333	95	96	dım_	30.8888888889
366	9	Fa5#1	F5#1	341	341	1	16	167	99	96	a	30.9444444444
367	9	Mi5	E5	336	336	1	16	167	95	96		31.0
368	9	Re5	D5	327	327	1	8	333	95	96	man  	31.1111111111
369	9	Es	Es	-1	-1	1	8	333	100	0		31.2222222222
370	9	Mi5	E5	336	336	1	8	333	95	96	Bi	31.3333333333
371	9	Fa5	F5	340	340	1	8	333	95	96	ze 	31.4444444444
372	9	Mi5	E5	336	336	1	8	333	99	96	se	31.5555555556
373	9	Re5	D5	327	327	1	8	333	95	96		31.6666666667
374	9	Do5#4	C5#4	322	322	1	8	333	99	96	fer 	31.7777777778
375	9	Si4b4	B4b4	310	310	1	8	333	99	96		31.8888888889
376	9	La4	A4	305	305	1	8	333	95	96		32.0
377	9	Si4b4	B4b4	310	310	1	16	167	99	96	yol	32.0555555556
378	9	La4	A4	305	305	1	16	167	99	96		32.1111111111
379	9	Si4b4	B4b4	310	310	1	16	167	99	96		32.1666666667
380	9	Re5	D5	327	327	1	16	167	99	96		32.2222222222
381	9	Do5#4	C5#4	322	322	1	16	167	99	96		32.2777777778
382	9	Si4b4	B4b4	310	310	1	16	167	95	96		32.3333333333
383	9	Si4b4	B4b4	310	310	1	16	167	99	96	la	32.3888888889
384	9	La4	A4	305	305	1	16	167	95	96		32.4444444444
385	9	La4	A4	305	305	3	16	500	95	96	rı  	32.6111111111
