Sira	Kod	Nota53	NotaAE	Koma53	KomaAE	Pay	Payda	Ms	LNS	Bas	Soz1	Offset
1	9	Re5	D5	327	327	1	2	1481	95	96		0.5
2	9	Do5#4	C5#4	322	322	1	4	741	95	96		0.75
3	9	Re5	D5	327	327	1	4	741	95	96		1.0
4	9	Do5#4	C5#4	322	322	1	4	741	95	96		1.25
5	9	Re5	D5	327	327	1	4	741	95	96		1.5
6	9	Re5	D5	327	327	1	4	741	95	96		1.75
7	9	Mi5	E5	336	336	1	4	741	95	96		2.0
8	9	Re5	D5	327	327	1	4	741	95	96		2.25
9	9	Do5#4	C5#4	322	322	1	4	741	95	96		2.5
10	9	Si4b4	B4b4	310	310	1	2	1481	95	96		3.0
11	9	La4	A4	305	305	1	8	370	95	96		3.125
12	9	Si4b4	B4b4	310	310	1	8	370	95	96		3.25
13	9	Do5#4	C5#4	322	322	1	8	370	95	96		3.375
14	9	Re5	D5	327	327	1	8	370	95	96		3.5
15	9	Do5#4	C5#4	322	322	1	4	741	95	96		3.75
16	9	Re5	D5	327	327	1	4	741	95	96		4.0
17	9	Do5#4	C5#4	322	322	1	4	741	95	96		4.25
18	9	Si4b4	B4b4	310	310	1	4	741	95	96		4.5
19	9	La4	A4	305	305	1	2	1481	95	96		5.0
20	9	Si4b4	B4b4	310	310	1	2	1481	95	96		5.5
21	9	Do5#4	C5#4	322	322	1	4	741	95	96		5.75
22	9	Re5	D5	327	327	1	4	741	95	96		6.0
23	9	Do5#4	C5#4	322	322	1	8	370	95	96		6.125
24	9	Si4b4	B4b4	310	310	1	8	370	95	96		6.25
25	9	La4	A4	305	305	1	4	741	95	96		6.5
26	9	La4	A4	305	305	3	8	1111	95	96		6.875
27	9	Es	Es	-1	-1	1	8	370	100	0		7.0
28	9	Do5#4	C5#4	322	322	1	4	741	95	96		7.25
29	9	Si4b4	B4b4	310	310	1	8	370	95	96		7.375
30	9	Do5#4	C5#4	322	322	1	8	370	95	96		7.5
31	9	Si4b4	B4b4	310	310	1	4	741	95	96		7.75
32	9	La4	A4	305	305	1	4	741	95	96		8.0
33	9	Si4b4	B4b4	310	310	1	2	1481	95	96		8.5
34	9	Si4b4	B4b4	310	310	1	4	741	95	96		8.75
35	9	Es	Es	-1	-1	1	4	741	100	0		9.0
36	9	Do5#4	C5#4	322	322	1	4	741	95	96		9.25
37	9	Re5	D5	327	327	1	4	741	95	96		9.5
38	9	Re5	D5	327	327	3	8	1111	95	96		9.875
39	9	Es	Es	-1	-1	1	8	370	100	0		10.0
40	9	Si4	B4	314	314	1	8	370	95	96		10.125
41	9	Do5#4	C5#4	322	322	1	8	370	95	96		10.25
42	9	Si4	B4	314	314	1	8	370	95	96		10.375
43	9	Do5#4	C5#4	322	322	1	8	370	95	96		10.5
44	9	Re5	D5	327	327	1	4	741	95	96		10.75
45	9	Mi5	E5	336	336	1	4	741	95	96		11.0
46	9	Re5	D5	327	327	3	8	1111	95	96		11.375
47	9	Fa5	F5	340	340	1	8	370	95	96		11.5
48	9	Mi5	E5	336	336	1	4	741	95	96		11.75
49	9	Re5	D5	327	327	1	4	741	95	96		12.0
50	9	Do5#4	C5#4	322	322	1	4	741	95	96		12.25
51	9	Si4b4	B4b4	310	310	1	4	741	95	96		12.5
52	9	La4	A4	305	305	1	4	741	95	96		12.75
53	9	Sol4	G4	296	296	1	4	741	95	96		13.0
54	9	Re5	D5	327	327	1	2	1481	95	96		13.5
55	9	Do5#4	C5#4	322	322	1	4	741	95	96		13.75
56	9	Re5	D5	327	327	1	4	741	95	96		14.0
57	9	Do5#4	C5#4	322	322	1	4	741	95	96		14.25
58	9	Re5	D5	327	327	1	4	741	95	96		14.5
59	9	Re5	D5	327	327	1	4	741	95	96		14.75
60	9	Mi5	E5	336	336	1	4	741	95	96		15.0
61	9	Re5	D5	327	327	1	4	741	95	96		15.25
62	9	Do5#4	C5#4	322	322	1	4	741	95	96		15.5
63	9	Si4b4	B4b4	310	310	1	2	1481	95	96		16.0
64	9	La4	A4	305	305	1	8	370	95	96		16.125
65	9	Si4b4	B4b4	310	310	1	8	370	95	96		16.25
66	9	Do5#4	C5#4	322	322	1	8	370	95	96		16.375
67	9	Re5	D5	327	327	1	8	370	95	96		16.5
68	9	Do5#4	C5#4	322	322	1	4	741	95	96		16.75
69	9	Re5	D5	327	327	1	4	741	95	96		17.0
70	9	Do5#4	C5#4	322	322	1	4	741	95	96		17.25
71	9	Si4b4	B4b4	310	310	1	4	741	95	96		17.5
72	9	La4	A4	305	305	1	2	1481	95	96		18.0
73	9	Si4b4	B4b4	310	310	1	2	1481	95	96		18.5
74	9	Do5#4	C5#4	322	322	1	4	741	95	96		18.75
75	9	Re5	D5	327	327	1	4	741	95	96		19.0
76	9	Do5#4	C5#4	322	322	1	8	370	95	96		19.125
77	9	Si4b4	B4b4	310	310	1	8	370	95	96		19.25
78	9	La4	A4	305	305	1	4	741	95	96		19.5
79	9	La4	A4	305	305	1	4	741	95	96		19.75
80	9	Es	Es	-1	-1	1	4	741	100	0		20.0
81	9	Do5#4	C5#4	322	322	1	4	741	95	96		20.25
82	9	Si4b4	B4b4	310	310	1	8	370	95	96		20.375
83	9	Do5#4	C5#4	322	322	1	8	370	95	96		20.5
84	9	Si4b4	B4b4	310	310	1	4	741	95	96		20.75
85	9	La4	A4	305	305	1	4	741	95	96		21.0
86	9	Si4b4	B4b4	310	310	1	2	1481	95	96		21.5
87	9	Si4b4	B4b4	310	310	1	4	741	95	96		21.75
88	9	Mi5	E5	336	336	1	4	741	95	96		22.0
89	9	Re5	D5	327	327	1	4	741	95	96		22.25
90	9	Do5#4	C5#4	322	322	1	8	370	95	96		22.375
91	9	Re5	D5	327	327	1	8	370	95	96		22.5
92	9	Do5#4	C5#4	322	322	1	4	741	95	96		22.75
93	9	Si4b4	B4b4	310	310	1	8	370	95	96		22.875
94	9	Do5#4	C5#4	322	322	1	8	370	95	96		23.0
95	9	Si4b4	B4b4	310	310	1	4	741	95	96		23.25
96	9	La4	A4	305	305	1	4	741	95	96		23.5
97	9	La4	A4	305	305	3	8	1111	95	96		23.875
98	9	Es	Es	-1	-1	1	8	370	100	0		24.0
99	9	La4	A4	305	305	1	2	1481	95	96		24.5
100	9	La4	A4	305	305	1	4	741	95	96		24.75
101	9	Si4	B4	314	314	1	4	741	95	96		25.0
102	9	Do5	C5	318	318	1	2	1481	95	96		25.5
103	9	Si4	B4	314	314	1	4	741	95	96		25.75
104	9	La4	A4	305	305	1	4	741	95	96		26.0
105	9	Sol4	G4	296	296	1	4	741	95	96		26.25
106	8	La4	A4	305	305	0	0	0	95	96		26.25
107	9	Sol4	G4	296	296	1	8	370	95	96		26.375
108	9	Fa4#4	F4#4	291	291	1	8	370	95	96		26.5
109	9	Mi4	E4	283	283	1	4	741	95	96		26.75
110	9	Re4	D4	274	274	1	4	741	95	96		27.0
111	9	Fa4#4	F4#4	291	291	1	2	1481	95	96		27.5
112	9	Sol4	G4	296	296	1	2	1481	95	96		28.0
113	9	La4	A4	305	305	1	4	741	95	96		28.25
114	9	Si4b4	B4b4	310	310	1	8	370	95	96		28.375
115	9	Do5#4	C5#4	322	322	1	8	370	95	96		28.5
116	9	Si4b4	B4b4	310	310	1	4	741	95	96		28.75
117	9	La4	A4	305	305	1	4	741	95	96		29.0
118	9	Sol4	G4	296	296	1	4	741	95	96		29.25
119	9	Fa4#4	F4#4	291	291	1	4	741	95	96		29.5
120	9	Sol4	G4	296	296	3	8	1111	95	96		29.875
121	9	Es	Es	-1	-1	1	8	370	100	0		30.0
122	9	La4	A4	305	305	1	4	741	95	96		30.25
123	9	Si4b4	B4b4	310	310	1	8	370	95	96		30.375
124	9	Do5#4	C5#4	322	322	1	8	370	95	96		30.5
125	9	Si4b4	B4b4	310	310	1	4	741	95	96		30.75
126	9	Do5#4	C5#4	322	322	1	4	741	95	96		31.0
127	9	Si4b4	B4b4	310	310	1	4	741	95	96		31.25
128	9	La4	A4	305	305	1	4	741	95	96		31.5
129	9	Sol4	G4	296	296	1	2	1481	95	96		32.0
130	9	Do5#4	C5#4	322	322	1	4	741	95	96		32.25
131	9	Re5	D5	327	327	1	4	741	95	96		32.5
132	9	Re5	D5	327	327	1	4	741	95	96		32.75
133	9	Do5#4	C5#4	322	322	1	4	741	95	96		33.0
134	9	Si4b4	B4b4	310	310	1	4	741	95	96		33.25
135	9	La4	A4	305	305	1	4	741	95	96		33.5
136	9	Sol4	G4	296	296	1	4	741	95	96		33.75
137	9	Fa4#4	F4#4	291	291	1	4	741	95	96		34.0
138	9	Sol4	G4	296	296	1	2	1481	95	96		34.5
139	9	Mi5	E5	336	336	1	4	741	95	96		34.75
140	9	Re5	D5	327	327	1	4	741	95	96		35.0
141	9	Do5#4	C5#4	322	322	1	2	1481	95	96		35.5
142	9	Do5#4	C5#4	322	322	1	4	741	95	96		35.75
143	9	Si4b4	B4b4	310	310	1	4	741	95	96		36.0
144	9	Mi5	E5	336	336	1	8	370	95	96		36.125
145	9	Re5	D5	327	327	1	8	370	95	96		36.25
146	9	Do5#4	C5#4	322	322	1	4	741	95	96		36.5
147	9	Si4b4	B4b4	310	310	3	16	556	95	96		36.6875
148	9	La4	A4	305	305	1	16	185	95	96		36.75
149	9	Sol4	G4	296	296	1	8	370	95	96		36.875
150	9	La4	A4	305	305	1	8	370	95	96		37.0
151	9	Sol4	G4	296	296	1	4	741	95	96		37.25
152	9	La4	A4	305	305	1	4	741	95	96		37.5
153	9	La4	A4	305	305	3	8	1111	95	96		37.875
154	9	Es	Es	-1	-1	1	8	370	100	0		38.0
155	9	La4	A4	305	305	1	2	1481	95	96		38.5
156	9	La4	A4	305	305	1	4	741	95	96		38.75
157	9	Si4	B4	314	314	1	4	741	95	96		39.0
158	9	Do5	C5	318	318	1	2	1481	95	96		39.5
159	9	Si4	B4	314	314	1	4	741	95	96		39.75
160	9	La4	A4	305	305	1	4	741	95	96		40.0
161	9	Sol4	G4	296	296	1	4	741	95	96		40.25
162	8	La4	A4	305	305	0	0	0	95	96		40.25
163	9	Sol4	G4	296	296	1	8	370	95	96		40.375
164	9	Fa4#4	F4#4	291	291	1	8	370	95	96		40.5
165	9	Mi4	E4	283	283	1	4	741	95	96		40.75
166	9	Re4	D4	274	274	1	4	741	95	96		41.0
167	9	Fa4#4	F4#4	291	291	1	2	1481	95	96		41.5
168	9	Sol4	G4	296	296	1	2	1481	95	96		42.0
169	9	La4	A4	305	305	1	4	741	95	96		42.25
170	9	Si4b4	B4b4	310	310	1	8	370	95	96		42.375
171	9	Do5#4	C5#4	322	322	1	8	370	95	96		42.5
172	9	Si4b4	B4b4	310	310	1	4	741	95	96		42.75
173	9	La4	A4	305	305	1	4	741	95	96		43.0
174	9	Sol4	G4	296	296	1	4	741	95	96		43.25
175	9	Fa4#4	F4#4	291	291	1	4	741	95	96		43.5
176	9	Sol4	G4	296	296	3	8	1111	95	96		43.875
177	9	Es	Es	-1	-1	1	8	370	100	0		44.0
178	9	La4	A4	305	305	1	4	741	95	96		44.25
179	9	Si4b4	B4b4	310	310	1	8	370	95	96		44.375
180	9	Do5#4	C5#4	322	322	1	8	370	95	96		44.5
181	9	Si4b4	B4b4	310	310	1	4	741	95	96		44.75
182	9	Do5#4	C5#4	322	322	1	4	741	95	96		45.0
183	9	Si4b4	B4b4	310	310	1	4	741	95	96		45.25
184	9	La4	A4	305	305	1	4	741	95	96		45.5
185	9	Sol4	G4	296	296	1	2	1481	95	96		46.0
186	9	Do5#4	C5#4	322	322	1	4	741	95	96		46.25
187	9	Re5	D5	327	327	1	4	741	95	96		46.5
188	9	Re5	D5	327	327	1	4	741	95	96		46.75
189	9	Do5#4	C5#4	322	322	1	4	741	95	96		47.0
190	9	Si4b4	B4b4	310	310	1	4	741	95	96		47.25
191	9	La4	A4	305	305	1	4	741	95	96		47.5
192	9	Sol4	G4	296	296	1	4	741	95	96		47.75
193	9	Fa4#4	F4#4	291	291	1	4	741	95	96		48.0
194	9	Sol4	G4	296	296	1	2	1481	95	96		48.5
195	9	Mi5	E5	336	336	1	4	741	95	96		48.75
196	9	Re5	D5	327	327	1	4	741	95	96		49.0
197	9	Do5#4	C5#4	322	322	1	2	1481	95	96		49.5
198	9	Do5#4	C5#4	322	322	1	4	741	95	96		49.75
199	9	Si4b4	B4b4	310	310	1	4	741	95	96		50.0
200	9	Mi5	E5	336	336	1	8	370	95	96		50.125
201	9	Re5	D5	327	327	1	8	370	95	96		50.25
202	9	Do5#4	C5#4	322	322	1	4	741	95	96		50.5
203	9	Si4b4	B4b4	310	310	3	16	556	95	96		50.6875
204	9	La4	A4	305	305	1	16	185	95	96		50.75
205	9	Sol4	G4	296	296	1	8	370	95	96		50.875
206	9	La4	A4	305	305	1	8	370	95	96		51.0
207	9	Sol4	G4	296	296	1	4	741	95	96		51.25
208	9	La4	A4	305	305	1	4	741	95	96		51.5
209	9	La4	A4	305	305	3	8	1111	95	96		51.875
210	9	Es	Es	-1	-1	1	8	370	100	0		52.0
211	9	La4	A4	305	305	1	2	1481	95	96		52.5
212	9	La4	A4	305	305	1	4	741	95	96		52.75
213	9	Si4b4	B4b4	310	310	1	4	741	95	96		53.0
214	9	La4	A4	305	305	3	8	1111	95	96		53.375
215	9	Si4b4	B4b4	310	310	1	8	370	95	96		53.5
216	9	Do5#4	C5#4	322	322	1	4	741	95	96		53.75
217	9	Re5	D5	327	327	1	4	741	95	96		54.0
218	9	Si4b4	B4b4	310	310	1	4	741	95	96		54.25
219	9	Do5#4	C5#4	322	322	1	4	741	95	96		54.5
220	9	Re5	D5	327	327	1	2	1481	95	96		55.0
221	9	Sol4	G4	296	296	1	2	1481	95	96		55.5
222	9	La4	A4	305	305	1	4	741	95	96		55.75
223	9	Si4b4	B4b4	310	310	1	4	741	95	96		56.0
224	9	Sol4	G4	296	296	3	4	2222	95	96		56.75
225	9	Es	Es	-1	-1	1	4	741	100	0		57.0
226	9	Sol4	G4	296	296	1	4	741	95	96		57.25
227	9	La4	A4	305	305	1	4	741	95	96		57.5
228	9	La4	A4	305	305	1	4	741	95	96		57.75
229	9	Sol4	G4	296	296	1	8	370	95	96		57.875
230	9	La4	A4	305	305	1	8	370	95	96		58.0
231	9	Si4b4	B4b4	310	310	1	2	1481	95	96		58.5
232	9	Si4b4	B4b4	310	310	1	4	741	95	96		58.75
233	9	La4	A4	305	305	1	4	741	95	96		59.0
234	9	Sol4	G4	296	296	3	8	1111	95	96		59.375
235	9	La4	A4	305	305	1	8	370	95	96		59.5
236	9	Si4b4	B4b4	310	310	1	4	741	95	96		59.75
237	9	Do5#4	C5#4	322	322	1	8	370	95	96		59.875
238	9	Re5	D5	327	327	1	8	370	95	96		60.0
239	9	Do5#4	C5#4	322	322	1	4	741	95	96		60.25
240	9	Re5	D5	327	327	1	4	741	95	96		60.5
241	9	Re5	D5	327	327	1	4	741	95	96		60.75
242	9	Do5#4	C5#4	322	322	1	4	741	95	96		61.0
243	9	Si4b4	B4b4	310	310	1	4	741	95	96		61.25
244	9	La4	A4	305	305	1	4	741	95	96		61.5
245	9	Sol4	G4	296	296	1	4	741	95	96		61.75
246	9	Fa4#4	F4#4	291	291	1	4	741	95	96		62.0
247	9	Sol4	G4	296	296	3	8	1111	95	96		62.375
248	9	Es	Es	-1	-1	1	8	370	100	0		62.5
249	9	Mi5	E5	336	336	1	4	741	95	96		62.75
250	9	Re5	D5	327	327	1	4	741	95	96		63.0
251	9	Do5#4	C5#4	322	322	1	2	1481	95	96		63.5
252	9	Do5#4	C5#4	322	322	1	4	741	95	96		63.75
253	9	Si4b4	B4b4	310	310	1	4	741	95	96		64.0
254	9	Re5	D5	327	327	3	8	1111	95	96		64.375
255	9	Do5#4	C5#4	322	322	1	8	370	95	96		64.5
256	9	Si4b4	B4b4	310	310	3	16	556	95	96		64.6875
257	9	La4	A4	305	305	1	16	185	95	96		64.75
258	9	Sol4	G4	296	296	1	8	370	95	96		64.875
259	9	La4	A4	305	305	1	8	370	95	96		65.0
260	9	Sol4	G4	296	296	1	4	741	95	96		65.25
261	9	La4	A4	305	305	1	4	741	95	96		65.5
262	9	La4	A4	305	305	3	8	1111	95	96		65.875
263	9	Es	Es	-1	-1	1	8	370	100	0		66.0
264	9	La4	A4	305	305	1	2	1481	95	96		66.5
265	9	La4	A4	305	305	1	4	741	95	96		66.75
266	9	Si4b4	B4b4	310	310	1	4	741	95	96		67.0
267	9	La4	A4	305	305	3	8	1111	95	96		67.375
268	9	Si4b4	B4b4	310	310	1	8	370	95	96		67.5
269	9	Do5#4	C5#4	322	322	1	4	741	95	96		67.75
270	9	Re5	D5	327	327	1	4	741	95	96		68.0
271	9	Si4b4	B4b4	310	310	1	4	741	95	96		68.25
272	9	Do5#4	C5#4	322	322	1	4	741	95	96		68.5
273	9	Re5	D5	327	327	3	8	1111	95	96		68.875
274	9	Es	Es	-1	-1	1	8	370	100	0		69.0
275	9	La4	A4	305	305	1	2	1481	95	96		69.5
276	9	Si4b4	B4b4	310	310	1	2	1481	95	96		70.0
277	9	Do5#4	C5#4	322	322	1	2	1481	95	96		70.5
278	9	Do5#4	C5#4	322	322	1	4	741	95	96		70.75
279	9	Re5	D5	327	327	1	4	741	95	96		71.0
280	9	Do5#4	C5#4	322	322	1	4	741	95	96		71.25
281	9	Si4b4	B4b4	310	310	1	4	741	95	96		71.5
282	9	La4	A4	305	305	1	2	1481	95	96		72.0
283	9	Re5	D5	327	327	1	8	370	95	96		72.125
284	9	Mi5	E5	336	336	1	8	370	95	96		72.25
285	9	Re5	D5	327	327	1	8	370	95	96		72.375
286	9	Do5#4	C5#4	322	322	1	8	370	95	96		72.5
287	9	Re5	D5	327	327	1	4	741	95	96		72.75
288	9	Mi5	E5	336	336	1	4	741	95	96		73.0
289	9	Re5	D5	327	327	1	4	741	95	96		73.25
290	9	Do5#4	C5#4	322	322	1	4	741	95	96		73.5
291	9	Si4b4	B4b4	310	310	3	8	1111	95	96		73.875
292	9	Es	Es	-1	-1	1	8	370	100	0		74.0
293	9	Do5#4	C5#4	322	322	1	8	370	95	96		74.125
294	9	Re5	D5	327	327	1	8	370	95	96		74.25
295	9	Do5#4	C5#4	322	322	1	8	370	95	96		74.375
296	9	Si4b4	B4b4	310	310	1	8	370	95	96		74.5
297	9	Do5#4	C5#4	322	322	1	4	741	95	96		74.75
298	9	Re5	D5	327	327	1	4	741	95	96		75.0
299	9	Do5#4	C5#4	322	322	1	4	741	95	96		75.25
300	9	Si4b4	B4b4	310	310	1	4	741	95	96		75.5
301	9	La4	A4	305	305	1	4	741	95	96		75.75
302	9	Si4b4	B4b4	310	310	1	4	741	95	96		76.0
303	9	Sol4	G4	296	296	1	2	1481	95	96		76.5
304	9	Mi5	E5	336	336	1	2	1481	95	96		77.0
305	9	Do5#4	C5#4	322	322	1	4	741	95	96		77.25
306	9	Re5	D5	327	327	1	4	741	95	96		77.5
307	9	Re5	D5	327	327	1	4	741	95	96		77.75
308	9	Do5#4	C5#4	322	322	1	4	741	95	96		78.0
309	9	Si4	B4	314	314	3	8	1111	95	96		78.375
310	9	Do5#4	C5#4	322	322	1	8	370	95	96		78.5
311	9	Re5	D5	327	327	1	4	741	95	96		78.75
312	9	Mi5	E5	336	336	1	8	370	95	96		78.875
313	9	Fa5	F5	340	340	1	8	370	95	96		79.0
314	9	Mi5	E5	336	336	1	8	370	95	96		79.125
315	9	Re5	D5	327	327	1	8	370	95	96		79.25
316	9	Do5#4	C5#4	322	322	1	4	741	95	96		79.5
317	9	Do5#4	C5#4	322	322	1	4	741	95	96		79.75
318	9	Re5	D5	327	327	1	4	741	95	96		80.0
319	9	Do5#4	C5#4	322	322	3	8	1111	95	96		80.375
320	9	Es	Es	-1	-1	1	8	370	100	0		80.5
321	9	Mi5	E5	336	336	1	8	370	95	96		80.625
322	9	Re5	D5	327	327	1	8	370	95	96		80.75
323	9	Mi5	E5	336	336	1	4	741	95	96		81.0
324	9	Re5	D5	327	327	3	8	1111	95	96		81.375
325	9	Es	Es	-1	-1	1	8	370	100	0		81.5
326	9	Sol5	G5	349	349	1	4	741	95	96		81.75
327	9	Fa5#4	F5#4	344	344	1	8	370	95	96		81.875
328	9	La5	A5	358	358	1	8	370	95	96		82.0
329	9	Sol5	G5	349	349	3	16	556	95	96		82.1875
330	9	Fa5#4	F5#4	344	344	1	16	185	95	96		82.25
331	9	Mi5	E5	336	336	1	4	741	95	96		82.5
332	9	Mi5	E5	336	336	1	4	741	95	96		82.75
333	9	Es	Es	-1	-1	1	4	741	100	0		83.0
334	9	Do5#4	C5#4	322	322	1	8	370	95	96		83.125
335	9	Re5	D5	327	327	1	8	370	95	96		83.25
336	9	Do5#4	C5#4	322	322	1	4	741	95	96		83.5
337	9	Re5	D5	327	327	1	2	1481	95	96		84.0
338	9	Mi5	E5	336	336	3	8	1111	95	96		84.375
339	9	Sol5	G5	349	349	1	8	370	95	96		84.5
340	9	Fa5#4	F5#4	344	344	1	4	741	95	96		84.75
341	9	Mi5	E5	336	336	1	4	741	95	96		85.0
342	9	Re5	D5	327	327	1	4	741	95	96		85.25
343	9	Do5#4	C5#4	322	322	1	4	741	95	96		85.5
344	9	Re5	D5	327	327	3	8	1111	95	96		85.875
345	9	Es	Es	-1	-1	1	8	370	100	0		86.0
346	9	Do5#4	C5#4	322	322	1	4	741	95	96		86.25
347	9	Re5	D5	327	327	1	4	741	95	96		86.5
348	9	Re5	D5	327	327	1	4	741	95	96		86.75
349	9	Do5#4	C5#4	322	322	1	4	741	95	96		87.0
350	9	Do5#4	C5#4	322	322	1	8	370	95	96		87.125
351	9	Si4b4	B4b4	310	310	1	8	370	95	96		87.25
352	9	La4	A4	305	305	1	4	741	95	96		87.5
353	9	Si4b4	B4b4	310	310	1	4	741	95	96		87.75
354	9	Do5#4	C5#4	322	322	1	8	370	95	96		87.875
355	9	Re5	D5	327	327	1	8	370	95	96		88.0
356	9	Do5#4	C5#4	322	322	1	4	741	95	96		88.25
357	9	Re5	D5	327	327	1	4	741	95	96		88.5
358	9	Re5	D5	327	327	1	4	741	95	96		88.75
359	9	Do5#4	C5#4	322	322	1	4	741	95	96		89.0
360	9	Si4b4	B4b4	310	310	1	4	741	95	96		89.25
361	9	La4	A4	305	305	1	4	741	95	96		89.5
362	9	Sol4	G4	296	296	1	4	741	95	96		89.75
363	9	Fa4#4	F4#4	291	291	1	4	741	95	96		90.0
364	9	Sol4	G4	296	296	3	8	1111	95	96		90.375
365	9	Es	Es	-1	-1	1	8	370	100	0		90.5
366	9	Mi5	E5	336	336	1	2	1481	95	96		91.0
367	9	Do5#4	C5#4	322	322	1	4	741	95	96		91.25
368	9	Re5	D5	327	327	1	4	741	95	96		91.5
369	9	Re5	D5	327	327	1	4	741	95	96		91.75
370	9	Do5#4	C5#4	322	322	1	4	741	95	96		92.0
371	9	Si4	B4	314	314	1	8	370	95	96		92.125
372	9	Do5#4	C5#4	322	322	1	8	370	95	96		92.25
373	9	Si4	B4	314	314	1	8	370	95	96		92.375
374	9	Do5#4	C5#4	322	322	1	8	370	95	96		92.5
375	9	Re5	D5	327	327	1	4	741	95	96		92.75
376	9	Mi5	E5	336	336	1	8	370	95	96		92.875
377	9	Fa5	F5	340	340	1	8	370	95	96		93.0
378	9	Mi5	E5	336	336	1	8	370	95	96		93.125
379	9	Re5	D5	327	327	1	8	370	95	96		93.25
380	9	Do5#4	C5#4	322	322	1	4	741	95	96		93.5
381	9	Do5#4	C5#4	322	322	1	4	741	95	96		93.75
382	9	Re5	D5	327	327	1	4	741	95	96		94.0
383	9	Do5#4	C5#4	322	322	3	8	1111	95	96		94.375
384	9	Es	Es	-1	-1	1	8	370	100	0		94.5
385	9	Mi5	E5	336	336	1	8	370	95	96		94.625
386	9	Re5	D5	327	327	1	8	370	95	96		94.75
387	9	Mi5	E5	336	336	1	4	741	95	96		95.0
388	9	Re5	D5	327	327	3	8	1111	95	96		95.375
389	9	Mi5	E5	336	336	1	8	370	95	96		95.5
390	9	Fa5#4	F5#4	344	344	1	4	741	95	96		95.75
391	9	Sol5	G5	349	349	1	4	741	95	96		96.0
392	9	Fa5#4	F5#4	344	344	1	4	741	95	96		96.25
393	9	Sol5	G5	349	349	1	4	741	95	96		96.5
394	9	La5	A5	358	358	1	2	1481	95	96		97.0
395	9	Fa5#4	F5#4	344	344	1	2	1481	95	96		97.5
396	9	Sol5	G5	349	349	1	2	1481	95	96		98.0
397	9	La5	A5	358	358	1	2	1481	95	96		98.5
398	9	Si5b1	B5b1	366	366	1	4	741	95	96		98.75
399	9	La5	A5	358	358	1	4	741	95	96		99.0
400	9	Sol5	G5	349	349	1	4	741	95	96		99.25
401	9	Fa5#4	F5#4	344	344	1	4	741	95	96		99.5
402	9	Sol5	G5	349	349	1	2	1481	95	96		100.0
403	9	Fa5#4	F5#4	344	344	1	4	741	95	96		100.25
404	9	Sol5	G5	349	349	1	8	370	95	96		100.375
405	9	La5	A5	358	358	1	8	370	95	96		100.5
406	9	Sol5	G5	349	349	1	4	741	95	96		100.75
407	9	La5	A5	358	358	1	4	741	95	96		101.0
408	9	Fa5#4	F5#4	344	344	1	4	741	95	96		101.25
409	9	Mi5	E5	336	336	1	4	741	95	96		101.5
410	9	Re5	D5	327	327	1	8	370	95	96		101.625
411	9	Mi5	E5	336	336	1	8	370	95	96		101.75
412	9	Fa5#4	F5#4	344	344	1	4	741	95	96		102.0
413	9	Fa5#4	F5#4	344	344	1	2	1481	95	96		102.5
414	9	Fa5#4	F5#4	344	344	1	4	741	95	96		102.75
415	9	Mi5	E5	336	336	1	4	741	95	96		103.0
416	9	Re5	D5	327	327	1	4	741	95	96		103.25
417	9	Do5#4	C5#4	322	322	1	4	741	95	96		103.5
418	9	Si4b4	B4b4	310	310	1	4	741	95	96		103.75
419	9	Do5#4	C5#4	322	322	1	4	741	95	96		104.0
420	9	La4	A4	305	305	3	8	1111	95	96		104.375
421	9	Es	Es	-1	-1	1	8	370	100	0		104.5
422	9	Mi5	E5	336	336	1	4	741	95	96		104.75
423	9	Re5	D5	327	327	1	4	741	95	96		105.0
424	9	Mi5	E5	336	336	1	8	370	95	96		105.125
425	9	Re5	D5	327	327	1	8	370	95	96		105.25
426	9	Do5#4	C5#4	322	322	1	4	741	95	96		105.5
427	9	Do5#4	C5#4	322	322	1	4	741	95	96		105.75
428	9	Si4b4	B4b4	310	310	1	4	741	95	96		106.0
429	9	Re5	D5	327	327	3	8	1111	95	96		106.375
430	9	Do5#4	C5#4	322	322	1	8	370	95	96		106.5
431	9	Si4b4	B4b4	310	310	3	16	556	95	96		106.6875
432	9	La4	A4	305	305	1	16	185	95	96		106.75
433	9	Sol4	G4	296	296	1	8	370	95	96		106.875
434	9	La4	A4	305	305	1	8	370	95	96		107.0
435	9	Sol4	G4	296	296	1	4	741	95	96		107.25
436	9	La4	A4	305	305	1	4	741	95	96		107.5
437	9	La4	A4	305	305	3	8	1111	95	96		107.875
438	9	Es	Es	-1	-1	1	8	370	100	0		108.0
439	9	La4	A4	305	305	1	2	1481	95	96		108.5
440	9	La4	A4	305	305	1	4	741	95	96		108.75
441	9	Si4b1	B4b1	313	313	1	4	741	95	96		109.0
442	9	Do5	C5	318	318	1	2	1481	95	96		109.5
443	9	Si4b1	B4b1	313	313	1	4	741	95	96		109.75
444	9	La4	A4	305	305	1	4	741	95	96		110.0
445	9	Sol4	G4	296	296	1	4	741	95	96		110.25
446	8	La4	A4	305	305	0	0	0	95	96		110.25
447	9	Sol4	G4	296	296	1	8	370	95	96		110.375
448	9	Fa4#4	F4#4	291	291	1	8	370	95	96		110.5
449	9	Mi4	E4	283	283	1	4	741	95	96		110.75
450	9	Re4	D4	274	274	1	4	741	95	96		111.0
451	9	Fa4#4	F4#4	291	291	1	2	1481	95	96		111.5
452	9	Sol4	G4	296	296	1	2	1481	95	96		112.0
453	9	La4	A4	305	305	1	4	741	95	96		112.25
454	9	Si4b4	B4b4	310	310	1	8	370	95	96		112.375
455	9	Do5#4	C5#4	322	322	1	8	370	95	96		112.5
456	9	Si4b4	B4b4	310	310	1	4	741	95	96		112.75
457	9	La4	A4	305	305	1	4	741	95	96		113.0
458	9	Sol4	G4	296	296	1	4	741	95	96		113.25
459	9	Fa4#4	F4#4	291	291	1	4	741	95	96		113.5
460	9	Sol4	G4	296	296	3	8	1111	95	96		113.875
461	9	Es	Es	-1	-1	1	8	370	100	0		114.0
462	9	La4	A4	305	305	1	4	741	95	96		114.25
463	9	Si4b4	B4b4	310	310	1	8	370	95	96		114.375
464	9	Do5#4	C5#4	322	322	1	8	370	95	96		114.5
465	9	Si4b4	B4b4	310	310	1	4	741	95	96		114.75
466	9	Do5#4	C5#4	322	322	1	4	741	95	96		115.0
467	9	Si4b4	B4b4	310	310	1	4	741	95	96		115.25
468	9	La4	A4	305	305	1	4	741	95	96		115.5
469	9	Sol4	G4	296	296	1	2	1481	95	96		116.0
470	9	Do5#4	C5#4	322	322	1	4	741	95	96		116.25
471	9	Re5	D5	327	327	1	4	741	95	96		116.5
472	9	Re5	D5	327	327	1	4	741	95	96		116.75
473	9	Do5#4	C5#4	322	322	1	4	741	95	96		117.0
474	9	Si4b4	B4b4	310	310	1	4	741	95	96		117.25
475	9	La4	A4	305	305	1	4	741	95	96		117.5
476	9	Sol4	G4	296	296	1	4	741	95	96		117.75
477	9	Fa4#4	F4#4	291	291	1	4	741	95	96		118.0
478	9	Sol4	G4	296	296	1	2	1481	95	96		118.5
479	9	Mi5	E5	336	336	1	4	741	95	96		118.75
480	9	Re5	D5	327	327	1	4	741	95	96		119.0
481	9	Do5#4	C5#4	322	322	1	2	1481	95	96		119.5
482	9	Do5#4	C5#4	322	322	1	4	741	95	96		119.75
483	9	Si4b4	B4b4	310	310	1	4	741	95	96		120.0
484	9	Mi5	E5	336	336	1	8	370	95	96		120.125
485	9	Re5	D5	327	327	1	8	370	95	96		120.25
486	9	Do5#4	C5#4	322	322	1	4	741	95	96		120.5
487	9	Si4b4	B4b4	310	310	3	16	556	95	96		120.6875
488	9	La4	A4	305	305	1	16	185	95	96		120.75
489	9	Sol4	G4	296	296	1	8	370	95	96		120.875
490	9	La4	A4	305	305	1	8	370	95	96		121.0
491	9	Sol4	G4	296	296	1	4	741	95	96		121.25
492	9	La4	A4	305	305	1	4	741	95	96		121.5
493	9	La4	A4	305	305	3	8	1111	95	96		121.875
494	9	Es	Es	-1	-1	1	8	370	100	0		122.0
495	9	La4	A4	305	305	1	2	1481	95	96		122.5
496	9	La4	A4	305	305	1	4	741	95	96		122.75
497	9	Si4	B4	314	314	1	4	741	95	96		123.0
498	9	Do5	C5	318	318	1	2	1481	95	96		123.5
499	9	Si4	B4	314	314	1	4	741	95	96		123.75
500	9	La4	A4	305	305	1	4	741	95	96		124.0
501	9	Sol4	G4	296	296	1	4	741	95	96		124.25
502	8	La4	A4	305	305	0	0	0	95	96		124.25
503	9	Sol4	G4	296	296	1	8	370	95	96		124.375
504	9	Fa4#4	F4#4	291	291	1	8	370	95	96		124.5
505	9	Mi4	E4	283	283	1	4	741	95	96		124.75
506	9	Re4	D4	274	274	1	4	741	95	96		125.0
507	9	Fa4#4	F4#4	291	291	1	2	1481	95	96		125.5
508	9	Sol4	G4	296	296	1	2	1481	95	96		126.0
509	9	La4	A4	305	305	1	4	741	95	96		126.25
510	9	Si4b4	B4b4	310	310	1	8	370	95	96		126.375
511	9	Do5#4	C5#4	322	322	1	8	370	95	96		126.5
512	9	Si4b4	B4b4	310	310	1	4	741	95	96		126.75
513	9	La4	A4	305	305	1	4	741	95	96		127.0
514	9	Sol4	G4	296	296	1	4	741	95	96		127.25
515	9	Fa4#4	F4#4	291	291	1	4	741	95	96		127.5
516	9	Sol4	G4	296	296	3	8	1111	95	96		127.875
517	9	Es	Es	-1	-1	1	8	370	100	0		128.0
518	9	La4	A4	305	305	1	4	741	95	96		128.25
519	9	Si4b4	B4b4	310	310	1	8	370	95	96		128.375
520	9	Do5#4	C5#4	322	322	1	8	370	95	96		128.5
521	9	Si4b4	B4b4	310	310	1	4	741	95	96		128.75
522	9	Do5#4	C5#4	322	322	1	4	741	95	96		129.0
523	9	Si4b4	B4b4	310	310	1	4	741	95	96		129.25
524	9	La4	A4	305	305	1	4	741	95	96		129.5
525	9	Sol4	G4	296	296	1	2	1481	95	96		130.0
526	9	Do5#4	C5#4	322	322	1	4	741	95	96		130.25
527	9	Re5	D5	327	327	1	4	741	95	96		130.5
528	9	Re5	D5	327	327	1	4	741	95	96		130.75
529	9	Do5#4	C5#4	322	322	1	4	741	95	96		131.0
530	9	Si4b4	B4b4	310	310	1	4	741	95	96		131.25
531	9	La4	A4	305	305	1	4	741	95	96		131.5
532	9	Sol4	G4	296	296	1	4	741	95	96		131.75
533	9	Fa4#4	F4#4	291	291	1	4	741	95	96		132.0
534	9	Sol4	G4	296	296	1	2	1481	95	96		132.5
535	9	Mi5	E5	336	336	1	4	741	95	96		132.75
536	9	Re5	D5	327	327	1	4	741	95	96		133.0
537	9	Do5#4	C5#4	322	322	1	2	1481	95	96		133.5
538	9	Do5#4	C5#4	322	322	1	4	741	95	96		133.75
539	9	Si4b4	B4b4	310	310	1	4	741	95	96		134.0
540	9	Mi5	E5	336	336	1	8	370	95	96		134.125
541	9	Re5	D5	327	327	1	8	370	95	96		134.25
542	9	Do5#4	C5#4	322	322	1	4	741	95	96		134.5
543	9	Si4b4	B4b4	310	310	3	16	556	95	96		134.6875
544	9	La4	A4	305	305	1	16	185	95	96		134.75
545	9	Sol4	G4	296	296	1	8	370	95	96		134.875
546	9	La4	A4	305	305	1	8	370	95	96		135.0
547	9	Sol4	G4	296	296	1	4	741	95	96		135.25
548	9	La4	A4	305	305	1	4	741	95	96		135.5
549	9	La4	A4	305	305	3	8	1111	95	96		135.875
550	9	Es	Es	-1	-1	1	8	370	100	0		136.0
551	9	La4	A4	305	305	1	2	1481	95	96		136.5
552	9	La4	A4	305	305	1	4	741	95	96		136.75
553	9	Si4b4	B4b4	310	310	1	4	741	95	96		137.0
554	9	La4	A4	305	305	3	8	1111	95	96		137.375
555	9	Si4b4	B4b4	310	310	1	8	370	95	96		137.5
556	9	Do5#4	C5#4	322	322	1	4	741	95	96		137.75
557	9	Re5	D5	327	327	1	4	741	95	96		138.0
558	9	Si4b4	B4b4	310	310	1	4	741	95	96		138.25
559	9	Do5#4	C5#4	322	322	1	4	741	95	96		138.5
560	9	Re5	D5	327	327	1	2	1481	95	96		139.0
561	9	Sol4	G4	296	296	1	2	1481	95	96		139.5
562	9	La4	A4	305	305	1	4	741	95	96		139.75
563	9	Si4b4	B4b4	310	310	1	4	741	95	96		140.0
564	9	Sol4	G4	296	296	3	4	2222	95	96		140.75
565	9	Es	Es	-1	-1	1	4	741	100	0		141.0
566	9	Sol4	G4	296	296	1	4	741	95	96		141.25
567	9	La4	A4	305	305	1	4	741	95	96		141.5
568	9	La4	A4	305	305	1	4	741	95	96		141.75
569	9	Sol4	G4	296	296	1	8	370	95	96		141.875
570	9	La4	A4	305	305	1	8	370	95	96		142.0
571	9	Si4b4	B4b4	310	310	1	2	1481	95	96		142.5
572	9	Si4b4	B4b4	310	310	1	4	741	95	96		142.75
573	9	La4	A4	305	305	1	4	741	95	96		143.0
574	9	Sol4	G4	296	296	3	8	1111	95	96		143.375
575	9	La4	A4	305	305	1	8	370	95	96		143.5
576	9	Si4b4	B4b4	310	310	1	4	741	95	96		143.75
577	9	Do5#4	C5#4	322	322	1	8	370	95	96		143.875
578	9	Re5	D5	327	327	1	8	370	95	96		144.0
579	9	Do5#4	C5#4	322	322	1	4	741	95	96		144.25
580	9	Re5	D5	327	327	1	4	741	95	96		144.5
581	9	Re5	D5	327	327	1	4	741	95	96		144.75
582	9	Do5#4	C5#4	322	322	1	4	741	95	96		145.0
583	9	Si4b4	B4b4	310	310	1	4	741	95	96		145.25
584	9	La4	A4	305	305	1	4	741	95	96		145.5
585	9	Sol4	G4	296	296	1	4	741	95	96		145.75
586	9	Fa4#4	F4#4	291	291	1	4	741	95	96		146.0
587	9	Sol4	G4	296	296	3	8	1111	95	96		146.375
588	9	Es	Es	-1	-1	1	8	370	100	0		146.5
589	9	Mi5	E5	336	336	1	4	741	95	96		146.75
590	9	Re5	D5	327	327	1	4	741	95	96		147.0
591	9	Do5#4	C5#4	322	322	1	2	1481	95	96		147.5
592	9	Do5#4	C5#4	322	322	1	4	741	95	96		147.75
593	9	Si4b4	B4b4	310	310	1	4	741	95	96		148.0
594	9	Re5	D5	327	327	3	8	1111	95	96		148.375
595	9	Do5#4	C5#4	322	322	1	8	370	95	96		148.5
596	9	Si4b4	B4b4	310	310	3	16	556	95	96		148.6875
597	9	La4	A4	305	305	1	16	185	95	96		148.75
598	9	Sol4	G4	296	296	1	8	370	95	96		148.875
599	9	La4	A4	305	305	1	8	370	95	96		149.0
600	9	Sol4	G4	296	296	1	4	741	95	96		149.25
601	9	La4	A4	305	305	1	4	741	95	96		149.5
602	9	La4	A4	305	305	3	8	1111	95	96		149.875
603	9	Es	Es	-1	-1	1	8	370	100	0		150.0
604	9	La4	A4	305	305	1	2	1481	95	96		150.5
605	9	La4	A4	305	305	1	4	741	95	96		150.75
606	9	Si4b4	B4b4	310	310	1	4	741	95	96		151.0
607	9	La4	A4	305	305	3	8	1111	95	96		151.375
608	9	Si4b4	B4b4	310	310	1	8	370	95	96		151.5
609	9	Do5#4	C5#4	322	322	1	4	741	95	96		151.75
610	9	Re5	D5	327	327	1	4	741	95	96		152.0
611	9	Si4b4	B4b4	310	310	1	4	741	95	96		152.25
612	9	Do5#4	C5#4	322	322	1	4	741	95	96		152.5
613	9	Re5	D5	327	327	3	8	1111	95	96		152.875
614	9	Es	Es	-1	-1	1	8	370	100	0		153.0
615	9	La4	A4	305	305	1	2	1481	95	96		153.5
616	9	Si4b4	B4b4	310	310	1	2	1481	95	96		154.0
617	9	Do5#4	C5#4	322	322	1	2	1481	95	96		154.5
618	9	Do5#4	C5#4	322	322	1	4	741	95	96		154.75
619	9	Re5	D5	327	327	1	4	741	95	96		155.0
620	9	Do5#4	C5#4	322	322	1	4	741	95	96		155.25
621	9	Si4b4	B4b4	310	310	1	4	741	95	96		155.5
622	9	La4	A4	305	305	1	2	1481	95	96		156.0
623	9	Re5	D5	327	327	1	8	370	95	96		156.125
624	9	Mi5	E5	336	336	1	8	370	95	96		156.25
625	9	Re5	D5	327	327	1	8	370	95	96		156.375
626	9	Do5#4	C5#4	322	322	1	8	370	95	96		156.5
627	9	Re5	D5	327	327	1	4	741	95	96		156.75
628	9	Mi5	E5	336	336	1	4	741	95	96		157.0
629	9	Re5	D5	327	327	1	4	741	95	96		157.25
630	9	Do5#4	C5#4	322	322	1	4	741	95	96		157.5
631	9	Si4b4	B4b4	310	310	3	8	1111	95	96		157.875
632	9	Es	Es	-1	-1	1	8	370	100	0		158.0
633	9	Do5#4	C5#4	322	322	1	8	370	95	96		158.125
634	9	Re5	D5	327	327	1	8	370	95	96		158.25
635	9	Do5#4	C5#4	322	322	1	8	370	95	96		158.375
636	9	Si4b4	B4b4	310	310	1	8	370	95	96		158.5
637	9	Do5#4	C5#4	322	322	1	4	741	95	96		158.75
638	9	Re5	D5	327	327	1	4	741	95	96		159.0
639	9	Do5#4	C5#4	322	322	1	4	741	95	96		159.25
640	9	Si4b4	B4b4	310	310	1	4	741	95	96		159.5
641	9	La4	A4	305	305	1	4	741	95	96		159.75
642	9	Si4b4	B4b4	310	310	1	4	741	95	96		160.0
643	9	Sol4	G4	296	296	1	2	1481	95	96		160.5
644	9	Mi5	E5	336	336	1	2	1481	95	96		161.0
645	9	Do5#4	C5#4	322	322	1	4	741	95	96		161.25
646	9	Re5	D5	327	327	1	4	741	95	96		161.5
647	9	Re5	D5	327	327	1	4	741	95	96		161.75
648	9	Do5#4	C5#4	322	322	1	4	741	95	96		162.0
649	9	Si4	B4	314	314	3	8	1111	95	96		162.375
650	9	Do5#4	C5#4	322	322	1	8	370	95	96		162.5
651	9	Re5	D5	327	327	1	4	741	95	96		162.75
652	9	Mi5	E5	336	336	1	8	370	95	96		162.875
653	9	Fa5	F5	340	340	1	8	370	95	96		163.0
654	9	Mi5	E5	336	336	1	8	370	95	96		163.125
655	9	Re5	D5	327	327	1	8	370	95	96		163.25
656	9	Do5#4	C5#4	322	322	1	4	741	95	96		163.5
657	9	Do5#4	C5#4	322	322	1	4	741	95	96		163.75
658	9	Re5	D5	327	327	1	4	741	95	96		164.0
659	9	Do5#4	C5#4	322	322	3	8	1111	95	96		164.375
660	9	Es	Es	-1	-1	1	8	370	100	0		164.5
661	9	Mi5	E5	336	336	1	8	370	95	96		164.625
662	9	Re5	D5	327	327	1	8	370	95	96		164.75
663	9	Mi5	E5	336	336	1	4	741	95	96		165.0
664	9	Re5	D5	327	327	3	8	1111	95	96		165.375
665	9	Es	Es	-1	-1	1	8	370	100	0		165.5
666	9	Sol5	G5	349	349	1	4	741	95	96		165.75
667	9	Fa5#4	F5#4	344	344	1	8	370	95	96		165.875
668	9	La5	A5	358	358	1	8	370	95	96		166.0
669	9	Sol5	G5	349	349	3	16	556	95	96		166.1875
670	9	Fa5#4	F5#4	344	344	1	16	185	95	96		166.25
671	9	Mi5	E5	336	336	1	4	741	95	96		166.5
672	9	Mi5	E5	336	336	1	4	741	95	96		166.75
673	9	Es	Es	-1	-1	1	4	741	100	0		167.0
674	9	Do5#4	C5#4	322	322	1	8	370	95	96		167.125
675	9	Re5	D5	327	327	1	8	370	95	96		167.25
676	9	Do5#4	C5#4	322	322	1	4	741	95	96		167.5
677	9	Re5	D5	327	327	1	2	1481	95	96		168.0
678	9	Mi5	E5	336	336	3	8	1111	95	96		168.375
679	9	Sol5	G5	349	349	1	8	370	95	96		168.5
680	9	Fa5#4	F5#4	344	344	1	4	741	95	96		168.75
681	9	Mi5	E5	336	336	1	4	741	95	96		169.0
682	9	Re5	D5	327	327	1	4	741	95	96		169.25
683	9	Do5#4	C5#4	322	322	1	4	741	95	96		169.5
684	9	Re5	D5	327	327	3	8	1111	95	96		169.875
685	9	Es	Es	-1	-1	1	8	370	100	0		170.0
686	9	Do5#4	C5#4	322	322	1	4	741	95	96		170.25
687	9	Re5	D5	327	327	1	4	741	95	96		170.5
688	9	Re5	D5	327	327	1	4	741	95	96		170.75
689	9	Do5#4	C5#4	322	322	1	4	741	95	96		171.0
690	9	Do5#4	C5#4	322	322	1	8	370	95	96		171.125
691	9	Si4b4	B4b4	310	310	1	8	370	95	96		171.25
692	9	La4	A4	305	305	1	4	741	95	96		171.5
693	9	Si4b4	B4b4	310	310	1	4	741	95	96		171.75
694	9	Do5#4	C5#4	322	322	1	8	370	95	96		171.875
695	9	Re5	D5	327	327	1	8	370	95	96		172.0
696	9	Do5#4	C5#4	322	322	1	4	741	95	96		172.25
697	9	Re5	D5	327	327	1	4	741	95	96		172.5
698	9	Re5	D5	327	327	1	4	741	95	96		172.75
699	9	Do5#4	C5#4	322	322	1	4	741	95	96		173.0
700	9	Si4b4	B4b4	310	310	1	4	741	95	96		173.25
701	9	La4	A4	305	305	1	4	741	95	96		173.5
702	9	Sol4	G4	296	296	1	4	741	95	96		173.75
703	9	Fa4#4	F4#4	291	291	1	4	741	95	96		174.0
704	9	Sol4	G4	296	296	3	8	1111	95	96		174.375
705	9	Es	Es	-1	-1	1	8	370	100	0		174.5
706	9	Mi5	E5	336	336	1	2	1481	95	96		175.0
707	9	Do5#4	C5#4	322	322	1	4	741	95	96		175.25
708	9	Re5	D5	327	327	1	4	741	95	96		175.5
709	9	Re5	D5	327	327	1	4	741	95	96		175.75
710	9	Do5#4	C5#4	322	322	1	4	741	95	96		176.0
711	9	Si4	B4	314	314	1	8	370	95	96		176.125
712	9	Do5#4	C5#4	322	322	1	8	370	95	96		176.25
713	9	Si4	B4	314	314	1	8	370	95	96		176.375
714	9	Do5#4	C5#4	322	322	1	8	370	95	96		176.5
715	9	Re5	D5	327	327	1	4	741	95	96		176.75
716	9	Mi5	E5	336	336	1	8	370	95	96		176.875
717	9	Fa5	F5	340	340	1	8	370	95	96		177.0
718	9	Mi5	E5	336	336	1	8	370	95	96		177.125
719	9	Re5	D5	327	327	1	8	370	95	96		177.25
720	9	Do5#4	C5#4	322	322	1	4	741	95	96		177.5
721	9	Do5#4	C5#4	322	322	1	4	741	95	96		177.75
722	9	Re5	D5	327	327	1	4	741	95	96		178.0
723	9	Do5#4	C5#4	322	322	3	8	1111	95	96		178.375
724	9	Es	Es	-1	-1	1	8	370	100	0		178.5
725	9	Mi5	E5	336	336	1	8	370	95	96		178.625
726	9	Re5	D5	327	327	1	8	370	95	96		178.75
727	9	Mi5	E5	336	336	1	4	741	95	96		179.0
728	9	Re5	D5	327	327	3	8	1111	95	96		179.375
729	9	Mi5	E5	336	336	1	8	370	95	96		179.5
730	9	Fa5#4	F5#4	344	344	1	4	741	95	96		179.75
731	9	Sol5	G5	349	349	1	4	741	95	96		180.0
732	9	Fa5#4	F5#4	344	344	1	4	741	95	96		180.25
733	9	Sol5	G5	349	349	1	4	741	95	96		180.5
734	9	La5	A5	358	358	1	2	1481	95	96		181.0
735	9	Fa5#4	F5#4	344	344	1	2	1481	95	96		181.5
736	9	Sol5	G5	349	349	1	2	1481	95	96		182.0
737	9	La5	A5	358	358	1	2	1481	95	96		182.5
738	9	Si5b1	B5b1	366	366	1	4	741	95	96		182.75
739	9	La5	A5	358	358	1	4	741	95	96		183.0
740	9	Sol5	G5	349	349	1	4	741	95	96		183.25
741	9	Fa5#4	F5#4	344	344	1	4	741	95	96		183.5
742	9	Sol5	G5	349	349	1	2	1481	95	96		184.0
743	9	Fa5#4	F5#4	344	344	1	4	741	95	96		184.25
744	9	Sol5	G5	349	349	1	8	370	95	96		184.375
745	9	La5	A5	358	358	1	8	370	95	96		184.5
746	9	Sol5	G5	349	349	1	4	741	95	96		184.75
747	9	La5	A5	358	358	1	4	741	95	96		185.0
748	9	Fa5#4	F5#4	344	344	1	4	741	95	96		185.25
749	9	Mi5	E5	336	336	1	4	741	95	96		185.5
750	9	Re5	D5	327	327	1	8	370	95	96		185.625
751	9	Mi5	E5	336	336	1	8	370	95	96		185.75
752	9	Fa5#4	F5#4	344	344	1	4	741	95	96		186.0
753	9	Fa5#4	F5#4	344	344	1	2	1481	95	96		186.5
754	9	Fa5#4	F5#4	344	344	1	4	741	95	96		186.75
755	9	Mi5	E5	336	336	1	4	741	95	96		187.0
756	9	Re5	D5	327	327	1	4	741	95	96		187.25
757	9	Do5#4	C5#4	322	322	1	4	741	95	96		187.5
758	9	Si4b4	B4b4	310	310	1	4	741	95	96		187.75
759	9	Do5#4	C5#4	322	322	1	4	741	95	96		188.0
760	9	La4	A4	305	305	3	8	1111	95	96		188.375
761	9	Es	Es	-1	-1	1	8	370	100	0		188.5
762	9	Mi5	E5	336	336	1	4	741	95	96		188.75
763	9	Re5	D5	327	327	1	4	741	95	96		189.0
764	9	Mi5	E5	336	336	1	8	370	95	96		189.125
765	9	Re5	D5	327	327	1	8	370	95	96		189.25
766	9	Do5#4	C5#4	322	322	1	4	741	95	96		189.5
767	9	Do5#4	C5#4	322	322	1	4	741	95	96		189.75
768	9	Si4b4	B4b4	310	310	1	4	741	95	96		190.0
769	9	Re5	D5	327	327	3	8	1111	95	96		190.375
770	9	Do5#4	C5#4	322	322	1	8	370	95	96		190.5
771	9	Si4b4	B4b4	310	310	3	16	556	95	96		190.6875
772	9	La4	A4	305	305	1	16	185	95	96		190.75
773	9	Sol4	G4	296	296	1	8	370	95	96		190.875
774	9	La4	A4	305	305	1	8	370	95	96		191.0
775	9	Sol4	G4	296	296	1	4	741	95	96		191.25
776	9	La4	A4	305	305	1	4	741	95	96		191.5
777	9	La4	A4	305	305	3	8	1111	95	96		191.875
778	9	Es	Es	-1	-1	1	8	370	100	0		192.0
779	9	La4	A4	305	305	1	2	1481	95	96		192.5
780	9	La4	A4	305	305	1	4	741	95	96		192.75
781	9	Si4b1	B4b1	313	313	1	4	741	95	96		193.0
782	9	Do5	C5	318	318	1	2	1481	95	96		193.5
783	9	Si4b1	B4b1	313	313	1	4	741	95	96		193.75
784	9	La4	A4	305	305	1	4	741	95	96		194.0
785	9	Sol4	G4	296	296	1	4	741	95	96		194.25
786	8	La4	A4	305	305	0	0	0	95	96		194.25
787	9	Sol4	G4	296	296	1	8	370	95	96		194.375
788	9	Fa4#4	F4#4	291	291	1	8	370	95	96		194.5
789	9	Mi4	E4	283	283	1	4	741	95	96		194.75
790	9	Re4	D4	274	274	1	4	741	95	96		195.0
791	9	Fa4#4	F4#4	291	291	1	2	1481	95	96		195.5
792	9	La4	A4	305	305	1	4	741	95	96		195.75
793	9	Sol4#4	G4#4	300	300	1	4	741	95	96		196.0
794	9	Fa4#4	F4#4	291	291	1	4	741	95	96		196.25
795	9	Mi4#4	E4#4	287	287	1	4	741	95	96		196.5
796	9	Fa4#4	F4#4	291	291	1	2	1481	95	96		197.0
797	9	Sol4#4	G4#4	300	300	1	4	741	95	96		197.25
798	9	La4	A4	305	305	1	4	741	95	96		197.5
799	9	La4	A4	305	305	1	4	741	95	96		197.75
800	9	Sol4#4	G4#4	300	300	1	8	370	95	96		197.875
801	9	Es	Es	-1	-1	1	8	370	100	0		198.0
802	9	Fa4#4	F4#4	291	291	1	2	1481	95	96		198.5
803	9	Fa4#4	F4#4	291	291	1	4	741	95	96		198.75
804	9	Mi4#4	E4#4	287	287	1	4	741	95	96		199.0
805	9	Fa4#4	F4#4	291	291	1	4	741	95	96		199.25
806	9	Mi4#4	E4#4	287	287	1	4	741	95	96		199.5
807	9	Fa4#4	F4#4	291	291	1	4	741	95	96		199.75
808	9	Sol4#4	G4#4	300	300	1	4	741	95	96		200.0
809	9	La4	A4	305	305	1	2	1481	95	96		200.5
810	9	La4	A4	305	305	1	4	741	95	96		200.75
811	9	Si4b4	B4b4	310	310	1	4	741	95	96		201.0
812	9	La4	A4	305	305	1	2	1481	95	96		201.5
813	9	Sol4#4	G4#4	300	300	1	2	1481	95	96		202.0
814	9	La4	A4	305	305	1	2	1481	95	96		202.5
815	9	Si4b4	B4b4	310	310	1	2	1481	95	96		203.0
816	9	Do5#4	C5#4	322	322	1	4	741	95	96		203.25
817	9	Re5	D5	327	327	1	4	741	95	96		203.5
818	9	Do5#4	C5#4	322	322	1	4	741	95	96		203.75
819	9	Re5	D5	327	327	1	8	370	95	96		203.875
820	9	Mi5	E5	336	336	1	8	370	95	96		204.0
821	9	Re5	D5	327	327	1	8	370	95	96		204.125
822	9	Do5#4	C5#4	322	322	1	8	370	95	96		204.25
823	9	Si4	B4	314	314	1	4	741	95	96		204.5
824	9	Si4	B4	314	314	1	2	1481	95	96		205.0
825	9	Do5#4	C5#4	322	322	1	4	741	95	96		205.25
826	9	Re5	D5	327	327	1	4	741	95	96		205.5
827	9	Do5#4	C5#4	322	322	1	2	1481	95	96		206.0
828	9	Re5	D5	327	327	1	4	741	95	96		206.25
829	9	Mi5	E5	336	336	1	4	741	95	96		206.5
830	9	Re5	D5	327	327	1	2	1481	95	96		207.0
831	9	Mi5	E5	336	336	1	1	2963	95	96		208.0
832	9	Re5	D5	327	327	3	8	1111	95	96		208.375
833	9	Do5#4	C5#4	322	322	1	8	370	95	96		208.5
834	9	Si4b4	B4b4	310	310	1	4	741	95	96		208.75
835	9	La4	A4	305	305	1	4	741	95	96		209.0
836	9	Do5#4	C5#4	322	322	1	8	370	95	96		209.125
837	9	Re5	D5	327	327	1	8	370	95	96		209.25
838	9	Do5#4	C5#4	322	322	1	4	741	95	96		209.5
839	9	Re5	D5	327	327	1	8	370	95	96		209.625
840	9	Mi5	E5	336	336	1	8	370	95	96		209.75
841	9	Re5	D5	327	327	1	4	741	95	96		210.0
842	9	Mi5	E5	336	336	3	8	1111	95	96		210.375
843	9	Sol5	G5	349	349	1	8	370	95	96		210.5
844	9	Fa5#4	F5#4	344	344	1	4	741	95	96		210.75
845	9	Mi5	E5	336	336	1	4	741	95	96		211.0
846	9	Re5	D5	327	327	1	4	741	95	96		211.25
847	9	Do5#4	C5#4	322	322	1	4	741	95	96		211.5
848	9	Re5	D5	327	327	3	8	1111	95	96		211.875
849	9	Es	Es	-1	-1	1	8	370	100	0		212.0
850	9	Mi5#4	E5#4	340	340	1	4	741	95	96		212.25
851	9	Fa5#4	F5#4	344	344	1	4	741	95	96		212.5
852	9	Fa5#4	F5#4	344	344	1	4	741	95	96		212.75
853	9	Mi5#4	E5#4	340	340	1	4	741	95	96		213.0
854	9	Fa5#4	F5#4	344	344	1	4	741	95	96		213.25
855	9	Mi5#4	E5#4	340	340	1	4	741	95	96		213.5
856	9	Fa5#4	F5#4	344	344	1	4	741	95	96		213.75
857	9	Sol5#4	G5#4	353	353	1	8	370	95	96		213.875
858	9	La5	A5	358	358	1	8	370	95	96		214.0
859	9	Sol5#4	G5#4	353	353	1	4	741	95	96		214.25
860	9	La5	A5	358	358	1	4	741	95	96		214.5
861	9	La5	A5	358	358	1	4	741	95	96		214.75
862	9	Sol5#4	G5#4	353	353	1	4	741	95	96		215.0
863	9	Fa5#1	F5#1	341	341	1	4	741	95	96		215.25
864	9	Mi5	E5	336	336	1	4	741	95	96		215.5
865	9	Re5	D5	327	327	1	4	741	95	96		215.75
866	9	Do5#4	C5#4	322	322	1	4	741	95	96		216.0
867	9	Re5	D5	327	327	3	8	1111	95	96		216.375
868	9	Es	Es	-1	-1	1	8	370	100	0		216.5
869	9	Si5	B5	367	367	1	2	1481	95	96		217.0
870	9	Sol5#4	G5#4	353	353	1	4	741	95	96		217.25
871	9	La5	A5	358	358	1	4	741	95	96		217.5
872	9	La5	A5	358	358	1	4	741	95	96		217.75
873	9	Sol5#4	G5#4	353	353	1	4	741	95	96		218.0
874	9	Fa5#5	F5#5	345	345	1	8	370	95	96		218.125
875	9	Sol5#5	G5#5	354	354	1	8	370	95	96		218.25
876	9	Fa5#5	F5#5	345	345	1	8	370	95	96		218.375
877	9	Sol5#5	G5#5	354	354	1	8	370	95	96		218.5
878	9	La5	A5	358	358	1	4	741	95	96		218.75
879	9	Si5	B5	367	367	1	8	370	95	96		218.875
880	9	Do6	C6	371	371	1	8	370	95	96		219.0
881	9	Si5	B5	367	367	1	8	370	95	96		219.125
882	9	La5	A5	358	358	1	8	370	95	96		219.25
883	9	Sol5#4	G5#4	353	353	1	4	741	95	96		219.5
884	9	Sol5#4	G5#4	353	353	1	4	741	95	96		219.75
885	9	La5	A5	358	358	1	4	741	95	96		220.0
886	9	Sol5#4	G5#4	353	353	3	8	1111	95	96		220.375
887	9	Es	Es	-1	-1	1	8	370	100	0		220.5
888	9	Si5	B5	367	367	1	4	741	95	96		220.75
889	9	Sol5#4	G5#4	353	353	1	4	741	95	96		221.0
890	9	La5	A5	358	358	3	4	2222	95	96		221.75
891	9	La5	A5	358	358	1	8	370	95	96		221.875
892	9	La5	A5	358	358	1	8	370	95	96		222.0
893	9	La5	A5	358	358	3	8	1111	95	96		222.375
894	9	La5	A5	358	358	1	8	370	95	96		222.5
895	9	La5	A5	358	358	3	8	1111	95	96		222.875
896	9	Es	Es	-1	-1	1	8	370	100	0		223.0
897	9	La5	A5	358	358	1	2	1481	95	96		223.5
898	9	La5	A5	358	358	1	4	741	95	96		223.75
899	9	Si5	B5	367	367	1	4	741	95	96		224.0
900	9	La5	A5	358	358	1	2	1481	95	96		224.5
901	9	Si5	B5	367	367	1	4	741	95	96		224.75
902	9	La5	A5	358	358	1	4	741	95	96		225.0
903	9	Sol5#4	G5#4	353	353	1	2	1481	95	96		225.5
904	9	La5	A5	358	358	1	4	741	95	96		225.75
905	9	Sol5#4	G5#4	353	353	1	4	741	95	96		226.0
906	9	Mi5#1	E5	337	336	1	2	1481	95	96		226.5
907	9	Sol5#4	G5#4	353	353	1	4	741	95	96		226.75
908	9	Fa5	F5	340	340	1	4	741	95	96		227.0
909	9	Sol5#4	G5#4	353	353	3	16	556	95	96		227.1875
910	9	Fa5#1	F5#1	341	341	1	16	185	95	96		227.25
911	9	Mi5	E5	336	336	1	4	741	95	96		227.5
912	9	Mi5	E5	336	336	1	4	741	95	96		227.75
913	9	Mi5	E5	336	336	1	4	741	95	96		228.0
914	9	Re5	D5	327	327	1	8	370	95	96		228.125
915	9	Mi5	E5	336	336	1	8	370	95	96		228.25
916	9	Fa5#4	F5#4	344	344	1	8	370	95	96		228.375
917	9	Sol5	G5	349	349	1	8	370	95	96		228.5
918	9	Fa5#4	F5#4	344	344	1	4	741	95	96		228.75
919	9	Sol5	G5	349	349	1	4	741	95	96		229.0
920	9	Fa5#4	F5#4	344	344	1	4	741	95	96		229.25
921	9	Mi5	E5	336	336	1	4	741	95	96		229.5
922	9	Re5	D5	327	327	1	4	741	95	96		229.75
923	9	Do5#4	C5#4	322	322	1	4	741	95	96		230.0
924	9	Mi5#1	E5	337	336	1	2	1481	95	96		230.5
925	9	Sol5#4	G5#4	353	353	1	4	741	95	96		230.75
926	9	Fa5	F5	340	340	1	4	741	95	96		231.0
927	9	Sol5#4	G5#4	353	353	3	16	556	95	96		231.1875
928	9	Fa5#1	F5#1	341	341	1	16	185	95	96		231.25
929	9	Mi5	E5	336	336	1	4	741	95	96		231.5
930	9	Mi5	E5	336	336	1	4	741	95	96		231.75
931	9	Mi5	E5	336	336	1	4	741	95	96		232.0
932	9	Re5	D5	327	327	1	8	370	95	96		232.125
933	9	Mi5	E5	336	336	1	8	370	95	96		232.25
934	9	Fa5#4	F5#4	344	344	1	8	370	95	96		232.375
935	9	Sol5	G5	349	349	1	8	370	95	96		232.5
936	9	Fa5#4	F5#4	344	344	1	4	741	95	96		232.75
937	9	Sol5	G5	349	349	1	4	741	95	96		233.0
938	9	Fa5#4	F5#4	344	344	1	4	741	95	96		233.25
939	9	Mi5	E5	336	336	1	4	741	95	96		233.5
940	9	Re5	D5	327	327	1	4	741	95	96		233.75
941	9	Do5#4	C5#4	322	322	1	4	741	95	96		234.0
942	9	Re5	D5	327	327	3	8	1111	95	96		234.375
943	9	Es	Es	-1	-1	1	8	370	100	0		234.5
944	9	Si5	B5	367	367	1	2	1481	95	96		235.0
945	9	Sol5#4	G5#4	353	353	1	4	741	95	96		235.25
946	9	La5	A5	358	358	1	4	741	95	96		235.5
947	9	La5	A5	358	358	1	4	741	95	96		235.75
948	9	Sol5#4	G5#4	353	353	1	4	741	95	96		236.0
949	9	Fa5#5	F5#5	345	345	1	8	370	95	96		236.125
950	9	Sol5#5	G5#5	354	354	1	8	370	95	96		236.25
951	9	Fa5#5	F5#5	345	345	1	8	370	95	96		236.375
952	9	Sol5#5	G5#5	354	354	1	8	370	95	96		236.5
953	9	La5	A5	358	358	1	4	741	95	96		236.75
954	9	Si5	B5	367	367	1	8	370	95	96		236.875
955	9	Do6	C6	371	371	1	8	370	95	96		237.0
956	9	Si5	B5	367	367	1	8	370	95	96		237.125
957	9	La5	A5	358	358	1	8	370	95	96		237.25
958	9	Sol5#4	G5#4	353	353	1	4	741	95	96		237.5
959	9	Sol5#4	G5#4	353	353	1	4	741	95	96		237.75
960	9	La5	A5	358	358	1	4	741	95	96		238.0
961	9	Sol5#4	G5#4	353	353	3	8	1111	95	96		238.375
962	9	Es	Es	-1	-1	1	8	370	100	0		238.5
963	9	Si5	B5	367	367	1	4	741	95	96		238.75
964	9	Sol5#4	G5#4	353	353	1	4	741	95	96		239.0
965	9	La5	A5	358	358	3	4	2222	95	96		239.75
966	9	La5	A5	358	358	1	8	370	95	96		239.875
967	9	La5	A5	358	358	1	8	370	95	96		240.0
968	9	La5	A5	358	358	3	8	1111	95	96		240.375
969	9	La5	A5	358	358	1	8	370	95	96		240.5
970	9	La5	A5	358	358	3	8	1111	95	96		240.875
971	9	Es	Es	-1	-1	1	8	370	100	0		241.0
972	9	La5	A5	358	358	1	2	1481	95	96		241.5
973	9	La5	A5	358	358	1	4	741	95	96		241.75
974	9	Si5	B5	367	367	1	4	741	95	96		242.0
975	9	La5	A5	358	358	1	2	1481	95	96		242.5
976	9	Si5	B5	367	367	1	4	741	95	96		242.75
977	9	La5	A5	358	358	1	4	741	95	96		243.0
978	9	Sol5#4	G5#4	353	353	1	2	1481	95	96		243.5
979	9	La5	A5	358	358	1	4	741	95	96		243.75
980	9	Sol5#4	G5#4	353	353	1	4	741	95	96		244.0
981	9	Mi5#1	E5	337	336	1	2	1481	95	96		244.5
982	9	Sol5#4	G5#4	353	353	1	4	741	95	96		244.75
983	9	Fa5	F5	340	340	1	4	741	95	96		245.0
984	9	Sol5#4	G5#4	353	353	3	16	556	95	96		245.1875
985	9	Fa5#1	F5#1	341	341	1	16	185	95	96		245.25
986	9	Mi5	E5	336	336	1	4	741	95	96		245.5
987	9	Mi5	E5	336	336	1	4	741	95	96		245.75
988	9	Mi5	E5	336	336	1	4	741	95	96		246.0
989	9	Re5	D5	327	327	1	8	370	95	96		246.125
990	9	Mi5	E5	336	336	1	8	370	95	96		246.25
991	9	Fa5#4	F5#4	344	344	1	8	370	95	96		246.375
992	9	Sol5	G5	349	349	1	8	370	95	96		246.5
993	9	Fa5#4	F5#4	344	344	1	4	741	95	96		246.75
994	9	Sol5	G5	349	349	1	4	741	95	96		247.0
995	9	Fa5#4	F5#4	344	344	1	4	741	95	96		247.25
996	9	Mi5	E5	336	336	1	4	741	95	96		247.5
997	9	Re5	D5	327	327	1	4	741	95	96		247.75
998	9	Do5#4	C5#4	322	322	1	4	741	95	96		248.0
999	9	Mi5#1	E5	337	336	1	2	1481	95	96		248.5
1000	9	Sol5#4	G5#4	353	353	1	4	741	95	96		248.75
1001	9	Fa5	F5	340	340	1	4	741	95	96		249.0
1002	9	Sol5#4	G5#4	353	353	3	16	556	95	96		249.1875
1003	9	Fa5#1	F5#1	341	341	1	16	185	95	96		249.25
1004	9	Mi5	E5	336	336	1	4	741	95	96		249.5
1005	9	Mi5	E5	336	336	1	4	741	95	96		249.75
1006	9	Mi5	E5	336	336	1	4	741	95	96		250.0
1007	9	Re5	D5	327	327	1	8	370	95	96		250.125
1008	9	Mi5	E5	336	336	1	8	370	95	96		250.25
1009	9	Fa5#4	F5#4	344	344	1	8	370	95	96		250.375
1010	9	Sol5	G5	349	349	1	8	370	95	96		250.5
1011	9	Fa5#4	F5#4	344	344	1	4	741	95	96		250.75
1012	9	Sol5	G5	349	349	1	4	741	95	96		251.0
1013	9	Fa5#4	F5#4	344	344	1	4	741	95	96		251.25
1014	9	Mi5	E5	336	336	1	4	741	95	96		251.5
1015	9	Re5	D5	327	327	1	4	741	95	96		251.75
1016	9	Do5#4	C5#4	322	322	1	4	741	95	96		252.0
1017	9	La5	A5	358	358	1	2	1481	95	96		252.5
1018	9	La5	A5	358	358	1	4	741	95	96		252.75
1019	9	Sol5	G5	349	349	1	4	741	95	96		253.0
1020	9	La5	A5	358	358	3	16	556	95	96		253.1875
1021	9	Sol5	G5	349	349	1	16	185	95	96		253.25
1022	9	La5	A5	358	358	1	8	370	95	96		253.375
1023	9	Si5b1	B5b1	366	366	1	8	370	95	96		253.5
1024	9	La5	A5	358	358	1	4	741	95	96		253.75
1025	9	Si5b1	B5b1	366	366	1	4	741	95	96		254.0
1026	9	La5	A5	358	358	1	4	741	95	96		254.25
1027	9	Sol5	G5	349	349	1	4	741	95	96		254.5
1028	9	Fa5#4	F5#4	344	344	3	8	1111	95	96		254.875
1029	9	Es	Es	-1	-1	1	8	370	100	0		255.0
1030	9	Fa5#4	F5#4	344	344	1	4	741	95	96		255.25
1031	9	Sol5	G5	349	349	1	8	370	95	96		255.375
1032	9	La5	A5	358	358	1	8	370	95	96		255.5
1033	9	Sol5	G5	349	349	1	4	741	95	96		255.75
1034	9	La5	A5	358	358	1	4	741	95	96		256.0
1035	9	Sol5	G5	349	349	1	4	741	95	96		256.25
1036	9	Fa5#4	F5#4	344	344	1	4	741	95	96		256.5
1037	9	Mi5	E5	336	336	1	4	741	95	96		256.75
1038	9	Re5	D5	327	327	1	4	741	95	96		257.0
1039	9	Mi5	E5	336	336	1	4	741	95	96		257.25
1040	9	Fa5#4	F5#4	344	344	1	4	741	95	96		257.5
1041	9	Fa5#4	F5#4	344	344	1	4	741	95	96		257.75
1042	9	Mi5	E5	336	336	1	4	741	95	96		258.0
1043	9	Re5	D5	327	327	1	4	741	95	96		258.25
1044	9	Do5#4	C5#4	322	322	1	4	741	95	96		258.5
1045	9	Si4b4	B4b4	310	310	1	4	741	95	96		258.75
1046	9	Do5#4	C5#4	322	322	1	4	741	95	96		259.0
1047	9	La4	A4	305	305	1	2	1481	95	96		259.5
1048	9	Mi5	E5	336	336	1	4	741	95	96		259.75
1049	9	Re5	D5	327	327	1	4	741	95	96		260.0
1050	9	Do5#4	C5#4	322	322	1	2	1481	95	96		260.5
1051	9	Do5#4	C5#4	322	322	1	4	741	95	96		260.75
1052	9	Si4b4	B4b4	310	310	1	4	741	95	96		261.0
1053	9	Re5	D5	327	327	3	16	556	95	96		261.1875
1054	9	Do5#4	C5#4	322	322	1	16	185	95	96		261.25
1055	9	Si4b4	B4b4	310	310	3	16	556	95	96		261.4375
1056	9	La4	A4	305	305	1	16	185	95	96		261.5
1057	9	Sol4	G4	296	296	1	8	370	95	96		261.625
1058	9	Sol4	G4	296	296	1	8	370	95	96		261.75
1059	9	Sol4	G4	296	296	1	4	741	95	96		262.0
1060	9	La4	A4	305	305	1	4	741	95	96		262.25
1061	9	La4	A4	305	305	1	4	741	95	96		262.5
1062	9	Si4b4	B4b4	310	310	1	4	741	95	96		262.75
1063	9	Do5#4	C5#4	322	322	1	2	1481	95	96		263.25
1064	9	Re5	D5	327	327	1	2	1481	95	96		263.75
1065	9	Mi5	E5	336	336	1	2	1481	95	96		264.25
1066	9	Fa5#4	F5#4	344	344	1	2	1481	95	96		264.75
1067	9	Sol5	G5	349	349	1	2	1481	95	96		265.25
1068	9	La5	A5	358	358	3	8	1111	95	96		265.625
1069	9	Es	Es	-1	-1	1	8	370	100	0		265.75
1070	9	La5	A5	358	358	1	2	1481	95	96		266.25
1071	9	La5	A5	358	358	1	4	741	95	96		266.5
1072	9	Sol5	G5	349	349	1	4	741	95	96		266.75
1073	9	La5	A5	358	358	3	16	556	95	96		266.9375
1074	9	Sol5	G5	349	349	1	16	185	95	96		267.0
1075	9	La5	A5	358	358	1	8	370	95	96		267.125
1076	9	Si5b1	B5b1	366	366	1	8	370	95	96		267.25
1077	9	La5	A5	358	358	1	4	741	95	96		267.5
1078	9	Si5b1	B5b1	366	366	1	4	741	95	96		267.75
1079	9	La5	A5	358	358	1	4	741	95	96		268.0
1080	9	Sol5	G5	349	349	1	4	741	95	96		268.25
1081	9	Fa5#4	F5#4	344	344	3	8	1111	95	96		268.625
1082	9	Es	Es	-1	-1	1	8	370	100	0		268.75
1083	9	Fa5#4	F5#4	344	344	1	4	741	95	96		269.0
1084	9	Sol5	G5	349	349	1	8	370	95	96		269.125
1085	9	La5	A5	358	358	1	8	370	95	96		269.25
1086	9	Sol5	G5	349	349	1	4	741	95	96		269.5
1087	9	La5	A5	358	358	1	4	741	95	96		269.75
1088	9	Sol5	G5	349	349	1	4	741	95	96		270.0
1089	9	Fa5#4	F5#4	344	344	1	4	741	95	96		270.25
1090	9	Mi5	E5	336	336	1	4	741	95	96		270.5
1091	9	Re5	D5	327	327	1	4	741	95	96		270.75
1092	9	Mi5	E5	336	336	1	4	741	95	96		271.0
1093	9	Fa5#4	F5#4	344	344	1	4	741	95	96		271.25
1094	9	Fa5#4	F5#4	344	344	1	4	741	95	96		271.5
1095	9	Mi5	E5	336	336	1	4	741	95	96		271.75
1096	9	Re5	D5	327	327	1	4	741	95	96		272.0
1097	9	Do5#4	C5#4	322	322	1	4	741	95	96		272.25
1098	9	Si4b4	B4b4	310	310	1	4	741	95	96		272.5
1099	9	Do5#4	C5#4	322	322	1	4	741	95	96		272.75
1100	9	La4	A4	305	305	3	8	1111	95	96		273.125
1101	9	Es	Es	-1	-1	1	8	370	100	0		273.25
1102	9	Mi5	E5	336	336	1	4	741	95	96		273.5
1103	9	Re5	D5	327	327	1	4	741	95	96		273.75
1104	9	Mi5	E5	336	336	1	8	370	95	96		273.875
1105	9	Re5	D5	327	327	1	8	370	95	96		274.0
1106	9	Do5#4	C5#4	322	322	1	4	741	95	96		274.25
1107	9	Do5#4	C5#4	322	322	1	4	741	95	96		274.5
1108	9	Si4b4	B4b4	310	310	1	4	741	95	96		274.75
1109	9	Re5	D5	327	327	3	16	556	95	96		274.9375
1110	9	Do5#4	C5#4	322	322	1	16	185	95	96		275.0
1111	9	Si4b4	B4b4	310	310	3	16	556	95	96		275.1875
1112	9	La4	A4	305	305	1	16	185	95	96		275.25
1113	9	Sol4	G4	296	296	1	8	370	95	96		275.375
1114	9	La4	A4	305	305	1	8	370	95	96		275.5
1115	9	Sol4	G4	296	296	1	4	741	95	96		275.75
1116	9	La4	A4	305	305	1	4	741	95	96		276.0
1117	9	La4	A4	305	305	3	8	1111	95	96		276.375
1118	9	Es	Es	-1	-1	1	8	370	100	0		276.5
1119	9	La4	A4	305	305	1	2	1481	95	96		277.0
1120	9	La4	A4	305	305	1	4	741	95	96		277.25
1121	9	Si4b1	B4b1	313	313	1	4	741	95	96		277.5
1122	9	Do5	C5	318	318	1	2	1481	95	96		278.0
1123	9	Si4b1	B4b1	313	313	1	4	741	95	96		278.25
1124	9	La4	A4	305	305	1	4	741	95	96		278.5
1125	9	Sol4	G4	296	296	1	4	741	95	96		278.75
1126	8	La4	A4	305	305	0	0	0	95	96		278.75
1127	9	Sol4	G4	296	296	1	8	370	95	96		278.875
1128	9	Fa4	F4	287	287	1	8	370	95	96		279.0
1129	9	Mi4	E4	283	283	1	4	741	95	96		279.25
1130	9	Re4	D4	274	274	1	4	741	95	96		279.5
1131	9	Fa4#4	F4#4	291	291	1	2	1481	95	96		280.0
1132	9	Sol4	G4	296	296	1	2	1481	95	96		280.5
1133	9	La4	A4	305	305	1	4	741	95	96		280.75
1134	9	Si4b4	B4b4	310	310	1	8	370	95	96		280.875
1135	9	Do5#4	C5#4	322	322	1	8	370	95	96		281.0
1136	9	Si4b4	B4b4	310	310	1	4	741	95	96		281.25
1137	9	La4	A4	305	305	1	4	741	95	96		281.5
1138	9	Sol4	G4	296	296	1	4	741	95	96		281.75
1139	9	Fa4#4	F4#4	291	291	1	4	741	95	96		282.0
1140	9	Sol4	G4	296	296	3	8	1111	95	96		282.375
1141	9	Es	Es	-1	-1	1	8	370	100	0		282.5
1142	9	La4	A4	305	305	1	4	741	95	96		282.75
1143	9	Si4b4	B4b4	310	310	1	8	370	95	96		282.875
1144	9	Do5#4	C5#4	322	322	1	8	370	95	96		283.0
1145	9	Si4b4	B4b4	310	310	1	4	741	95	96		283.25
1146	9	Do5#4	C5#4	322	322	1	4	741	95	96		283.5
1147	9	Si4b4	B4b4	310	310	1	4	741	95	96		283.75
1148	9	La4	A4	305	305	1	4	741	95	96		284.0
1149	9	Sol4	G4	296	296	1	2	1481	95	96		284.5
1150	9	Do5#4	C5#4	322	322	1	4	741	95	96		284.75
1151	9	Re5	D5	327	327	1	4	741	95	96		285.0
1152	9	Re5	D5	327	327	1	4	741	95	96		285.25
1153	9	Do5#4	C5#4	322	322	1	4	741	95	96		285.5
1154	9	Si4b4	B4b4	310	310	1	4	741	95	96		285.75
1155	9	La4	A4	305	305	1	4	741	95	96		286.0
1156	9	Sol4	G4	296	296	1	4	741	95	96		286.25
1157	9	Fa4#4	F4#4	291	291	1	4	741	95	96		286.5
1158	9	Sol4	G4	296	296	1	2	1481	95	96		287.0
1159	9	Mi5	E5	336	336	1	4	741	95	96		287.25
1160	9	Re5	D5	327	327	1	4	741	95	96		287.5
1161	9	Do5#4	C5#4	322	322	1	2	1481	95	96		288.0
1162	9	Do5#4	C5#4	322	322	1	4	741	95	96		288.25
1163	9	Si4b4	B4b4	310	310	1	4	741	95	96		288.5
1164	9	Mi5	E5	336	336	1	8	370	95	96		288.625
1165	9	Re5	D5	327	327	1	8	370	95	96		288.75
1166	9	Do5#4	C5#4	322	322	1	4	741	95	96		289.0
1167	9	Si4b4	B4b4	310	310	3	16	556	95	96		289.1875
1168	9	La4	A4	305	305	1	16	185	95	96		289.25
1169	9	Sol4	G4	296	296	1	8	370	95	96		289.375
1170	9	La4	A4	305	305	1	8	370	95	96		289.5
1171	9	Sol4	G4	296	296	1	4	741	95	96		289.75
1172	9	La4	A4	305	305	1	4	741	95	96		290.0
1173	9	La4	A4	305	305	3	8	1111	95	96		290.375
1174	9	Es	Es	-1	-1	1	8	370	100	0		290.5
1175	9	La4	A4	305	305	1	2	1481	95	96		291.0
1176	9	La4	A4	305	305	1	4	741	95	96		291.25
1177	9	Si4	B4	314	314	1	4	741	95	96		291.5
1178	9	Do5	C5	318	318	1	2	1481	95	96		292.0
1179	9	Si4	B4	314	314	1	4	741	95	96		292.25
1180	9	La4	A4	305	305	1	4	741	95	96		292.5
1181	9	Sol4	G4	296	296	1	4	741	95	96		292.75
1182	8	La4	A4	305	305	0	0	0	95	96		292.75
1183	9	Sol4	G4	296	296	1	8	370	95	96		292.875
1184	9	Fa4#4	F4#4	291	291	1	8	370	95	96		293.0
1185	9	Mi4	E4	283	283	1	4	741	95	96		293.25
1186	9	Re4	D4	274	274	1	4	741	95	96		293.5
1187	9	Fa4#4	F4#4	291	291	1	2	1481	95	96		294.0
1188	9	Sol4	G4	296	296	1	2	1481	95	96		294.5
1189	9	La4	A4	305	305	1	4	741	95	96		294.75
1190	9	Si4b4	B4b4	310	310	1	8	370	95	96		294.875
1191	9	Do5#4	C5#4	322	322	1	8	370	95	96		295.0
1192	9	Si4b4	B4b4	310	310	1	4	741	95	96		295.25
1193	9	La4	A4	305	305	1	4	741	95	96		295.5
1194	9	Sol4	G4	296	296	1	4	741	95	96		295.75
1195	9	Fa4#4	F4#4	291	291	1	4	741	95	96		296.0
1196	9	Sol4	G4	296	296	3	8	1111	95	96		296.375
1197	9	Es	Es	-1	-1	1	8	370	100	0		296.5
1198	9	La4	A4	305	305	1	4	741	95	96		296.75
1199	9	Si4b4	B4b4	310	310	1	8	370	95	96		296.875
1200	9	Do5#4	C5#4	322	322	1	8	370	95	96		297.0
1201	9	Si4b4	B4b4	310	310	1	4	741	95	96		297.25
1202	9	Do5#4	C5#4	322	322	1	4	741	95	96		297.5
1203	9	Si4b4	B4b4	310	310	1	4	741	95	96		297.75
1204	9	La4	A4	305	305	1	4	741	95	96		298.0
1205	9	Sol4	G4	296	296	1	2	1481	95	96		298.5
1206	9	Do5#4	C5#4	322	322	1	4	741	95	96		298.75
1207	9	Re5	D5	327	327	1	4	741	95	96		299.0
1208	9	Re5	D5	327	327	1	4	741	95	96		299.25
1209	9	Do5#4	C5#4	322	322	1	4	741	95	96		299.5
1210	9	Si4b4	B4b4	310	310	1	4	741	95	96		299.75
1211	9	La4	A4	305	305	1	4	741	95	96		300.0
1212	9	Sol4	G4	296	296	1	4	741	95	96		300.25
1213	9	Fa4#4	F4#4	291	291	1	4	741	95	96		300.5
1214	9	Sol4	G4	296	296	1	2	1481	95	96		301.0
1215	9	Mi5	E5	336	336	1	4	741	95	96		301.25
1216	9	Re5	D5	327	327	1	4	741	95	96		301.5
1217	9	Do5#4	C5#4	322	322	1	2	1481	95	96		302.0
1218	9	Do5#4	C5#4	322	322	1	4	741	95	96		302.25
1219	9	Si4b4	B4b4	310	310	1	4	741	95	96		302.5
1220	9	Mi5	E5	336	336	1	8	370	95	96		302.625
1221	9	Re5	D5	327	327	1	8	370	95	96		302.75
1222	9	Do5#4	C5#4	322	322	1	4	741	95	96		303.0
1223	9	Si4b4	B4b4	310	310	3	16	556	95	96		303.1875
1224	9	La4	A4	305	305	1	16	185	95	96		303.25
1225	9	Sol4	G4	296	296	1	8	370	95	96		303.375
1226	9	La4	A4	305	305	1	8	370	95	96		303.5
1227	9	Sol4	G4	296	296	1	4	741	95	96		303.75
1228	9	La4	A4	305	305	1	4	741	95	96		304.0
1229	9	La4	A4	305	305	3	8	1111	95	96		304.375
1230	9	Es	Es	-1	-1	1	8	370	100	0		304.5
1231	9	La4	A4	305	305	1	2	1481	95	96		305.0
1232	9	La4	A4	305	305	1	4	741	95	96		305.25
1233	9	Si4b4	B4b4	310	310	1	4	741	95	96		305.5
1234	9	La4	A4	305	305	3	8	1111	95	96		305.875
1235	9	Si4b4	B4b4	310	310	1	8	370	95	96		306.0
1236	9	Do5#4	C5#4	322	322	1	4	741	95	96		306.25
1237	9	Re5	D5	327	327	1	4	741	95	96		306.5
1238	9	Si4b4	B4b4	310	310	1	4	741	95	96		306.75
1239	9	Do5#4	C5#4	322	322	1	4	741	95	96		307.0
1240	9	Re5	D5	327	327	1	2	1481	95	96		307.5
1241	9	Sol4	G4	296	296	1	2	1481	95	96		308.0
1242	9	La4	A4	305	305	1	4	741	95	96		308.25
1243	9	Si4b4	B4b4	310	310	1	4	741	95	96		308.5
1244	9	Sol4	G4	296	296	3	4	2222	95	96		309.25
1245	9	Es	Es	-1	-1	1	4	741	100	0		309.5
1246	9	Sol4	G4	296	296	1	4	741	95	96		309.75
1247	9	La4	A4	305	305	1	4	741	95	96		310.0
1248	9	La4	A4	305	305	1	4	741	95	96		310.25
1249	9	Sol4	G4	296	296	1	8	370	95	96		310.375
1250	9	La4	A4	305	305	1	8	370	95	96		310.5
1251	9	Si4b4	B4b4	310	310	1	2	1481	95	96		311.0
1252	9	Si4b4	B4b4	310	310	1	4	741	95	96		311.25
1253	9	La4	A4	305	305	1	4	741	95	96		311.5
1254	9	Sol4	G4	296	296	3	8	1111	95	96		311.875
1255	9	La4	A4	305	305	1	8	370	95	96		312.0
1256	9	Si4b4	B4b4	310	310	1	4	741	95	96		312.25
1257	9	Do5#4	C5#4	322	322	1	8	370	95	96		312.375
1258	9	Re5	D5	327	327	1	8	370	95	96		312.5
1259	9	Do5#4	C5#4	322	322	1	4	741	95	96		312.75
1260	9	Re5	D5	327	327	1	4	741	95	96		313.0
1261	9	Re5	D5	327	327	1	4	741	95	96		313.25
1262	9	Do5#4	C5#4	322	322	1	4	741	95	96		313.5
1263	9	Si4b4	B4b4	310	310	1	4	741	95	96		313.75
1264	9	La4	A4	305	305	1	4	741	95	96		314.0
1265	9	Sol4	G4	296	296	1	4	741	95	96		314.25
1266	9	Fa4#4	F4#4	291	291	1	4	741	95	96		314.5
1267	9	Sol4	G4	296	296	3	8	1111	95	96		314.875
1268	9	Es	Es	-1	-1	1	8	370	100	0		315.0
1269	9	Mi5	E5	336	336	1	4	741	95	96		315.25
1270	9	Re5	D5	327	327	1	4	741	95	96		315.5
1271	9	Do5#4	C5#4	322	322	1	2	1481	95	96		316.0
1272	9	Do5#4	C5#4	322	322	1	4	741	95	96		316.25
1273	9	Si4b4	B4b4	310	310	1	4	741	95	96		316.5
1274	9	Re5	D5	327	327	3	8	1111	95	96		316.875
1275	9	Do5#4	C5#4	322	322	1	8	370	95	96		317.0
1276	9	Si4b4	B4b4	310	310	3	16	556	95	96		317.1875
1277	9	La4	A4	305	305	1	16	185	95	96		317.25
1278	9	Sol4	G4	296	296	1	8	370	95	96		317.375
1279	9	La4	A4	305	305	1	8	370	95	96		317.5
1280	9	Sol4	G4	296	296	1	4	741	95	96		317.75
1281	9	La4	A4	305	305	1	4	741	95	96		318.0
1282	9	La4	A4	305	305	3	8	1111	95	96		318.375
1283	9	Es	Es	-1	-1	1	8	370	100	0		318.5
1284	9	La4	A4	305	305	1	2	1481	95	96		319.0
1285	9	La4	A4	305	305	1	4	741	95	96		319.25
1286	9	Si4b4	B4b4	310	310	1	4	741	95	96		319.5
1287	9	La4	A4	305	305	3	8	1111	95	96		319.875
1288	9	Si4b4	B4b4	310	310	1	8	370	95	96		320.0
1289	9	Do5#4	C5#4	322	322	1	4	741	95	96		320.25
1290	9	Re5	D5	327	327	1	4	741	95	96		320.5
1291	9	Si4b4	B4b4	310	310	1	4	741	95	96		320.75
1292	9	Do5#4	C5#4	322	322	1	4	741	95	96		321.0
1293	9	Re5	D5	327	327	3	8	1111	95	96		321.375
1294	9	Es	Es	-1	-1	1	8	370	100	0		321.5
1295	9	La4	A4	305	305	1	2	1481	95	96		322.0
1296	9	Si4b4	B4b4	310	310	1	2	1481	95	96		322.5
1297	9	Do5#4	C5#4	322	322	1	2	1481	95	96		323.0
1298	9	Do5#4	C5#4	322	322	1	4	741	95	96		323.25
1299	9	Re5	D5	327	327	1	4	741	95	96		323.5
1300	9	Do5#4	C5#4	322	322	1	4	741	95	96		323.75
1301	9	Si4b4	B4b4	310	310	1	4	741	95	96		324.0
1302	9	La4	A4	305	305	1	2	1481	95	96		324.5
1303	9	Re5	D5	327	327	1	8	370	95	96		324.625
1304	9	Mi5	E5	336	336	1	8	370	95	96		324.75
1305	9	Re5	D5	327	327	1	8	370	95	96		324.875
1306	9	Do5#4	C5#4	322	322	1	8	370	95	96		325.0
1307	9	Re5	D5	327	327	1	4	741	95	96		325.25
1308	9	Mi5	E5	336	336	1	4	741	95	96		325.5
1309	9	Re5	D5	327	327	1	4	741	95	96		325.75
1310	9	Do5#4	C5#4	322	322	1	4	741	95	96		326.0
1311	9	Si4b4	B4b4	310	310	3	8	1111	95	96		326.375
1312	9	Es	Es	-1	-1	1	8	370	100	0		326.5
1313	9	Do5#4	C5#4	322	322	1	8	370	95	96		326.625
1314	9	Re5	D5	327	327	1	8	370	95	96		326.75
1315	9	Do5#4	C5#4	322	322	1	8	370	95	96		326.875
1316	9	Si4b4	B4b4	310	310	1	8	370	95	96		327.0
1317	9	Do5#4	C5#4	322	322	1	4	741	95	96		327.25
1318	9	Re5	D5	327	327	1	4	741	95	96		327.5
1319	9	Do5#4	C5#4	322	322	1	4	741	95	96		327.75
1320	9	Si4b4	B4b4	310	310	1	4	741	95	96		328.0
1321	9	La4	A4	305	305	1	4	741	95	96		328.25
1322	9	Si4b4	B4b4	310	310	1	4	741	95	96		328.5
1323	9	Sol4	G4	296	296	1	2	1481	95	96		329.0
1324	9	Mi5	E5	336	336	1	2	1481	95	96		329.5
1325	9	Do5#4	C5#4	322	322	1	4	741	95	96		329.75
1326	9	Re5	D5	327	327	1	4	741	95	96		330.0
1327	9	Re5	D5	327	327	1	4	741	95	96		330.25
1328	9	Do5#4	C5#4	322	322	1	4	741	95	96		330.5
1329	9	Si4	B4	314	314	3	8	1111	95	96		330.875
1330	9	Do5#4	C5#4	322	322	1	8	370	95	96		331.0
1331	9	Re5	D5	327	327	1	4	741	95	96		331.25
1332	9	Mi5	E5	336	336	1	8	370	95	96		331.375
1333	9	Fa5	F5	340	340	1	8	370	95	96		331.5
1334	9	Mi5	E5	336	336	1	8	370	95	96		331.625
1335	9	Re5	D5	327	327	1	8	370	95	96		331.75
1336	9	Do5#4	C5#4	322	322	1	4	741	95	96		332.0
1337	9	Do5#4	C5#4	322	322	1	4	741	95	96		332.25
1338	9	Re5	D5	327	327	1	4	741	95	96		332.5
1339	9	Do5#4	C5#4	322	322	3	8	1111	95	96		332.875
1340	9	Es	Es	-1	-1	1	8	370	100	0		333.0
1341	9	Mi5	E5	336	336	1	8	370	95	96		333.125
1342	9	Re5	D5	327	327	1	8	370	95	96		333.25
1343	9	Mi5	E5	336	336	1	4	741	95	96		333.5
1344	9	Re5	D5	327	327	3	8	1111	95	96		333.875
1345	9	Es	Es	-1	-1	1	8	370	100	0		334.0
1346	9	Sol5	G5	349	349	1	4	741	95	96		334.25
1347	9	Fa5#4	F5#4	344	344	1	8	370	95	96		334.375
1348	9	La5	A5	358	358	1	8	370	95	96		334.5
1349	9	Sol5	G5	349	349	3	16	556	95	96		334.6875
1350	9	Fa5#4	F5#4	344	344	1	16	185	95	96		334.75
1351	9	Mi5	E5	336	336	1	4	741	95	96		335.0
1352	9	Mi5	E5	336	336	1	4	741	95	96		335.25
1353	9	Es	Es	-1	-1	1	4	741	100	0		335.5
1354	9	Do5#4	C5#4	322	322	1	8	370	95	96		335.625
1355	9	Re5	D5	327	327	1	8	370	95	96		335.75
1356	9	Do5#4	C5#4	322	322	1	4	741	95	96		336.0
1357	9	Re5	D5	327	327	1	2	1481	95	96		336.5
1358	9	Mi5	E5	336	336	3	8	1111	95	96		336.875
1359	9	Sol5	G5	349	349	1	8	370	95	96		337.0
1360	9	Fa5#4	F5#4	344	344	1	4	741	95	96		337.25
1361	9	Mi5	E5	336	336	1	4	741	95	96		337.5
1362	9	Re5	D5	327	327	1	4	741	95	96		337.75
1363	9	Do5#4	C5#4	322	322	1	4	741	95	96		338.0
1364	9	Re5	D5	327	327	3	8	1111	95	96		338.375
1365	9	Es	Es	-1	-1	1	8	370	100	0		338.5
1366	9	Do5#4	C5#4	322	322	1	4	741	95	96		338.75
1367	9	Re5	D5	327	327	1	4	741	95	96		339.0
1368	9	Re5	D5	327	327	1	4	741	95	96		339.25
1369	9	Do5#4	C5#4	322	322	1	4	741	95	96		339.5
1370	9	Do5#4	C5#4	322	322	1	8	370	95	96		339.625
1371	9	Si4b4	B4b4	310	310	1	8	370	95	96		339.75
1372	9	La4	A4	305	305	1	4	741	95	96		340.0
1373	9	Si4b4	B4b4	310	310	1	4	741	95	96		340.25
1374	9	Do5#4	C5#4	322	322	1	8	370	95	96		340.375
1375	9	Re5	D5	327	327	1	8	370	95	96		340.5
1376	9	Do5#4	C5#4	322	322	1	4	741	95	96		340.75
1377	9	Re5	D5	327	327	1	4	741	95	96		341.0
1378	9	Re5	D5	327	327	1	4	741	95	96		341.25
1379	9	Do5#4	C5#4	322	322	1	4	741	95	96		341.5
1380	9	Si4b4	B4b4	310	310	1	4	741	95	96		341.75
1381	9	La4	A4	305	305	1	4	741	95	96		342.0
1382	9	Sol4	G4	296	296	1	4	741	95	96		342.25
1383	9	Fa4#4	F4#4	291	291	1	4	741	95	96		342.5
1384	9	Sol4	G4	296	296	3	8	1111	95	96		342.875
1385	9	Es	Es	-1	-1	1	8	370	100	0		343.0
1386	9	Mi5	E5	336	336	1	2	1481	95	96		343.5
1387	9	Do5#4	C5#4	322	322	1	4	741	95	96		343.75
1388	9	Re5	D5	327	327	1	4	741	95	96		344.0
1389	9	Re5	D5	327	327	1	4	741	95	96		344.25
1390	9	Do5#4	C5#4	322	322	1	4	741	95	96		344.5
1391	9	Si4	B4	314	314	1	8	370	95	96		344.625
1392	9	Do5#4	C5#4	322	322	1	8	370	95	96		344.75
1393	9	Si4	B4	314	314	1	8	370	95	96		344.875
1394	9	Do5#4	C5#4	322	322	1	8	370	95	96		345.0
1395	9	Re5	D5	327	327	1	4	741	95	96		345.25
1396	9	Mi5	E5	336	336	1	8	370	95	96		345.375
1397	9	Fa5	F5	340	340	1	8	370	95	96		345.5
1398	9	Mi5	E5	336	336	1	8	370	95	96		345.625
1399	9	Re5	D5	327	327	1	8	370	95	96		345.75
1400	9	Do5#4	C5#4	322	322	1	4	741	95	96		346.0
1401	9	Do5#4	C5#4	322	322	1	4	741	95	96		346.25
1402	9	Re5	D5	327	327	1	4	741	95	96		346.5
1403	9	Do5#4	C5#4	322	322	3	8	1111	95	96		346.875
1404	9	Es	Es	-1	-1	1	8	370	100	0		347.0
1405	9	Mi5	E5	336	336	1	8	370	95	96		347.125
1406	9	Re5	D5	327	327	1	8	370	95	96		347.25
1407	9	Mi5	E5	336	336	1	4	741	95	96		347.5
1408	9	Re5	D5	327	327	3	8	1111	95	96		347.875
1409	9	Mi5	E5	336	336	1	8	370	95	96		348.0
1410	9	Fa5#4	F5#4	344	344	1	4	741	95	96		348.25
1411	9	Sol5	G5	349	349	1	4	741	95	96		348.5
1412	9	Fa5#4	F5#4	344	344	1	4	741	95	96		348.75
1413	9	Sol5	G5	349	349	1	4	741	95	96		349.0
1414	9	La5	A5	358	358	1	2	1481	95	96		349.5
1415	9	Fa5#4	F5#4	344	344	1	2	1481	95	96		350.0
1416	9	Sol5	G5	349	349	1	2	1481	95	96		350.5
1417	9	La5	A5	358	358	1	2	1481	95	96		351.0
1418	9	Si5b1	B5b1	366	366	1	4	741	95	96		351.25
1419	9	La5	A5	358	358	1	4	741	95	96		351.5
1420	9	Sol5	G5	349	349	1	4	741	95	96		351.75
1421	9	Fa5#4	F5#4	344	344	1	4	741	95	96		352.0
1422	9	Sol5	G5	349	349	1	2	1481	95	96		352.5
1423	9	Fa5#4	F5#4	344	344	1	4	741	95	96		352.75
1424	9	Sol5	G5	349	349	1	8	370	95	96		352.875
1425	9	La5	A5	358	358	1	8	370	95	96		353.0
1426	9	Sol5	G5	349	349	1	4	741	95	96		353.25
1427	9	La5	A5	358	358	1	4	741	95	96		353.5
1428	9	Fa5#4	F5#4	344	344	1	4	741	95	96		353.75
1429	9	Mi5	E5	336	336	1	4	741	95	96		354.0
1430	9	Re5	D5	327	327	1	8	370	95	96		354.125
1431	9	Mi5	E5	336	336	1	8	370	95	96		354.25
1432	9	Fa5#4	F5#4	344	344	1	4	741	95	96		354.5
1433	9	Fa5#4	F5#4	344	344	1	2	1481	95	96		355.0
1434	9	Fa5#4	F5#4	344	344	1	4	741	95	96		355.25
1435	9	Mi5	E5	336	336	1	4	741	95	96		355.5
1436	9	Re5	D5	327	327	1	4	741	95	96		355.75
1437	9	Do5#4	C5#4	322	322	1	4	741	95	96		356.0
1438	9	Si4b4	B4b4	310	310	1	4	741	95	96		356.25
1439	9	Do5#4	C5#4	322	322	1	4	741	95	96		356.5
1440	9	La4	A4	305	305	3	8	1111	95	96		356.875
1441	9	Es	Es	-1	-1	1	8	370	100	0		357.0
1442	9	Mi5	E5	336	336	1	4	741	95	96		357.25
1443	9	Re5	D5	327	327	1	4	741	95	96		357.5
1444	9	Mi5	E5	336	336	1	8	370	95	96		357.625
1445	9	Re5	D5	327	327	1	8	370	95	96		357.75
1446	9	Do5#4	C5#4	322	322	1	4	741	95	96		358.0
1447	9	Do5#4	C5#4	322	322	1	4	741	95	96		358.25
1448	9	Si4b4	B4b4	310	310	1	4	741	95	96		358.5
1449	9	Re5	D5	327	327	3	8	1111	95	96		358.875
1450	9	Do5#4	C5#4	322	322	1	8	370	95	96		359.0
1451	9	Si4b4	B4b4	310	310	3	16	556	95	96		359.1875
1452	9	La4	A4	305	305	1	16	185	95	96		359.25
1453	9	Sol4	G4	296	296	1	8	370	95	96		359.375
1454	9	La4	A4	305	305	1	8	370	95	96		359.5
1455	9	Sol4	G4	296	296	1	4	741	95	96		359.75
1456	9	La4	A4	305	305	1	4	741	95	96		360.0
1457	9	La4	A4	305	305	3	8	1111	95	96		360.375
1458	9	Es	Es	-1	-1	1	8	370	100	0		360.5
1459	9	La4	A4	305	305	1	2	1481	95	96		361.0
1460	9	La4	A4	305	305	1	4	741	95	96		361.25
1461	9	Si4b1	B4b1	313	313	1	4	741	95	96		361.5
1462	9	Do5	C5	318	318	1	2	1481	95	96		362.0
1463	9	Si4b1	B4b1	313	313	1	4	741	95	96		362.25
1464	9	La4	A4	305	305	1	4	741	95	96		362.5
1465	9	Sol4	G4	296	296	1	4	741	95	96		362.75
1466	8	La4	A4	305	305	0	0	0	95	96		362.75
1467	9	Sol4	G4	296	296	1	8	370	95	96		362.875
1468	9	Fa4#4	F4#4	291	291	1	8	370	95	96		363.0
1469	9	Mi4	E4	283	283	1	4	741	95	96		363.25
1470	9	Re4	D4	274	274	1	4	741	95	96		363.5
1471	9	Fa4#4	F4#4	291	291	1	2	1481	95	96		364.0
1472	9	La4	A4	305	305	1	4	741	95	96		364.25
1473	9	Sol4#4	G4#4	300	300	1	4	741	95	96		364.5
1474	9	Fa4#4	F4#4	291	291	1	4	741	95	96		364.75
1475	9	Mi4#4	E4#4	287	287	1	4	741	95	96		365.0
1476	9	Fa4#4	F4#4	291	291	1	2	1481	95	96		365.5
1477	9	Sol4#4	G4#4	300	300	1	4	741	95	96		365.75
1478	9	La4	A4	305	305	1	4	741	95	96		366.0
1479	9	La4	A4	305	305	1	4	741	95	96		366.25
1480	9	Sol4#4	G4#4	300	300	1	8	370	95	96		366.375
1481	9	Es	Es	-1	-1	1	8	370	100	0		366.5
1482	9	Fa4#4	F4#4	291	291	1	2	1481	95	96		367.0
1483	9	Fa4#4	F4#4	291	291	1	4	741	95	96		367.25
1484	9	Mi4#4	E4#4	287	287	1	4	741	95	96		367.5
1485	9	Fa4#4	F4#4	291	291	1	4	741	95	96		367.75
1486	9	Mi4#4	E4#4	287	287	1	4	741	95	96		368.0
1487	9	Fa4#4	F4#4	291	291	1	4	741	95	96		368.25
1488	9	Sol4#4	G4#4	300	300	1	4	741	95	96		368.5
1489	9	La4	A4	305	305	1	2	1481	95	96		369.0
1490	9	La4	A4	305	305	1	4	741	95	96		369.25
1491	9	Si4b4	B4b4	310	310	1	4	741	95	96		369.5
1492	9	La4	A4	305	305	1	2	1481	95	96		370.0
1493	9	Sol4#4	G4#4	300	300	1	2	1481	95	96		370.5
1494	9	La4	A4	305	305	1	2	1481	95	96		371.0
1495	9	Si4b4	B4b4	310	310	1	2	1481	95	96		371.5
1496	9	Do5#4	C5#4	322	322	1	4	741	95	96		371.75
1497	9	Re5	D5	327	327	1	4	741	95	96		372.0
1498	9	Do5#4	C5#4	322	322	1	4	741	95	96		372.25
1499	9	Re5	D5	327	327	1	8	370	95	96		372.375
1500	9	Mi5	E5	336	336	1	8	370	95	96		372.5
1501	9	Re5	D5	327	327	1	8	370	95	96		372.625
1502	9	Do5#4	C5#4	322	322	1	8	370	95	96		372.75
1503	9	Si4	B4	314	314	1	4	741	95	96		373.0
1504	9	Si4	B4	314	314	1	2	1481	95	96		373.5
1505	9	Do5#4	C5#4	322	322	1	4	741	95	96		373.75
1506	9	Re5	D5	327	327	1	4	741	95	96		374.0
1507	9	Do5#4	C5#4	322	322	1	2	1481	95	96		374.5
1508	9	Re5	D5	327	327	1	4	741	95	96		374.75
1509	9	Mi5	E5	336	336	1	4	741	95	96		375.0
1510	9	Re5	D5	327	327	1	2	1481	95	96		375.5
1511	9	Mi5	E5	336	336	1	1	2963	95	96		376.5
1512	9	Re5	D5	327	327	3	8	1111	95	96		376.875
1513	9	Do5#4	C5#4	322	322	1	8	370	95	96		377.0
1514	9	Si4b4	B4b4	310	310	1	4	741	95	96		377.25
1515	9	La4	A4	305	305	1	4	741	95	96		377.5
1516	9	Do5#4	C5#4	322	322	1	8	370	95	96		377.625
1517	9	Re5	D5	327	327	1	8	370	95	96		377.75
1518	9	Do5#4	C5#4	322	322	1	4	741	95	96		378.0
1519	9	Re5	D5	327	327	1	8	370	95	96		378.125
1520	9	Mi5	E5	336	336	1	8	370	95	96		378.25
1521	9	Re5	D5	327	327	1	4	741	95	96		378.5
1522	9	Mi5	E5	336	336	3	8	1111	95	96		378.875
1523	9	Sol5	G5	349	349	1	8	370	95	96		379.0
1524	9	Fa5#4	F5#4	344	344	1	4	741	95	96		379.25
1525	9	Mi5	E5	336	336	1	4	741	95	96		379.5
1526	9	Re5	D5	327	327	1	4	741	95	96		379.75
1527	9	Do5#4	C5#4	322	322	1	4	741	95	96		380.0
1528	9	Re5	D5	327	327	3	8	1111	95	96		380.375
1529	9	Es	Es	-1	-1	1	8	370	100	0		380.5
1530	9	Mi5#4	E5#4	340	340	1	4	741	95	96		380.75
1531	9	Fa5#4	F5#4	344	344	1	4	741	95	96		381.0
1532	9	Fa5#4	F5#4	344	344	1	4	741	95	96		381.25
1533	9	Mi5#4	E5#4	340	340	1	4	741	95	96		381.5
1534	9	Fa5#4	F5#4	344	344	1	4	741	95	96		381.75
1535	9	Mi5#4	E5#4	340	340	1	4	741	95	96		382.0
1536	9	Fa5#4	F5#4	344	344	1	4	741	95	96		382.25
1537	9	Sol5#4	G5#4	353	353	1	8	370	95	96		382.375
1538	9	La5	A5	358	358	1	8	370	95	96		382.5
1539	9	Sol5#4	G5#4	353	353	1	4	741	95	96		382.75
1540	9	La5	A5	358	358	1	4	741	95	96		383.0
1541	9	La5	A5	358	358	1	4	741	95	96		383.25
1542	9	Sol5#4	G5#4	353	353	1	4	741	95	96		383.5
1543	9	Fa5#1	F5#1	341	341	1	4	741	95	96		383.75
1544	9	Mi5	E5	336	336	1	4	741	95	96		384.0
1545	9	Re5	D5	327	327	1	4	741	95	96		384.25
1546	9	Do5#4	C5#4	322	322	1	4	741	95	96		384.5
1547	9	Re5	D5	327	327	3	8	1111	95	96		384.875
1548	9	Es	Es	-1	-1	1	8	370	100	0		385.0
1549	9	Si5	B5	367	367	1	2	1481	95	96		385.5
1550	9	Sol5#4	G5#4	353	353	1	4	741	95	96		385.75
1551	9	La5	A5	358	358	1	4	741	95	96		386.0
1552	9	La5	A5	358	358	1	4	741	95	96		386.25
1553	9	Sol5#4	G5#4	353	353	1	4	741	95	96		386.5
1554	9	Fa5#5	F5#5	345	345	1	8	370	95	96		386.625
1555	9	Sol5#5	G5#5	354	354	1	8	370	95	96		386.75
1556	9	Fa5#5	F5#5	345	345	1	8	370	95	96		386.875
1557	9	Sol5#5	G5#5	354	354	1	8	370	95	96		387.0
1558	9	La5	A5	358	358	1	4	741	95	96		387.25
1559	9	Si5	B5	367	367	1	8	370	95	96		387.375
1560	9	Do6	C6	371	371	1	8	370	95	96		387.5
1561	9	Si5	B5	367	367	1	8	370	95	96		387.625
1562	9	La5	A5	358	358	1	8	370	95	96		387.75
1563	9	Sol5#4	G5#4	353	353	1	4	741	95	96		388.0
1564	9	Sol5#4	G5#4	353	353	1	4	741	95	96		388.25
1565	9	La5	A5	358	358	1	4	741	95	96		388.5
1566	9	Sol5#4	G5#4	353	353	3	8	1111	95	96		388.875
1567	9	Es	Es	-1	-1	1	8	370	100	0		389.0
1568	9	Si5	B5	367	367	1	4	741	95	96		389.25
1569	9	Sol5#4	G5#4	353	353	1	4	741	95	96		389.5
1570	9	La5	A5	358	358	3	4	2222	95	96		390.25
1571	9	La5	A5	358	358	1	8	370	95	96		390.375
1572	9	La5	A5	358	358	1	8	370	95	96		390.5
1573	9	La5	A5	358	358	3	8	1111	95	96		390.875
1574	9	La5	A5	358	358	1	8	370	95	96		391.0
1575	9	La5	A5	358	358	3	8	1111	95	96		391.375
1576	9	Es	Es	-1	-1	1	8	370	100	0		391.5
1577	9	La5	A5	358	358	1	2	1481	95	96		392.0
1578	9	La5	A5	358	358	1	4	741	95	96		392.25
1579	9	Si5	B5	367	367	1	4	741	95	96		392.5
1580	9	La5	A5	358	358	1	2	1481	95	96		393.0
1581	9	Si5	B5	367	367	1	4	741	95	96		393.25
1582	9	La5	A5	358	358	1	4	741	95	96		393.5
1583	9	Sol5#4	G5#4	353	353	1	2	1481	95	96		394.0
1584	9	La5	A5	358	358	1	4	741	95	96		394.25
1585	9	Sol5#4	G5#4	353	353	1	4	741	95	96		394.5
1586	9	Mi5#1	E5	337	336	1	2	1481	95	96		395.0
1587	9	Sol5#4	G5#4	353	353	1	4	741	95	96		395.25
1588	9	Fa5	F5	340	340	1	4	741	95	96		395.5
1589	9	Sol5#4	G5#4	353	353	3	16	556	95	96		395.6875
1590	9	Fa5#1	F5#1	341	341	1	16	185	95	96		395.75
1591	9	Mi5	E5	336	336	1	4	741	95	96		396.0
1592	9	Mi5	E5	336	336	1	4	741	95	96		396.25
1593	9	Mi5	E5	336	336	1	4	741	95	96		396.5
1594	9	Re5	D5	327	327	1	8	370	95	96		396.625
1595	9	Mi5	E5	336	336	1	8	370	95	96		396.75
1596	9	Fa5#4	F5#4	344	344	1	8	370	95	96		396.875
1597	9	Sol5	G5	349	349	1	8	370	95	96		397.0
1598	9	Fa5#4	F5#4	344	344	1	4	741	95	96		397.25
1599	9	Sol5	G5	349	349	1	4	741	95	96		397.5
1600	9	Fa5#4	F5#4	344	344	1	4	741	95	96		397.75
1601	9	Mi5	E5	336	336	1	4	741	95	96		398.0
1602	9	Re5	D5	327	327	1	4	741	95	96		398.25
1603	9	Do5#4	C5#4	322	322	1	4	741	95	96		398.5
1604	9	Mi5#1	E5	337	336	1	2	1481	95	96		399.0
1605	9	Sol5#4	G5#4	353	353	1	4	741	95	96		399.25
1606	9	Fa5	F5	340	340	1	4	741	95	96		399.5
1607	9	Sol5#4	G5#4	353	353	3	16	556	95	96		399.6875
1608	9	Fa5#1	F5#1	341	341	1	16	185	95	96		399.75
1609	9	Mi5	E5	336	336	1	4	741	95	96		400.0
1610	9	Mi5	E5	336	336	1	4	741	95	96		400.25
1611	9	Mi5	E5	336	336	1	4	741	95	96		400.5
1612	9	Re5	D5	327	327	1	8	370	95	96		400.625
1613	9	Mi5	E5	336	336	1	8	370	95	96		400.75
1614	9	Fa5#4	F5#4	344	344	1	8	370	95	96		400.875
1615	9	Sol5	G5	349	349	1	8	370	95	96		401.0
1616	9	Fa5#4	F5#4	344	344	1	4	741	95	96		401.25
1617	9	Sol5	G5	349	349	1	4	741	95	96		401.5
1618	9	Fa5#4	F5#4	344	344	1	4	741	95	96		401.75
1619	9	Mi5	E5	336	336	1	4	741	95	96		402.0
1620	9	Re5	D5	327	327	1	4	741	95	96		402.25
1621	9	Do5#4	C5#4	322	322	1	4	741	95	96		402.5
1622	9	Re5	D5	327	327	3	8	1111	95	96		402.875
1623	9	Es	Es	-1	-1	1	8	370	100	0		403.0
1624	9	Si5	B5	367	367	1	2	1481	95	96		403.5
1625	9	Sol5#4	G5#4	353	353	1	4	741	95	96		403.75
1626	9	La5	A5	358	358	1	4	741	95	96		404.0
1627	9	La5	A5	358	358	1	4	741	95	96		404.25
1628	9	Sol5#4	G5#4	353	353	1	4	741	95	96		404.5
1629	9	Fa5#5	F5#5	345	345	1	8	370	95	96		404.625
1630	9	Sol5#5	G5#5	354	354	1	8	370	95	96		404.75
1631	9	Fa5#5	F5#5	345	345	1	8	370	95	96		404.875
1632	9	Sol5#5	G5#5	354	354	1	8	370	95	96		405.0
1633	9	La5	A5	358	358	1	4	741	95	96		405.25
1634	9	Si5	B5	367	367	1	8	370	95	96		405.375
1635	9	Do6	C6	371	371	1	8	370	95	96		405.5
1636	9	Si5	B5	367	367	1	8	370	95	96		405.625
1637	9	La5	A5	358	358	1	8	370	95	96		405.75
1638	9	Sol5#4	G5#4	353	353	1	4	741	95	96		406.0
1639	9	Sol5#4	G5#4	353	353	1	4	741	95	96		406.25
1640	9	La5	A5	358	358	1	4	741	95	96		406.5
1641	9	Sol5#4	G5#4	353	353	3	8	1111	95	96		406.875
1642	9	Es	Es	-1	-1	1	8	370	100	0		407.0
1643	9	Si5	B5	367	367	1	4	741	95	96		407.25
1644	9	Sol5#4	G5#4	353	353	1	4	741	95	96		407.5
1645	9	La5	A5	358	358	3	4	2222	95	96		408.25
1646	9	La5	A5	358	358	1	8	370	95	96		408.375
1647	9	La5	A5	358	358	1	8	370	95	96		408.5
1648	9	La5	A5	358	358	3	8	1111	95	96		408.875
1649	9	La5	A5	358	358	1	8	370	95	96		409.0
1650	9	La5	A5	358	358	3	8	1111	95	96		409.375
1651	9	Es	Es	-1	-1	1	8	370	100	0		409.5
1652	9	La5	A5	358	358	1	2	1481	95	96		410.0
1653	9	La5	A5	358	358	1	4	741	95	96		410.25
1654	9	Si5	B5	367	367	1	4	741	95	96		410.5
1655	9	La5	A5	358	358	1	2	1481	95	96		411.0
1656	9	Si5	B5	367	367	1	4	741	95	96		411.25
1657	9	La5	A5	358	358	1	4	741	95	96		411.5
1658	9	Sol5#4	G5#4	353	353	1	2	1481	95	96		412.0
1659	9	La5	A5	358	358	1	4	741	95	96		412.25
1660	9	Sol5#4	G5#4	353	353	1	4	741	95	96		412.5
1661	9	Mi5#1	E5	337	336	1	2	1481	95	96		413.0
1662	9	Sol5#4	G5#4	353	353	1	4	741	95	96		413.25
1663	9	Fa5	F5	340	340	1	4	741	95	96		413.5
1664	9	Sol5#4	G5#4	353	353	3	16	556	95	96		413.6875
1665	9	Fa5#1	F5#1	341	341	1	16	185	95	96		413.75
1666	9	Mi5	E5	336	336	1	4	741	95	96		414.0
1667	9	Mi5	E5	336	336	1	4	741	95	96		414.25
1668	9	Mi5	E5	336	336	1	4	741	95	96		414.5
1669	9	Re5	D5	327	327	1	8	370	95	96		414.625
1670	9	Mi5	E5	336	336	1	8	370	95	96		414.75
1671	9	Fa5#4	F5#4	344	344	1	8	370	95	96		414.875
1672	9	Sol5	G5	349	349	1	8	370	95	96		415.0
1673	9	Fa5#4	F5#4	344	344	1	4	741	95	96		415.25
1674	9	Sol5	G5	349	349	1	4	741	95	96		415.5
1675	9	Fa5#4	F5#4	344	344	1	4	741	95	96		415.75
1676	9	Mi5	E5	336	336	1	4	741	95	96		416.0
1677	9	Re5	D5	327	327	1	4	741	95	96		416.25
1678	9	Do5#4	C5#4	322	322	1	4	741	95	96		416.5
1679	9	Mi5#1	E5	337	336	1	2	1481	95	96		417.0
1680	9	Sol5#4	G5#4	353	353	1	4	741	95	96		417.25
1681	9	Fa5	F5	340	340	1	4	741	95	96		417.5
1682	9	Sol5#4	G5#4	353	353	3	16	556	95	96		417.6875
1683	9	Fa5#1	F5#1	341	341	1	16	185	95	96		417.75
1684	9	Mi5	E5	336	336	1	4	741	95	96		418.0
1685	9	Mi5	E5	336	336	1	4	741	95	96		418.25
1686	9	Mi5	E5	336	336	1	4	741	95	96		418.5
1687	9	Re5	D5	327	327	1	8	370	95	96		418.625
1688	9	Mi5	E5	336	336	1	8	370	95	96		418.75
1689	9	Fa5#4	F5#4	344	344	1	8	370	95	96		418.875
1690	9	Sol5	G5	349	349	1	8	370	95	96		419.0
1691	9	Fa5#4	F5#4	344	344	1	4	741	95	96		419.25
1692	9	Sol5	G5	349	349	1	4	741	95	96		419.5
1693	9	Fa5#4	F5#4	344	344	1	4	741	95	96		419.75
1694	9	Mi5	E5	336	336	1	4	741	95	96		420.0
1695	9	Re5	D5	327	327	1	4	741	95	96		420.25
1696	9	Do5#4	C5#4	322	322	1	4	741	95	96		420.5
1697	9	La5	A5	358	358	1	2	1481	95	96		421.0
1698	9	La5	A5	358	358	1	4	741	95	96		421.25
1699	9	Sol5	G5	349	349	1	4	741	95	96		421.5
1700	9	La5	A5	358	358	3	16	556	95	96		421.6875
1701	9	Sol5	G5	349	349	1	16	185	95	96		421.75
1702	9	La5	A5	358	358	1	8	370	95	96		421.875
1703	9	Si5b1	B5b1	366	366	1	8	370	95	96		422.0
1704	9	La5	A5	358	358	1	4	741	95	96		422.25
1705	9	Si5b1	B5b1	366	366	1	4	741	95	96		422.5
1706	9	La5	A5	358	358	1	4	741	95	96		422.75
1707	9	Sol5	G5	349	349	1	4	741	95	96		423.0
1708	9	Fa5#4	F5#4	344	344	3	8	1111	95	96		423.375
1709	9	Es	Es	-1	-1	1	8	370	100	0		423.5
1710	9	Fa5#4	F5#4	344	344	1	4	741	95	96		423.75
1711	9	Sol5	G5	349	349	1	8	370	95	96		423.875
1712	9	La5	A5	358	358	1	8	370	95	96		424.0
1713	9	Sol5	G5	349	349	1	4	741	95	96		424.25
1714	9	La5	A5	358	358	1	4	741	95	96		424.5
1715	9	Sol5	G5	349	349	1	4	741	95	96		424.75
1716	9	Fa5#4	F5#4	344	344	1	4	741	95	96		425.0
1717	9	Mi5	E5	336	336	1	4	741	95	96		425.25
1718	9	Re5	D5	327	327	1	4	741	95	96		425.5
1719	9	Mi5	E5	336	336	1	4	741	95	96		425.75
1720	9	Fa5#4	F5#4	344	344	1	4	741	95	96		426.0
1721	9	Fa5#4	F5#4	344	344	1	4	741	95	96		426.25
1722	9	Mi5	E5	336	336	1	4	741	95	96		426.5
1723	9	Re5	D5	327	327	1	4	741	95	96		426.75
1724	9	Do5#4	C5#4	322	322	1	4	741	95	96		427.0
1725	9	Si4b4	B4b4	310	310	1	4	741	95	96		427.25
1726	9	Do5#4	C5#4	322	322	1	4	741	95	96		427.5
1727	9	La4	A4	305	305	1	2	1481	95	96		428.0
1728	9	Mi5	E5	336	336	1	4	741	95	96		428.25
1729	9	Re5	D5	327	327	1	4	741	95	96		428.5
1730	9	Do5#4	C5#4	322	322	1	2	1481	95	96		429.0
1731	9	Do5#4	C5#4	322	322	1	4	741	95	96		429.25
1732	9	Si4b4	B4b4	310	310	1	4	741	95	96		429.5
1733	9	Re5	D5	327	327	3	16	556	95	96		429.6875
1734	9	Do5#4	C5#4	322	322	1	16	185	95	96		429.75
1735	9	Si4b4	B4b4	310	310	3	16	556	95	96		429.9375
1736	9	La4	A4	305	305	1	16	185	95	96		430.0
1737	9	Sol4	G4	296	296	1	8	370	95	96		430.125
1738	9	Sol4	G4	296	296	1	8	370	95	96		430.25
1739	9	Sol4	G4	296	296	1	4	741	95	96		430.5
1740	9	La4	A4	305	305	1	4	741	95	96		430.75
1741	9	La4	A4	305	305	1	4	741	95	96		431.0
1742	9	Si4b4	B4b4	310	310	1	4	741	95	96		431.25
1743	9	Do5#4	C5#4	322	322	1	2	1481	95	96		431.75
1744	9	Re5	D5	327	327	1	2	1481	95	96		432.25
1745	9	Mi5	E5	336	336	1	2	1481	95	96		432.75
1746	9	Fa5#4	F5#4	344	344	1	2	1481	95	96		433.25
1747	9	Sol5	G5	349	349	1	2	1481	95	96		433.75
1748	9	La5	A5	358	358	3	8	1111	95	96		434.125
1749	9	Es	Es	-1	-1	1	8	370	100	0		434.25
1750	9	La5	A5	358	358	1	2	1481	95	96		434.75
1751	9	La5	A5	358	358	1	4	741	95	96		435.0
1752	9	Sol5	G5	349	349	1	4	741	95	96		435.25
1753	9	La5	A5	358	358	3	16	556	95	96		435.4375
1754	9	Sol5	G5	349	349	1	16	185	95	96		435.5
1755	9	La5	A5	358	358	1	8	370	95	96		435.625
1756	9	Si5b1	B5b1	366	366	1	8	370	95	96		435.75
1757	9	La5	A5	358	358	1	4	741	95	96		436.0
1758	9	Si5b1	B5b1	366	366	1	4	741	95	96		436.25
1759	9	La5	A5	358	358	1	4	741	95	96		436.5
1760	9	Sol5	G5	349	349	1	4	741	95	96		436.75
1761	9	Fa5#4	F5#4	344	344	3	8	1111	95	96		437.125
1762	9	Es	Es	-1	-1	1	8	370	100	0		437.25
1763	9	Fa5#4	F5#4	344	344	1	4	741	95	96		437.5
1764	9	Sol5	G5	349	349	1	8	370	95	96		437.625
1765	9	La5	A5	358	358	1	8	370	95	96		437.75
1766	9	Sol5	G5	349	349	1	4	741	95	96		438.0
1767	9	La5	A5	358	358	1	4	741	95	96		438.25
1768	9	Sol5	G5	349	349	1	4	741	95	96		438.5
1769	9	Fa5#4	F5#4	344	344	1	4	741	95	96		438.75
1770	9	Mi5	E5	336	336	1	4	741	95	96		439.0
1771	9	Re5	D5	327	327	1	4	741	95	96		439.25
1772	9	Mi5	E5	336	336	1	4	741	95	96		439.5
1773	9	Fa5#4	F5#4	344	344	1	4	741	95	96		439.75
1774	9	Fa5#4	F5#4	344	344	1	4	741	95	96		440.0
1775	9	Mi5	E5	336	336	1	4	741	95	96		440.25
1776	9	Re5	D5	327	327	1	4	741	95	96		440.5
1777	9	Do5#4	C5#4	322	322	1	4	741	95	96		440.75
1778	9	Si4b4	B4b4	310	310	1	4	741	95	96		441.0
1779	9	Do5#4	C5#4	322	322	1	4	741	95	96		441.25
1780	9	La4	A4	305	305	3	8	1111	95	96		441.625
1781	9	Es	Es	-1	-1	1	8	370	100	0		441.75
1782	9	Mi5	E5	336	336	1	4	741	95	96		442.0
1783	9	Re5	D5	327	327	1	4	741	95	96		442.25
1784	9	Mi5	E5	336	336	1	8	370	95	96		442.375
1785	9	Re5	D5	327	327	1	8	370	95	96		442.5
1786	9	Do5#4	C5#4	322	322	1	4	741	95	96		442.75
1787	9	Do5#4	C5#4	322	322	1	4	741	95	96		443.0
1788	9	Si4b4	B4b4	310	310	1	4	741	95	96		443.25
1789	9	Re5	D5	327	327	3	16	556	95	96		443.4375
1790	9	Do5#4	C5#4	322	322	1	16	185	95	96		443.5
1791	9	Si4b4	B4b4	310	310	3	16	556	95	96		443.6875
1792	9	La4	A4	305	305	1	16	185	95	96		443.75
1793	9	Sol4	G4	296	296	1	8	370	95	96		443.875
1794	9	La4	A4	305	305	1	8	370	95	96		444.0
1795	9	Sol4	G4	296	296	1	4	741	95	96		444.25
1796	9	La4	A4	305	305	1	4	741	95	96		444.5
1797	9	La4	A4	305	305	3	8	1111	95	96		444.875
1798	9	Es	Es	-1	-1	1	8	370	100	0		445.0
1799	9	La4	A4	305	305	1	2	1481	95	96		445.5
1800	9	La4	A4	305	305	1	4	741	95	96		445.75
1801	9	Si4b1	B4b1	313	313	1	4	741	95	96		446.0
1802	9	Do5	C5	318	318	1	2	1481	95	96		446.5
1803	9	Si4b1	B4b1	313	313	1	4	741	95	96		446.75
1804	9	La4	A4	305	305	1	4	741	95	96		447.0
1805	9	Sol4	G4	296	296	1	4	741	95	96		447.25
1806	8	La4	A4	305	305	0	0	0	95	96		447.25
1807	9	Sol4	G4	296	296	1	8	370	95	96		447.375
1808	9	Fa4	F4	287	287	1	8	370	95	96		447.5
1809	9	Mi4	E4	283	283	1	4	741	95	96		447.75
1810	9	Re4	D4	274	274	1	4	741	95	96		448.0
1811	9	La4	A4	305	305	1	2	1481	95	96		448.5
1812	9	La4	A4	305	305	1	4	741	95	96		448.75
1813	9	Si4b4	B4b4	310	310	1	4	741	95	96		449.0
1814	9	La4	A4	305	305	3	8	1111	95	96		449.375
1815	9	Si4b4	B4b4	310	310	1	8	370	95	96		449.5
1816	9	Do5#4	C5#4	322	322	1	4	741	95	96		449.75
1817	9	Re5	D5	327	327	1	4	741	95	96		450.0
1818	9	Do5#4	C5#4	322	322	1	8	370	95	96		450.125
1819	9	Re5	D5	327	327	1	8	370	95	96		450.25
1820	9	Do5#4	C5#4	322	322	1	8	370	95	96		450.375
1821	9	Re5	D5	327	327	1	8	370	95	96		450.5
1822	9	Mi5	E5	336	336	1	2	1481	95	96		451.0
1823	9	Do5#4	C5#4	322	322	1	8	370	95	96		451.125
1824	9	Re5	D5	327	327	1	8	370	95	96		451.25
1825	9	Do5#4	C5#4	322	322	1	4	741	95	96		451.5
1826	9	Re5	D5	327	327	1	8	370	95	96		451.625
1827	9	Mi5	E5	336	336	1	8	370	95	96		451.75
1828	9	Re5	D5	327	327	1	4	741	95	96		452.0
1829	9	Mi5	E5	336	336	1	2	1481	95	96		452.5
1830	9	Fa5#4	F5#4	344	344	1	4	741	95	96		452.75
1831	9	Mi5	E5	336	336	1	4	741	95	96		453.0
1832	9	Re5	D5	327	327	1	4	741	95	96		453.25
1833	9	Do5#4	C5#4	322	322	1	4	741	95	96		453.5
1834	9	Re5	D5	327	327	1	4	741	95	96		453.75
1835	9	Es	Es	-1	-1	1	4	741	100	0		454.0
1836	9	Fa5	F5	340	340	1	2	1481	95	96		454.5
1837	9	Fa5	F5	340	340	1	4	741	95	96		454.75
1838	9	Mi5	E5	336	336	1	4	741	95	96		455.0
1839	9	Fa5	F5	340	340	1	8	370	95	96		455.125
1840	9	Sol5	G5	349	349	1	8	370	95	96		455.25
1841	9	Fa5	F5	340	340	1	4	741	95	96		455.5
1842	9	Sol5	G5	349	349	1	8	370	95	96		455.625
1843	9	La5	A5	358	358	1	8	370	95	96		455.75
1844	9	Sol5	G5	349	349	1	4	741	95	96		456.0
1845	9	La5	A5	358	358	1	2	1481	95	96		456.5
1846	9	La5	A5	358	358	1	4	741	95	96		456.75
1847	9	Si5b4	B5b4	363	363	1	4	741	95	96		457.0
1848	9	La5	A5	358	358	1	2	1481	95	96		457.5
1849	9	Sol5#4	G5#4	353	353	1	2	1481	95	96		458.0
1850	9	La5	A5	358	358	1	8	370	95	96		458.125
1851	9	Si5b4	B5b4	363	363	1	8	370	95	96		458.25
1852	9	La5	A5	358	358	1	4	741	95	96		458.5
1853	9	Si5b4	B5b4	363	363	1	8	370	95	96		458.625
1854	9	Do6#4	C6#4	375	375	1	8	370	95	96		458.75
1855	9	Si5b4	B5b4	363	363	1	4	741	95	96		459.0
1856	9	Do6#4	C6#4	375	375	3	8	1111	95	96		459.375
1857	9	Re6	D6	380	380	1	8	370	95	96		459.5
1858	9	Do6#4	C6#4	375	375	1	4	741	95	96		459.75
1859	9	Re6	D6	380	380	1	4	741	95	96		460.0
1860	9	Do6#4	C6#4	375	375	1	4	741	95	96		460.25
1861	9	Si5b4	B5b4	363	363	1	4	741	95	96		460.5
1862	9	La5	A5	358	358	1	2	1481	95	96		461.0
1863	9	La5	A5	358	358	1	4	741	95	96		461.25
1864	9	Si5b4	B5b4	363	363	1	4	741	95	96		461.5
1865	9	Si5b4	B5b4	363	363	1	4	741	95	96		461.75
1866	9	La5	A5	358	358	1	4	741	95	96		462.0
1867	9	Sol5#4	G5#4	353	353	1	8	370	95	96		462.125
1868	9	La5	A5	358	358	1	8	370	95	96		462.25
1869	9	Sol5#4	G5#4	353	353	1	8	370	95	96		462.375
1870	9	La5	A5	358	358	1	8	370	95	96		462.5
1871	9	Si5b4	B5b4	363	363	1	4	741	95	96		462.75
1872	9	Do6#4	C6#4	375	375	1	8	370	95	96		462.875
1873	9	Re6	D6	380	380	1	8	370	95	96		463.0
1874	9	Do6#4	C6#4	375	375	3	16	556	95	96		463.1875
1875	9	Si5b4	B5b4	363	363	1	16	185	95	96		463.25
1876	9	La5	A5	358	358	1	4	741	95	96		463.5
1877	9	La5	A5	358	358	1	4	741	95	96		463.75
1878	9	La5	A5	358	358	1	8	370	95	96		463.875
1879	9	La5	A5	358	358	1	8	370	95	96		464.0
1880	9	La5	A5	358	358	1	2	1481	95	96		464.5
1881	9	La5	A5	358	358	1	4	741	95	96		464.75
1882	9	Es	Es	-1	-1	1	4	741	100	0		465.0
1883	9	La4	A4	305	305	1	8	370	95	96		465.125
1884	9	Si4b4	B4b4	310	310	1	8	370	95	96		465.25
1885	9	La4	A4	305	305	1	4	741	95	96		465.5
1886	9	Si4b4	B4b4	310	310	1	8	370	95	96		465.625
1887	9	Do5#4	C5#4	322	322	1	8	370	95	96		465.75
1888	9	Si4b4	B4b4	310	310	1	4	741	95	96		466.0
1889	9	Do5#4	C5#4	322	322	1	2	1481	95	96		466.5
1890	9	Do5#4	C5#4	322	322	1	4	741	95	96		466.75
1891	9	Re5	D5	327	327	1	8	370	95	96		466.875
1892	9	Mi5	E5	336	336	1	8	370	95	96		467.0
1893	9	Re5	D5	327	327	1	8	370	95	96		467.125
1894	9	Do5#4	C5#4	322	322	1	8	370	95	96		467.25
1895	9	Si4	B4	314	314	1	4	741	95	96		467.5
1896	9	Si4	B4	314	314	1	2	1481	95	96		468.0
1897	9	Do5#4	C5#4	322	322	1	4	741	95	96		468.25
1898	9	Re5	D5	327	327	1	4	741	95	96		468.5
1899	9	Do5#4	C5#4	322	322	1	2	1481	95	96		469.0
1900	9	Re5	D5	327	327	1	4	741	95	96		469.25
1901	9	Mi5	E5	336	336	1	4	741	95	96		469.5
1902	9	Re5	D5	327	327	1	2	1481	95	96		470.0
1903	9	Mi5	E5	336	336	1	2	1481	95	96		470.5
1904	9	Mi5	E5	336	336	1	4	741	95	96		470.75
1905	9	Fa5#1	F5#1	341	341	1	4	741	95	96		471.0
1906	9	Mi5	E5	336	336	1	2	1481	95	96		471.5
1907	9	Re5#5	D5#5	332	332	1	2	1481	95	96		472.0
1908	9	Mi5	E5	336	336	1	8	370	95	96		472.125
1909	9	Fa5#1	F5#1	341	341	1	8	370	95	96		472.25
1910	9	Mi5	E5	336	336	1	4	741	95	96		472.5
1911	9	Fa5#1	F5#1	341	341	1	8	370	95	96		472.625
1912	9	Sol5#4	G5#4	353	353	1	8	370	95	96		472.75
1913	9	Fa5#1	F5#1	341	341	1	4	741	95	96		473.0
1914	9	Sol5#4	G5#4	353	353	1	2	1481	95	96		473.5
1915	9	Sol5#4	G5#4	353	353	1	4	741	95	96		473.75
1916	9	La5	A5	358	358	1	4	741	95	96		474.0
1917	9	Sol5#4	G5#4	353	353	1	4	741	95	96		474.25
1918	9	Fa5#1	F5#1	341	341	1	4	741	95	96		474.5
1919	9	Mi5	E5	336	336	1	2	1481	95	96		475.0
1920	9	Mi5	E5	336	336	1	4	741	95	96		475.25
1921	9	Fa5#1	F5#1	341	341	1	4	741	95	96		475.5
1922	9	Fa5#1	F5#1	341	341	1	4	741	95	96		475.75
1923	9	Mi5	E5	336	336	1	4	741	95	96		476.0
1924	9	Re5#5	D5#5	332	332	3	8	1111	95	96		476.375
1925	9	Mi5	E5	336	336	1	8	370	95	96		476.5
1926	9	Fa5#1	F5#1	341	341	1	4	741	95	96		476.75
1927	9	Sol5#4	G5#4	353	353	1	4	741	95	96		477.0
1928	9	Mi5	E5	336	336	3	8	1111	95	96		477.375
1929	9	Fa5#1	F5#1	341	341	1	8	370	95	96		477.5
1930	9	Sol5#4	G5#4	353	353	1	4	741	95	96		477.75
1931	9	La5	A5	358	358	1	4	741	95	96		478.0
1932	9	Sol5#4	G5#4	353	353	1	4	741	95	96		478.25
1933	9	La5	A5	358	358	1	4	741	95	96		478.5
1934	9	Si5	B5	367	367	1	2	1481	95	96		479.0
1935	9	Sol5#4	G5#4	353	353	1	8	370	95	96		479.125
1936	9	La5	A5	358	358	1	8	370	95	96		479.25
1937	9	Sol5#4	G5#4	353	353	1	4	741	95	96		479.5
1938	9	La5	A5	358	358	1	8	370	95	96		479.625
1939	9	Si5	B5	367	367	1	8	370	95	96		479.75
1940	9	La5	A5	358	358	1	4	741	95	96		480.0
1941	9	Si5	B5	367	367	1	2	1481	95	96		480.5
1942	9	Do6#4	C6#4	375	375	1	4	741	95	96		480.75
1943	9	Si5	B5	367	367	1	4	741	95	96		481.0
1944	9	La5	A5	358	358	1	4	741	95	96		481.25
1945	9	Sol5#4	G5#4	353	353	1	4	741	95	96		481.5
1946	9	La5	A5	358	358	1	4	741	95	96		481.75
1947	9	Es	Es	-1	-1	1	4	741	100	0		482.0
1948	9	Sol5#4	G5#4	353	353	1	4	741	95	96		482.25
1949	9	La5	A5	358	358	1	4	741	95	96		482.5
1950	9	La5	A5	358	358	1	4	741	95	96		482.75
1951	9	Si5	B5	367	367	1	4	741	95	96		483.0
1952	9	La5	A5	358	358	1	4	741	95	96		483.25
1953	9	Sol5#4	G5#4	353	353	1	4	741	95	96		483.5
1954	9	Fa5#1	F5#1	341	341	1	4	741	95	96		483.75
1955	9	Sol5#4	G5#4	353	353	1	8	370	95	96		483.875
1956	9	La5	A5	358	358	1	8	370	95	96		484.0
1957	9	Sol5#4	G5#4	353	353	1	4	741	95	96		484.25
1958	9	La5	A5	358	358	1	4	741	95	96		484.5
1959	9	La5	A5	358	358	1	4	741	95	96		484.75
1960	9	Sol5#4	G5#4	353	353	1	4	741	95	96		485.0
1961	9	Fa5#1	F5#1	341	341	1	4	741	95	96		485.25
1962	9	Mi5	E5	336	336	1	4	741	95	96		485.5
1963	9	Re5	D5	327	327	1	4	741	95	96		485.75
1964	9	Do5#4	C5#4	322	322	1	4	741	95	96		486.0
1965	9	Re5	D5	327	327	1	4	741	95	96		486.25
1966	9	Es	Es	-1	-1	1	4	741	100	0		486.5
1967	9	Si5	B5	367	367	1	2	1481	95	96		487.0
1968	9	Sol5#4	G5#4	353	353	1	4	741	95	96		487.25
1969	9	La5	A5	358	358	1	4	741	95	96		487.5
1970	9	La5	A5	358	358	1	4	741	95	96		487.75
1971	9	Sol5#4	G5#4	353	353	1	4	741	95	96		488.0
1972	9	Fa5#5	F5#5	345	345	1	8	370	95	96		488.125
1973	9	Sol5#4	G5#4	353	353	1	8	370	95	96		488.25
1974	9	Fa5#5	F5#5	345	345	1	8	370	95	96		488.375
1975	9	Sol5#4	G5#4	353	353	1	8	370	95	96		488.5
1976	9	La5	A5	358	358	1	4	741	95	96		488.75
1977	9	Si5	B5	367	367	1	8	370	95	96		488.875
1978	9	Do6#4	C6#4	375	375	1	8	370	95	96		489.0
1979	9	Si5	B5	367	367	1	8	370	95	96		489.125
1980	9	La5	A5	358	358	1	8	370	95	96		489.25
1981	9	Sol5#4	G5#4	353	353	1	4	741	95	96		489.5
1982	9	Sol5#4	G5#4	353	353	1	4	741	95	96		489.75
1983	9	Es	Es	-1	-1	1	4	741	100	0		490.0
1984	9	Sol5#4	G5#4	353	353	1	2	1481	95	96		490.5
1985	9	Si5	B5	367	367	1	4	741	95	96		490.75
1986	9	Sol5#4	G5#4	353	353	1	4	741	95	96		491.0
1987	9	La5	A5	358	358	3	4	2222	95	96		491.75
1988	9	La5	A5	358	358	1	8	370	95	96		491.875
1989	9	La5	A5	358	358	1	8	370	95	96		492.0
1990	9	La5	A5	358	358	3	8	1111	95	96		492.375
1991	9	La5	A5	358	358	1	8	370	95	96		492.5
1992	9	La5	A5	358	358	3	8	1111	95	96		492.875
1993	9	Es	Es	-1	-1	1	8	370	100	0		493.0
1994	9	La4	A4	305	305	1	8	370	95	96		493.125
1995	9	Si4b4	B4b4	310	310	1	8	370	95	96		493.25
1996	9	La4	A4	305	305	1	8	370	95	96		493.375
1997	9	Si4b4	B4b4	310	310	1	8	370	95	96		493.5
1998	9	Do5#4	C5#4	322	322	1	4	741	95	96		493.75
1999	9	Re5	D5	327	327	1	4	741	95	96		494.0
2000	9	Do5#4	C5#4	322	322	1	4	741	95	96		494.25
2001	9	Si4b4	B4b4	310	310	1	4	741	95	96		494.5
2002	9	La4	A4	305	305	1	2	1481	95	96		495.0
2003	9	La4	A4	305	305	1	4	741	95	96		495.25
2004	9	La4	A4	305	305	1	8	370	95	96		495.375
2005	9	La4	A4	305	305	1	8	370	95	96		495.5
2006	9	La4	A4	305	305	1	2	1481	95	96		496.0
