Sira	Kod	Nota53	NotaAE	Koma53	KomaAE	Pay	Payda	Ms	LNS	Bas	Soz1	Offset
1	51			0	0	9	8	0	20	0	Aksak	0.0
2	9	Mi5	E5	336	336	1	2	833	95	96	ARANAĞME	0.444444444444
3	9	Mi5	E5	336	336	1	16	104	95	96	.	0.5
4	9	Re5#4	D5#4	331	331	1	16	104	95	96	.	0.555555555556
5	9	Mi5	E5	336	336	1	16	104	95	96	.	0.611111111111
6	9	Fa5	F5	340	340	1	16	104	95	96	.	0.666666666667
7	9	Mi5	E5	336	336	1	4	417	50	96	.	0.888888888889
8	9	Es	Es	-1	-1	1	8	208	100	0	.	1.0
9	9	Mi5	E5	336	336	1	16	104	95	96	.	1.05555555556
10	9	Re5#4	D5#4	331	331	1	16	104	95	66	.	1.11111111111
11	9	Mi5	E5	336	336	1	16	104	95	69	.	1.16666666667
12	9	Fa5	F5	340	340	1	16	104	95	71	.	1.22222222222
13	9	Mi5	E5	336	336	1	16	104	95	74	.	1.27777777778
14	9	Fa5	F5	340	340	1	16	104	95	76	.	1.33333333333
15	9	Mi5	E5	336	336	1	16	104	95	79	.	1.38888888889
16	9	Re5#4	D5#4	331	331	1	16	104	95	81	.	1.44444444444
17	9	Do5	C5	318	318	1	16	104	95	84	.	1.5
18	9	Re5#4	D5#4	331	331	1	16	104	95	96	.	1.55555555556
19	9	Do5	C5	318	318	1	16	104	95	96	.	1.61111111111
20	9	Si4	B4	314	314	1	16	104	95	96	.	1.66666666667
21	9	Do5	C5	318	318	1	16	104	95	96	.	1.72222222222
22	9	Si4	B4	314	314	1	16	104	95	96	.	1.77777777778
23	9	La4	A4	305	305	1	16	104	95	96	.	1.83333333333
24	9	Sol4#4	G4#4	300	300	1	16	104	95	96	.	1.88888888889
25	9	La4	A4	305	305	1	8	208	95	96	.	2.0
26	9	Mi5	E5	336	336	1	2	833	95	96	.	2.44444444444
27	9	Mi5	E5	336	336	1	16	104	95	96	.	2.5
28	9	Re5#4	D5#4	331	331	1	16	104	95	96	.	2.55555555556
29	9	Mi5	E5	336	336	1	16	104	95	96	.	2.61111111111
30	9	Fa5	F5	340	340	1	16	104	95	96	.	2.66666666667
31	9	Mi5	E5	336	336	1	4	417	50	96	.	2.88888888889
32	9	Es	Es	-1	-1	1	8	208	100	0	.	3.0
33	9	Mi5	E5	336	336	1	8	208	95	96	.	3.11111111111
34	9	Fa5	F5	340	340	1	8	208	95	96	.	3.22222222222
35	9	Sol5#4	G5#4	353	353	1	8	208	95	96	.	3.33333333333
36	10	La5	A5	358	358	1	8	208	95	96	.	3.44444444444
37	8	Si5	B5	367	367	0	0	0	95	96	.	3.44444444444
38	9	Sol5#4	G5#4	353	353	1	8	208	95	96	.	3.55555555556
39	9	Si5	B5	367	367	1	8	208	95	96	.	3.66666666667
40	9	La5	A5	358	358	1	4	417	95	96	.	3.88888888889
41	9	Es	Es	-1	-1	1	8	208	100	0	.	4.0
42	9	Do6	C6	371	371	1	2	833	95	96	.	4.44444444444
43	9	Do6	C6	371	371	1	8	208	95	96	.	4.55555555556
44	9	Si5	B5	367	367	1	8	208	95	96	.	4.66666666667
45	9	Si5	B5	367	367	1	4	417	95	96	.	4.88888888889
46	9	La5	A5	358	358	1	8	208	95	96	.	5.0
47	9	Si5	B5	367	367	1	8	208	95	96	.	5.11111111111
48	9	La5	A5	358	358	1	4	417	95	96	.	5.33333333333
49	9	Do6	C6	371	371	1	8	208	95	96	.	5.44444444444
50	11	Si5	B5	367	367	1	8	208	95	96	.	5.55555555556
51	11	La5	A5	358	358	1	8	208	95	96	.	5.66666666667
52	9	Sol5#4	G5#4	353	353	1	4	417	95	96	.	5.88888888889
53	9	Es	Es	-1	-1	1	8	208	100	0	.	6.0
54	9	Fa5	F5	340	340	1	2	833	50	96	.	6.44444444444
55	9	Mi5	E5	336	336	1	4	417	95	96	.	6.66666666667
56	9	Re5#4	D5#4	331	331	1	4	417	95	96	.	6.88888888889
57	9	Mi5	E5	336	336	1	8	208	95	96	.	7.0
58	9	Fa5	F5	340	340	1	8	208	95	96	.	7.11111111111
59	9	Sol5#4	G5#4	353	353	1	16	104	95	96	.	7.16666666667
60	9	La5	A5	358	358	1	16	104	95	96	.	7.22222222222
61	9	Si5	B5	367	367	1	16	104	95	96	.	7.27777777778
62	9	Do6	C6	371	371	1	16	104	95	96	.	7.33333333333
63	9	Si5	B5	367	367	1	16	104	95	96	.	7.38888888889
64	9	La5	A5	358	358	1	16	104	95	96	.	7.44444444444
65	9	Sol5#4	G5#4	353	353	1	16	104	95	96	.	7.5
66	9	La5	A5	358	358	1	16	104	95	96	.	7.55555555556
67	9	Sol5#4	G5#4	353	353	1	16	104	95	96	.	7.61111111111
68	9	Fa5	F5	340	340	1	16	104	95	96	.	7.66666666667
69	9	Mi5	E5	336	336	1	4	417	95	96	.	7.88888888889
70	9	Es	Es	-1	-1	1	8	208	100	0	.	8.0
71	9	Sol5	G5	349	349	1	2	833	50	96	.	8.44444444444
72	9	La5	A5	358	358	1	8	208	95	96	.	8.55555555556
73	9	Sol5	G5	349	349	1	8	208	95	96	.	8.66666666667
74	7	Fa5	F5	340	340	2	8	417	95	96	.	8.88888888889
75	9	Mi5	E5	336	336	1	8	208	95	96	.	9.0
76	9	Mi5	E5	336	336	1	8	208	95	96	.	9.11111111111
77	9	Re5	D5	327	327	1	4	417	95	96	.	9.33333333333
78	9	Fa5	F5	340	340	1	8	208	95	96	.	9.44444444444
79	9	Mi5	E5	336	336	1	8	208	95	96	.	9.55555555556
80	9	Re5	D5	327	327	1	8	208	95	96	.	9.66666666667
81	9	Do5	C5	318	318	1	4	417	95	96	.	9.88888888889
82	9	Es	Es	-1	-1	1	8	208	100	0	.	10.0
83	9	Re5	D5	327	327	1	8	208	95	96	.	10.1111111111
84	9	Do5	C5	318	318	1	8	208	95	96	.	10.2222222222
85	9	Re5	D5	327	327	1	8	208	95	96	.	10.3333333333
86	9	Fa5	F5	340	340	1	8	208	95	96	.	10.4444444444
87	9	Mi5	E5	336	336	1	8	208	95	96	.	10.5555555556
88	9	Re5	D5	327	327	1	8	208	95	96	.	10.6666666667
89	9	Do5	C5	318	318	1	8	208	95	96	.	10.7777777778
90	9	Si4	B4	314	314	1	8	208	95	96	.	10.8888888889
91	9	La4	A4	305	305	1	8	208	95	96	.	11.0
92	11	Si4	B4	314	314	1	8	208	95	96	.	11.1111111111
93	10	La4	A4	305	305	1	8	208	95	96	.	11.2222222222
94	8	Si4	B4	314	314	0	0	0	95	96	.	11.2222222222
95	9	Sol4#4	G4#4	300	300	1	8	208	95	96	.	11.3333333333
96	9	La4	A4	305	305	1	8	208	95	96	.	11.4444444444
97	9	Si4	B4	314	314	1	4	417	95	96	.	11.6666666667
98	9	Si4	B4	314	314	1	16	104	95	96	.	11.7222222222
99	9	La4	A4	305	305	1	16	104	95	96	.	11.7777777778
100	9	Si4	B4	314	314	1	16	104	95	96	.	11.8333333333
101	9	Do5	C5	318	318	1	16	104	95	96	.	11.8888888889
102	9	Re5	D5	327	327	1	16	104	95	96	.	11.9444444444
103	9	Re5#4	D5#4	331	331	1	16	104	95	96	.	12.0
104	9	Mi5	E5	336	336	1	4	417	50	96	.	12.2222222222
105	9	Es	Es	-1	-1	1	4	417	100	0	.	12.4444444444
106	9	Mi5	E5	336	336	1	16	104	95	96	.	12.5
107	9	Fa5	F5	340	340	1	16	104	95	96	.	12.5555555556
108	9	Mi5	E5	336	336	1	8	208	95	96	.	12.6666666667
109	9	Re5	D5	327	327	1	4	417	95	96	.	12.8888888889
110	9	Do5	C5	318	318	1	8	208	95	96	.	13.0
111	9	Sol5	G5	349	349	1	8	208	95	96	.	13.1111111111
112	9	Sol5	G5	349	349	1	4	417	95	96	.	13.3333333333
113	11	La5	A5	358	358	1	8	208	95	96	.	13.4444444444
114	11	La5	A5	358	358	1	8	208	95	96	.	13.5555555556
115	11	Sol5	G5	349	349	1	8	208	95	96	.	13.6666666667
116	11	Fa5	F5	340	340	1	8	208	95	96	.	13.7777777778
117	11	Mi5	E5	336	336	1	8	208	95	96	.	13.8888888889
118	9	Re5	D5	327	327	1	8	208	95	96	.	14.0
119	9	Do5	C5	318	318	1	8	208	95	96	.	14.1111111111
120	9	Mi5	E5	336	336	1	8	208	95	96	.	14.2222222222
121	9	Re5	D5	327	327	1	8	208	95	96	.	14.3333333333
122	9	Mi5	E5	336	336	1	8	208	95	96	.	14.4444444444
123	9	Do5	C5	318	318	1	8	208	95	96	.	14.5555555556
124	9	Re5	D5	327	327	1	8	208	95	96	.	14.6666666667
125	9	Do5	C5	318	318	1	8	208	95	96	.	14.7777777778
126	9	Si4	B4	314	314	1	8	208	95	96	.	14.8888888889
127	9	La4	A4	305	305	1	8	208	95	96	.	15.0
128	9	Do5	C5	318	318	1	8	208	95	96	.	15.1111111111
129	9	Si4	B4	314	314	1	8	208	95	66	.	15.2222222222
130	9	La4	A4	305	305	1	8	208	95	68	.	15.3333333333
131	9	Sol4#4	G4#4	300	300	1	8	208	95	71	.	15.4444444444
132	9	La4	A4	305	305	1	4	417	95	73	.	15.6666666667
133	9	Es	Es	-1	-1	3	8	625	100	76		16.0
134	7	Mi5	E5	336	336	4	8	833	95	78	Yan	16.4444444444
135	11	Do6	C6	371	371	1	8	208	99	96	dım 	16.5555555556
136	11	Si5	B5	367	367	1	8	208	99	96		16.6666666667
137	11	La5	A5	358	358	1	8	208	99	96		16.7777777778
138	11	Sol5#4	G5#4	353	353	1	8	208	99	96		16.8888888889
139	9	Fa5	F5	340	340	1	8	208	95	96		17.0
140	11	Sol5#4	G5#4	353	353	1	8	208	95	96	de	17.1111111111
141	10	Fa5	F5	340	340	1	8	208	95	96		17.2222222222
142	8	Sol5#4	G5#4	353	353	0	0	0	95	96		17.2222222222
143	9	Fa5	F5	340	340	1	8	208	99	96	min	17.3333333333
144	9	Mi5	E5	336	336	1	8	208	95	96		17.4444444444
145	8	Fa5	F5	340	340	0	0	0	95	96		17.4444444444
146	9	Mi5	E5	336	336	1	8	208	99	96	den 	17.5555555556
147	11	Re5#4	D5#4	331	331	1	8	208	99	96		17.6666666667
148	9	Do5	C5	318	318	1	8	208	99	96		17.7777777778
149	10	Si4	B4	314	314	1	8	208	99	96		17.8888888889
150	8	Do5	C5	318	318	0	0	0	99	96		17.8888888889
151	9	La4	A4	305	305	1	8	208	95	96		18.0
152	7	Mi5	E5	336	336	4	8	833	95	96	ağ	18.4444444444
153	11	Do6	C6	371	371	1	8	208	99	96	yâr 	18.5555555556
154	11	Si5	B5	367	367	1	8	208	99	96		18.6666666667
155	11	La5	A5	358	358	1	8	208	99	96		18.7777777778
156	11	Sol5#4	G5#4	353	353	1	8	208	99	96		18.8888888889
157	9	Fa5	F5	340	340	1	8	208	95	96		19.0
158	9	Sol5#4	G5#4	353	353	1	8	208	99	96	e	19.1111111111
159	9	La5	A5	358	358	1	8	208	95	96		19.2222222222
160	23	Si5	B5	367	367	1	8	208	99	96	lin	19.3333333333
161	9	Sol5#4	G5#4	353	353	1	8	208	95	96		19.4444444444
162	9	La5	A5	358	358	1	4	417	95	66	den  	19.6666666667
163	8	Si5	B5	367	367	0	0	0	95	68		19.6666666667
164	9	La5	A5	358	358	1	8	208	95	71	SAZ	19.7777777778
165	9	Sol5#4	G5#4	353	353	1	8	208	95	73	.	19.8888888889
166	9	Fa5	F5	340	340	1	8	208	95	76	.	20.0
167	7	Mi5	E5	336	336	4	8	833	95	78	Yan	20.4444444444
168	11	Do6	C6	371	371	1	8	208	99	96	dım 	20.5555555556
169	11	Si5	B5	367	367	1	8	208	99	96		20.6666666667
170	11	La5	A5	358	358	1	8	208	99	96		20.7777777778
171	11	Sol5#4	G5#4	353	353	1	8	208	99	96		20.8888888889
172	9	Fa5	F5	340	340	1	8	208	95	96		21.0
173	11	Sol5#4	G5#4	353	353	1	8	208	95	96	de	21.1111111111
174	10	Fa5	F5	340	340	1	8	208	95	96		21.2222222222
175	8	Sol5#4	G5#4	353	353	0	0	0	95	96		21.2222222222
176	9	Fa5	F5	340	340	1	8	208	99	96	min	21.3333333333
177	9	Mi5	E5	336	336	1	8	208	95	96		21.4444444444
178	8	Fa5	F5	340	340	0	0	0	95	96		21.4444444444
179	9	Mi5	E5	336	336	1	8	208	99	96	den 	21.5555555556
180	11	Re5#4	D5#4	331	331	1	8	208	99	96		21.6666666667
181	9	Do5	C5	318	318	1	8	208	99	96		21.7777777778
182	10	Si4	B4	314	314	1	8	208	99	96		21.8888888889
183	8	Do5	C5	318	318	0	0	0	99	96		21.8888888889
184	9	La4	A4	305	305	1	8	208	95	96		22.0
185	7	Mi5	E5	336	336	4	8	833	95	96	ağ	22.4444444444
186	11	Do6	C6	371	371	1	8	208	99	96	yâr 	22.5555555556
187	11	Si5	B5	367	367	1	8	208	99	96		22.6666666667
188	11	La5	A5	358	358	1	8	208	99	96		22.7777777778
189	11	Sol5#4	G5#4	353	353	1	8	208	99	96		22.8888888889
190	9	Fa5	F5	340	340	1	8	208	95	96		23.0
191	9	Sol5#4	G5#4	353	353	1	8	208	99	66	e	23.1111111111
192	9	La5	A5	358	358	1	8	208	95	68		23.2222222222
193	23	Si5	B5	367	367	1	8	208	99	71	lin	23.3333333333
194	9	Sol5#4	G5#4	353	353	1	8	208	95	73		23.4444444444
195	9	La5	A5	358	358	1	4	417	95	76	den  	23.6666666667
196	9	La5	A5	358	358	1	16	104	95	78	SAZ	23.7222222222
197	9	Sol5#4	G5#4	353	353	1	16	104	95	66	.	23.7777777778
198	9	Fa5	F5	340	340	1	16	104	95	71	.	23.8333333333
199	9	Mi5	E5	336	336	1	16	104	95	75	.	23.8888888889
200	9	Re5#4	D5#4	331	331	1	16	104	95	80	.	23.9444444444
201	9	Fa5	F5	340	340	1	16	104	95	85	.	24.0
202	9	Mi5	E5	336	336	1	2	833	95	89	Dil	24.4444444444
203	23	Mi5	E5	336	336	1	4	417	99	94	ber 	24.6666666667
204	9	Re5	D5	327	327	2	8	417	99	99		24.8888888889
205	9	Do5	C5	318	318	1	8	208	95	103		25.0
206	9	Sol5	G5	349	349	1	8	208	95	108	di	25.1111111111
207	9	Sol5	G5	349	349	1	4	417	99	96	lin	25.3333333333
208	11	La5	A5	358	358	1	8	208	95	96		25.4444444444
209	11	La5	A5	358	358	1	8	208	99	96	den 	25.5555555556
210	11	Sol5	G5	349	349	1	8	208	99	96		25.6666666667
211	10	Fa5	F5	340	340	1	8	208	99	96		25.7777777778
212	8	Sol5	G5	349	349	0	0	0	99	96		25.7777777778
213	10	Mi5	E5	336	336	1	8	208	99	96		25.8888888889
214	8	Fa5	F5	340	340	0	0	0	99	96		25.8888888889
215	9	Re5	D5	327	327	1	8	208	95	96		26.0
216	9	Do5	C5	318	318	1	8	208	99	96	ağ	26.1111111111
217	9	Mi5	E5	336	336	1	8	208	99	96		26.2222222222
218	9	Re5	D5	327	327	1	8	208	99	96		26.3333333333
219	9	Mi5	E5	336	336	1	8	208	95	96		26.4444444444
220	9	Do5	C5	318	318	1	8	208	99	96	yâr 	26.5555555556
221	11	Re5	D5	327	327	1	8	208	99	96		26.6666666667
222	11	Do5	C5	318	318	1	8	208	99	96		26.7777777778
223	11	Si4	B4	314	314	1	8	208	99	96		26.8888888889
224	9	La4	A4	305	305	1	8	208	95	96		27.0
225	9	Do5	C5	318	318	2	16	208	99	96	e	27.1111111111
226	9	Si4	B4	314	314	1	8	208	95	66		27.2222222222
227	10	La4	A4	305	305	1	8	208	99	69	lin	27.3333333333
228	8	Si4	B4	314	314	0	0	0	99	72		27.3333333333
229	9	Sol4#4	G4#4	300	300	1	8	208	95	75		27.4444444444
230	9	La4	A4	305	305	1	8	208	99	66	den  	27.5555555556
231	9	Si4	B4	314	314	1	8	208	99	71		27.6666666667
232	9	Do5	C5	318	318	1	8	208	99	75		27.7777777778
233	9	Re5	D5	327	327	1	8	208	99	80		27.8888888889
234	9	Mi5	E5	336	336	1	8	208	95	85		28.0
235	9	Mi5	E5	336	336	1	2	833	95	89	Dil	28.4444444444
236	23	Mi5	E5	336	336	1	4	417	99	94	ber 	28.6666666667
237	9	Re5	D5	327	327	2	8	417	99	99		28.8888888889
238	9	Do5	C5	318	318	1	8	208	95	103		29.0
239	9	Sol5	G5	349	349	1	8	208	95	108	di	29.1111111111
240	9	Sol5	G5	349	349	1	4	417	99	96	lin	29.3333333333
241	11	La5	A5	358	358	1	8	208	95	96		29.4444444444
242	11	La5	A5	358	358	1	8	208	99	96	den 	29.5555555556
243	11	Sol5	G5	349	349	1	8	208	99	96		29.6666666667
244	10	Fa5	F5	340	340	1	8	208	99	96		29.7777777778
245	8	Sol5	G5	349	349	0	0	0	99	96		29.7777777778
246	10	Mi5	E5	336	336	1	8	208	99	96		29.8888888889
247	8	Fa5	F5	340	340	0	0	0	99	96		29.8888888889
248	9	Re5	D5	327	327	1	8	208	95	96		30.0
249	9	Do5	C5	318	318	1	8	208	99	96	ağ	30.1111111111
250	9	Mi5	E5	336	336	1	8	208	99	96		30.2222222222
251	9	Re5	D5	327	327	1	8	208	99	96		30.3333333333
252	9	Mi5	E5	336	336	1	8	208	95	96		30.4444444444
253	9	Do5	C5	318	318	1	8	208	99	96	yâr 	30.5555555556
254	11	Re5	D5	327	327	1	8	208	99	96		30.6666666667
255	11	Do5	C5	318	318	1	8	208	99	96		30.7777777778
256	11	Si4	B4	314	314	1	8	208	99	96		30.8888888889
257	9	La4	A4	305	305	1	8	208	95	96		31.0
258	9	Do5	C5	318	318	2	16	208	99	96	e	31.1111111111
259	9	Si4	B4	314	314	1	8	208	95	96		31.2222222222
260	10	La4	A4	305	305	1	8	208	99	96	lin	31.3333333333
261	8	Si4	B4	314	314	0	0	0	99	96		31.3333333333
262	9	Sol4#4	G4#4	300	300	1	8	208	95	96		31.4444444444
263	9	La4	A4	305	305	1	2	833	95	96	den  	31.8888888889
264	9	Es	Es	-1	-1	1	8	208	100	0		32.0
265	7	Mi5	E5	336	336	4	8	833	95	96	O 	32.4444444444
266	11	Do6	C6	371	371	1	8	208	99	84	yâr	32.5555555556
267	11	Si5	B5	367	367	1	8	208	99	84		32.6666666667
268	11	La5	A5	358	358	1	8	208	99	84		32.7777777778
269	11	Sol5#4	G5#4	353	353	1	8	208	99	84		32.8888888889
270	9	Fa5	F5	340	340	1	8	208	95	84		33.0
271	11	Sol5#4	G5#4	353	353	1	8	208	95	84	la 	33.1111111111
272	10	Fa5	F5	340	340	1	8	208	95	84		33.2222222222
273	8	Sol5#4	G5#4	353	353	0	0	0	95	96		33.2222222222
274	9	Fa5	F5	340	340	1	8	208	99	96	soh	33.3333333333
275	9	Mi5	E5	336	336	1	8	208	95	96		33.4444444444
276	8	Fa5	F5	340	340	0	0	0	95	96		33.4444444444
277	9	Mi5	E5	336	336	1	8	208	99	96	bet 	33.5555555556
278	11	Re5#4	D5#4	331	331	1	8	208	99	96		33.6666666667
279	9	Do5	C5	318	318	1	8	208	99	96		33.7777777778
280	10	Si4	B4	314	314	1	8	208	99	96		33.8888888889
281	8	Do5	C5	318	318	0	0	0	99	96		33.8888888889
282	9	La4	A4	305	305	1	8	208	95	96		34.0
283	7	Mi5	E5	336	336	4	8	833	95	96	câ	34.4444444444
284	11	Do6	C6	371	371	1	8	208	99	96	nı	34.5555555556
285	11	Si5	B5	367	367	1	8	208	99	96		34.6666666667
286	11	La5	A5	358	358	1	8	208	99	96		34.7777777778
287	11	Sol5#4	G5#4	353	353	1	8	208	99	96		34.8888888889
288	9	Fa5	F5	340	340	1	8	208	95	96		35.0
289	9	Sol5#4	G5#4	353	353	1	8	208	99	96	ma 	35.1111111111
290	9	La5	A5	358	358	1	8	208	95	96		35.2222222222
291	23	Si5	B5	367	367	1	8	208	99	96	min	35.3333333333
292	9	Sol5#4	G5#4	353	353	1	8	208	95	96		35.4444444444
293	9	La5	A5	358	358	1	4	417	95	66	net  	35.6666666667
294	8	Si5	B5	367	367	0	0	0	95	87		35.6666666667
295	9	La5	A5	358	358	1	8	208	95	108	SAZ	35.7777777778
296	9	Sol5#4	G5#4	353	353	1	8	208	95	96	.	35.8888888889
297	9	Fa5	F5	340	340	1	8	208	95	96	.	36.0
298	7	Mi5	E5	336	336	4	8	833	95	96	O 	36.4444444444
299	11	Do6	C6	371	371	1	8	208	99	84	yâr	36.5555555556
300	11	Si5	B5	367	367	1	8	208	99	84		36.6666666667
301	11	La5	A5	358	358	1	8	208	99	84		36.7777777778
302	11	Sol5#4	G5#4	353	353	1	8	208	99	84		36.8888888889
303	9	Fa5	F5	340	340	1	8	208	95	84		37.0
304	11	Sol5#4	G5#4	353	353	1	8	208	95	84	la 	37.1111111111
305	10	Fa5	F5	340	340	1	8	208	95	84		37.2222222222
306	8	Sol5#4	G5#4	353	353	0	0	0	95	96		37.2222222222
307	9	Fa5	F5	340	340	1	8	208	99	96	soh	37.3333333333
308	9	Mi5	E5	336	336	1	8	208	95	96		37.4444444444
309	8	Fa5	F5	340	340	0	0	0	95	96		37.4444444444
310	9	Mi5	E5	336	336	1	8	208	99	96	bet 	37.5555555556
311	11	Re5#4	D5#4	331	331	1	8	208	99	96		37.6666666667
312	9	Do5	C5	318	318	1	8	208	99	96		37.7777777778
313	10	Si4	B4	314	314	1	8	208	99	96		37.8888888889
314	8	Do5	C5	318	318	0	0	0	99	96		37.8888888889
315	9	La4	A4	305	305	1	8	208	95	96		38.0
316	7	Mi5	E5	336	336	4	8	833	95	96	câ	38.4444444444
317	11	Do6	C6	371	371	1	8	208	99	96	nı	38.5555555556
318	11	Si5	B5	367	367	1	8	208	99	96		38.6666666667
319	11	La5	A5	358	358	1	8	208	99	96		38.7777777778
320	11	Sol5#4	G5#4	353	353	1	8	208	99	96		38.8888888889
321	9	Fa5	F5	340	340	1	8	208	95	96		39.0
322	9	Sol5#4	G5#4	353	353	1	8	208	99	66	ma 	39.1111111111
323	9	La5	A5	358	358	1	8	208	95	68		39.2222222222
324	23	Si5	B5	367	367	1	8	208	99	71	min	39.3333333333
325	9	Sol5#4	G5#4	353	353	1	8	208	95	73		39.4444444444
326	9	La5	A5	358	358	1	4	417	95	76	net  	39.6666666667
327	9	La5	A5	358	358	1	16	104	95	78	SAZ	39.7222222222
328	9	Sol5#4	G5#4	353	353	1	16	104	95	96	.	39.7777777778
329	9	Fa5	F5	340	340	1	16	104	95	66	.	39.8333333333
330	9	Mi5	E5	336	336	1	16	104	95	76	.	39.8888888889
331	9	Re5#4	D5#4	331	331	1	16	104	95	87	.	39.9444444444
332	9	Fa5	F5	340	340	1	16	104	95	98	.	40.0
333	9	Mi5	E5	336	336	1	2	833	95	108	Dü	40.4444444444
334	23	Mi5	E5	336	336	1	4	417	99	96	şer 	40.6666666667
335	9	Re5	D5	327	327	2	8	417	99	96		40.8888888889
336	9	Do5	C5	318	318	1	8	208	95	96		41.0
337	9	Sol5	G5	349	349	1	8	208	95	96	mi 	41.1111111111
338	9	Sol5	G5	349	349	1	4	417	99	96	fır	41.3333333333
339	11	La5	A5	358	358	1	8	208	95	96		41.4444444444
340	11	La5	A5	358	358	1	8	208	99	96	sat 	41.5555555556
341	11	Sol5	G5	349	349	1	8	208	99	96		41.6666666667
342	10	Fa5	F5	340	340	1	8	208	99	96		41.7777777778
343	8	Sol5	G5	349	349	0	0	0	99	96		41.7777777778
344	10	Mi5	E5	336	336	1	8	208	99	96		41.8888888889
345	8	Fa5	F5	340	340	0	0	0	99	96		41.8888888889
346	9	Re5	D5	327	327	1	8	208	95	96		42.0
347	9	Do5	C5	318	318	1	8	208	99	96	ağ	42.1111111111
348	9	Mi5	E5	336	336	1	8	208	99	96		42.2222222222
349	9	Re5	D5	327	327	1	8	208	99	96		42.3333333333
350	9	Mi5	E5	336	336	1	8	208	95	96		42.4444444444
351	9	Do5	C5	318	318	1	8	208	99	96	yâr 	42.5555555556
352	11	Re5	D5	327	327	1	8	208	99	96		42.6666666667
353	11	Do5	C5	318	318	1	8	208	99	96		42.7777777778
354	11	Si4	B4	314	314	1	8	208	99	96		42.8888888889
355	9	La4	A4	305	305	1	8	208	95	96		43.0
356	9	Do5	C5	318	318	2	16	208	99	96	e	43.1111111111
357	9	Si4	B4	314	314	1	8	208	95	66		43.2222222222
358	10	La4	A4	305	305	1	8	208	99	69	lin	43.3333333333
359	8	Si4	B4	314	314	0	0	0	99	72		43.3333333333
360	9	Sol4#4	G4#4	300	300	1	8	208	95	75		43.4444444444
361	9	La4	A4	305	305	1	8	208	99	78	den  	43.5555555556
362	9	Si4	B4	314	314	1	8	208	99	66		43.6666666667
363	9	Do5	C5	318	318	1	8	208	99	76		43.7777777778
364	9	Re5	D5	327	327	1	8	208	99	87		43.8888888889
365	9	Mi5	E5	336	336	1	8	208	95	98		44.0
366	9	Mi5	E5	336	336	1	2	833	95	108	Dü	44.4444444444
367	23	Mi5	E5	336	336	1	4	417	99	96	şer 	44.6666666667
368	9	Re5	D5	327	327	2	8	417	99	96		44.8888888889
369	9	Do5	C5	318	318	1	8	208	95	96		45.0
370	9	Sol5	G5	349	349	1	8	208	95	96	mi 	45.1111111111
371	9	Sol5	G5	349	349	1	4	417	99	96	fır	45.3333333333
372	11	La5	A5	358	358	1	8	208	95	96		45.4444444444
373	11	La5	A5	358	358	1	8	208	99	96	sat 	45.5555555556
374	11	Sol5	G5	349	349	1	8	208	99	96		45.6666666667
375	10	Fa5	F5	340	340	1	8	208	99	96		45.7777777778
376	8	Sol5	G5	349	349	0	0	0	99	96		45.7777777778
377	10	Mi5	E5	336	336	1	8	208	99	96		45.8888888889
378	8	Fa5	F5	340	340	0	0	0	99	96		45.8888888889
379	9	Re5	D5	327	327	1	8	208	95	96		46.0
380	9	Do5	C5	318	318	1	8	208	99	96	ağ	46.1111111111
381	9	Mi5	E5	336	336	1	8	208	99	96		46.2222222222
382	9	Re5	D5	327	327	1	8	208	99	96		46.3333333333
383	9	Mi5	E5	336	336	1	8	208	95	96		46.4444444444
384	9	Do5	C5	318	318	1	8	208	99	96	yâr 	46.5555555556
385	11	Re5	D5	327	327	1	8	208	99	96		46.6666666667
386	11	Do5	C5	318	318	1	8	208	99	96		46.7777777778
387	11	Si4	B4	314	314	1	8	208	99	96		46.8888888889
388	9	La4	A4	305	305	1	8	208	95	96		47.0
389	9	Do5	C5	318	318	2	16	208	99	96	e	47.1111111111
390	9	Si4	B4	314	314	1	8	208	95	96		47.2222222222
391	10	La4	A4	305	305	1	8	208	99	96	lin	47.3333333333
392	8	Si4	B4	314	314	0	0	0	99	96		47.3333333333
393	9	Sol4#4	G4#4	300	300	1	8	208	95	96		47.4444444444
394	9	La4	A4	305	305	1	2	833	95	96	den  	47.8888888889
395	9	Es	Es	-1	-1	1	8	208	100	0		48.0
396	9	Mi5	E5	336	336	1	2	833	95	96	ARANAĞME	48.4444444444
397	9	Mi5	E5	336	336	1	16	104	95	96	.	48.5
398	9	Re5#4	D5#4	331	331	1	16	104	95	96	.	48.5555555556
399	9	Mi5	E5	336	336	1	16	104	95	96	.	48.6111111111
400	9	Fa5	F5	340	340	1	16	104	95	96	.	48.6666666667
401	9	Mi5	E5	336	336	1	4	417	50	96	.	48.8888888889
402	9	Es	Es	-1	-1	1	8	208	100	0	.	49.0
403	9	Mi5	E5	336	336	1	16	104	95	96	.	49.0555555556
404	9	Re5#4	D5#4	331	331	1	16	104	95	66	.	49.1111111111
405	9	Mi5	E5	336	336	1	16	104	95	69	.	49.1666666667
406	9	Fa5	F5	340	340	1	16	104	95	71	.	49.2222222222
407	9	Mi5	E5	336	336	1	16	104	95	74	.	49.2777777778
408	9	Fa5	F5	340	340	1	16	104	95	76	.	49.3333333333
409	9	Mi5	E5	336	336	1	16	104	95	79	.	49.3888888889
410	9	Re5#4	D5#4	331	331	1	16	104	95	81	.	49.4444444444
411	9	Do5	C5	318	318	1	16	104	95	84	.	49.5
412	9	Re5#4	D5#4	331	331	1	16	104	95	96	.	49.5555555556
413	9	Do5	C5	318	318	1	16	104	95	96	.	49.6111111111
414	9	Si4	B4	314	314	1	16	104	95	96	.	49.6666666667
415	9	Do5	C5	318	318	1	16	104	95	96	.	49.7222222222
416	9	Si4	B4	314	314	1	16	104	95	96	.	49.7777777778
417	9	La4	A4	305	305	1	16	104	95	96	.	49.8333333333
418	9	Sol4#4	G4#4	300	300	1	16	104	95	96	.	49.8888888889
419	9	La4	A4	305	305	1	8	208	95	96	.	50.0
420	9	Mi5	E5	336	336	1	2	833	95	96	.	50.4444444444
421	9	Mi5	E5	336	336	1	16	104	95	96	.	50.5
422	9	Re5#4	D5#4	331	331	1	16	104	95	96	.	50.5555555556
423	9	Mi5	E5	336	336	1	16	104	95	96	.	50.6111111111
424	9	Fa5	F5	340	340	1	16	104	95	96	.	50.6666666667
425	9	Mi5	E5	336	336	1	4	417	50	96	.	50.8888888889
426	9	Es	Es	-1	-1	1	8	208	100	0	.	51.0
427	9	Mi5	E5	336	336	1	8	208	95	96	.	51.1111111111
428	9	Fa5	F5	340	340	1	8	208	95	96	.	51.2222222222
429	9	Sol5#4	G5#4	353	353	1	8	208	95	96	.	51.3333333333
430	10	La5	A5	358	358	1	8	208	95	96	.	51.4444444444
431	8	Si5	B5	367	367	0	0	0	95	96	.	51.4444444444
432	9	Sol5#4	G5#4	353	353	1	8	208	95	96	.	51.5555555556
433	9	Si5	B5	367	367	1	8	208	95	96	.	51.6666666667
434	9	La5	A5	358	358	1	4	417	95	96	.	51.8888888889
435	9	Es	Es	-1	-1	1	8	208	100	0	.	52.0
436	9	Do6	C6	371	371	1	2	833	95	96	.	52.4444444444
437	9	Do6	C6	371	371	1	8	208	95	96	.	52.5555555556
438	9	Si5	B5	367	367	1	8	208	95	96	.	52.6666666667
439	9	Si5	B5	367	367	1	4	417	95	96	.	52.8888888889
440	9	La5	A5	358	358	1	8	208	95	96	.	53.0
441	9	Si5	B5	367	367	1	8	208	95	96	.	53.1111111111
442	9	La5	A5	358	358	1	4	417	95	96	.	53.3333333333
443	9	Do6	C6	371	371	1	8	208	95	96	.	53.4444444444
444	11	Si5	B5	367	367	1	8	208	95	96	.	53.5555555556
445	11	La5	A5	358	358	1	8	208	95	96	.	53.6666666667
446	9	Sol5#4	G5#4	353	353	1	4	417	95	96	.	53.8888888889
447	9	Es	Es	-1	-1	1	8	208	100	0	.	54.0
448	9	Fa5	F5	340	340	1	2	833	50	96	.	54.4444444444
449	9	Mi5	E5	336	336	1	4	417	95	96	.	54.6666666667
450	9	Re5#4	D5#4	331	331	1	4	417	95	96	.	54.8888888889
451	9	Mi5	E5	336	336	1	8	208	95	96	.	55.0
452	9	Fa5	F5	340	340	1	8	208	95	96	.	55.1111111111
453	9	Sol5#4	G5#4	353	353	1	16	104	95	96	.	55.1666666667
454	9	La5	A5	358	358	1	16	104	95	96	.	55.2222222222
455	9	Si5	B5	367	367	1	16	104	95	96	.	55.2777777778
456	9	Do6	C6	371	371	1	16	104	95	96	.	55.3333333333
457	9	Si5	B5	367	367	1	16	104	95	96	.	55.3888888889
458	9	La5	A5	358	358	1	16	104	95	96	.	55.4444444444
459	9	Sol5#4	G5#4	353	353	1	16	104	95	96	.	55.5
460	9	La5	A5	358	358	1	16	104	95	96	.	55.5555555556
461	9	Sol5#4	G5#4	353	353	1	16	104	95	96	.	55.6111111111
462	9	Fa5	F5	340	340	1	16	104	95	96	.	55.6666666667
463	9	Mi5	E5	336	336	1	4	417	95	96	.	55.8888888889
464	9	Es	Es	-1	-1	1	8	208	100	0	.	56.0
465	9	Sol5	G5	349	349	1	2	833	50	96	.	56.4444444444
466	9	La5	A5	358	358	1	8	208	95	96	.	56.5555555556
467	9	Sol5	G5	349	349	1	8	208	95	96	.	56.6666666667
468	7	Fa5	F5	340	340	2	8	417	95	96	.	56.8888888889
469	9	Mi5	E5	336	336	1	8	208	95	96	.	57.0
470	9	Mi5	E5	336	336	1	8	208	95	96	.	57.1111111111
471	9	Re5	D5	327	327	1	4	417	95	96	.	57.3333333333
472	9	Fa5	F5	340	340	1	8	208	95	96	.	57.4444444444
473	9	Mi5	E5	336	336	1	8	208	95	96	.	57.5555555556
474	9	Re5	D5	327	327	1	8	208	95	96	.	57.6666666667
475	9	Do5	C5	318	318	1	4	417	95	96	.	57.8888888889
476	9	Es	Es	-1	-1	1	8	208	100	0	.	58.0
477	9	Re5	D5	327	327	1	8	208	95	96	.	58.1111111111
478	9	Do5	C5	318	318	1	8	208	95	96	.	58.2222222222
479	9	Re5	D5	327	327	1	8	208	95	96	.	58.3333333333
480	9	Fa5	F5	340	340	1	8	208	95	96	.	58.4444444444
481	9	Mi5	E5	336	336	1	8	208	95	96	.	58.5555555556
482	9	Re5	D5	327	327	1	8	208	95	96	.	58.6666666667
483	9	Do5	C5	318	318	1	8	208	95	96	.	58.7777777778
484	9	Si4	B4	314	314	1	8	208	95	96	.	58.8888888889
485	9	La4	A4	305	305	1	8	208	95	96	.	59.0
486	11	Si4	B4	314	314	1	8	208	95	96	.	59.1111111111
487	10	La4	A4	305	305	1	8	208	95	96	.	59.2222222222
488	8	Si4	B4	314	314	0	0	0	95	96	.	59.2222222222
489	9	Sol4#4	G4#4	300	300	1	8	208	95	96	.	59.3333333333
490	9	La4	A4	305	305	1	8	208	95	96	.	59.4444444444
491	9	Si4	B4	314	314	1	4	417	95	96	.	59.6666666667
492	9	Si4	B4	314	314	1	16	104	95	96	.	59.7222222222
493	9	La4	A4	305	305	1	16	104	95	96	.	59.7777777778
494	9	Si4	B4	314	314	1	16	104	95	96	.	59.8333333333
495	9	Do5	C5	318	318	1	16	104	95	96	.	59.8888888889
496	9	Re5	D5	327	327	1	16	104	95	96	.	59.9444444444
497	9	Re5#4	D5#4	331	331	1	16	104	95	96	.	60.0
498	9	Mi5	E5	336	336	1	4	417	50	96	.	60.2222222222
499	9	Es	Es	-1	-1	1	4	417	100	0	.	60.4444444444
500	9	Mi5	E5	336	336	1	16	104	95	96	.	60.5
501	9	Fa5	F5	340	340	1	16	104	95	96	.	60.5555555556
502	9	Mi5	E5	336	336	1	8	208	95	96	.	60.6666666667
503	9	Re5	D5	327	327	1	4	417	95	96	.	60.8888888889
504	9	Do5	C5	318	318	1	8	208	95	96	.	61.0
505	9	Sol5	G5	349	349	1	8	208	95	96	.	61.1111111111
506	9	Sol5	G5	349	349	1	4	417	95	96	.	61.3333333333
507	11	La5	A5	358	358	1	8	208	95	96	.	61.4444444444
508	11	La5	A5	358	358	1	8	208	95	96	.	61.5555555556
509	11	Sol5	G5	349	349	1	8	208	95	96	.	61.6666666667
510	11	Fa5	F5	340	340	1	8	208	95	96	.	61.7777777778
511	11	Mi5	E5	336	336	1	8	208	95	96	.	61.8888888889
512	9	Re5	D5	327	327	1	8	208	95	96	.	62.0
513	9	Do5	C5	318	318	1	8	208	95	96	.	62.1111111111
514	9	Mi5	E5	336	336	1	8	208	95	96	.	62.2222222222
515	9	Re5	D5	327	327	1	8	208	95	96	.	62.3333333333
516	9	Mi5	E5	336	336	1	8	208	95	96	.	62.4444444444
517	9	Do5	C5	318	318	1	8	208	95	96	.	62.5555555556
518	9	Re5	D5	327	327	1	8	208	95	96	.	62.6666666667
519	9	Do5	C5	318	318	1	8	208	95	96	.	62.7777777778
520	9	Si4	B4	314	314	1	8	208	95	96	.	62.8888888889
521	9	La4	A4	305	305	1	8	208	95	96	.	63.0
522	9	Do5	C5	318	318	1	8	208	95	96	.	63.1111111111
523	9	Si4	B4	314	314	1	8	208	95	66	.	63.2222222222
524	9	La4	A4	305	305	1	8	208	95	68	.	63.3333333333
525	9	Sol4#4	G4#4	300	300	1	8	208	95	71	.	63.4444444444
526	9	La4	A4	305	305	1	4	417	95	73	.	63.6666666667
527	9	Es	Es	-1	-1	3	8	625	100	76		64.0
528	7	Mi5	E5	336	336	4	8	833	95	78	Yan	64.4444444444
529	11	Do6	C6	371	371	1	8	208	99	96	dım 	64.5555555556
530	11	Si5	B5	367	367	1	8	208	99	96		64.6666666667
531	11	La5	A5	358	358	1	8	208	99	96		64.7777777778
532	11	Sol5#4	G5#4	353	353	1	8	208	99	96		64.8888888889
533	9	Fa5	F5	340	340	1	8	208	95	96		65.0
534	11	Sol5#4	G5#4	353	353	1	8	208	95	96	de	65.1111111111
535	10	Fa5	F5	340	340	1	8	208	95	96		65.2222222222
536	8	Sol5#4	G5#4	353	353	0	0	0	95	96		65.2222222222
537	9	Fa5	F5	340	340	1	8	208	99	96	min	65.3333333333
538	9	Mi5	E5	336	336	1	8	208	95	96		65.4444444444
539	8	Fa5	F5	340	340	0	0	0	95	96		65.4444444444
540	9	Mi5	E5	336	336	1	8	208	99	96	den 	65.5555555556
541	11	Re5#4	D5#4	331	331	1	8	208	99	96		65.6666666667
542	9	Do5	C5	318	318	1	8	208	99	96		65.7777777778
543	10	Si4	B4	314	314	1	8	208	99	96		65.8888888889
544	8	Do5	C5	318	318	0	0	0	99	96		65.8888888889
545	9	La4	A4	305	305	1	8	208	95	96		66.0
546	7	Mi5	E5	336	336	4	8	833	95	96	ağ	66.4444444444
547	11	Do6	C6	371	371	1	8	208	99	96	yâr 	66.5555555556
548	11	Si5	B5	367	367	1	8	208	99	96		66.6666666667
549	11	La5	A5	358	358	1	8	208	99	96		66.7777777778
550	11	Sol5#4	G5#4	353	353	1	8	208	99	96		66.8888888889
551	9	Fa5	F5	340	340	1	8	208	95	96		67.0
552	9	Sol5#4	G5#4	353	353	1	8	208	99	96	e	67.1111111111
553	9	La5	A5	358	358	1	8	208	95	96		67.2222222222
554	23	Si5	B5	367	367	1	8	208	99	96	lin	67.3333333333
555	9	Sol5#4	G5#4	353	353	1	8	208	95	96		67.4444444444
556	9	La5	A5	358	358	1	4	417	95	66	den  	67.6666666667
557	8	Si5	B5	367	367	0	0	0	95	68		67.6666666667
558	9	La5	A5	358	358	1	8	208	95	71	SAZ	67.7777777778
559	9	Sol5#4	G5#4	353	353	1	8	208	95	73	.	67.8888888889
560	9	Fa5	F5	340	340	1	8	208	95	76	.	68.0
561	7	Mi5	E5	336	336	4	8	833	95	78	Yan	68.4444444444
562	11	Do6	C6	371	371	1	8	208	99	96	dım 	68.5555555556
563	11	Si5	B5	367	367	1	8	208	99	96		68.6666666667
564	11	La5	A5	358	358	1	8	208	99	96		68.7777777778
565	11	Sol5#4	G5#4	353	353	1	8	208	99	96		68.8888888889
566	9	Fa5	F5	340	340	1	8	208	95	96		69.0
567	11	Sol5#4	G5#4	353	353	1	8	208	95	96	de	69.1111111111
568	10	Fa5	F5	340	340	1	8	208	95	96		69.2222222222
569	8	Sol5#4	G5#4	353	353	0	0	0	95	96		69.2222222222
570	9	Fa5	F5	340	340	1	8	208	99	96	min	69.3333333333
571	9	Mi5	E5	336	336	1	8	208	95	96		69.4444444444
572	8	Fa5	F5	340	340	0	0	0	95	96		69.4444444444
573	9	Mi5	E5	336	336	1	8	208	99	96	den 	69.5555555556
574	11	Re5#4	D5#4	331	331	1	8	208	99	96		69.6666666667
575	9	Do5	C5	318	318	1	8	208	99	96		69.7777777778
576	10	Si4	B4	314	314	1	8	208	99	96		69.8888888889
577	8	Do5	C5	318	318	0	0	0	99	96		69.8888888889
578	9	La4	A4	305	305	1	8	208	95	96		70.0
579	7	Mi5	E5	336	336	4	8	833	95	96	ağ	70.4444444444
580	11	Do6	C6	371	371	1	8	208	99	96	yâr 	70.5555555556
581	11	Si5	B5	367	367	1	8	208	99	96		70.6666666667
582	11	La5	A5	358	358	1	8	208	99	96		70.7777777778
583	11	Sol5#4	G5#4	353	353	1	8	208	99	96		70.8888888889
584	9	Fa5	F5	340	340	1	8	208	95	96		71.0
585	9	Sol5#4	G5#4	353	353	1	8	208	99	66	e	71.1111111111
586	9	La5	A5	358	358	1	8	208	95	68		71.2222222222
587	23	Si5	B5	367	367	1	8	208	99	71	lin	71.3333333333
588	9	Sol5#4	G5#4	353	353	1	8	208	95	73		71.4444444444
589	9	La5	A5	358	358	1	4	417	95	76	den  	71.6666666667
590	9	La5	A5	358	358	1	16	104	95	78	SAZ	71.7222222222
591	9	Sol5#4	G5#4	353	353	1	16	104	95	66	.	71.7777777778
592	9	Fa5	F5	340	340	1	16	104	95	71	.	71.8333333333
593	9	Mi5	E5	336	336	1	16	104	95	75	.	71.8888888889
594	9	Re5#4	D5#4	331	331	1	16	104	95	80	.	71.9444444444
595	9	Fa5	F5	340	340	1	16	104	95	85	.	72.0
596	9	Mi5	E5	336	336	1	2	833	95	89	Dil	72.4444444444
597	23	Mi5	E5	336	336	1	4	417	99	94	ber 	72.6666666667
598	9	Re5	D5	327	327	2	8	417	99	99		72.8888888889
599	9	Do5	C5	318	318	1	8	208	95	103		73.0
600	9	Sol5	G5	349	349	1	8	208	95	108	di	73.1111111111
601	9	Sol5	G5	349	349	1	4	417	99	96	lin	73.3333333333
602	11	La5	A5	358	358	1	8	208	95	96		73.4444444444
603	11	La5	A5	358	358	1	8	208	99	96	den 	73.5555555556
604	11	Sol5	G5	349	349	1	8	208	99	96		73.6666666667
605	10	Fa5	F5	340	340	1	8	208	99	96		73.7777777778
606	8	Sol5	G5	349	349	0	0	0	99	96		73.7777777778
607	10	Mi5	E5	336	336	1	8	208	99	96		73.8888888889
608	8	Fa5	F5	340	340	0	0	0	99	96		73.8888888889
609	9	Re5	D5	327	327	1	8	208	95	96		74.0
610	9	Do5	C5	318	318	1	8	208	99	96	ağ	74.1111111111
611	9	Mi5	E5	336	336	1	8	208	99	96		74.2222222222
612	9	Re5	D5	327	327	1	8	208	99	96		74.3333333333
613	9	Mi5	E5	336	336	1	8	208	95	96		74.4444444444
614	9	Do5	C5	318	318	1	8	208	99	96	yâr 	74.5555555556
615	11	Re5	D5	327	327	1	8	208	99	96		74.6666666667
616	11	Do5	C5	318	318	1	8	208	99	96		74.7777777778
617	11	Si4	B4	314	314	1	8	208	99	96		74.8888888889
618	9	La4	A4	305	305	1	8	208	95	96		75.0
619	9	Do5	C5	318	318	2	16	208	99	96	e	75.1111111111
620	9	Si4	B4	314	314	1	8	208	95	66		75.2222222222
621	10	La4	A4	305	305	1	8	208	99	69	lin	75.3333333333
622	8	Si4	B4	314	314	0	0	0	99	72		75.3333333333
623	9	Sol4#4	G4#4	300	300	1	8	208	95	75		75.4444444444
624	9	La4	A4	305	305	1	8	208	99	66	den  	75.5555555556
625	9	Si4	B4	314	314	1	8	208	99	71		75.6666666667
626	9	Do5	C5	318	318	1	8	208	99	75		75.7777777778
627	9	Re5	D5	327	327	1	8	208	99	80		75.8888888889
628	9	Mi5	E5	336	336	1	8	208	95	85		76.0
629	9	Mi5	E5	336	336	1	2	833	95	89	Dil	76.4444444444
630	23	Mi5	E5	336	336	1	4	417	99	94	ber 	76.6666666667
631	9	Re5	D5	327	327	2	8	417	99	99		76.8888888889
632	9	Do5	C5	318	318	1	8	208	95	103		77.0
633	9	Sol5	G5	349	349	1	8	208	95	108	di	77.1111111111
634	9	Sol5	G5	349	349	1	4	417	99	96	lin	77.3333333333
635	11	La5	A5	358	358	1	8	208	95	96		77.4444444444
636	11	La5	A5	358	358	1	8	208	99	96	den 	77.5555555556
637	11	Sol5	G5	349	349	1	8	208	99	96		77.6666666667
638	10	Fa5	F5	340	340	1	8	208	99	96		77.7777777778
639	8	Sol5	G5	349	349	0	0	0	99	96		77.7777777778
640	10	Mi5	E5	336	336	1	8	208	99	96		77.8888888889
641	8	Fa5	F5	340	340	0	0	0	99	96		77.8888888889
642	9	Re5	D5	327	327	1	8	208	95	96		78.0
643	9	Do5	C5	318	318	1	8	208	99	96	ağ	78.1111111111
644	9	Mi5	E5	336	336	1	8	208	99	96		78.2222222222
645	9	Re5	D5	327	327	1	8	208	99	96		78.3333333333
646	9	Mi5	E5	336	336	1	8	208	95	96		78.4444444444
647	9	Do5	C5	318	318	1	8	208	99	96	yâr 	78.5555555556
648	11	Re5	D5	327	327	1	8	208	99	96		78.6666666667
649	11	Do5	C5	318	318	1	8	208	99	96		78.7777777778
650	11	Si4	B4	314	314	1	8	208	99	96		78.8888888889
651	9	La4	A4	305	305	1	8	208	95	96		79.0
652	9	Do5	C5	318	318	2	16	208	99	96	e	79.1111111111
653	9	Si4	B4	314	314	1	8	208	95	96		79.2222222222
654	10	La4	A4	305	305	1	8	208	99	96	lin	79.3333333333
655	8	Si4	B4	314	314	0	0	0	99	96		79.3333333333
656	9	Sol4#4	G4#4	300	300	1	8	208	95	96		79.4444444444
657	9	La4	A4	305	305	1	2	833	95	96	den  	79.8888888889
658	9	Es	Es	-1	-1	1	8	208	100	0		80.0
659	7	Mi5	E5	336	336	4	8	833	95	96	O 	80.4444444444
660	11	Do6	C6	371	371	1	8	208	99	84	yâr	80.5555555556
661	11	Si5	B5	367	367	1	8	208	99	84		80.6666666667
662	11	La5	A5	358	358	1	8	208	99	84		80.7777777778
663	11	Sol5#4	G5#4	353	353	1	8	208	99	84		80.8888888889
664	9	Fa5	F5	340	340	1	8	208	95	84		81.0
665	11	Sol5#4	G5#4	353	353	1	8	208	95	84	la 	81.1111111111
666	10	Fa5	F5	340	340	1	8	208	95	84		81.2222222222
667	8	Sol5#4	G5#4	353	353	0	0	0	95	96		81.2222222222
668	9	Fa5	F5	340	340	1	8	208	99	96	soh	81.3333333333
669	9	Mi5	E5	336	336	1	8	208	95	96		81.4444444444
670	8	Fa5	F5	340	340	0	0	0	95	96		81.4444444444
671	9	Mi5	E5	336	336	1	8	208	99	96	bet 	81.5555555556
672	11	Re5#4	D5#4	331	331	1	8	208	99	96		81.6666666667
673	9	Do5	C5	318	318	1	8	208	99	96		81.7777777778
674	10	Si4	B4	314	314	1	8	208	99	96		81.8888888889
675	8	Do5	C5	318	318	0	0	0	99	96		81.8888888889
676	9	La4	A4	305	305	1	8	208	95	96		82.0
677	7	Mi5	E5	336	336	4	8	833	95	96	câ	82.4444444444
678	11	Do6	C6	371	371	1	8	208	99	96	nı	82.5555555556
679	11	Si5	B5	367	367	1	8	208	99	96		82.6666666667
680	11	La5	A5	358	358	1	8	208	99	96		82.7777777778
681	11	Sol5#4	G5#4	353	353	1	8	208	99	96		82.8888888889
682	9	Fa5	F5	340	340	1	8	208	95	96		83.0
683	9	Sol5#4	G5#4	353	353	1	8	208	99	96	ma 	83.1111111111
684	9	La5	A5	358	358	1	8	208	95	96		83.2222222222
685	23	Si5	B5	367	367	1	8	208	99	96	min	83.3333333333
686	9	Sol5#4	G5#4	353	353	1	8	208	95	96		83.4444444444
687	9	La5	A5	358	358	1	4	417	95	66	net  	83.6666666667
688	8	Si5	B5	367	367	0	0	0	95	87		83.6666666667
689	9	La5	A5	358	358	1	8	208	95	108	SAZ	83.7777777778
690	9	Sol5#4	G5#4	353	353	1	8	208	95	96	.	83.8888888889
691	9	Fa5	F5	340	340	1	8	208	95	96	.	84.0
692	7	Mi5	E5	336	336	4	8	833	95	96	O 	84.4444444444
693	11	Do6	C6	371	371	1	8	208	99	84	yâr	84.5555555556
694	11	Si5	B5	367	367	1	8	208	99	84		84.6666666667
695	11	La5	A5	358	358	1	8	208	99	84		84.7777777778
696	11	Sol5#4	G5#4	353	353	1	8	208	99	84		84.8888888889
697	9	Fa5	F5	340	340	1	8	208	95	84		85.0
698	11	Sol5#4	G5#4	353	353	1	8	208	95	84	la 	85.1111111111
699	10	Fa5	F5	340	340	1	8	208	95	84		85.2222222222
700	8	Sol5#4	G5#4	353	353	0	0	0	95	96		85.2222222222
701	9	Fa5	F5	340	340	1	8	208	99	96	soh	85.3333333333
702	9	Mi5	E5	336	336	1	8	208	95	96		85.4444444444
703	8	Fa5	F5	340	340	0	0	0	95	96		85.4444444444
704	9	Mi5	E5	336	336	1	8	208	99	96	bet 	85.5555555556
705	11	Re5#4	D5#4	331	331	1	8	208	99	96		85.6666666667
706	9	Do5	C5	318	318	1	8	208	99	96		85.7777777778
707	10	Si4	B4	314	314	1	8	208	99	96		85.8888888889
708	8	Do5	C5	318	318	0	0	0	99	96		85.8888888889
709	9	La4	A4	305	305	1	8	208	95	96		86.0
710	7	Mi5	E5	336	336	4	8	833	95	96	câ	86.4444444444
711	11	Do6	C6	371	371	1	8	208	99	96	nı	86.5555555556
712	11	Si5	B5	367	367	1	8	208	99	96		86.6666666667
713	11	La5	A5	358	358	1	8	208	99	96		86.7777777778
714	11	Sol5#4	G5#4	353	353	1	8	208	99	96		86.8888888889
715	9	Fa5	F5	340	340	1	8	208	95	96		87.0
716	9	Sol5#4	G5#4	353	353	1	8	208	99	66	ma 	87.1111111111
717	9	La5	A5	358	358	1	8	208	95	68		87.2222222222
718	23	Si5	B5	367	367	1	8	208	99	71	min	87.3333333333
719	9	Sol5#4	G5#4	353	353	1	8	208	95	73		87.4444444444
720	9	La5	A5	358	358	1	4	417	95	76	net  	87.6666666667
721	9	La5	A5	358	358	1	16	104	95	78	SAZ	87.7222222222
722	9	Sol5#4	G5#4	353	353	1	16	104	95	96	.	87.7777777778
723	9	Fa5	F5	340	340	1	16	104	95	66	.	87.8333333333
724	9	Mi5	E5	336	336	1	16	104	95	76	.	87.8888888889
725	9	Re5#4	D5#4	331	331	1	16	104	95	87	.	87.9444444444
726	9	Fa5	F5	340	340	1	16	104	95	98	.	88.0
727	9	Mi5	E5	336	336	1	2	833	95	108	Dü	88.4444444444
728	23	Mi5	E5	336	336	1	4	417	99	96	şer 	88.6666666667
729	9	Re5	D5	327	327	2	8	417	99	96		88.8888888889
730	9	Do5	C5	318	318	1	8	208	95	96		89.0
731	9	Sol5	G5	349	349	1	8	208	95	96	mi 	89.1111111111
732	9	Sol5	G5	349	349	1	4	417	99	96	fır	89.3333333333
733	11	La5	A5	358	358	1	8	208	95	96		89.4444444444
734	11	La5	A5	358	358	1	8	208	99	96	sat 	89.5555555556
735	11	Sol5	G5	349	349	1	8	208	99	96		89.6666666667
736	10	Fa5	F5	340	340	1	8	208	99	96		89.7777777778
737	8	Sol5	G5	349	349	0	0	0	99	96		89.7777777778
738	10	Mi5	E5	336	336	1	8	208	99	96		89.8888888889
739	8	Fa5	F5	340	340	0	0	0	99	96		89.8888888889
740	9	Re5	D5	327	327	1	8	208	95	96		90.0
741	9	Do5	C5	318	318	1	8	208	99	96	ağ	90.1111111111
742	9	Mi5	E5	336	336	1	8	208	99	96		90.2222222222
743	9	Re5	D5	327	327	1	8	208	99	96		90.3333333333
744	9	Mi5	E5	336	336	1	8	208	95	96		90.4444444444
745	9	Do5	C5	318	318	1	8	208	99	96	yâr 	90.5555555556
746	11	Re5	D5	327	327	1	8	208	99	96		90.6666666667
747	11	Do5	C5	318	318	1	8	208	99	96		90.7777777778
748	11	Si4	B4	314	314	1	8	208	99	96		90.8888888889
749	9	La4	A4	305	305	1	8	208	95	96		91.0
750	9	Do5	C5	318	318	2	16	208	99	96	e	91.1111111111
751	9	Si4	B4	314	314	1	8	208	95	66		91.2222222222
752	10	La4	A4	305	305	1	8	208	99	69	lin	91.3333333333
753	8	Si4	B4	314	314	0	0	0	99	72		91.3333333333
754	9	Sol4#4	G4#4	300	300	1	8	208	95	75		91.4444444444
755	9	La4	A4	305	305	1	8	208	99	78	den  	91.5555555556
756	9	Si4	B4	314	314	1	8	208	99	66		91.6666666667
757	9	Do5	C5	318	318	1	8	208	99	76		91.7777777778
758	9	Re5	D5	327	327	1	8	208	99	87		91.8888888889
759	9	Mi5	E5	336	336	1	8	208	95	98		92.0
760	9	Mi5	E5	336	336	1	2	833	95	108	Dü	92.4444444444
761	23	Mi5	E5	336	336	1	4	417	99	96	şer 	92.6666666667
762	9	Re5	D5	327	327	2	8	417	99	96		92.8888888889
763	9	Do5	C5	318	318	1	8	208	95	96		93.0
764	9	Sol5	G5	349	349	1	8	208	95	96	mi 	93.1111111111
765	9	Sol5	G5	349	349	1	4	417	99	96	fır	93.3333333333
766	11	La5	A5	358	358	1	8	208	95	96		93.4444444444
767	11	La5	A5	358	358	1	8	208	99	96	sat 	93.5555555556
768	11	Sol5	G5	349	349	1	8	208	99	96		93.6666666667
769	10	Fa5	F5	340	340	1	8	208	99	96		93.7777777778
770	8	Sol5	G5	349	349	0	0	0	99	96		93.7777777778
771	10	Mi5	E5	336	336	1	8	208	99	96		93.8888888889
772	8	Fa5	F5	340	340	0	0	0	99	96		93.8888888889
773	9	Re5	D5	327	327	1	8	208	95	96		94.0
774	9	Do5	C5	318	318	1	8	208	99	96	ağ	94.1111111111
775	9	Mi5	E5	336	336	1	8	208	99	96		94.2222222222
776	9	Re5	D5	327	327	1	8	208	99	96		94.3333333333
777	9	Mi5	E5	336	336	1	8	208	95	96		94.4444444444
778	9	Do5	C5	318	318	1	8	208	99	96	yâr 	94.5555555556
779	11	Re5	D5	327	327	1	8	208	99	96		94.6666666667
780	11	Do5	C5	318	318	1	8	208	99	96		94.7777777778
781	11	Si4	B4	314	314	1	8	208	99	96		94.8888888889
782	9	La4	A4	305	305	1	8	208	95	96		95.0
783	9	Do5	C5	318	318	2	16	208	99	96	e	95.1111111111
784	9	Si4	B4	314	314	1	8	208	95	96		95.2222222222
785	10	La4	A4	305	305	1	8	208	99	96	lin	95.3333333333
786	8	Si4	B4	314	314	0	0	0	99	96		95.3333333333
787	9	Sol4#4	G4#4	300	300	1	8	208	95	96		95.4444444444
788	9	La4	A4	305	305	1	2	833	95	96	den  	95.8888888889
789	9	Es	Es	-1	-1	1	8	208	100	0		96.0
