Sira	Kod	Nota53	NotaAE	Koma53	KomaAE	Pay	Payda	Ms	LNS	Bas	Soz1	Offset
1	51			0	0	6	4	0	90	0	Yürüksemâî (6/4)	0.0
2	9	Re5	D5	327	327	1	4	625	95	96		0.166666666667
3	9	Re5	D5	327	327	1	4	625	95	96		0.333333333333
4	9	Mi5	E5	336	336	1	4	625	95	96		0.5
5	9	Mi5	E5	336	336	1	4	625	95	96		0.666666666667
6	9	Mi5	E5	336	336	1	2	1250	95	96		1.0
7	9	Mi5	E5	336	336	3	8	938	95	96		1.25
8	9	Fa5#4	F5#4	344	344	1	8	312	95	96		1.33333333333
9	9	Sol5	G5	349	349	1	4	625	95	96		1.5
10	9	Fa5#4	F5#4	344	344	1	8	312	95	96		1.58333333333
11	9	Mi5	E5	336	336	1	8	312	95	96		1.66666666667
12	9	Mi5	E5	336	336	3	8	938	95	96		1.91666666667
13	9	Es	Es	-1	-1	1	8	312	100	0		2.0
14	9	Mi5	E5	336	336	1	8	312	95	96		2.08333333333
15	9	Fa5	F5	340	340	1	8	312	95	96		2.16666666667
16	9	Mi5	E5	336	336	1	4	625	95	96		2.33333333333
17	9	Re5	D5	327	327	1	4	625	95	96		2.5
18	9	Mi5	E5	336	336	1	4	625	95	96		2.66666666667
19	9	Mi5	E5	336	336	1	8	312	95	96		2.75
20	9	Re5	D5	327	327	1	8	312	95	96		2.83333333333
21	9	Re5	D5	327	327	1	8	312	95	96		2.91666666667
22	9	Do5	C5	318	318	1	8	312	95	96		3.0
23	9	Do5	C5	318	318	1	4	625	95	96		3.16666666667
24	9	Si4b1	B4b1	313	313	1	4	625	95	96		3.33333333333
25	9	Do5	C5	318	318	1	4	625	95	96		3.5
26	9	Re5	D5	327	327	1	4	625	95	96		3.66666666667
27	9	Mi5	E5	336	336	1	8	312	95	96		3.75
28	9	Fa5	F5	340	340	1	8	312	95	96		3.83333333333
29	9	Mi5	E5	336	336	1	8	312	95	96		3.91666666667
30	9	Re5	D5	327	327	1	8	312	95	96		4.0
31	9	Re5	D5	327	327	1	2	1250	95	96		4.33333333333
32	9	La5	A5	358	358	1	8	312	95	96		4.41666666667
33	9	Sol5	G5	349	349	1	8	312	95	96		4.5
34	9	Sol5	G5	349	349	1	8	312	95	96		4.58333333333
35	9	Fa5#4	F5#4	344	344	1	8	312	95	96		4.66666666667
36	9	Fa5#4	F5#4	344	344	3	8	938	95	96		4.91666666667
37	9	Mi5	E5	336	336	1	8	312	95	96		5.0
38	9	Mi5	E5	336	336	1	2	1250	95	96		5.33333333333
39	9	Mi5	E5	336	336	3	16	469	95	96		5.45833333333
40	9	Re5	D5	327	327	1	16	156	95	96		5.5
41	9	Do5	C5	318	318	1	8	312	95	96		5.58333333333
42	9	Re5	D5	327	327	1	8	312	95	96		5.66666666667
43	9	Mi5	E5	336	336	3	8	938	95	96		5.91666666667
44	9	Es	Es	-1	-1	1	8	312	100	0		6.0
45	9	Re5	D5	327	327	1	4	625	95	96		6.16666666667
46	9	Re5	D5	327	327	1	4	625	95	96		6.33333333333
47	9	Mi5	E5	336	336	1	4	625	95	96		6.5
48	9	Mi5	E5	336	336	1	4	625	95	96		6.66666666667
49	9	Mi5	E5	336	336	1	2	1250	95	96		7.0
50	9	Mi5	E5	336	336	3	8	938	95	96		7.25
51	9	Fa5#4	F5#4	344	344	1	8	312	95	96		7.33333333333
52	9	Sol5	G5	349	349	1	4	625	95	96		7.5
53	9	Fa5#4	F5#4	344	344	1	8	312	95	96		7.58333333333
54	9	Mi5	E5	336	336	1	8	312	95	96		7.66666666667
55	9	Mi5	E5	336	336	3	8	938	95	96		7.91666666667
56	9	Es	Es	-1	-1	1	8	312	100	0		8.0
57	9	Mi5	E5	336	336	1	8	312	95	96		8.08333333333
58	9	Fa5	F5	340	340	1	8	312	95	96		8.16666666667
59	9	Mi5	E5	336	336	1	4	625	95	96		8.33333333333
60	9	Re5	D5	327	327	1	4	625	95	96		8.5
61	9	Mi5	E5	336	336	1	4	625	95	96		8.66666666667
62	9	Mi5	E5	336	336	1	8	312	95	96		8.75
63	9	Re5	D5	327	327	1	8	312	95	96		8.83333333333
64	9	Re5	D5	327	327	1	8	312	95	96		8.91666666667
65	9	Do5	C5	318	318	1	8	312	95	96		9.0
66	9	Re5	D5	327	327	1	2	1250	95	96		9.33333333333
67	9	Re5	D5	327	327	1	4	625	95	96		9.5
68	9	Re5	D5	327	327	1	8	312	95	96		9.58333333333
69	9	Do5	C5	318	318	1	8	312	95	96		9.66666666667
70	9	Re5	D5	327	327	3	8	938	95	96		9.91666666667
71	9	Es	Es	-1	-1	1	8	312	100	0		10.0
72	9	Do5	C5	318	318	1	4	625	95	96		10.1666666667
73	9	Re5	D5	327	327	1	4	625	95	96		10.3333333333
74	9	Re5	D5	327	327	1	4	625	95	96		10.5
75	9	Do5	C5	318	318	1	4	625	95	96		10.6666666667
76	9	Re5	D5	327	327	1	2	1250	95	96		11.0
77	9	Mi5	E5	336	336	1	4	625	95	96		11.1666666667
78	9	Do5	C5	318	318	1	2	1250	95	96		11.5
79	9	Re5	D5	327	327	1	4	625	95	96		11.6666666667
80	9	Si4b1	B4b1	313	313	3	8	938	95	96		11.9166666667
81	9	La4	A4	305	305	1	8	312	95	96		12.0
82	9	Si4b1	B4b1	313	313	1	8	312	95	96		12.0833333333
83	9	Do5	C5	318	318	1	8	312	95	96		12.1666666667
84	9	Si4b1	B4b1	313	313	1	4	625	95	96		12.3333333333
85	9	Sol4	G4	296	296	1	4	625	95	96		12.5
86	9	La4	A4	305	305	1	4	625	95	96		12.6666666667
87	9	Si4b1	B4b1	313	313	3	8	938	95	96		12.9166666667
88	9	La4	A4	305	305	1	8	312	95	96		13.0
89	9	Sol4	G4	296	296	1	2	1250	95	96		13.3333333333
90	9	Sol4	G4	296	296	3	16	469	95	96		13.4583333333
91	9	Fa4#4	F4#4	291	291	1	16	156	95	96		13.5
92	9	Mi4	E4	283	283	1	8	312	95	96		13.5833333333
93	9	Fa4#4	F4#4	291	291	1	8	312	95	96		13.6666666667
94	9	Sol4	G4	296	296	3	8	938	95	96		13.9166666667
95	9	Es	Es	-1	-1	1	8	312	100	0		14.0
96	9	Re5	D5	327	327	1	4	625	95	96		14.1666666667
97	9	Re5	D5	327	327	1	4	625	95	96		14.3333333333
98	9	Mi5	E5	336	336	1	4	625	95	96		14.5
99	9	Mi5	E5	336	336	1	4	625	95	96		14.6666666667
100	9	Mi5	E5	336	336	1	2	1250	95	96		15.0
101	9	Mi5	E5	336	336	3	8	938	95	96		15.25
102	9	Fa5#4	F5#4	344	344	1	8	312	95	96		15.3333333333
103	9	Sol5	G5	349	349	1	4	625	95	96		15.5
104	9	Fa5#4	F5#4	344	344	1	8	312	95	96		15.5833333333
105	9	Mi5	E5	336	336	1	8	312	95	96		15.6666666667
106	9	Mi5	E5	336	336	3	8	938	95	96		15.9166666667
107	9	Es	Es	-1	-1	1	8	312	100	0		16.0
108	9	Mi5	E5	336	336	1	8	312	95	96		16.0833333333
109	9	Fa5	F5	340	340	1	8	312	95	96		16.1666666667
110	9	Mi5	E5	336	336	1	4	625	95	96		16.3333333333
111	9	Re5	D5	327	327	1	4	625	95	96		16.5
112	9	Mi5	E5	336	336	1	4	625	95	96		16.6666666667
113	9	Mi5	E5	336	336	1	8	312	95	96		16.75
114	9	Re5	D5	327	327	1	8	312	95	96		16.8333333333
115	9	Re5	D5	327	327	1	8	312	95	96		16.9166666667
116	9	Do5	C5	318	318	1	8	312	95	96		17.0
117	9	Do5	C5	318	318	1	4	625	95	96		17.1666666667
118	9	Si4b1	B4b1	313	313	1	4	625	95	96		17.3333333333
119	9	Do5	C5	318	318	1	4	625	95	96		17.5
120	9	Re5	D5	327	327	1	4	625	95	96		17.6666666667
121	9	Mi5	E5	336	336	1	8	312	95	96		17.75
122	9	Fa5	F5	340	340	1	8	312	95	96		17.8333333333
123	9	Mi5	E5	336	336	1	8	312	95	96		17.9166666667
124	9	Re5	D5	327	327	1	8	312	95	96		18.0
125	9	Re5	D5	327	327	1	2	1250	95	96		18.3333333333
126	9	La5	A5	358	358	1	8	312	95	96		18.4166666667
127	9	Sol5	G5	349	349	1	8	312	95	96		18.5
128	9	Sol5	G5	349	349	1	8	312	95	96		18.5833333333
129	9	Fa5#4	F5#4	344	344	1	8	312	95	96		18.6666666667
130	9	Fa5#4	F5#4	344	344	3	8	938	95	96		18.9166666667
131	9	Mi5	E5	336	336	1	8	312	95	96		19.0
132	9	Mi5	E5	336	336	1	2	1250	95	96		19.3333333333
133	9	Mi5	E5	336	336	3	16	469	95	96		19.4583333333
134	9	Re5	D5	327	327	1	16	156	95	96		19.5
135	9	Do5	C5	318	318	1	8	312	95	96		19.5833333333
136	9	Re5	D5	327	327	1	8	312	95	96		19.6666666667
137	9	Mi5	E5	336	336	3	8	938	95	96		19.9166666667
138	9	Es	Es	-1	-1	1	8	312	100	0		20.0
139	9	Re5	D5	327	327	1	4	625	95	96		20.1666666667
140	9	Re5	D5	327	327	1	4	625	95	96		20.3333333333
141	9	Mi5	E5	336	336	1	4	625	95	96		20.5
142	9	Mi5	E5	336	336	1	4	625	95	96		20.6666666667
143	9	Mi5	E5	336	336	1	2	1250	95	96		21.0
144	9	Mi5	E5	336	336	3	8	938	95	96		21.25
145	9	Fa5#4	F5#4	344	344	1	8	312	95	96		21.3333333333
146	9	Sol5	G5	349	349	1	4	625	95	96		21.5
147	9	Fa5#4	F5#4	344	344	1	8	312	95	96		21.5833333333
148	9	Mi5	E5	336	336	1	8	312	95	96		21.6666666667
149	9	Mi5	E5	336	336	3	8	938	95	96		21.9166666667
150	9	Es	Es	-1	-1	1	8	312	100	0		22.0
151	9	Mi5	E5	336	336	1	8	312	95	96		22.0833333333
152	9	Fa5	F5	340	340	1	8	312	95	96		22.1666666667
153	9	Mi5	E5	336	336	1	4	625	95	96		22.3333333333
154	9	Re5	D5	327	327	1	4	625	95	96		22.5
155	9	Mi5	E5	336	336	1	4	625	95	96		22.6666666667
156	9	Mi5	E5	336	336	1	8	312	95	96		22.75
157	9	Re5	D5	327	327	1	8	312	95	96		22.8333333333
158	9	Re5	D5	327	327	1	8	312	95	96		22.9166666667
159	9	Do5	C5	318	318	1	8	312	95	96		23.0
160	9	Re5	D5	327	327	1	2	1250	95	96		23.3333333333
161	9	Re5	D5	327	327	1	4	625	95	96		23.5
162	9	Re5	D5	327	327	1	8	312	95	96		23.5833333333
163	9	Do5	C5	318	318	1	8	312	95	96		23.6666666667
164	9	Re5	D5	327	327	3	8	938	95	96		23.9166666667
165	9	Es	Es	-1	-1	1	8	312	100	0		24.0
166	9	Do5	C5	318	318	1	4	625	95	96		24.1666666667
167	9	Re5	D5	327	327	1	4	625	95	96		24.3333333333
168	9	Re5	D5	327	327	1	4	625	95	96		24.5
169	9	Do5	C5	318	318	1	4	625	95	96		24.6666666667
170	9	Re5	D5	327	327	1	2	1250	95	96		25.0
171	9	Mi5	E5	336	336	1	4	625	95	96		25.1666666667
172	9	Do5	C5	318	318	1	2	1250	95	96		25.5
173	9	Re5	D5	327	327	1	4	625	95	96		25.6666666667
174	9	Si4b1	B4b1	313	313	3	8	938	95	96		25.9166666667
175	9	La4	A4	305	305	1	8	312	95	96		26.0
176	9	Si4b1	B4b1	313	313	1	8	312	95	96		26.0833333333
177	9	Do5	C5	318	318	1	8	312	95	96		26.1666666667
178	9	Si4b1	B4b1	313	313	1	4	625	95	96		26.3333333333
179	9	Sol4	G4	296	296	1	4	625	95	96		26.5
180	9	La4	A4	305	305	1	4	625	95	96		26.6666666667
181	9	Si4b1	B4b1	313	313	3	8	938	95	96		26.9166666667
182	9	La4	A4	305	305	1	8	312	95	96		27.0
183	9	Sol4	G4	296	296	1	2	1250	95	96		27.3333333333
184	9	Sol4	G4	296	296	3	16	469	95	96		27.4583333333
185	9	Fa4#4	F4#4	291	291	1	16	156	95	96		27.5
186	9	Mi4	E4	283	283	1	8	312	95	96		27.5833333333
187	9	Fa4#4	F4#4	291	291	1	8	312	95	96		27.6666666667
188	9	Sol4	G4	296	296	3	8	938	95	96		27.9166666667
189	9	Es	Es	-1	-1	1	8	312	100	0		28.0
190	9	Re5	D5	327	327	1	4	625	95	96		28.1666666667
191	9	Re5	D5	327	327	1	4	625	95	96		28.3333333333
192	9	Mi5	E5	336	336	1	4	625	95	96		28.5
193	9	Mi5	E5	336	336	1	4	625	95	96		28.6666666667
194	9	Mi5	E5	336	336	1	2	1250	95	96		29.0
195	9	Mi5	E5	336	336	3	8	938	95	96		29.25
196	9	Fa5#4	F5#4	344	344	1	8	312	95	96		29.3333333333
197	9	Sol5	G5	349	349	1	4	625	95	96		29.5
198	9	Fa5#4	F5#4	344	344	1	8	312	95	96		29.5833333333
199	9	Mi5	E5	336	336	1	8	312	95	96		29.6666666667
200	9	Mi5	E5	336	336	3	8	938	95	96		29.9166666667
201	9	Re5	D5	327	327	1	8	312	95	96		30.0
202	9	Re5	D5	327	327	1	2	1250	95	96		30.3333333333
203	9	Do5	C5	318	318	1	4	625	95	96		30.5
204	9	Si4b1	B4b1	313	313	1	4	625	95	96		30.6666666667
205	9	La4	A4	305	305	1	2	1250	95	96		31.0
206	9	La5	A5	358	358	1	4	625	95	96		31.1666666667
207	9	Sol5	G5	349	349	1	4	625	95	96		31.3333333333
208	9	Fa5	F5	340	340	1	4	625	95	96		31.5
209	9	Mi5	E5	336	336	1	4	625	95	96		31.6666666667
210	9	Re5	D5	327	327	1	4	625	95	96		31.8333333333
211	9	Mi5	E5	336	336	1	4	625	95	96		32.0
212	9	Do5	C5	318	318	1	8	312	95	96		32.0833333333
213	9	Re5	D5	327	327	1	8	312	95	96		32.1666666667
214	9	Do5	C5	318	318	1	4	625	95	96		32.3333333333
215	9	Si4b1	B4b1	313	313	1	4	625	95	96		32.5
216	9	La4	A4	305	305	1	4	625	95	96		32.6666666667
217	9	Si4b1	B4b1	313	313	1	4	625	95	96		32.8333333333
218	9	Do5	C5	318	318	1	4	625	95	96		33.0
219	9	La4	A4	305	305	1	2	1250	95	96		33.3333333333
220	9	La4	A4	305	305	1	8	312	95	96		33.4166666667
221	9	Sol4	G4	296	296	1	8	312	95	96		33.5
222	9	Fa4#4	F4#4	291	291	1	8	312	95	96		33.5833333333
223	9	Sol4	G4	296	296	1	8	312	95	96		33.6666666667
224	9	La4	A4	305	305	3	8	938	95	96		33.9166666667
225	9	Es	Es	-1	-1	1	8	312	100	0		34.0
226	9	Re5	D5	327	327	1	4	625	95	96		34.1666666667
227	9	Fa5#4	F5#4	344	344	1	4	625	95	96		34.3333333333
228	9	Fa5#4	F5#4	344	344	1	4	625	95	96		34.5
229	9	Mi5#4	E5#4	340	340	1	4	625	95	96		34.6666666667
230	9	Fa5#4	F5#4	344	344	1	4	625	95	96		34.8333333333
231	9	Fa5#4	F5#4	344	344	1	4	625	95	96		35.0
232	9	Fa5#4	F5#4	344	344	1	2	1250	95	96		35.3333333333
233	9	Sol5	G5	349	349	1	4	625	95	96		35.5
234	9	Mi5#4	E5#4	340	340	1	4	625	95	96		35.6666666667
235	9	Fa5#4	F5#4	344	344	1	2	1250	95	96		36.0
236	9	Sol5	G5	349	349	1	4	625	95	96		36.1666666667
237	9	Fa5#4	F5#4	344	344	1	4	625	95	96		36.3333333333
238	9	Mi5#4	E5#4	340	340	1	4	625	95	96		36.5
239	9	Re5	D5	327	327	1	4	625	95	96		36.6666666667
240	9	Do5#4	C5#4	322	322	1	2	1250	95	96		37.0
241	9	Re5	D5	327	327	1	4	625	95	96		37.1666666667
242	9	Do5#4	C5#4	322	322	1	4	625	95	96		37.3333333333
243	9	Re5	D5	327	327	1	4	625	95	96		37.5
244	9	Mi5#4	E5#4	340	340	1	4	625	95	96		37.6666666667
245	9	Fa5#4	F5#4	344	344	1	2	1250	95	96		38.0
246	9	Sol5	G5	349	349	1	2	1250	95	96		38.3333333333
247	9	Fa5#4	F5#4	344	344	1	4	625	95	96		38.5
248	9	Mi5#4	E5#4	340	340	1	4	625	95	96		38.6666666667
249	9	La5	A5	358	358	1	8	312	95	96		38.75
250	9	Sol5	G5	349	349	1	8	312	95	96		38.8333333333
251	9	Sol5	G5	349	349	1	8	312	95	96		38.9166666667
252	9	Fa5#4	F5#4	344	344	1	8	312	95	96		39.0
253	9	Fa5#4	F5#4	344	344	1	2	1250	95	96		39.3333333333
254	9	Fa5#4	F5#4	344	344	3	16	469	95	96		39.4583333333
255	9	Mi5#4	E5#4	340	340	1	16	156	95	96		39.5
256	9	Re5	D5	327	327	1	8	312	95	96		39.5833333333
257	9	Mi5#4	E5#4	340	340	1	8	312	95	96		39.6666666667
258	9	Fa5#4	F5#4	344	344	3	8	938	95	96		39.9166666667
259	9	Es	Es	-1	-1	1	8	312	100	0		40.0
260	9	Fa5#4	F5#4	344	344	1	4	625	95	96		40.1666666667
261	9	Sol5	G5	349	349	1	4	625	95	96		40.3333333333
262	9	Sol5	G5	349	349	1	4	625	95	96		40.5
263	9	Sol5	G5	349	349	1	8	312	95	96		40.5833333333
264	9	Fa5#4	F5#4	344	344	1	8	312	95	96		40.6666666667
265	9	Sol5	G5	349	349	1	2	1250	95	96		41.0
266	9	La5	A5	358	358	1	4	625	95	96		41.1666666667
267	9	Sol5	G5	349	349	1	4	625	95	96		41.3333333333
268	9	Fa5#4	F5#4	344	344	1	4	625	95	96		41.5
269	9	Mi5	E5	336	336	1	4	625	95	96		41.6666666667
270	9	Re5	D5	327	327	1	2	1250	95	96		42.0
271	9	Mi5	E5	336	336	1	8	312	95	96		42.0833333333
272	9	Fa5	F5	340	340	1	8	312	95	96		42.1666666667
273	9	Mi5	E5	336	336	1	4	625	95	96		42.3333333333
274	9	Re5	D5	327	327	1	4	625	95	96		42.5
275	9	Do5	C5	318	318	1	4	625	95	96		42.6666666667
276	9	Mi5	E5	336	336	3	8	938	95	96		42.9166666667
277	9	Re5	D5	327	327	1	8	312	95	96		43.0
278	9	Re5	D5	327	327	1	2	1250	95	96		43.3333333333
279	9	Re5	D5	327	327	1	4	625	95	96		43.5
280	9	Re5	D5	327	327	1	8	312	95	96		43.5833333333
281	9	Do5	C5	318	318	1	8	312	95	96		43.6666666667
282	9	Re5	D5	327	327	3	8	938	95	96		43.9166666667
283	9	Es	Es	-1	-1	1	8	312	100	0		44.0
284	9	Re5	D5	327	327	1	4	625	95	96		44.1666666667
285	9	Re5	D5	327	327	1	4	625	95	96		44.3333333333
286	9	Mi5	E5	336	336	1	4	625	95	96		44.5
287	9	Mi5	E5	336	336	1	4	625	95	96		44.6666666667
288	9	Mi5	E5	336	336	1	2	1250	95	96		45.0
289	9	Mi5	E5	336	336	3	8	938	95	96		45.25
290	9	Fa5#4	F5#4	344	344	1	8	312	95	96		45.3333333333
291	9	Sol5	G5	349	349	1	4	625	95	96		45.5
292	9	Fa5#4	F5#4	344	344	1	8	312	95	96		45.5833333333
293	9	Mi5	E5	336	336	1	8	312	95	96		45.6666666667
294	9	Mi5	E5	336	336	3	8	938	95	96		45.9166666667
295	9	Re5	D5	327	327	1	8	312	95	96		46.0
296	9	Re5	D5	327	327	1	2	1250	95	96		46.3333333333
297	9	Do5	C5	318	318	1	4	625	95	96		46.5
298	9	Si4b1	B4b1	313	313	1	4	625	95	96		46.6666666667
299	9	La4	A4	305	305	1	2	1250	95	96		47.0
300	9	La5	A5	358	358	1	4	625	95	96		47.1666666667
301	9	Sol5	G5	349	349	1	4	625	95	96		47.3333333333
302	9	Fa5	F5	340	340	1	4	625	95	96		47.5
303	9	Mi5	E5	336	336	1	4	625	95	96		47.6666666667
304	9	Re5	D5	327	327	1	4	625	95	96		47.8333333333
305	9	Mi5	E5	336	336	1	4	625	95	96		48.0
306	9	Do5	C5	318	318	1	8	312	95	96		48.0833333333
307	9	Re5	D5	327	327	1	8	312	95	96		48.1666666667
308	9	Do5	C5	318	318	1	4	625	95	96		48.3333333333
309	9	Si4b1	B4b1	313	313	1	4	625	95	96		48.5
310	9	La4	A4	305	305	1	4	625	95	96		48.6666666667
311	9	Si4b1	B4b1	313	313	1	4	625	95	96		48.8333333333
312	9	Do5	C5	318	318	1	4	625	95	96		49.0
313	9	La4	A4	305	305	1	2	1250	95	96		49.3333333333
314	9	La4	A4	305	305	1	8	312	95	96		49.4166666667
315	9	Sol4	G4	296	296	1	8	312	95	96		49.5
316	9	Fa4#4	F4#4	291	291	1	8	312	95	96		49.5833333333
317	9	Sol4	G4	296	296	1	8	312	95	96		49.6666666667
318	9	La4	A4	305	305	3	8	938	95	96		49.9166666667
319	9	Es	Es	-1	-1	1	8	312	100	0		50.0
