Sira	Kod	Nota53	NotaAE	Koma53	KomaAE	Pay	Payda	Ms	LNS	Bas	Soz1	Offset
1	51			0	0	14	4	0	165	0	14/4	0.0
2	9	Es	Es	-1	-1	1	4	1000	100	0		0.0714285714286
3	8	Sol5	G5	349	349	0	0	0	95	96		0.0714285714286
4	9	Fa5#3	F5#4	343	344	1	8	500	95	96	Tu	0.107142857143
5	9	Sol5	G5	349	349	1	8	500	95	96	tam 	0.142857142857
6	9	Fa5#3	F5#4	343	344	1	16	250	99	96	yâr_	0.160714285714
7	9	Sol5	G5	349	349	1	16	250	99	96		0.178571428571
8	9	Mi5	E5	336	336	3	8	1500	95	96		0.285714285714
9	9	Mi5	E5	336	336	1	16	250	99	96	e	0.303571428571
10	9	Sol5	G5	349	349	1	16	250	99	96		0.321428571429
11	9	Mi5	E5	336	336	3	8	1500	95	96		0.428571428571
12	9	Re5	D5	327	327	1	16	250	99	96	lin	0.446428571429
13	9	Sol5	G5	349	349	1	16	250	99	96		0.464285714286
14	9	Mi5	E5	336	336	3	8	1500	95	96		0.571428571429
15	9	Re5	D5	327	327	1	16	250	99	96	den 	0.589285714286
16	9	Sol5	G5	349	349	1	16	250	99	96		0.607142857143
17	9	Mi5	E5	336	336	3	8	1500	95	96		0.714285714286
18	9	Do5	C5	318	318	1	16	250	99	96	tu	0.732142857143
19	9	Mi5	E5	336	336	1	16	250	99	96		0.75
20	9	Re5	D5	327	327	1	4	1000	99	96		0.821428571429
21	9	Do5	C5	318	318	1	8	500	95	96		0.857142857143
22	9	Re5	D5	327	327	3	16	750	99	96	tam  	0.910714285714
23	9	Si4b2	B4b1	312	313	1	16	250	99	96		0.928571428571
24	9	Do5	C5	318	318	1	16	250	99	96		0.946428571429
25	9	Si4b2	B4b1	312	313	1	16	250	99	96		0.964285714286
26	9	Do5	C5	318	318	1	16	250	99	96		0.982142857143
27	9	La4	A4	305	305	1	16	250	95	96		1.0
28	9	Es	Es	-1	-1	1	4	1000	100	0		1.07142857143
29	9	Do5	C5	318	318	1	8	500	95	96	Çı	1.10714285714
30	9	Re5	D5	327	327	1	8	500	95	96	kam 	1.14285714286
31	9	Re5	D5	327	327	3	8	1500	99	96	dağ	1.25
32	9	Si4b2	B4b1	312	313	1	16	250	99	96		1.26785714286
33	9	La4	A4	305	305	1	16	250	95	96		1.28571428571
34	9	Mi5	E5	336	336	3	8	1500	95	96	la	1.39285714286
35	9	Do5	C5	318	318	1	16	250	95	96	SAZ	1.41071428571
36	9	Re5	D5	327	327	1	16	250	95	96	.	1.42857142857
37	9	Si4b2	B4b1	312	313	1	16	250	99	96	ra 	1.44642857143
38	9	Re5	D5	327	327	1	16	250	99	96		1.46428571429
39	9	Do5	C5	318	318	1	4	1000	99	96		1.53571428571
40	9	Si4b2	B4b1	312	313	1	16	250	99	96		1.55357142857
41	9	La4	A4	305	305	1	16	250	95	96		1.57142857143
42	9	Re5	D5	327	327	1	4	1000	99	96	dağ	1.64285714286
43	9	Re5	D5	327	327	1	16	250	95	96		1.66071428571
44	9	Si4b2	B4b1	312	313	1	16	250	95	96	SAZ	1.67857142857
45	9	Do5	C5	318	318	1	16	250	95	96	.	1.69642857143
46	9	La4	A4	305	305	1	16	250	95	96	.	1.71428571429
47	9	Do5	C5	318	318	1	16	250	99	96	la	1.73214285714
48	9	Re5	D5	327	327	1	16	250	99	96		1.75
49	9	Si4b2	B4b1	312	313	1	4	1000	99	96		1.82142857143
50	9	La4	A4	305	305	1	8	500	95	96		1.85714285714
51	9	La4	A4	305	305	1	4	1000	99	96	ra 	1.92857142857
52	9	Do5	C5	318	318	1	12	333	99	96		1.95238095238
53	9	Si4b2	B4b1	312	313	1	12	333	99	96		1.97619047619
54	9	La4	A4	305	305	1	12	333	95	96		2.0
55	51			0	0	4	4	0	6	0	Sofyan	2.0
56	9	La4	A4	305	305	3	4	3000	95	96	vay  	2.75
57	9	Es	Es	-1	-1	1	4	1000	100	0		3.0
58	9	Do5	C5	318	318	1	8	500	95	96	A	3.125
59	9	Re5	D5	327	327	1	4	1000	99	96	ğam_	3.375
60	9	Si4b2	B4b1	312	313	1	16	250	99	96		3.4375
61	9	La4	A4	305	305	1	16	250	95	96		3.5
62	9	Mi5	E5	336	336	3	8	1500	95	96	ey 	3.875
63	9	Do5	C5	318	318	1	16	250	95	96	SAZ	3.9375
64	9	Re5	D5	327	327	1	16	250	95	96	.	4.0
65	9	Si4b2	B4b1	312	313	1	16	250	99	96	şa	4.0625
66	9	Re5	D5	327	327	1	16	250	99	96		4.125
67	9	Do5	C5	318	318	1	4	1000	95	96		4.375
68	9	Si4b2	B4b1	312	313	1	16	250	99	96	hım_	4.4375
69	9	La4	A4	305	305	1	16	250	95	96		4.5
70	9	Re5	D5	327	327	1	4	1000	99	96	ey 	4.75
71	9	Re5	D5	327	327	1	16	250	95	96		4.8125
72	9	Si4b2	B4b1	312	313	1	16	250	95	96	SAZ	4.875
73	9	Do5	C5	318	318	1	16	250	95	96	.	4.9375
74	9	La4	A4	305	305	1	16	250	95	96	.	5.0
75	9	Do5	C5	318	318	1	16	250	99	96	ey	5.0625
76	9	Re5	D5	327	327	1	16	250	99	96		5.125
77	9	Si4b2	B4b1	312	313	1	4	1000	95	96		5.375
78	9	La4	A4	305	305	1	8	500	95	96	vah_	5.5
79	9	La4	A4	305	305	1	4	1000	99	96	ey_	5.75
80	9	Do5	C5	318	318	1	12	333	99	96		5.83333333333
81	9	Si4b2	B4b1	312	313	1	12	333	99	96		5.91666666667
82	9	La4	A4	305	305	1	12	333	95	96		6.0
83	9	La4	A4	305	305	3	4	3000	95	96	ey  	6.75
84	9	Es	Es	-1	-1	1	4	1000	100	0		7.0
85	51			0	0	14	4	0	100	0	14.Nis	7.0
86	9	Es	Es	-1	-1	1	4	1000	100	0		7.07142857143
87	9	Fa5#3	F5#4	343	344	1	8	500	95	96	O	7.10714285714
88	9	Sol5	G5	349	349	1	8	500	95	96	lam 	7.14285714286
89	9	Fa5#3	F5#4	343	344	1	16	250	99	96	bir 	7.16071428571
90	9	Sol5	G5	349	349	1	16	250	99	96		7.17857142857
91	9	Mi5	E5	336	336	3	8	1500	95	96		7.28571428571
92	9	Mi5	E5	336	336	1	16	250	99	96	yâr_	7.30357142857
93	9	Sol5	G5	349	349	1	16	250	99	96		7.32142857143
94	9	Mi5	E5	336	336	3	8	1500	95	96		7.42857142857
95	9	Re5	D5	327	327	1	16	250	99	96	e	7.44642857143
96	9	Sol5	G5	349	349	1	16	250	99	96		7.46428571429
97	9	Mi5	E5	336	336	3	8	1500	95	96		7.57142857143
98	9	Re5	D5	327	327	1	16	250	99	96	li 	7.58928571429
99	9	Sol5	G5	349	349	1	16	250	99	96		7.60714285714
100	9	Mi5	E5	336	336	3	8	1500	95	96		7.71428571429
101	9	Do5	C5	318	318	1	16	250	99	96	bül	7.73214285714
102	9	Mi5	E5	336	336	1	16	250	99	96		7.75
103	9	Re5	D5	327	327	1	4	1000	99	96		7.82142857143
104	9	Do5	C5	318	318	1	8	500	95	96		7.85714285714
105	9	Re5	D5	327	327	3	16	750	99	96	bül  	7.91071428571
106	9	Si4b2	B4b1	312	313	1	16	250	99	96		7.92857142857
107	9	Do5	C5	318	318	1	16	250	99	96		7.94642857143
108	9	Si4b2	B4b1	312	313	1	16	250	99	96		7.96428571429
109	9	Do5	C5	318	318	1	16	250	99	96		7.98214285714
110	9	La4	A4	305	305	1	16	250	95	96		8.0
111	9	Es	Es	-1	-1	1	4	1000	100	0		8.07142857143
112	9	Do5	C5	318	318	1	8	500	95	96	İ	8.10714285714
113	9	Re5	D5	327	327	1	8	500	95	96	nem 	8.14285714286
114	9	Re5	D5	327	327	3	8	1500	99	96	bağ	8.25
115	9	Si4b2	B4b1	312	313	1	16	250	99	96		8.26785714286
116	9	La4	A4	305	305	1	16	250	95	96		8.28571428571
117	9	Mi5	E5	336	336	3	8	1500	95	96	la	8.39285714286
118	9	Do5	C5	318	318	1	16	250	95	96	SAZ	8.41071428571
119	9	Re5	D5	327	327	1	16	250	95	96	.	8.42857142857
120	9	Si4b2	B4b1	312	313	1	16	250	99	96	ra 	8.44642857143
121	9	Re5	D5	327	327	1	16	250	99	96		8.46428571429
122	9	Do5	C5	318	318	1	4	1000	99	96		8.53571428571
123	9	Si4b2	B4b1	312	313	1	16	250	99	96		8.55357142857
124	9	La4	A4	305	305	1	16	250	95	96		8.57142857143
125	9	Re5	D5	327	327	1	4	1000	99	96	bağ	8.64285714286
126	9	Re5	D5	327	327	1	16	250	95	96		8.66071428571
127	9	Si4b2	B4b1	312	313	1	16	250	95	96	SAZ	8.67857142857
128	9	Do5	C5	318	318	1	16	250	95	96	.	8.69642857143
129	9	La4	A4	305	305	1	16	250	95	96	.	8.71428571429
130	9	Do5	C5	318	318	1	16	250	99	96	la	8.73214285714
131	9	Re5	D5	327	327	1	16	250	99	96		8.75
132	9	Si4b2	B4b1	312	313	1	4	1000	99	96		8.82142857143
133	9	La4	A4	305	305	1	8	500	95	96		8.85714285714
134	9	La4	A4	305	305	1	4	1000	99	96	ra 	8.92857142857
135	9	Do5	C5	318	318	1	12	333	99	96		8.95238095238
136	9	Si4b2	B4b1	312	313	1	12	333	99	96		8.97619047619
137	9	La4	A4	305	305	1	12	333	95	96		9.0
138	51			0	0	4	4	0	6	0	Sofyan	9.0
139	9	La4	A4	305	305	3	4	3000	95	96	vay  	9.75
140	9	Es	Es	-1	-1	1	4	1000	100	0		10.0
141	9	Do5	C5	318	318	1	8	500	95	96	A	10.125
142	9	Re5	D5	327	327	1	4	1000	99	96	ğam_	10.375
143	9	Si4b2	B4b1	312	313	1	16	250	99	96		10.4375
144	9	La4	A4	305	305	1	16	250	95	96		10.5
145	9	Mi5	E5	336	336	3	8	1500	95	96	ey 	10.875
146	9	Do5	C5	318	318	1	16	250	95	96	SAZ	10.9375
147	9	Re5	D5	327	327	1	16	250	95	96	.	11.0
148	9	Si4b2	B4b1	312	313	1	16	250	99	96	şa	11.0625
149	9	Re5	D5	327	327	1	16	250	99	96		11.125
150	9	Do5	C5	318	318	1	4	1000	95	96		11.375
151	9	Si4b2	B4b1	312	313	1	16	250	99	96	hım_	11.4375
152	9	La4	A4	305	305	1	16	250	95	96		11.5
153	9	Re5	D5	327	327	1	4	1000	99	96	ey 	11.75
154	9	Re5	D5	327	327	1	16	250	95	96		11.8125
155	9	Si4b2	B4b1	312	313	1	16	250	95	96	SAZ	11.875
156	9	Do5	C5	318	318	1	16	250	95	96	.	11.9375
157	9	La4	A4	305	305	1	16	250	95	96	.	12.0
158	9	Do5	C5	318	318	1	16	250	99	96	ey	12.0625
159	9	Re5	D5	327	327	1	16	250	99	96		12.125
160	9	Si4b2	B4b1	312	313	1	4	1000	95	96		12.375
161	9	La4	A4	305	305	1	8	500	95	96	vah_	12.5
162	9	La4	A4	305	305	1	4	1000	99	96	ey_	12.75
163	9	Do5	C5	318	318	1	12	333	99	96		12.8333333333
164	9	Si4b2	B4b1	312	313	1	12	333	99	96		12.9166666667
165	9	La4	A4	305	305	1	12	333	95	96		13.0
166	9	La4	A4	305	305	3	4	3000	95	96	ey  	13.75
167	9	Es	Es	-1	-1	1	4	1000	100	0		14.0
168	9	Do5	C5	318	318	1	8	500	95	96	A	14.125
169	9	Re5	D5	327	327	1	4	1000	99	96	ğam_	14.375
170	9	Si4b2	B4b1	312	313	1	16	250	99	96		14.4375
171	9	La4	A4	305	305	1	16	250	95	96		14.5
172	9	Mi5	E5	336	336	3	8	1500	95	96	ey 	14.875
173	9	Do5	C5	318	318	1	16	250	95	96	SAZ	14.9375
174	9	Re5	D5	327	327	1	16	250	95	96	.	15.0
175	9	Si4b2	B4b1	312	313	1	16	250	99	96	şa	15.0625
176	9	Re5	D5	327	327	1	16	250	99	96		15.125
177	9	Do5	C5	318	318	1	4	1000	95	96		15.375
178	9	Si4b2	B4b1	312	313	1	16	250	99	96	hım_	15.4375
179	9	La4	A4	305	305	1	16	250	95	96		15.5
180	9	Re5	D5	327	327	1	4	1000	99	96	ey 	15.75
181	9	Re5	D5	327	327	1	16	250	95	96		15.8125
182	9	Si4b2	B4b1	312	313	1	16	250	95	96	SAZ	15.875
183	9	Do5	C5	318	318	1	16	250	95	96	.	15.9375
184	9	La4	A4	305	305	1	16	250	95	96	.	16.0
185	9	Do5	C5	318	318	1	16	250	99	96	ey	16.0625
186	9	Re5	D5	327	327	1	16	250	99	96		16.125
187	9	Si4b2	B4b1	312	313	1	4	1000	95	96		16.375
188	9	La4	A4	305	305	1	8	500	95	96	vah_	16.5
189	9	La4	A4	305	305	1	4	1000	99	96	ey_	16.75
190	9	Do5	C5	318	318	1	12	333	99	96		16.8333333333
191	9	Si4b2	B4b1	312	313	1	12	333	99	96		16.9166666667
192	9	La4	A4	305	305	1	12	333	95	96		17.0
193	9	La4	A4	305	305	3	4	3000	95	96	ey  	17.75
194	9	Es	Es	-1	-1	1	4	1000	100	0		18.0
