Sira	Kod	Nota53	NotaAE	Koma53	KomaAE	Pay	Payda	Ms	LNS	Bas	Soz1	Offset
1	9	La4	A4	305	305	1	4	1000	95	96		0.25
2	9	Do5	C5	318	318	1	8	500	95	96		0.375
3	9	Re5	D5	327	327	1	8	500	95	96		0.5
4	9	Mi5	E5	336	336	1	4	1000	95	96		0.75
5	9	Es	Es	-1	-1	1	4	1000	100	0		1.0
6	9	Re5	D5	327	327	1	8	500	95	96		1.125
7	9	Sol5	G5	349	349	1	8	500	95	96		1.25
8	9	Fa5#3	F5#4	343	344	1	8	500	95	96		1.375
9	9	Sol5	G5	349	349	1	8	500	95	96		1.5
10	9	Mi5	E5	336	336	1	4	1000	95	96		1.75
11	9	Es	Es	-1	-1	1	4	1000	100	0		2.0
12	9	Re5	D5	327	327	1	8	500	95	96		2.125
13	9	Sol5	G5	349	349	1	8	500	95	96		2.25
14	9	Fa5#3	F5#4	343	344	1	8	500	95	96		2.375
15	9	Sol5	G5	349	349	1	8	500	95	96		2.5
16	9	Fa5#3	F5#4	343	344	1	8	500	95	96		2.625
17	9	Sol5	G5	349	349	1	8	500	95	96		2.75
18	9	Fa5#3	F5#4	343	344	1	8	500	95	96		2.875
19	9	Mi5	E5	336	336	1	8	500	95	96		3.0
20	9	Mi5	E5	336	336	3	4	3000	95	96		3.75
21	9	Es	Es	-1	-1	1	4	1000	100	0		4.0
22	9	Mi5	E5	336	336	1	8	500	95	96		4.125
23	9	Re5	D5	327	327	1	8	500	95	96		4.25
24	9	Re5	D5	327	327	1	8	500	95	96		4.375
25	9	Do5	C5	318	318	1	8	500	95	96		4.5
26	9	Re5	D5	327	327	1	4	1000	95	96		4.75
27	9	Es	Es	-1	-1	1	4	1000	100	0		5.0
28	9	Re5	D5	327	327	1	8	500	95	96		5.125
29	9	Do5	C5	318	318	1	8	500	95	96		5.25
30	9	Do5	C5	318	318	1	8	500	95	96		5.375
31	9	Si4b2	B4b1	312	313	1	8	500	95	96		5.5
32	9	Do5	C5	318	318	1	4	1000	95	96		5.75
33	9	Es	Es	-1	-1	1	4	1000	100	0		6.0
34	9	Do5	C5	318	318	1	8	500	95	96		6.125
35	9	Si4b2	B4b1	312	313	1	8	500	95	96		6.25
36	9	Do5	C5	318	318	1	8	500	95	96		6.375
37	9	Re5	D5	327	327	1	8	500	95	96		6.5
38	9	Mi5	E5	336	336	1	8	500	95	96		6.625
39	9	Re5	D5	327	327	1	8	500	95	96		6.75
40	9	Do5	C5	318	318	1	8	500	95	96		6.875
41	9	Si4b2	B4b1	312	313	1	8	500	95	96		7.0
42	9	La4	A4	305	305	3	4	3000	95	96		7.75
43	9	Es	Es	-1	-1	1	4	1000	100	0		8.0
44	9	La4	A4	305	305	1	8	500	95	96		8.125
45	9	Sol5	G5	349	349	1	8	500	95	96		8.25
46	9	Fa5#3	F5#4	343	344	1	8	500	95	96		8.375
47	9	Sol5	G5	349	349	1	8	500	95	96		8.5
48	9	Fa5#3	F5#4	343	344	1	8	500	95	96		8.625
49	9	Sol5	G5	349	349	1	8	500	95	96		8.75
50	9	Fa5#3	F5#4	343	344	1	8	500	95	96		8.875
51	9	Mi5	E5	336	336	1	8	500	95	96		9.0
52	9	Mi5	E5	336	336	3	4	3000	95	96		9.75
53	9	La5	A5	358	358	1	4	1000	95	96		10.0
54	9	Mi5	E5	336	336	1	8	500	95	96		10.125
55	9	Re5	D5	327	327	1	8	500	95	96		10.25
56	9	Re5	D5	327	327	1	8	500	95	96		10.375
57	9	Do5	C5	318	318	1	8	500	95	96		10.5
58	9	Re5	D5	327	327	1	4	1000	95	96		10.75
59	9	Mi5	E5	336	336	1	4	1000	95	96		11.0
60	9	Mi5	E5	336	336	3	4	3000	95	96		11.75
61	9	Es	Es	-1	-1	1	4	1000	100	0		12.0
62	9	Mi5	E5	336	336	1	8	500	95	96		12.125
63	9	Fa5#3	F5#4	343	344	1	8	500	95	96		12.25
64	9	Sol5	G5	349	349	1	8	500	95	96		12.375
65	9	Fa5#3	F5#4	343	344	1	8	500	95	96		12.5
66	9	Sol5	G5	349	349	1	8	500	95	96		12.625
67	9	Fa5#3	F5#4	343	344	1	8	500	95	96		12.75
68	9	Sol5	G5	349	349	1	8	500	95	96		12.875
69	9	La5	A5	358	358	1	8	500	95	96		13.0
70	9	La5	A5	358	358	1	8	500	95	96		13.125
71	9	Sol5	G5	349	349	1	8	500	95	96		13.25
72	9	Fa5#3	F5#4	343	344	1	8	500	95	96		13.375
73	9	Mi5	E5	336	336	1	8	500	95	96		13.5
74	9	Re5	D5	327	327	1	4	1000	95	96		13.75
75	9	Es	Es	-1	-1	1	4	1000	100	0		14.0
76	9	Re5	D5	327	327	1	8	500	95	96		14.125
77	9	Mi5	E5	336	336	1	8	500	95	96		14.25
78	9	Re5	D5	327	327	1	8	500	95	96		14.375
79	9	Do5	C5	318	318	1	8	500	95	96		14.5
80	9	Mi5	E5	336	336	1	8	500	95	96		14.625
81	9	Re5	D5	327	327	1	8	500	95	96		14.75
82	9	Do5	C5	318	318	1	8	500	95	96		14.875
83	9	Si4b2	B4b1	312	313	1	8	500	95	96		15.0
84	9	Do5	C5	318	318	3	4	3000	95	96		15.75
85	9	Es	Es	-1	-1	1	4	1000	100	0		16.0
86	9	Do5	C5	318	318	1	4	1000	95	96		16.25
87	9	Re5	D5	327	327	1	4	1000	95	96		16.5
88	9	Re5	D5	327	327	1	4	1000	95	96		16.75
89	9	Do5	C5	318	318	1	4	1000	95	96		17.0
90	9	Re5	D5	327	327	1	8	500	95	96		17.125
91	9	Mi5	E5	336	336	1	8	500	95	96		17.25
92	9	Mi5	E5	336	336	1	8	500	95	96		17.375
93	9	Re5	D5	327	327	1	8	500	95	96		17.5
94	9	Do5	C5	318	318	1	4	1000	95	96		17.75
95	9	Es	Es	-1	-1	1	4	1000	100	0		18.0
96	9	Si4b2	B4b1	312	313	1	4	1000	95	96		18.25
97	9	Do5	C5	318	318	1	4	1000	95	96		18.5
98	9	Do5	C5	318	318	1	4	1000	95	96		18.75
99	9	Si4b2	B4b1	312	313	1	4	1000	95	96		19.0
100	9	Do5	C5	318	318	1	8	500	95	96		19.125
101	9	Re5	D5	327	327	1	8	500	95	96		19.25
102	9	Re5	D5	327	327	1	8	500	95	96		19.375
103	9	Do5	C5	318	318	1	8	500	95	96		19.5
104	9	Si4b2	B4b1	312	313	1	4	1000	95	96		19.75
105	9	Es	Es	-1	-1	1	4	1000	100	0		20.0
106	9	La4	A4	305	305	1	4	1000	95	96		20.25
107	9	Si4b2	B4b1	312	313	1	4	1000	95	96		20.5
108	9	Si4b2	B4b1	312	313	1	4	1000	95	96		20.75
109	9	La4	A4	305	305	1	4	1000	95	96		21.0
110	9	Si4b2	B4b1	312	313	1	8	500	95	96		21.125
111	9	Do5	C5	318	318	1	8	500	95	96		21.25
112	9	Do5	C5	318	318	1	8	500	95	96		21.375
113	9	Si4b2	B4b1	312	313	1	8	500	95	96		21.5
114	9	La4	A4	305	305	1	4	1000	95	96		21.75
115	9	Es	Es	-1	-1	1	4	1000	100	0		22.0
116	9	Mi5	E5	336	336	1	8	500	95	96		22.125
117	9	Re5	D5	327	327	1	8	500	95	96		22.25
118	9	Re5	D5	327	327	1	8	500	95	96		22.375
119	9	Do5	C5	318	318	1	8	500	95	96		22.5
120	9	Do5	C5	318	318	1	8	500	95	96		22.625
121	9	Si4b2	B4b1	312	313	1	8	500	95	96		22.75
122	9	Si4b2	B4b1	312	313	1	8	500	95	96		22.875
123	9	La4	A4	305	305	1	8	500	95	96		23.0
124	9	La4	A4	305	305	3	4	3000	95	96		23.75
125	9	Es	Es	-1	-1	1	4	1000	100	0		24.0
