Sira	Kod	Nota53	NotaAE	Koma53	KomaAE	Pay	Payda	Ms	LNS	Bas	Soz1	Offset
1	9	Mi5	E5	336	336	1	8	500	95	96		0.125
2	9	Re5	D5	327	327	1	8	500	95	96		0.25
3	9	Do5#4	C5#4	322	322	1	8	500	95	96		0.375
4	9	Re5	D5	327	327	1	8	500	95	96		0.5
5	9	Mi5	E5	336	336	1	2	2000	95	96		1.0
6	9	Es	Es	-1	-1	1	8	500	100	0		1.125
7	9	Fa5#3	F5#4	343	344	1	16	250	95	96		1.1875
8	9	Mi5	E5	336	336	1	16	250	95	96		1.25
9	9	Fa5#3	F5#4	343	344	1	8	500	95	96		1.375
10	9	Sol5	G5	349	349	1	8	500	95	96		1.5
11	9	La5	A5	358	358	1	16	250	95	96		1.5625
12	9	Sol5	G5	349	349	1	16	250	95	96		1.625
13	9	Fa5#3	F5#4	343	344	1	16	250	95	96		1.6875
14	9	Mi5	E5	336	336	1	16	250	95	96		1.75
15	9	Re5	D5	327	327	1	4	1000	95	96		2.0
16	9	Es	Es	-1	-1	1	8	500	100	0		2.125
17	9	Sol5	G5	349	349	1	8	500	95	96		2.25
18	9	Fa5#3	F5#4	343	344	1	8	500	95	96		2.375
19	9	Sol5	G5	349	349	1	8	500	95	96		2.5
20	9	La5	A5	358	358	1	16	250	95	96		2.5625
21	9	Do6	C6	371	371	1	16	250	95	96		2.625
22	9	Si5b2	B5b1	365	366	1	16	250	95	96		2.6875
23	9	La5	A5	358	358	1	16	250	95	96		2.75
24	9	Sol5	G5	349	349	1	8	500	95	96		2.875
25	9	Fa5#3	F5#4	343	344	1	16	250	95	96		2.9375
26	9	Mi5	E5	336	336	1	16	250	95	96		3.0
27	9	Mi5	E5	336	336	3	8	1500	95	96		3.375
28	9	Re5	D5	327	327	1	8	500	95	96		3.5
29	9	Re5	D5	327	327	1	16	250	95	96		3.5625
30	9	Do5	C5	318	318	1	16	250	95	96		3.625
31	9	Do5	C5	318	318	1	16	250	95	96		3.6875
32	9	Re5	D5	327	327	1	16	250	95	96		3.75
33	9	Mi5	E5	336	336	1	4	1000	95	96		4.0
34	9	Es	Es	-1	-1	1	4	1000	100	0		4.25
35	9	Re5	D5	327	327	1	8	500	95	96		4.375
36	9	Mi5	E5	336	336	1	8	500	95	96		4.5
37	9	Mi5	E5	336	336	1	4	1000	95	96		4.75
38	9	La5	A5	358	358	1	4	1000	95	96		5.0
39	9	Sol5	G5	349	349	1	8	500	95	96		5.125
40	9	Fa5	F5	340	340	1	8	500	95	96		5.25
41	9	Mi5	E5	336	336	1	8	500	95	96		5.375
42	9	Re5	D5	327	327	1	8	500	95	96		5.5
43	9	Mi5	E5	336	336	1	16	250	95	96		5.5625
44	9	Re5	D5	327	327	1	16	250	95	96		5.625
45	9	Do5	C5	318	318	1	16	250	95	96		5.6875
46	9	Si4b2	B4b1	312	313	1	16	250	95	96		5.75
47	9	Do5	C5	318	318	1	4	1000	95	96		6.0
48	9	Es	Es	-1	-1	1	4	1000	100	0		6.25
49	9	Si4b2	B4b1	312	313	1	8	500	95	96		6.375
50	9	Do5	C5	318	318	1	8	500	95	96		6.5
51	9	Re5	D5	327	327	1	4	1000	95	96		6.75
52	9	Mi5	E5	336	336	1	4	1000	95	96		7.0
53	9	Re5	D5	327	327	1	4	1000	95	96		7.25
54	9	Do5	C5	318	318	1	8	500	95	96		7.375
55	9	Si4b2	B4b1	312	313	1	8	500	95	96		7.5
56	9	La4	A4	305	305	1	2	2000	95	96		8.0
57	9	Es	Es	-1	-1	1	4	1000	100	0		8.25
58	9	La4	A4	305	305	1	8	500	95	96		8.375
59	9	Si4b4	B4b4	310	310	1	8	500	95	96		8.5
60	9	La4	A4	305	305	1	4	1000	95	96		8.75
61	9	Si4b4	B4b4	310	310	1	4	1000	95	96		9.0
62	9	Do5#4	C5#4	322	322	1	8	500	95	96		9.125
63	9	Re5	D5	327	327	1	16	250	95	96		9.1875
64	9	Mi5	E5	336	336	1	16	250	95	96		9.25
65	9	Re5	D5	327	327	1	8	500	95	96		9.375
66	9	Do5#4	C5#4	322	322	1	8	500	95	96		9.5
67	9	Si4b4	B4b4	310	310	1	8	500	95	96		9.625
68	9	La4	A4	305	305	1	8	500	95	96		9.75
69	9	Sol4	G4	296	296	1	8	500	95	96		9.875
70	9	Fa4#3	F4#4	290	291	1	8	500	95	96		10.0
71	9	Sol4	G4	296	296	1	4	1000	95	96		10.25
72	9	Fa4#3	F4#4	290	291	1	8	500	95	96		10.375
73	9	Sol4	G4	296	296	1	8	500	95	96		10.5
74	9	La4	A4	305	305	1	4	1000	95	96		10.75
75	9	Si4	B4	314	314	1	8	500	95	96		10.875
76	9	La4	A4	305	305	1	8	500	95	96		11.0
77	9	La4	A4	305	305	1	8	500	95	96		11.125
78	9	Sol4	G4	296	296	1	8	500	95	96		11.25
79	9	Sol4	G4	296	296	1	8	500	95	96		11.375
80	9	Fa4#3	F4#4	290	291	1	8	500	95	96		11.5
81	9	Fa4#3	F4#4	290	291	3	16	750	95	96		11.6875
82	9	Mi4	E4	283	283	1	16	250	95	96		11.75
83	9	Re4	D4	274	274	1	4	1000	95	96		12.0
84	9	Es	Es	-1	-1	1	4	1000	100	0		12.25
85	9	Mi4	E4	283	283	1	8	500	95	96		12.375
86	9	Fa4#3	F4#4	290	291	1	8	500	95	96		12.5
87	9	Mi4	E4	283	283	1	4	1000	95	96		12.75
88	9	Fa4#3	F4#4	290	291	1	4	1000	95	96		13.0
89	9	Sol4	G4	296	296	1	8	500	95	96		13.125
90	9	La4	A4	305	305	1	16	250	95	96		13.1875
91	9	Si4	B4	314	314	1	16	250	95	96		13.25
92	9	La4	A4	305	305	1	8	500	95	96		13.375
93	9	Sol4	G4	296	296	1	8	500	95	96		13.5
94	9	Sol4	G4	296	296	1	8	500	95	96		13.625
95	9	Fa4#3	F4#4	290	291	1	8	500	95	96		13.75
96	9	Fa4#3	F4#4	290	291	1	8	500	95	96		13.875
97	9	Mi4	E4	283	283	1	8	500	95	96		14.0
98	9	Mi4	E4	283	283	1	2	2000	95	96		14.5
99	9	Re4	D4	274	274	1	4	1000	95	96		14.75
100	9	Sol4	G4	296	296	1	8	500	95	96		14.875
101	9	Fa4#3	F4#4	290	291	1	16	250	95	96		14.9375
102	9	Mi4	E4	283	283	1	16	250	95	96		15.0
103	9	Mi4	E4	283	283	1	1	4000	95	96		16.0
