Sira	Kod	Nota53	NotaAE	Koma53	KomaAE	Pay	Payda	Ms	LNS	Bas	Soz1	Offset
1	9	La4	A4	305	305	1	4	1000	95	96		0.0625
2	9	Mi5	E5	336	336	1	8	500	95	96		0.09375
3	9	Re5	D5	327	327	1	8	500	95	96		0.125
4	9	Mi5	E5	336	336	1	4	1000	95	96		0.1875
5	9	Fa5	F5	340	340	1	4	1000	95	96		0.25
6	9	Mi5	E5	336	336	1	2	2000	95	96		0.375
7	9	Re5	D5	327	327	1	16	250	95	96		0.390625
8	9	Fa5	F5	340	340	1	16	250	95	96		0.40625
9	9	Mi5	E5	336	336	1	16	250	95	96		0.421875
10	9	Re5	D5	327	327	1	16	250	95	96		0.4375
11	9	Re5	D5	327	327	1	4	1000	95	96		0.5
12	9	Do5	C5	318	318	1	8	500	95	96		0.53125
13	9	Re5	D5	327	327	1	8	500	95	96		0.5625
14	9	Do5	C5	318	318	1	8	500	95	96		0.59375
15	9	Si4b1	B4b1	313	313	1	8	500	95	96		0.625
16	9	Do5	C5	318	318	1	4	1000	95	96		0.6875
17	9	Re5	D5	327	327	1	4	1000	95	96		0.75
18	9	Mi5	E5	336	336	1	2	2000	95	96		0.875
19	9	Do5	C5	318	318	1	8	500	95	96		0.90625
20	9	Si4b1	B4b1	313	313	1	8	500	95	96		0.9375
21	9	La4	A4	305	305	1	4	1000	95	96		1.0
22	9	La4	A4	305	305	1	8	500	95	96		1.03125
23	9	Es	Es	-1	-1	1	8	500	100	0		1.0625
24	9	Do5	C5	318	318	1	8	500	95	96		1.09375
25	9	Re5	D5	327	327	1	8	500	95	96		1.125
26	9	Mi5	E5	336	336	1	4	1000	95	96		1.1875
27	9	Fa5	F5	340	340	1	4	1000	95	96		1.25
28	9	Mi5	E5	336	336	1	2	2000	95	96		1.375
29	9	Re5	D5	327	327	1	8	500	95	96		1.40625
30	9	Fa5	F5	340	340	1	8	500	95	96		1.4375
31	9	Mi5	E5	336	336	1	8	500	95	96		1.46875
32	9	Re5	D5	327	327	1	8	500	95	96		1.5
33	9	Do5	C5	318	318	1	8	500	95	96		1.53125
34	9	Si4b1	B4b1	313	313	1	8	500	95	96		1.5625
35	9	Do5	C5	318	318	1	8	500	95	96		1.59375
36	9	Re5	D5	327	327	1	8	500	95	96		1.625
37	9	Mi5	E5	336	336	1	8	500	95	96		1.65625
38	9	Re5	D5	327	327	1	8	500	95	96		1.6875
39	9	Do5	C5	318	318	1	8	500	95	96		1.71875
40	9	Si4b1	B4b1	313	313	1	8	500	95	96		1.75
41	9	La4	A4	305	305	3	8	1500	95	96		1.84375
42	9	Do5	C5	318	318	1	8	500	95	96		1.875
43	9	Si4b1	B4b1	313	313	1	8	500	95	96		1.90625
44	9	La4	A4	305	305	1	8	500	95	96		1.9375
45	9	Sol4	G4	296	296	1	4	1000	95	96		2.0
46	9	Sol4	G4	296	296	1	8	500	95	96		2.03125
47	9	Es	Es	-1	-1	1	8	500	100	0		2.0625
48	9	Re5	D5	327	327	1	8	500	95	96		2.09375
49	9	Do5	C5	318	318	1	8	500	95	96		2.125
50	9	Re5	D5	327	327	3	8	1500	95	96		2.21875
51	9	Mi5	E5	336	336	1	8	500	95	96		2.25
52	9	Re5	D5	327	327	1	4	1000	95	96		2.3125
53	9	Mi5	E5	336	336	1	8	500	95	96		2.34375
54	9	Re5	D5	327	327	1	8	500	95	96		2.375
55	9	Do5	C5	318	318	1	4	1000	95	96		2.4375
56	9	Re5	D5	327	327	1	8	500	95	96		2.46875
57	9	Do5	C5	318	318	1	8	500	95	96		2.5
58	9	Si4b1	B4b1	313	313	1	4	1000	95	96		2.5625
59	9	Do5	C5	318	318	1	8	500	95	96		2.59375
60	9	Si4b1	B4b1	313	313	1	8	500	95	96		2.625
61	9	Do5	C5	318	318	1	4	1000	95	96		2.6875
62	9	Re5	D5	327	327	1	8	500	95	96		2.71875
63	9	Do5	C5	318	318	1	8	500	95	96		2.75
64	9	Re5	D5	327	327	1	4	1000	95	96		2.8125
65	9	Mi5	E5	336	336	1	8	500	95	96		2.84375
66	9	Re5	D5	327	327	1	8	500	95	96		2.875
67	9	Mi5	E5	336	336	3	8	1500	95	96		2.96875
68	9	Es	Es	-1	-1	1	8	500	100	0		3.0
69	9	Fa5	F5	340	340	1	8	500	95	96		3.03125
70	9	Mi5	E5	336	336	1	8	500	95	96		3.0625
71	9	Fa5	F5	340	340	1	8	500	95	96		3.09375
72	9	Sol5	G5	349	349	1	8	500	95	96		3.125
73	9	La5	A5	358	358	1	8	500	95	96		3.15625
74	9	Sol5	G5	349	349	1	8	500	95	96		3.1875
75	9	Fa5	F5	340	340	1	8	500	95	96		3.21875
76	9	Mi5	E5	336	336	1	8	500	95	96		3.25
77	9	Re5	D5	327	327	1	8	500	95	96		3.28125
78	9	Fa5	F5	340	340	1	8	500	95	96		3.3125
79	9	Mi5	E5	336	336	1	8	500	95	96		3.34375
80	9	Re5	D5	327	327	1	8	500	95	96		3.375
81	9	Re5	D5	327	327	3	8	1500	95	96		3.46875
82	9	Es	Es	-1	-1	1	8	500	100	0		3.5
83	9	Do5	C5	318	318	1	8	500	95	96		3.53125
84	9	Si4b1	B4b1	313	313	1	8	500	95	96		3.5625
85	9	Do5	C5	318	318	1	8	500	95	96		3.59375
86	9	Re5	D5	327	327	1	8	500	95	96		3.625
87	9	Mi5	E5	336	336	1	8	500	95	96		3.65625
88	9	Re5	D5	327	327	1	8	500	95	96		3.6875
89	9	Do5	C5	318	318	1	8	500	95	96		3.71875
90	9	Si4b1	B4b1	313	313	1	8	500	95	96		3.75
91	9	La4	A4	305	305	3	8	1500	95	96		3.84375
92	9	Do5	C5	318	318	1	8	500	95	96		3.875
93	9	Si4b1	B4b1	313	313	1	8	500	95	96		3.90625
94	9	La4#4	A4#4	309	309	1	8	500	95	96		3.9375
95	9	Si4b1	B4b1	313	313	1	4	1000	95	96		4.0
96	9	Si4b1	B4b1	313	313	1	8	500	95	96		4.03125
97	9	Es	Es	-1	-1	1	8	500	100	0		4.0625
98	9	Sol4	G4	296	296	1	8	500	95	96		4.09375
99	9	La4	A4	305	305	1	8	500	95	96		4.125
100	9	Sol4	G4	296	296	1	4	1000	95	96		4.1875
101	9	La4	A4	305	305	1	4	1000	95	96		4.25
102	9	Sol4	G4	296	296	1	4	1000	95	96		4.3125
103	9	La4	A4	305	305	1	8	500	95	96		4.34375
104	9	Si4b1	B4b1	313	313	1	8	500	95	96		4.375
105	9	Do5	C5	318	318	3	8	1500	95	96		4.46875
106	9	Es	Es	-1	-1	1	8	500	100	0		4.5
107	9	Do5	C5	318	318	1	8	500	95	96		4.53125
108	9	Re5	D5	327	327	1	8	500	95	96		4.5625
109	9	Do5	C5	318	318	1	8	500	95	96		4.59375
110	9	Si4b1	B4b1	313	313	1	8	500	95	96		4.625
111	9	La4	A4	305	305	1	8	500	95	96		4.65625
112	9	Sol4	G4	296	296	1	8	500	95	96		4.6875
113	9	La4	A4	305	305	1	8	500	95	96		4.71875
114	9	Si4b1	B4b1	313	313	1	8	500	95	96		4.75
115	9	Do5	C5	318	318	1	8	500	95	96		4.78125
116	9	Re5	D5	327	327	1	8	500	95	96		4.8125
117	9	Do5	C5	318	318	1	8	500	95	96		4.84375
118	9	Si4b1	B4b1	313	313	1	8	500	95	96		4.875
119	9	Do5	C5	318	318	1	8	500	95	96		4.90625
120	9	Si4b1	B4b1	313	313	1	8	500	95	96		4.9375
121	9	Do5	C5	318	318	1	4	1000	95	96		5.0
122	9	Do5	C5	318	318	1	8	500	95	96		5.03125
123	9	Es	Es	-1	-1	1	8	500	100	0		5.0625
124	9	Si4b1	B4b1	313	313	1	8	500	95	96		5.09375
125	9	La4	A4	305	305	1	8	500	95	96		5.125
126	9	Si4b1	B4b1	313	313	1	4	1000	95	96		5.1875
127	9	Do5	C5	318	318	1	4	1000	95	96		5.25
128	9	Si4b1	B4b1	313	313	1	8	500	95	96		5.28125
129	9	Do5	C5	318	318	1	8	500	95	96		5.3125
130	9	Si4b1	B4b1	313	313	1	8	500	95	96		5.34375
131	9	Do5	C5	318	318	1	8	500	95	96		5.375
132	9	Re5	D5	327	327	3	8	1500	95	96		5.46875
133	9	Es	Es	-1	-1	1	8	500	100	0		5.5
134	9	La4	A4	305	305	1	8	500	95	96		5.53125
135	9	Sol4	G4	296	296	1	8	500	95	96		5.5625
136	9	Fa4#4	F4#4	291	291	1	8	500	95	96		5.59375
137	9	Sol4	G4	296	296	1	8	500	95	96		5.625
138	9	Fa4#4	F4#4	291	291	1	4	1000	95	96		5.6875
139	9	Sol4	G4	296	296	1	4	1000	95	96		5.75
140	9	La4	A4	305	305	1	8	500	95	96		5.78125
141	9	Do5	C5	318	318	1	4	1000	95	96		5.84375
142	9	Si4b1	B4b1	313	313	1	16	250	95	96		5.859375
143	9	La4	A4	305	305	1	16	250	95	96		5.875
144	9	La4	A4	305	305	1	4	1000	95	96		5.9375
145	9	Es	Es	-1	-1	1	4	1000	100	0		6.0
146	9	Re5	D5	327	327	1	2	2000	95	96		6.125
147	9	Re5	D5	327	327	1	4	1000	95	96		6.1875
148	9	Mi5	E5	336	336	1	8	500	95	96		6.21875
149	9	Fa5	F5	340	340	1	8	500	95	96		6.25
150	9	Sol5	G5	349	349	3	16	750	95	96		6.296875
151	9	Fa5	F5	340	340	1	16	250	95	96		6.3125
152	9	Fa5	F5	340	340	3	16	750	95	96		6.359375
153	9	Mi5	E5	336	336	1	16	250	95	96		6.375
154	9	Mi5	E5	336	336	3	16	750	95	96		6.421875
155	9	Re5	D5	327	327	1	16	250	95	96		6.4375
156	9	Re5	D5	327	327	3	16	750	95	96		6.484375
157	9	Do5	C5	318	318	1	16	250	95	96		6.5
158	9	Si4b1	B4b1	313	313	3	8	1500	95	96		6.59375
159	9	Do5	C5	318	318	1	8	500	95	96		6.625
160	9	Re5	D5	327	327	1	4	1000	95	96		6.6875
161	9	Mi5	E5	336	336	1	4	1000	95	96		6.75
162	9	Mi5	E5	336	336	1	8	500	95	96		6.78125
163	9	Es	Es	-1	-1	1	8	500	100	0		6.8125
164	9	Re5	D5	327	327	1	8	500	95	96		6.84375
165	9	Mi5	E5	336	336	1	8	500	95	96		6.875
166	8	Fa5	F5	340	340	0	0	0	95	96		6.875
167	9	Mi5	E5	336	336	1	8	500	95	96		6.90625
168	9	Re5	D5	327	327	1	8	500	95	96		6.9375
169	9	Do5	C5	318	318	1	4	1000	95	96		7.0
170	9	Do5	C5	318	318	1	8	500	95	96		7.03125
171	9	Es	Es	-1	-1	1	8	500	100	0		7.0625
172	9	Mi5	E5	336	336	1	8	500	95	96		7.09375
173	9	Mi5	E5	336	336	1	8	500	95	96		7.125
174	9	Mi5	E5	336	336	1	4	1000	95	96		7.1875
175	9	Fa5	F5	340	340	1	4	1000	95	96		7.25
176	9	Mi5	E5	336	336	1	2	2000	95	96		7.375
177	9	Fa5	F5	340	340	1	8	500	95	96		7.40625
178	9	Mi5	E5	336	336	1	8	500	95	96		7.4375
179	9	Re5	D5	327	327	1	4	1000	95	96		7.5
180	9	Do5	C5	318	318	1	8	500	95	96		7.53125
181	9	Si4b1	B4b1	313	313	1	8	500	95	96		7.5625
182	9	Do5	C5	318	318	1	8	500	95	96		7.59375
183	9	Re5	D5	327	327	1	8	500	95	96		7.625
184	9	Mi5	E5	336	336	1	8	500	95	96		7.65625
185	9	Re5	D5	327	327	1	8	500	95	96		7.6875
186	9	Do5	C5	318	318	1	8	500	95	96		7.71875
187	9	Si4b1	B4b1	313	313	1	8	500	95	96		7.75
188	9	La4	A4	305	305	3	8	1500	95	96		7.84375
189	9	Do5	C5	318	318	1	8	500	95	96		7.875
190	9	Si4b1	B4b1	313	313	1	8	500	95	96		7.90625
191	9	La4	A4	305	305	1	8	500	95	96		7.9375
192	9	Sol4	G4	296	296	1	4	1000	95	96		8.0
193	9	Re5	D5	327	327	1	2	2000	95	96		8.125
194	9	Re5	D5	327	327	1	4	1000	95	96		8.1875
195	9	Mi5	E5	336	336	1	8	500	95	96		8.21875
196	9	Fa5	F5	340	340	1	8	500	95	96		8.25
197	9	Sol5	G5	349	349	3	16	750	95	96		8.296875
198	9	Fa5	F5	340	340	1	16	250	95	96		8.3125
199	9	Fa5	F5	340	340	3	16	750	95	96		8.359375
200	9	Mi5	E5	336	336	1	16	250	95	96		8.375
201	9	Mi5	E5	336	336	3	16	750	95	96		8.421875
202	9	Re5	D5	327	327	1	16	250	95	96		8.4375
203	9	Re5	D5	327	327	3	16	750	95	96		8.484375
204	9	Do5	C5	318	318	1	16	250	95	96		8.5
205	9	Si4b1	B4b1	313	313	3	8	1500	95	96		8.59375
206	9	Do5	C5	318	318	1	8	500	95	96		8.625
207	9	Re5	D5	327	327	1	4	1000	95	96		8.6875
208	9	Mi5	E5	336	336	1	4	1000	95	96		8.75
209	9	Mi5	E5	336	336	1	4	1000	95	96		8.8125
210	9	Re5	D5	327	327	1	8	500	95	96		8.84375
211	9	Mi5	E5	336	336	1	8	500	95	96		8.875
212	9	Mi5	E5	336	336	1	8	500	95	96		8.90625
213	9	Re5	D5	327	327	1	8	500	95	96		8.9375
214	9	Do5	C5	318	318	1	4	1000	95	96		9.0
215	9	Do5	C5	318	318	1	8	500	95	96		9.03125
216	9	Es	Es	-1	-1	1	8	500	100	0		9.0625
217	9	Mi5	E5	336	336	1	8	500	95	96		9.09375
218	9	Mi5	E5	336	336	1	8	500	95	96		9.125
219	9	Mi5	E5	336	336	1	4	1000	95	96		9.1875
220	9	Fa5	F5	340	340	1	4	1000	95	96		9.25
221	9	Mi5	E5	336	336	1	2	2000	95	96		9.375
222	9	Fa5	F5	340	340	1	8	500	95	96		9.40625
223	9	Mi5	E5	336	336	1	8	500	95	96		9.4375
224	9	Re5	D5	327	327	1	4	1000	95	96		9.5
225	9	Do5	C5	318	318	1	8	500	95	96		9.53125
226	9	Si4b1	B4b1	313	313	1	8	500	95	96		9.5625
227	9	Do5	C5	318	318	1	8	500	95	96		9.59375
228	9	Re5	D5	327	327	1	8	500	95	96		9.625
229	9	Mi5	E5	336	336	1	8	500	95	96		9.65625
230	9	Re5	D5	327	327	1	8	500	95	96		9.6875
231	9	Do5	C5	318	318	1	8	500	95	96		9.71875
232	9	Si4b1	B4b1	313	313	1	8	500	95	96		9.75
233	9	La4	A4	305	305	3	8	1500	95	96		9.84375
234	9	Do5	C5	318	318	1	8	500	95	96		9.875
235	9	Si4b1	B4b1	313	313	1	8	500	95	96		9.90625
236	9	La4	A4	305	305	1	8	500	95	96		9.9375
237	9	Sol4	G4	296	296	1	4	1000	95	96		10.0
238	9	Mi5	E5	336	336	1	8	500	95	96		10.03125
239	9	Fa5#4	F5#4	344	344	1	8	500	95	96		10.0625
240	9	Sol5	G5	349	349	1	8	500	95	96		10.09375
241	9	La5	A5	358	358	1	8	500	95	96		10.125
242	9	Fa5#4	F5#4	344	344	1	8	500	95	96		10.15625
243	9	Sol5	G5	349	349	1	8	500	95	96		10.1875
244	9	Mi5	E5	336	336	1	8	500	95	96		10.21875
245	9	Fa5	F5	340	340	1	8	500	95	96		10.25
246	9	Re5	D5	327	327	1	8	500	95	96		10.28125
247	9	Fa5	F5	340	340	1	4	1000	95	96		10.34375
248	9	Mi5	E5	336	336	1	16	250	95	96		10.359375
249	9	Re5	D5	327	327	1	16	250	95	96		10.375
250	9	Re5	D5	327	327	3	8	1500	95	96		10.46875
251	9	Es	Es	-1	-1	1	8	500	100	0		10.5
252	9	Do5	C5	318	318	1	8	500	95	96		10.53125
253	9	Si4b1	B4b1	313	313	1	8	500	95	96		10.5625
254	9	Do5	C5	318	318	1	8	500	95	96		10.59375
255	9	Re5	D5	327	327	1	8	500	95	96		10.625
256	9	Mi5	E5	336	336	1	8	500	95	96		10.65625
257	9	Re5	D5	327	327	1	8	500	95	96		10.6875
258	9	Do5	C5	318	318	1	8	500	95	96		10.71875
259	9	Si4b1	B4b1	313	313	1	8	500	95	96		10.75
260	9	La4	A4	305	305	3	8	1500	95	96		10.84375
261	9	Do5	C5	318	318	1	8	500	95	96		10.875
262	9	Si4b1	B4b1	313	313	1	8	500	95	96		10.90625
263	9	La4#4	A4#4	309	309	1	8	500	95	96		10.9375
264	9	Si4b1	B4b1	313	313	1	4	1000	95	96		11.0
265	9	Mi5	E5	336	336	1	8	500	95	96		11.03125
266	9	Fa5#4	F5#4	344	344	1	8	500	95	96		11.0625
267	9	Sol5	G5	349	349	1	8	500	95	96		11.09375
268	9	La5	A5	358	358	1	8	500	95	96		11.125
269	9	Fa5#4	F5#4	344	344	1	8	500	95	96		11.15625
270	9	Sol5	G5	349	349	1	8	500	95	96		11.1875
271	9	Mi5	E5	336	336	1	8	500	95	96		11.21875
272	9	Fa5	F5	340	340	1	8	500	95	96		11.25
273	9	Re5	D5	327	327	1	8	500	95	96		11.28125
274	9	Fa5	F5	340	340	1	8	500	95	96		11.3125
275	9	Mi5	E5	336	336	1	8	500	95	96		11.34375
276	9	Re5	D5	327	327	1	8	500	95	96		11.375
277	9	Re5	D5	327	327	3	8	1500	95	96		11.46875
278	9	Es	Es	-1	-1	1	8	500	100	0		11.5
279	9	Do5	C5	318	318	1	8	500	95	96		11.53125
280	9	Si4b1	B4b1	313	313	1	8	500	95	96		11.5625
281	9	Do5	C5	318	318	1	8	500	95	96		11.59375
282	9	Re5	D5	327	327	1	8	500	95	96		11.625
283	9	Mi5	E5	336	336	1	8	500	95	96		11.65625
284	9	Re5	D5	327	327	1	8	500	95	96		11.6875
285	9	Do5	C5	318	318	1	8	500	95	96		11.71875
286	9	Si4b1	B4b1	313	313	1	8	500	95	96		11.75
287	9	La4	A4	305	305	3	8	1500	95	96		11.84375
288	9	Do5	C5	318	318	1	8	500	95	96		11.875
289	9	Si4b1	B4b1	313	313	1	8	500	95	96		11.90625
290	9	La4	A4	305	305	1	8	500	95	96		11.9375
291	9	Si4b1	B4b1	313	313	1	4	1000	95	96		12.0
292	9	Si4b1	B4b1	313	313	1	8	500	95	96		12.03125
293	9	Es	Es	-1	-1	1	8	500	100	0		12.0625
294	9	Sol4	G4	296	296	1	8	500	95	96		12.09375
295	9	La4	A4	305	305	1	8	500	95	96		12.125
296	9	Sol4	G4	296	296	1	4	1000	95	96		12.1875
297	9	La4	A4	305	305	1	4	1000	95	96		12.25
298	9	Sol4	G4	296	296	1	4	1000	95	96		12.3125
299	9	La4	A4	305	305	1	8	500	95	96		12.34375
300	9	Si4b1	B4b1	313	313	1	8	500	95	96		12.375
301	9	Do5	C5	318	318	1	2	2000	95	96		12.5
302	9	Do5	C5	318	318	1	8	500	95	96		12.53125
303	9	Re5	D5	327	327	1	8	500	95	96		12.5625
304	9	Do5	C5	318	318	1	8	500	95	96		12.59375
305	9	Si4b1	B4b1	313	313	1	8	500	95	96		12.625
306	9	La4	A4	305	305	1	8	500	95	96		12.65625
307	9	Sol4	G4	296	296	1	8	500	95	96		12.6875
308	9	La4	A4	305	305	1	8	500	95	96		12.71875
309	9	Si4b1	B4b1	313	313	1	8	500	95	96		12.75
310	9	Do5	C5	318	318	3	8	1500	95	96		12.84375
311	9	Si4b1	B4b1	313	313	1	8	500	95	96		12.875
312	9	Do5	C5	318	318	1	8	500	95	96		12.90625
313	9	Si4b1	B4b1	313	313	1	8	500	95	96		12.9375
314	9	Do5	C5	318	318	1	4	1000	95	96		13.0
315	9	Do5	C5	318	318	1	8	500	95	96		13.03125
316	9	Es	Es	-1	-1	1	8	500	100	0		13.0625
317	9	Si4b1	B4b1	313	313	1	8	500	95	96		13.09375
318	9	La4	A4	305	305	1	8	500	95	96		13.125
319	9	Si4b1	B4b1	313	313	1	4	1000	95	96		13.1875
320	9	Do5	C5	318	318	1	4	1000	95	96		13.25
321	9	Si4b1	B4b1	313	313	1	8	500	95	96		13.28125
322	9	Do5	C5	318	318	1	8	500	95	96		13.3125
323	9	Si4b1	B4b1	313	313	1	8	500	95	96		13.34375
324	9	Do5	C5	318	318	1	8	500	95	96		13.375
325	9	Re5	D5	327	327	3	8	1500	95	96		13.46875
326	9	Es	Es	-1	-1	1	8	500	100	0		13.5
327	9	Si4b1	B4b1	313	313	1	4	1000	95	96		13.5625
328	9	Do5	C5	318	318	1	4	1000	95	96		13.625
329	9	Si4b1	B4b1	313	313	1	8	500	95	96		13.65625
330	9	La4	A4	305	305	1	8	500	95	96		13.6875
331	9	Sol4	G4	296	296	1	8	500	95	96		13.71875
332	9	La4	A4	305	305	1	8	500	95	96		13.75
333	9	Sol4	G4	296	296	1	4	1000	95	96		13.8125
334	9	La4	A4	305	305	1	4	1000	95	96		13.875
335	9	La4	A4	305	305	3	8	1500	95	96		13.96875
336	9	Es	Es	-1	-1	1	8	500	100	0		14.0
