Sira	Kod	Nota53	NotaAE	Koma53	KomaAE	Pay	Payda	Ms	LNS	Bas	Soz1	Offset
1	9	Si5b2	B5b1	365	366	1	16	227	95	96	ARANAĞME	0.0277777777778
2	9	La5	A5	358	358	1	16	227	95	96	.	0.0555555555556
3	9	Sol5	G5	349	349	1	16	227	95	96	.	0.0833333333333
4	9	La5	A5	358	358	1	16	227	95	96	.	0.111111111111
5	9	Sol5	G5	349	349	1	8	455	95	96	.	0.166666666667
6	9	Do6	C6	371	371	1	8	455	95	96	.	0.222222222222
7	9	Si5b2	B5b1	365	366	3	16	682	95	96	.	0.305555555556
8	9	Do6	C6	371	371	1	16	227	95	96	.	0.333333333333
9	9	La5	A5	358	358	3	16	682	95	96	.	0.416666666667
10	9	Si5b2	B5b1	365	366	1	16	227	95	96	.	0.444444444444
11	9	Sol5	G5	349	349	3	16	682	95	96	.	0.527777777778
12	9	La5	A5	358	358	1	16	227	95	96	.	0.555555555556
13	9	Fa5#3	F5#4	343	344	3	16	682	95	96	.	0.638888888889
14	9	Sol5	G5	349	349	1	16	227	95	96	.	0.666666666667
15	9	Mi5	E5	336	336	3	16	682	95	96	.	0.75
16	9	Fa5	F5	340	340	1	16	227	95	96	.	0.777777777778
17	9	Re5	D5	327	327	1	8	455	95	96	.	0.833333333333
18	9	Mi5	E5	336	336	1	16	227	95	96	.	0.861111111111
19	9	Fa5	F5	340	340	1	16	227	95	96	.	0.888888888889
20	9	Mi5	E5	336	336	1	16	227	95	96	.	0.916666666667
21	9	Re5	D5	327	327	1	16	227	95	96	.	0.944444444444
22	9	Do5	C5	318	318	1	8	455	95	96	.	1.0
23	9	Re5	D5	327	327	1	16	227	95	96	.	1.02777777778
24	9	Do5	C5	318	318	1	16	227	95	96	.	1.05555555556
25	9	Si4b2	B4b1	312	313	1	16	227	95	96	.	1.08333333333
26	9	Do5	C5	318	318	1	16	227	95	96	.	1.11111111111
27	9	Re5	D5	327	327	1	16	227	95	96	.	1.13888888889
28	9	Mi5	E5	336	336	1	16	227	95	96	.	1.16666666667
29	9	Fa5#3	F5#4	343	344	1	16	227	95	96	.	1.19444444444
30	9	Sol5	G5	349	349	1	16	227	95	96	.	1.22222222222
31	9	La5	A5	358	358	1	16	227	95	96	.	1.25
32	9	Sol5	G5	349	349	1	16	227	95	96	.	1.27777777778
33	9	Fa5	F5	340	340	1	16	227	95	96	.	1.30555555556
34	9	Mi5	E5	336	336	1	16	227	95	96	.	1.33333333333
35	9	Re5	D5	327	327	1	16	227	95	96	.	1.36111111111
36	9	Do5	C5	318	318	1	16	227	95	96	.	1.38888888889
37	9	Si4b2	B4b1	312	313	1	16	227	95	96	.	1.41666666667
38	9	Re5	D5	327	327	1	16	227	95	96	.	1.44444444444
39	9	Do5	C5	318	318	1	16	227	95	96	.	1.47222222222
40	9	Si4b2	B4b1	312	313	1	16	227	95	96	.	1.5
41	9	La4	A4	305	305	1	16	227	95	96	.	1.52777777778
42	9	Do5	C5	318	318	1	16	227	95	96	.	1.55555555556
43	9	Si4b2	B4b1	312	313	1	16	227	95	96	.	1.58333333333
44	9	La4	A4	305	305	1	16	227	95	96	.	1.61111111111
45	9	Sol4	G4	296	296	1	16	227	95	96	.	1.63888888889
46	9	Si4b2	B4b1	312	313	1	16	227	95	96	.	1.66666666667
47	9	La4	A4	305	305	1	4	909	95	96	.	1.77777777778
48	9	Re5	D5	327	327	1	16	227	95	96	.	1.80555555556
49	9	Mi5	E5	336	336	1	16	227	95	96	.	1.83333333333
50	9	Fa5#3	F5#4	343	344	1	16	227	95	96	.	1.86111111111
51	9	Sol5	G5	349	349	1	16	227	95	96	.	1.88888888889
52	9	La5	A5	358	358	1	4	909	95	96	.	2.0
53	9	Si5b2	B5b1	365	366	1	16	227	95	96	ARANAĞME	2.02777777778
54	9	La5	A5	358	358	1	16	227	95	96	.	2.05555555556
55	9	Sol5	G5	349	349	1	16	227	95	96	.	2.08333333333
56	9	La5	A5	358	358	1	16	227	95	96	.	2.11111111111
57	9	Sol5	G5	349	349	1	8	455	95	96	.	2.16666666667
58	9	Do6	C6	371	371	1	8	455	95	96	.	2.22222222222
59	9	Si5b2	B5b1	365	366	3	16	682	95	96	.	2.30555555556
60	9	Do6	C6	371	371	1	16	227	95	96	.	2.33333333333
61	9	La5	A5	358	358	3	16	682	95	96	.	2.41666666667
62	9	Si5b2	B5b1	365	366	1	16	227	95	96	.	2.44444444444
63	9	Sol5	G5	349	349	3	16	682	95	96	.	2.52777777778
64	9	La5	A5	358	358	1	16	227	95	96	.	2.55555555556
65	9	Fa5#3	F5#4	343	344	3	16	682	95	96	.	2.63888888889
66	9	Sol5	G5	349	349	1	16	227	95	96	.	2.66666666667
67	9	Mi5	E5	336	336	3	16	682	95	96	.	2.75
68	9	Fa5	F5	340	340	1	16	227	95	96	.	2.77777777778
69	9	Re5	D5	327	327	1	8	455	95	96	.	2.83333333333
70	9	Mi5	E5	336	336	1	16	227	95	96	.	2.86111111111
71	9	Fa5	F5	340	340	1	16	227	95	96	.	2.88888888889
72	9	Mi5	E5	336	336	1	16	227	95	96	.	2.91666666667
73	9	Re5	D5	327	327	1	16	227	95	96	.	2.94444444444
74	9	Do5	C5	318	318	1	8	455	95	96	.	3.0
75	9	Re5	D5	327	327	1	16	227	95	96	.	3.02777777778
76	9	Do5	C5	318	318	1	16	227	95	96	.	3.05555555556
77	9	Si4b2	B4b1	312	313	1	16	227	95	96	.	3.08333333333
78	9	Do5	C5	318	318	1	16	227	95	96	.	3.11111111111
79	9	Re5	D5	327	327	1	16	227	95	96	.	3.13888888889
80	9	Mi5	E5	336	336	1	16	227	95	96	.	3.16666666667
81	9	Fa5#3	F5#4	343	344	1	16	227	95	96	.	3.19444444444
82	9	Sol5	G5	349	349	1	16	227	95	96	.	3.22222222222
83	9	La5	A5	358	358	1	16	227	95	96	.	3.25
84	9	Sol5	G5	349	349	1	16	227	95	96	.	3.27777777778
85	9	Fa5	F5	340	340	1	16	227	95	96	.	3.30555555556
86	9	Mi5	E5	336	336	1	16	227	95	96	.	3.33333333333
87	9	Re5	D5	327	327	1	16	227	95	96	.	3.36111111111
88	9	Do5	C5	318	318	1	16	227	95	96	.	3.38888888889
89	9	Si4b2	B4b1	312	313	1	16	227	95	96	.	3.41666666667
90	9	Re5	D5	327	327	1	16	227	95	96	.	3.44444444444
91	9	Do5	C5	318	318	1	16	227	95	96	.	3.47222222222
92	9	Si4b2	B4b1	312	313	1	16	227	95	96	.	3.5
93	9	La4	A4	305	305	1	16	227	95	96	.	3.52777777778
94	9	Do5	C5	318	318	1	16	227	95	96	.	3.55555555556
95	9	Si4b2	B4b1	312	313	1	16	227	95	96	.	3.58333333333
96	9	La4	A4	305	305	1	16	227	95	96	.	3.61111111111
97	9	Sol4	G4	296	296	1	16	227	95	96	.	3.63888888889
98	9	Si4b2	B4b1	312	313	1	16	227	95	96	.	3.66666666667
99	9	La4	A4	305	305	3	8	1364	95	96	.	3.83333333333
100	9	Re5	D5	327	327	1	8	455	95	96	.	3.88888888889
101	9	Do5	C5	318	318	1	8	455	95	96	.	3.94444444444
102	9	Re5	D5	327	327	1	8	455	95	96	.	4.0
103	9	Mi5	E5	336	336	3	16	682	95	96	.	4.08333333333
104	9	Fa5	F5	340	340	1	16	227	95	96	.	4.11111111111
105	9	Mi5	E5	336	336	1	16	227	95	96	.	4.13888888889
106	9	Re5	D5	327	327	1	16	227	95	96	.	4.16666666667
107	9	Do5	C5	318	318	1	16	227	95	96	.	4.19444444444
108	9	Si4b2	B4b1	312	313	1	16	227	95	96	.	4.22222222222
109	9	La4	A4	305	305	1	8	455	95	96	.	4.27777777778
110	9	La4	A4	305	305	1	4	909	95	96	Fâ	4.38888888889
111	9	Mi5	E5	336	336	1	8	455	95	96	riğ_	4.44444444444
112	9	Mi5	E5	336	336	3	8	1364	99	96	ol	4.61111111111
113	9	La5	A5	358	358	1	8	455	95	96		4.66666666667
114	9	Mi5	E5	336	336	3	8	1364	99	96	mam 	4.83333333333
115	9	Mi5	E5	336	336	1	16	227	99	96		4.86111111111
116	9	Re5	D5	327	327	1	16	227	99	96		4.88888888889
117	9	Re5	D5	327	327	1	24	152	99	96		4.90740740741
118	9	Re5	D5	327	327	1	24	152	99	96		4.92592592593
119	9	Do5	C5	318	318	1	24	152	99	96		4.94444444444
120	9	Do5	C5	318	318	1	16	227	99	96		4.97222222222
121	9	Re5	D5	327	327	1	16	227	99	96		5.0
122	9	Mi5	E5	336	336	1	4	909	95	96		5.11111111111
123	12	Re5	D5	327	327	1	8	455	95	96	SAZ	5.16666666667
124	9	Do5	C5	318	318	1	16	227	95	96	.	5.19444444444
125	9	Re5	D5	327	327	1	16	227	95	96	.	5.22222222222
126	9	Mi5	E5	336	336	1	8	455	95	96	.	5.27777777778
127	9	Sol5	G5	349	349	1	8	455	99	96	meş	5.33333333333
128	9	Fa5#3	F5#4	343	344	1	8	455	95	96		5.38888888889
129	9	Sol5	G5	349	349	1	16	227	99	96	reb_	5.41666666667
130	9	Mi5	E5	336	336	1	16	227	95	96		5.44444444444
131	9	Mi5	E5	336	336	3	8	1364	99	96	i 	5.61111111111
132	9	Re5	D5	327	327	1	8	455	95	96		5.66666666667
133	9	Re5	D5	327	327	1	8	455	99	96	rin	5.72222222222
134	8	Fa5	F5	340	340	0	0	0	99	96		5.72222222222
135	9	Mi5	E5	336	336	1	16	227	99	96		5.75
136	9	Re5	D5	327	327	1	16	227	99	96		5.77777777778
137	9	Do5	C5	318	318	1	8	455	99	96		5.83333333333
138	9	Re5	D5	327	327	1	16	227	99	96		5.86111111111
139	9	Do5	C5	318	318	1	16	227	99	96		5.88888888889
140	9	Si4b2	B4b1	312	313	1	16	227	99	96		5.91666666667
141	9	La4	A4	305	305	1	16	227	99	96		5.94444444444
142	9	Si4b2	B4b1	312	313	1	16	227	99	96		5.97222222222
143	9	Do5	C5	318	318	1	16	227	99	96		6.0
144	9	Re5	D5	327	327	1	16	227	99	96		6.02777777778
145	9	Mi5	E5	336	336	1	16	227	99	96		6.05555555556
146	9	Do5	C5	318	318	1	16	227	99	96		6.08333333333
147	9	Si4b2	B4b1	312	313	1	16	227	99	96		6.11111111111
148	9	Si4b2	B4b1	312	313	1	16	227	99	96		6.13888888889
149	11	La4	A4	305	305	1	16	227	99	96		6.16666666667
150	9	La4	A4	305	305	1	4	909	95	96		6.27777777778
151	9	Sol5	G5	349	349	1	16	227	99	96	dâ	6.30555555556
152	9	Fa5#3	F5#4	343	344	1	16	227	99	96		6.33333333333
153	9	Mi5	E5	336	336	1	16	227	99	96		6.36111111111
154	9	Fa5#3	F5#4	343	344	1	16	227	99	96		6.38888888889
155	9	Sol5	G5	349	349	1	16	227	99	96		6.41666666667
156	9	La5	A5	358	358	1	16	227	99	96		6.44444444444
157	9	Si5	B5	367	367	1	8	455	99	96		6.5
158	9	La5	A5	358	358	1	16	227	99	96		6.52777777778
159	9	Sol5	G5	349	349	1	16	227	99	96		6.55555555556
160	12	Fa5#2	F5#1	342	341	1	8	455	99	96		6.61111111111
161	9	Fa5#2	F5#1	342	341	1	16	227	99	96	ne	6.63888888889
162	11	Mi5	E5	336	336	1	16	227	95	96		6.66666666667
163	9	Mi5	E5	336	336	3	8	1364	99	96	den  	6.83333333333
164	9	Re5	D5	327	327	1	8	455	95	96		6.88888888889
165	12	Re5	D5	327	327	1	8	455	95	96	SAZ	6.94444444444
166	9	Do5	C5	318	318	1	16	227	95	96	.	6.97222222222
167	9	Re5	D5	327	327	1	16	227	95	96	.	7.0
168	9	Mi5	E5	336	336	1	4	909	95	96	.	7.11111111111
169	9	La4	A4	305	305	1	16	227	95	96	.	7.13888888889
170	9	Si4b2	B4b1	312	313	1	16	227	95	96	.	7.16666666667
171	9	Do5	C5	318	318	1	16	227	95	96	.	7.19444444444
172	9	Re5	D5	327	327	1	16	227	95	96	.	7.22222222222
173	9	Mi5	E5	336	336	1	8	455	95	96	.	7.27777777778
174	9	Mi5	E5	336	336	1	4	909	95	96	Yüz 	7.38888888889
175	9	La5	A5	358	358	1	8	455	95	96	çe	7.44444444444
176	9	La5	A5	358	358	1	8	455	99	96	vir	7.5
177	9	Sol5	G5	349	349	1	8	455	99	96		7.55555555556
178	9	Fa5	F5	340	340	1	8	455	99	96		7.61111111111
179	9	Mi5	E5	336	336	1	8	455	95	96		7.66666666667
180	11	Mi5	E5	336	336	1	8	455	99	96	mem 	7.72222222222
181	9	Mi5	E5	336	336	1	16	227	99	96		7.75
182	9	Re5	D5	327	327	1	16	227	99	96		7.77777777778
183	9	Re5	D5	327	327	1	8	455	99	96		7.83333333333
184	9	Mi5	E5	336	336	1	8	455	99	96		7.88888888889
185	9	Re5	D5	327	327	1	8	455	99	96		7.94444444444
186	9	Mi5	E5	336	336	1	8	455	99	96		8.0
187	9	Re5	D5	327	327	1	8	455	99	96		8.05555555556
188	9	Mi5	E5	336	336	1	8	455	95	96		8.11111111111
189	9	Sol5	G5	349	349	3	32	341	95	96	SAZ	8.15277777778
190	9	Mi5	E5	336	336	1	32	114	95	96	.	8.16666666667
191	9	Mi5	E5	336	336	1	16	227	95	96	.	8.19444444444
192	9	Fa5#3	F5#4	343	344	1	16	227	95	96	.	8.22222222222
193	9	Sol5	G5	349	349	1	8	455	95	96	.	8.27777777778
194	9	Sol5	G5	349	349	1	16	227	99	96	nâ	8.30555555556
195	9	Fa5#1	F5#1	341	341	1	16	227	99	96		8.33333333333
196	9	Mi5	E5	336	336	1	8	455	95	96		8.38888888889
197	9	Mi5	E5	336	336	1	16	227	99	96	fi	8.41666666667
198	11	Re5	D5	327	327	1	16	227	95	96		8.44444444444
199	9	Re5	D5	327	327	1	8	455	99	96	le 	8.5
200	9	Do5	C5	318	318	1	4	909	95	96		8.61111111111
201	9	Si4b2	B4b1	312	313	1	24	152	95	96		8.62962962963
202	9	La4	A4	305	305	1	24	152	95	96		8.64814814815
203	9	Si4b2	B4b1	312	313	1	24	152	95	96		8.66666666667
204	9	Re5	D5	327	327	1	2	1818	99	96	pey	8.88888888889
205	9	Do5	C5	318	318	1	4	909	99	96		9.0
206	9	Do5	C5	318	318	3	32	341	99	96		9.04166666667
207	9	Si4b2	B4b1	312	313	1	32	114	99	96		9.05555555556
208	9	La4	A4	305	305	1	16	227	99	96		9.08333333333
209	9	Do5	C5	318	318	1	16	227	99	96		9.11111111111
210	9	Si4b2	B4b1	312	313	3	32	341	99	96		9.15277777778
211	9	La4	A4	305	305	1	32	114	99	96		9.16666666667
212	9	Si4b2	B4b1	312	313	1	8	455	95	96		9.22222222222
213	9	Es	Es	-1	-1	1	8	455	100	0		9.27777777778
214	9	Si4b2	B4b1	312	313	1	16	227	99	96	ma	9.30555555556
215	9	La4	A4	305	305	1	16	227	99	96		9.33333333333
216	9	Sol4	G4	296	296	1	8	455	99	96		9.38888888889
217	9	La4	A4	305	305	1	16	227	99	96		9.41666666667
218	9	Si4b2	B4b1	312	313	1	16	227	95	96		9.44444444444
219	9	Do5	C5	318	318	3	16	682	99	96		9.52777777778
220	9	Si4b2	B4b1	312	313	1	16	227	99	96		9.55555555556
221	9	Re5	D5	327	327	1	16	227	99	96		9.58333333333
222	9	Si4b2	B4b1	312	313	1	16	227	95	96		9.61111111111
223	9	Si4b2	B4b1	312	313	1	16	227	95	96	ne	9.63888888889
224	11	La4	A4	305	305	1	16	227	95	96	den  	9.66666666667
225	9	La4	A4	305	305	3	8	1364	95	96	SAZ	9.83333333333
226	9	Re5	D5	327	327	1	8	455	95	96	.	9.88888888889
227	9	Do5	C5	318	318	1	8	455	95	96	.	9.94444444444
228	9	Re5	D5	327	327	1	8	455	95	96	.	10.0
229	9	Mi5	E5	336	336	1	4	909	95	96	.	10.1111111111
230	9	La4	A4	305	305	1	16	227	95	96	.	10.1388888889
231	9	Si4b2	B4b1	312	313	1	16	227	95	96	.	10.1666666667
232	9	Do5	C5	318	318	1	16	227	95	96	.	10.1944444444
233	9	Re5	D5	327	327	1	16	227	95	96	.	10.2222222222
234	9	Mi5	E5	336	336	1	8	455	95	96	.	10.2777777778
235	9	Mi5	E5	336	336	1	4	909	95	96	Yüz 	10.3888888889
236	9	La5	A5	358	358	1	8	455	95	96	çe	10.4444444444
237	9	La5	A5	358	358	1	8	455	99	96	vir	10.5
238	9	Sol5	G5	349	349	1	8	455	99	96		10.5555555556
239	9	Fa5	F5	340	340	1	8	455	99	96		10.6111111111
240	9	Mi5	E5	336	336	1	8	455	95	96		10.6666666667
241	11	Mi5	E5	336	336	1	8	455	99	96	mem 	10.7222222222
242	9	Mi5	E5	336	336	1	16	227	99	96		10.75
243	9	Re5	D5	327	327	1	16	227	99	96		10.7777777778
244	9	Re5	D5	327	327	1	8	455	99	96		10.8333333333
245	9	Mi5	E5	336	336	1	8	455	99	96		10.8888888889
246	9	Re5	D5	327	327	1	8	455	99	96		10.9444444444
247	9	Mi5	E5	336	336	1	8	455	99	96		11.0
248	9	Re5	D5	327	327	1	8	455	99	96		11.0555555556
249	9	Mi5	E5	336	336	1	8	455	95	96		11.1111111111
250	9	Sol5	G5	349	349	3	32	341	95	96	SAZ	11.1527777778
251	9	Mi5	E5	336	336	1	32	114	95	96	.	11.1666666667
252	9	Mi5	E5	336	336	1	16	227	95	96	.	11.1944444444
253	9	Fa5#3	F5#4	343	344	1	16	227	95	96	.	11.2222222222
254	9	Sol5	G5	349	349	1	8	455	95	96	.	11.2777777778
255	9	Sol5	G5	349	349	1	16	227	99	96	nâ	11.3055555556
256	9	Fa5#1	F5#1	341	341	1	16	227	99	96		11.3333333333
257	9	Mi5	E5	336	336	1	8	455	95	96		11.3888888889
258	9	Mi5	E5	336	336	1	16	227	99	96	fi	11.4166666667
259	11	Re5	D5	327	327	1	16	227	95	96		11.4444444444
260	9	Re5	D5	327	327	1	8	455	99	96	le 	11.5
261	9	Do5	C5	318	318	1	4	909	95	96		11.6111111111
262	9	Si4b2	B4b1	312	313	1	24	152	95	96		11.6296296296
263	9	La4	A4	305	305	1	24	152	95	96		11.6481481481
264	9	Si4b2	B4b1	312	313	1	24	152	95	96		11.6666666667
265	9	Re5	D5	327	327	1	2	1818	99	96	pey	11.8888888889
266	9	Do5	C5	318	318	1	4	909	99	96		12.0
267	9	Do5	C5	318	318	3	32	341	99	96		12.0416666667
268	9	Si4b2	B4b1	312	313	1	32	114	99	96		12.0555555556
269	9	La4	A4	305	305	1	16	227	99	96		12.0833333333
270	9	Do5	C5	318	318	1	16	227	99	96		12.1111111111
271	9	Si4b2	B4b1	312	313	3	32	341	99	96		12.1527777778
272	9	La4	A4	305	305	1	32	114	99	96		12.1666666667
273	9	Si4b2	B4b1	312	313	1	8	455	95	96		12.2222222222
274	9	Es	Es	-1	-1	1	8	455	100	0		12.2777777778
275	9	Si4b2	B4b1	312	313	1	16	227	99	96	ma	12.3055555556
276	9	La4	A4	305	305	1	16	227	99	96		12.3333333333
277	9	Sol4	G4	296	296	1	8	455	99	96		12.3888888889
278	9	La4	A4	305	305	1	16	227	99	96		12.4166666667
279	9	Si4b2	B4b1	312	313	1	16	227	95	96		12.4444444444
280	9	Do5	C5	318	318	3	16	682	99	96		12.5277777778
281	9	Si4b2	B4b1	312	313	1	16	227	99	96		12.5555555556
282	9	Re5	D5	327	327	1	16	227	99	96		12.5833333333
283	9	Si4b2	B4b1	312	313	1	16	227	95	96		12.6111111111
284	9	Si4b2	B4b1	312	313	1	16	227	99	96	ne	12.6388888889
285	11	La4	A4	305	305	1	16	227	95	96		12.6666666667
286	9	La4	A4	305	305	3	8	1364	95	96	den  	12.8333333333
287	9	Sol5	G5	349	349	1	8	455	95	96	SAZ	12.8888888889
288	9	Fa5#3	F5#4	343	344	1	8	455	95	96	.	12.9444444444
289	9	La5	A5	358	358	1	8	455	95	96	.	13.0
290	9	Sol5	G5	349	349	3	32	341	95	96	.	13.0416666667
291	9	Fa5#3	F5#4	343	344	1	32	114	95	96	.	13.0555555556
292	9	Sol5	G5	349	349	1	16	227	95	96	.	13.0833333333
293	9	La5	A5	358	358	1	16	227	95	96	.	13.1111111111
294	9	Sol5	G5	349	349	1	16	227	95	96	.	13.1388888889
295	9	Fa5#4	F5#4	344	344	1	16	227	95	96	.	13.1666666667
296	9	Mi5	E5	336	336	1	16	227	95	96	.	13.1944444444
297	9	Fa5#4	F5#4	344	344	1	16	227	95	96	.	13.2222222222
298	9	Sol5	G5	349	349	1	8	455	95	96	.	13.2777777778
299	9	Fa5#4	F5#4	344	344	1	4	909	95	96	Bez	13.3888888889
300	9	Sol5	G5	349	349	1	8	455	95	96	me	13.4444444444
301	9	Sol5	G5	349	349	1	2	1818	95	96	dik	13.6666666667
302	9	Sol5	G5	349	349	1	16	227	99	96	çe 	13.6944444444
303	9	Fa5#3	F5#4	343	344	1	16	227	99	96		13.7222222222
304	9	Mi5	E5	336	336	1	16	227	99	96		13.75
305	9	Re5	D5	327	327	1	16	227	99	96		13.7777777778
306	9	Mi5	E5	336	336	1	16	227	99	96		13.8055555556
307	9	Re5	D5	327	327	1	16	227	99	96		13.8333333333
308	9	Mi5	E5	336	336	1	16	227	99	96		13.8611111111
309	9	Fa5#3	F5#4	343	344	1	16	227	99	96		13.8888888889
310	9	Sol5	G5	349	349	1	16	227	99	96		13.9166666667
311	9	La5	A5	358	358	1	16	227	99	96		13.9444444444
312	9	Fa5#3	F5#4	343	344	1	16	227	99	96		13.9722222222
313	9	La5	A5	358	358	1	16	227	99	96		14.0
314	9	Sol5	G5	349	349	1	2	1818	95	96		14.2222222222
315	9	Es	Es	-1	-1	1	8	455	100	0		14.2777777778
316	9	Sol5	G5	349	349	1	4	909	95	96	ha	14.3888888889
317	9	La5	A5	358	358	1	8	455	99	96	let_	14.4444444444
318	9	La5	A5	358	358	1	2	1818	95	96	i 	14.6666666667
319	9	La5	A5	358	358	1	8	455	99	96	mes	14.7222222222
320	9	Do6	C6	371	371	1	8	455	99	96		14.7777777778
321	9	Si5b2	B5b1	365	366	1	8	455	99	96		14.8333333333
322	9	La5	A5	358	358	1	8	455	99	96		14.8888888889
323	9	Sol5	G5	349	349	1	8	455	99	96		14.9444444444
324	9	Fa5#4	F5#4	344	344	1	16	227	99	96		14.9722222222
325	9	La5	A5	358	358	1	16	227	99	96		15.0
326	9	Mi5	E5	336	336	1	2	1818	99	96		15.2222222222
327	9	Re5	D5	327	327	1	8	455	95	96		15.2777777778
328	9	Do5#3	C5#4	321	322	1	16	227	99	96	ta	15.3055555556
329	9	Re5	D5	327	327	1	16	227	99	96		15.3333333333
330	9	Mi5	E5	336	336	1	16	227	99	96		15.3611111111
331	9	Fa5#4	F5#4	344	344	1	16	227	99	96		15.3888888889
332	9	Sol5	G5	349	349	1	16	227	99	96		15.4166666667
333	9	La5	A5	358	358	1	16	227	99	96		15.4444444444
334	9	Si5	B5	367	367	1	8	455	99	96		15.5
335	9	La5	A5	358	358	1	16	227	99	96		15.5277777778
336	9	Sol5	G5	349	349	1	16	227	99	96		15.5555555556
337	12	Fa5#3	F5#4	343	344	1	8	455	99	96		15.6111111111
338	9	Fa5#3	F5#4	343	344	1	16	227	95	96		15.6388888889
339	11	Mi5	E5	336	336	1	16	227	95	96	ne	15.6666666667
340	9	Mi5	E5	336	336	3	8	1364	95	96	den  	15.8333333333
341	9	Re5	D5	327	327	1	8	455	95	96	SAZ	15.8888888889
342	9	Re5	D5	327	327	1	8	455	95	96	.	15.9444444444
343	9	Do5	C5	318	318	1	16	227	95	96	.	15.9722222222
344	9	Re5	D5	327	327	1	16	227	95	96	.	16.0
345	9	Mi5	E5	336	336	1	4	909	95	96	.	16.1111111111
346	9	La4	A4	305	305	1	16	227	95	96	.	16.1388888889
347	9	Si4b2	B4b1	312	313	1	16	227	95	96	.	16.1666666667
348	9	Do5	C5	318	318	1	16	227	95	96	.	16.1944444444
349	9	Re5	D5	327	327	1	16	227	95	96	.	16.2222222222
350	9	Mi5	E5	336	336	1	8	455	95	96	.	16.2777777778
351	9	Mi5	E5	336	336	1	4	909	95	96	Yüz 	16.3888888889
352	9	La5	A5	358	358	1	8	455	95	96	çe	16.4444444444
353	9	La5	A5	358	358	1	8	455	99	96	vir	16.5
354	9	Sol5	G5	349	349	1	8	455	99	96		16.5555555556
355	9	Fa5	F5	340	340	1	8	455	99	96		16.6111111111
356	9	Mi5	E5	336	336	1	8	455	95	96		16.6666666667
357	11	Mi5	E5	336	336	1	8	455	99	96	mem 	16.7222222222
358	9	Mi5	E5	336	336	1	16	227	99	96		16.75
359	9	Re5	D5	327	327	1	16	227	99	96		16.7777777778
360	9	Re5	D5	327	327	1	8	455	99	96		16.8333333333
361	9	Mi5	E5	336	336	1	8	455	99	96		16.8888888889
362	9	Re5	D5	327	327	1	8	455	99	96		16.9444444444
363	9	Mi5	E5	336	336	1	8	455	99	96		17.0
364	9	Re5	D5	327	327	1	8	455	99	96		17.0555555556
365	9	Mi5	E5	336	336	1	8	455	95	96		17.1111111111
366	9	Sol5	G5	349	349	3	32	341	95	96	SAZ	17.1527777778
367	9	Mi5	E5	336	336	1	32	114	95	96	.	17.1666666667
368	9	Mi5	E5	336	336	1	16	227	95	96	.	17.1944444444
369	9	Fa5#3	F5#4	343	344	1	16	227	95	96	.	17.2222222222
370	9	Sol5	G5	349	349	1	8	455	95	96	.	17.2777777778
371	9	Sol5	G5	349	349	1	16	227	99	96	nâ	17.3055555556
372	9	Fa5#1	F5#1	341	341	1	16	227	99	96		17.3333333333
373	9	Mi5	E5	336	336	1	8	455	95	96		17.3888888889
374	9	Mi5	E5	336	336	1	16	227	99	96	fi	17.4166666667
375	11	Re5	D5	327	327	1	16	227	95	96		17.4444444444
376	9	Re5	D5	327	327	1	8	455	99	96	le 	17.5
377	9	Do5	C5	318	318	1	4	909	95	96		17.6111111111
378	9	Si4b2	B4b1	312	313	1	24	152	95	96		17.6296296296
379	9	La4	A4	305	305	1	24	152	95	96		17.6481481481
380	9	Si4b2	B4b1	312	313	1	24	152	95	96		17.6666666667
381	9	Re5	D5	327	327	1	2	1818	99	96	pey	17.8888888889
382	9	Do5	C5	318	318	1	4	909	99	96		18.0
383	9	Do5	C5	318	318	3	32	341	99	96		18.0416666667
384	9	Si4b2	B4b1	312	313	1	32	114	99	96		18.0555555556
385	9	La4	A4	305	305	1	16	227	99	96		18.0833333333
386	9	Do5	C5	318	318	1	16	227	99	96		18.1111111111
387	9	Si4b2	B4b1	312	313	3	32	341	99	96		18.1527777778
388	9	La4	A4	305	305	1	32	114	99	96		18.1666666667
389	9	Si4b2	B4b1	312	313	1	8	455	95	96		18.2222222222
390	9	Es	Es	-1	-1	1	8	455	100	0		18.2777777778
391	9	Si4b2	B4b1	312	313	1	16	227	99	96	ma	18.3055555556
392	9	La4	A4	305	305	1	16	227	99	96		18.3333333333
393	9	Sol4	G4	296	296	1	8	455	99	96		18.3888888889
394	9	La4	A4	305	305	1	16	227	99	96		18.4166666667
395	9	Si4b2	B4b1	312	313	1	16	227	95	96		18.4444444444
396	9	Do5	C5	318	318	3	16	682	99	96		18.5277777778
397	9	Si4b2	B4b1	312	313	1	16	227	99	96		18.5555555556
398	9	Re5	D5	327	327	1	16	227	99	96		18.5833333333
399	9	Si4b2	B4b1	312	313	1	16	227	95	96		18.6111111111
400	9	Si4b2	B4b1	312	313	1	16	227	95	96	ne	18.6388888889
401	11	La4	A4	305	305	1	16	227	95	96	den  	18.6666666667
402	9	La4	A4	305	305	3	8	1364	95	96	SAZ	18.8333333333
403	9	Re5	D5	327	327	1	8	455	95	96	.	18.8888888889
404	9	Do5	C5	318	318	1	8	455	95	96	.	18.9444444444
405	9	Re5	D5	327	327	1	8	455	95	96	.	19.0
406	9	Mi5	E5	336	336	1	4	909	95	96	.	19.1111111111
407	9	La4	A4	305	305	1	16	227	95	96	.	19.1388888889
408	9	Si4b2	B4b1	312	313	1	16	227	95	96	.	19.1666666667
409	9	Do5	C5	318	318	1	16	227	95	96	.	19.1944444444
410	9	Re5	D5	327	327	1	16	227	95	96	.	19.2222222222
411	9	Mi5	E5	336	336	1	8	455	95	96	.	19.2777777778
412	9	Mi5	E5	336	336	1	4	909	95	96	Yüz 	19.3888888889
413	9	La5	A5	358	358	1	8	455	95	96	çe	19.4444444444
414	9	La5	A5	358	358	1	8	455	99	96	vir	19.5
415	9	Sol5	G5	349	349	1	8	455	99	96		19.5555555556
416	9	Fa5	F5	340	340	1	8	455	99	96		19.6111111111
417	9	Mi5	E5	336	336	1	8	455	95	96		19.6666666667
418	11	Mi5	E5	336	336	1	8	455	99	96	mem 	19.7222222222
419	9	Mi5	E5	336	336	1	16	227	99	96		19.75
420	9	Re5	D5	327	327	1	16	227	99	96		19.7777777778
421	9	Re5	D5	327	327	1	8	455	99	96		19.8333333333
422	9	Mi5	E5	336	336	1	8	455	99	96		19.8888888889
423	9	Re5	D5	327	327	1	8	455	99	96		19.9444444444
424	9	Mi5	E5	336	336	1	8	455	99	96		20.0
425	9	Re5	D5	327	327	1	8	455	99	96		20.0555555556
426	9	Mi5	E5	336	336	1	8	455	95	96		20.1111111111
427	9	Sol5	G5	349	349	3	32	341	95	96	SAZ	20.1527777778
428	9	Mi5	E5	336	336	1	32	114	95	96	.	20.1666666667
429	9	Mi5	E5	336	336	1	16	227	95	96	.	20.1944444444
430	9	Fa5#3	F5#4	343	344	1	16	227	95	96	.	20.2222222222
431	9	Sol5	G5	349	349	1	8	455	95	96	.	20.2777777778
432	9	Sol5	G5	349	349	1	16	227	99	96	nâ	20.3055555556
433	9	Fa5#1	F5#1	341	341	1	16	227	99	96		20.3333333333
434	9	Mi5	E5	336	336	1	8	455	95	96		20.3888888889
435	9	Mi5	E5	336	336	1	16	227	99	96	fi	20.4166666667
436	11	Re5	D5	327	327	1	16	227	95	96		20.4444444444
437	9	Re5	D5	327	327	1	8	455	99	96	le 	20.5
438	9	Do5	C5	318	318	1	4	909	95	96		20.6111111111
439	9	Si4b2	B4b1	312	313	1	24	152	95	96		20.6296296296
440	9	La4	A4	305	305	1	24	152	95	96		20.6481481481
441	9	Si4b2	B4b1	312	313	1	24	152	95	96		20.6666666667
442	9	Re5	D5	327	327	1	2	1818	99	96	pey	20.8888888889
443	9	Do5	C5	318	318	1	4	909	99	96		21.0
444	9	Do5	C5	318	318	3	32	341	99	96		21.0416666667
445	9	Si4b2	B4b1	312	313	1	32	114	99	96		21.0555555556
446	9	La4	A4	305	305	1	16	227	99	96		21.0833333333
447	9	Do5	C5	318	318	1	16	227	99	96		21.1111111111
448	9	Si4b2	B4b1	312	313	3	32	341	99	96		21.1527777778
449	9	La4	A4	305	305	1	32	114	99	96		21.1666666667
450	9	Si4b2	B4b1	312	313	1	8	455	95	96		21.2222222222
451	9	Es	Es	-1	-1	1	8	455	100	0		21.2777777778
452	9	Si4b2	B4b1	312	313	1	16	227	99	96	ma	21.3055555556
453	9	La4	A4	305	305	1	16	227	99	96		21.3333333333
454	9	Sol4	G4	296	296	1	8	455	99	96		21.3888888889
455	9	La4	A4	305	305	1	16	227	99	96		21.4166666667
456	9	Si4b2	B4b1	312	313	1	16	227	95	96		21.4444444444
457	9	Do5	C5	318	318	3	16	682	99	96		21.5277777778
458	9	Si4b2	B4b1	312	313	1	16	227	99	96		21.5555555556
459	9	Re5	D5	327	327	1	16	227	99	96		21.5833333333
460	9	Si4b2	B4b1	312	313	1	16	227	95	96		21.6111111111
461	9	Si4b2	B4b1	312	313	1	16	227	99	96	ne	21.6388888889
462	11	La4	A4	305	305	1	16	227	95	96		21.6666666667
463	9	La4	A4	305	305	3	8	1364	95	96	den  	21.8333333333
