Sira	Kod	Nota53	NotaAE	Koma53	KomaAE	Pay	Payda	Ms	LNS	Bas	Soz1	Offset
1	9	Es	Es	-1	-1	1	4	741	100	0		0.200000
2	9	La4	A4	305	305	1	8	370	95	96	Er	0.300000
3	9	La4	A4	305	305	1	4	741	95	96	zu	0.500000
4	9	La4	A4	305	305	1	4	741	95	96	rum 	0.700000
5	9	Mi5	E5	336	336	3	8	1111	95	96	çar	1.000000
6	9	Mi5	E5	336	336	1	4	741	95	96	şı 	1.200000
7	9	Re5	D5	327	327	3	8	1111	95	96	pa	1.500000
8	9	Mi5	E5	336	336	1	8	370	99	96	zar  	1.600000
9	9	Re5	D5	327	327	1	8	370	99	96		1.700000
10	9	Mi5	E5	336	336	3	8	1111	95	96		2.000000
11	9	Mi5	E5	336	336	1	4	741	95	96	Ney	2.200000
12	10	Mi5	E5	336	336	1	8	370	95	96	nim_	2.300000
13	8	Fa5	F5	340	340	0	0	0	95	96		2.300000
14	9	Mi5	E5	336	336	3	16	556	99	96	am	2.450000
15	9	Re5	D5	327	327	1	16	185	95	96		2.500000
16	9	Re5	D5	327	327	3	16	556	99	96	man_	2.650000
17	9	Do5	C5	318	318	1	16	185	95	96		2.700000
18	9	Re5	D5	327	327	1	8	370	95	96	a	2.800000
19	9	Mi5	E5	336	336	1	8	370	95	96	man  	2.900000
20	9	Es	Es	-1	-1	1	8	370	100	0		3.000000
21	9	Mi5	E5	336	336	1	4	741	95	96	Ney	3.200000
22	9	Fa5#3	F5#4	343	344	1	8	370	95	96	nim_	3.300000
23	9	Re5	D5	327	327	1	4	741	95	96	am	3.500000
24	9	Do5	C5	318	318	3	16	556	99	96	man_	3.650000
25	9	Si4b2	B4b1	312	313	1	16	185	95	96		3.700000
26	9	Do5	C5	318	318	1	8	370	95	96	a	3.800000
27	8	Re5	D5	327	327	0	0	0	95	96		3.800000
28	9	Re5	D5	327	327	1	8	370	95	96	man  	3.900000
29	9	Es	Es	-1	-1	1	8	370	100	0		4.000000
30	9	Do5	C5	318	318	1	4	741	95	96	Ney	4.200000
31	9	Re5	D5	327	327	1	8	370	95	96	nim_	4.300000
32	9	Si4b2	B4b1	312	313	1	4	741	95	96	am	4.500000
33	9	La4	A4	305	305	1	4	741	95	96	man_	4.700000
34	9	La4	A4	305	305	1	8	370	95	96	a	4.800000
35	8	Do5	C5	318	318	0	0	0	95	96		4.800000
36	9	Do5	C5	318	318	1	8	370	95	96	man 	4.900000
37	9	Es	Es	-1	-1	1	8	370	100	0		5.000000
38	9	Si4b2	B4b1	312	313	1	4	741	95	96	sa	5.200000
39	9	Do5	C5	318	318	1	8	370	95	96	rı 	5.300000
40	9	La4	A4	305	305	1	4	741	95	96	ge	5.500000
41	9	La4	A4	305	305	5	8	1852	95	96	lin  	6.000000
42	9	Es	Es	-1	-1	1	4	741	100	0		6.200000
43	9	Do5	C5	318	318	1	8	370	95	96	İ	6.300000
44	9	Do5	C5	318	318	1	4	741	95	96	çin	6.500000
45	9	Re5	D5	327	327	1	4	741	95	96	de 	6.700000
46	9	Re5	D5	327	327	3	8	1111	95	96	bir 	7.000000
47	9	Re5	D5	327	327	1	4	741	95	96	kız 	7.200000
48	9	Do5	C5	318	318	3	8	1111	95	96	ge	7.500000
49	9	Re5	D5	327	327	1	8	370	99	96	zer  	7.600000
50	9	Do5	C5	318	318	1	8	370	99	96		7.700000
51	9	Re5	D5	327	327	1	8	370	99	96		7.800000
52	9	Mi5	E5	336	336	1	4	741	95	96		8.000000
53	9	Mi5	E5	336	336	1	8	370	95	96	Hop 	8.100000
54	9	Es	Es	-1	-1	1	8	370	100	0		8.200000
55	9	Do5	C5	318	318	1	8	370	95	96	ni	8.300000
56	9	Re5	D5	327	327	1	4	741	95	96	nen_	8.500000
57	9	Mi5	E5	336	336	1	4	741	95	96	öl	8.700000
58	9	Mi5	E5	336	336	3	8	1111	95	96	sün 	9.000000
59	9	Mi5	E5	336	336	1	4	741	95	96	sa	9.200000
60	10	Mi5	E5	336	336	1	8	370	95	96	rı 	9.300000
61	8	Fa5	F5	340	340	0	0	0	95	96		9.300000
62	9	Re5	D5	327	327	1	4	741	95	96	ge	9.500000
63	9	Re5	D5	327	327	3	16	556	99	96	lin_	9.650000
64	9	Do5	C5	318	318	1	16	185	95	96		9.700000
65	9	Re5	D5	327	327	1	8	370	95	96	a	9.800000
66	8	Mi5	E5	336	336	0	0	0	95	96		9.800000
67	9	Mi5	E5	336	336	1	8	370	95	96	man  	9.900000
68	9	Es	Es	-1	-1	1	8	370	100	0		10.000000
69	9	Mi5	E5	336	336	1	4	741	95	96	Sa	10.200000
70	9	Fa5#3	F5#4	343	344	1	8	370	95	96	rı 	10.300000
71	9	Re5	D5	327	327	1	4	741	95	96	ge	10.500000
72	9	Do5	C5	318	318	3	16	556	99	96	lin_	10.650000
73	9	Si4b2	B4b1	312	313	1	16	185	95	96		10.700000
74	9	Do5	C5	318	318	1	8	370	95	96	a	10.800000
75	8	Re5	D5	327	327	0	0	0	95	96		10.800000
76	9	Re5	D5	327	327	1	8	370	95	96	man  	10.900000
77	9	Es	Es	-1	-1	1	8	370	100	0		11.000000
78	9	Do5	C5	318	318	1	4	741	95	96	Sa	11.200000
79	9	Re5	D5	327	327	1	8	370	95	96	rı 	11.300000
80	9	Si4b2	B4b1	312	313	1	4	741	95	96	ge	11.500000
81	9	La4	A4	305	305	1	4	741	95	96	lin_	11.700000
82	9	La4	A4	305	305	1	8	370	95	96	a	11.800000
83	8	Do5	C5	318	318	0	0	0	95	96		11.800000
84	9	Do5	C5	318	318	1	8	370	95	96	man 	11.900000
85	9	Es	Es	-1	-1	1	8	370	100	0		12.000000
86	9	Si4b2	B4b1	312	313	1	4	741	95	96	su	12.200000
87	9	Do5	C5	318	318	1	8	370	95	96	na 	12.300000
88	9	La4	A4	305	305	1	4	741	95	96	yâ	12.500000
89	9	La4	A4	305	305	5	8	1852	95	96	rim  	13.000000
90	9	Es	Es	-1	-1	1	4	741	100	0		13.200000
91	9	Do5	C5	318	318	1	8	370	95	96	İ	13.300000
92	9	Do5	C5	318	318	1	4	741	95	96	çin	13.500000
93	9	Re5	D5	327	327	1	4	741	95	96	de 	13.700000
94	9	Re5	D5	327	327	3	8	1111	95	96	bir 	14.000000
95	9	Re5	D5	327	327	1	4	741	95	96	kız 	14.200000
96	9	Do5	C5	318	318	3	8	1111	95	96	ge	14.500000
97	9	Re5	D5	327	327	1	8	370	99	96	zer  	14.600000
98	9	Do5	C5	318	318	1	8	370	99	96		14.700000
99	9	Re5	D5	327	327	1	8	370	99	96		14.800000
100	9	Mi5	E5	336	336	1	4	741	95	96		15.000000
101	9	Mi5	E5	336	336	1	8	370	95	96	Hop 	15.100000
102	9	Es	Es	-1	-1	1	8	370	100	0		15.200000
103	9	Do5	C5	318	318	1	8	370	95	96	ni	15.300000
104	9	Re5	D5	327	327	1	4	741	95	96	nen_	15.500000
105	9	Mi5	E5	336	336	1	4	741	95	96	öl	15.700000
106	9	Mi5	E5	336	336	3	8	1111	95	96	sün 	16.000000
107	9	Mi5	E5	336	336	1	4	741	95	96	sa	16.200000
108	10	Mi5	E5	336	336	1	8	370	95	96	rı 	16.300000
109	8	Fa5	F5	340	340	0	0	0	95	96		16.300000
110	9	Re5	D5	327	327	1	4	741	95	96	ge	16.500000
111	9	Re5	D5	327	327	3	16	556	99	96	lin_	16.650000
112	9	Do5	C5	318	318	1	16	185	95	96		16.700000
113	9	Re5	D5	327	327	1	8	370	95	96	a	16.800000
114	8	Mi5	E5	336	336	0	0	0	95	96		16.800000
115	9	Mi5	E5	336	336	1	8	370	95	96	man  	16.900000
116	9	Es	Es	-1	-1	1	8	370	100	0		17.000000
117	9	Mi5	E5	336	336	1	4	741	95	96	Sa	17.200000
118	9	Fa5#3	F5#4	343	344	1	8	370	95	96	rı 	17.300000
119	9	Re5	D5	327	327	1	4	741	95	96	ge	17.500000
120	9	Do5	C5	318	318	3	16	556	99	96	lin_	17.650000
121	9	Si4b2	B4b1	312	313	1	16	185	95	96		17.700000
122	9	Do5	C5	318	318	1	8	370	95	96	a	17.800000
123	8	Re5	D5	327	327	0	0	0	95	96		17.800000
124	9	Re5	D5	327	327	1	8	370	95	96	man  	17.900000
125	9	Es	Es	-1	-1	1	8	370	100	0		18.000000
126	9	Do5	C5	318	318	1	4	741	95	96	Sa	18.200000
127	9	Re5	D5	327	327	1	8	370	95	96	rı 	18.300000
128	9	Si4b2	B4b1	312	313	1	4	741	95	96	ge	18.500000
129	9	La4	A4	305	305	1	4	741	95	96	lin_	18.700000
130	9	La4	A4	305	305	1	8	370	95	96	a	18.800000
131	8	Do5	C5	318	318	0	0	0	95	96		18.800000
132	9	Do5	C5	318	318	1	8	370	95	96	man 	18.900000
133	9	Es	Es	-1	-1	1	8	370	100	0		19.000000
134	9	Si4b2	B4b1	312	313	1	4	741	95	96	su	19.200000
135	9	Do5	C5	318	318	1	8	370	95	96	na 	19.300000
136	9	La4	A4	305	305	1	4	741	95	96	yâ	19.500000
137	9	La4	A4	305	305	5	8	1852	95	96	rim  	20.000000
