Sira	Kod	Nota53	NotaAE	Koma53	KomaAE	Pay	Payda	Ms	LNS	Bas	Soz1	Offset
1	9	Do5	C5	318	318	1	8	500	95	96		0.125000
2	9	Re5	D5	327	327	1	4	1000	95	96		0.375000
3	9	Re5	D5	327	327	1	8	500	95	96		0.500000
4	9	Re5	D5	327	327	1	16	250	95	96		0.562500
5	9	Mi5b3	E5b4	333	332	1	16	250	95	96		0.625000
6	9	Re5	D5	327	327	1	16	250	95	96		0.687500
7	9	Do5	C5	318	318	1	16	250	95	96		0.750000
8	9	Si4b1	B4b1	313	313	1	4	1000	95	96		1.000000
9	9	Es	Es	-1	-1	1	8	500	100	0		1.125000
10	9	Do5	C5	318	318	1	4	1000	95	96		1.375000
11	9	Re5	D5	327	327	1	8	500	95	96		1.500000
12	9	Mi5b3	E5b4	333	332	1	8	500	95	96		1.625000
13	9	Sol5	G5	349	349	1	8	500	95	96		1.750000
14	9	Fa5#3	F5#4	343	344	1	8	500	95	96		1.875000
15	9	Mi5b3	E5b4	333	332	1	8	500	95	96		2.000000
16	9	Re5	D5	327	327	1	8	500	95	96		2.125000
17	9	Si5b5	B5b5	362	362	1	8	500	95	96		2.250000
18	9	La5	A5	358	358	1	8	500	95	96		2.375000
19	9	Sol5	G5	349	349	1	8	500	95	96		2.500000
20	9	Fa5#3	F5#4	343	344	3	16	750	95	96		2.687500
21	9	Mi5b3	E5b4	333	332	1	16	250	95	96		2.750000
22	9	Fa5#3	F5#4	343	344	1	16	250	95	96		2.812500
23	9	Mi5b3	E5b4	333	332	1	16	250	95	96		2.875000
24	9	Mi5b3	E5b4	333	332	1	16	250	95	96		2.937500
25	9	Re5	D5	327	327	1	16	250	95	96		3.000000
26	9	Re5	D5	327	327	3	4	3000	95	96		3.750000
27	9	Es	Es	-1	-1	1	4	1000	100	0		4.000000
28	9	Es	Es	-1	-1	1	8	500	100	0		4.125000
29	9	Re5	D5	327	327	1	4	1000	95	96		4.375000
30	9	Do5	C5	318	318	1	8	500	95	96		4.500000
31	9	Si4b1	B4b1	313	313	3	16	750	95	96		4.687500
32	9	La4#4	A4#4	309	309	1	16	250	95	96		4.750000
33	9	Si4b1	B4b1	313	313	1	4	1000	95	96		5.000000
34	9	Sol5	G5	349	349	3	16	750	95	96		5.187500
35	9	Fa5#3	F5#4	343	344	1	16	250	95	96		5.250000
36	9	Mi5b3	E5b4	333	332	1	8	500	95	96		5.375000
37	9	Sol5	G5	349	349	1	8	500	95	96		5.500000
38	9	Fa5#3	F5#4	343	344	1	2	2000	95	96		6.000000
39	9	Es	Es	-1	-1	1	8	500	100	0		6.125000
40	9	Sol5	G5	349	349	1	4	1000	95	96		6.375000
41	9	La5#4	A5#4	362	362	1	8	500	95	96		6.500000
42	9	Si5b1	B5b1	366	366	1	8	500	95	96		6.625000
43	9	Do6	C6	371	371	1	16	250	95	96		6.687500
44	9	Re6	D6	380	380	1	16	250	95	96		6.750000
45	9	Do6	C6	371	371	1	8	500	95	96		6.875000
46	9	Si5b1	B5b1	366	366	1	8	500	95	96		7.000000
47	9	Si5b1	B5b1	366	366	3	16	750	95	96		7.187500
48	9	La5#4	A5#4	362	362	1	16	250	95	96		7.250000
49	9	Sol5	G5	349	349	1	8	500	95	96		7.375000
50	9	La5#4	A5#4	362	362	1	8	500	95	96		7.500000
51	9	Si5b1	B5b1	366	366	1	2	2000	95	96		8.000000
52	9	Es	Es	-1	-1	1	8	500	100	0		8.125000
53	9	Do6	C6	371	371	1	8	500	95	96		8.250000
54	9	Si5b5	B5b5	362	362	1	8	500	95	96		8.375000
55	9	La5	A5	358	358	1	8	500	95	96		8.500000
56	9	La5	A5	358	358	3	16	750	95	96		8.687500
57	9	Sol5	G5	349	349	1	16	250	95	96		8.750000
58	9	La5	A5	358	358	1	16	250	95	96		8.812500
59	9	Sol5	G5	349	349	1	16	250	95	96		8.875000
60	9	Sol5	G5	349	349	1	16	250	95	96		8.937500
61	9	Fa5#3	F5#4	343	344	1	16	250	95	96		9.000000
62	9	Fa5#3	F5#4	343	344	1	2	2000	95	96		9.500000
63	9	Sol5	G5	349	349	1	16	250	95	96		9.562500
64	9	Fa5#3	F5#4	343	344	1	16	250	95	96		9.625000
65	9	Mi5b3	E5b4	333	332	1	16	250	95	96		9.687500
66	9	Re5	D5	327	327	1	16	250	95	96		9.750000
67	9	Re5	D5	327	327	1	4	1000	95	96		10.000000
68	9	Es	Es	-1	-1	1	8	500	100	0		10.125000
69	9	Re5	D5	327	327	1	4	1000	95	96		10.375000
70	9	Mi5b3	E5b4	333	332	1	8	500	95	96		10.500000
71	9	Fa5#3	F5#4	343	344	1	8	500	95	96		10.625000
72	9	Sol5	G5	349	349	1	8	500	95	96		10.750000
73	9	La5	A5	358	358	1	8	500	95	96		10.875000
74	9	Si5b5	B5b5	362	362	1	8	500	95	96		11.000000
75	9	La5	A5	358	358	1	8	500	95	96		11.125000
76	9	Sol5	G5	349	349	1	8	500	95	96		11.250000
77	9	Sol5	G5	349	349	1	8	500	95	96		11.375000
78	9	Fa5#3	F5#4	343	344	1	8	500	95	96		11.500000
79	9	Sol5	G5	349	349	1	2	2000	95	96		12.000000
80	9	Fa5#3	F5#4	343	344	1	8	500	95	96		12.125000
81	9	La5	A5	358	358	1	8	500	95	96		12.250000
82	9	Sol5	G5	349	349	1	8	500	95	96		12.375000
83	9	Sol5	G5	349	349	1	16	250	95	96		12.437500
84	9	Fa5#3	F5#4	343	344	1	16	250	95	96		12.500000
85	9	Fa5#3	F5#4	343	344	3	16	750	95	96		12.687500
86	9	Mi5b3	E5b4	333	332	1	16	250	95	96		12.750000
87	9	Fa5#3	F5#4	343	344	1	16	250	95	96		12.812500
88	9	Mi5b3	E5b4	333	332	1	16	250	95	96		12.875000
89	9	Mi5b3	E5b4	333	332	1	16	250	95	96		12.937500
90	9	Re5	D5	327	327	1	16	250	95	96		13.000000
91	9	Re5	D5	327	327	1	2	2000	95	96		13.500000
92	9	Sol5	G5	349	349	1	16	250	95	96		13.562500
93	9	Fa5#3	F5#4	343	344	1	16	250	95	96		13.625000
94	9	Mi5b3	E5b4	333	332	1	16	250	95	96		13.687500
95	9	Re5	D5	327	327	1	16	250	95	96		13.750000
96	9	Do5	C5	318	318	1	16	250	95	96		13.812500
97	9	Si4b1	B4b1	313	313	1	16	250	95	96		13.875000
98	9	Do5	C5	318	318	1	8	500	95	96		14.000000
99	9	Es	Es	-1	-1	1	8	500	100	0		14.125000
100	9	Re5	D5	327	327	1	8	500	95	96		14.250000
101	9	Mi5b3	E5b4	333	332	1	8	500	95	96		14.375000
102	9	Sol5	G5	349	349	1	8	500	95	96		14.500000
103	9	Fa5#3	F5#4	343	344	1	8	500	95	96		14.625000
104	9	Mi5b3	E5b4	333	332	1	8	500	95	96		14.750000
105	9	Mi5b3	E5b4	333	332	1	8	500	95	96		14.875000
106	9	Re5	D5	327	327	1	8	500	95	96		15.000000
107	9	Re5	D5	327	327	3	16	750	95	96		15.187500
108	9	Do5	C5	318	318	1	16	250	95	96		15.250000
109	9	Re5	D5	327	327	1	16	250	95	96		15.312500
110	9	Do5	C5	318	318	1	16	250	95	96		15.375000
111	9	Do5	C5	318	318	1	16	250	95	96		15.437500
112	9	Si4b1	B4b1	313	313	1	16	250	95	96		15.500000
113	8	La4#4	A4#4	309	309	0	0	0	95	96		15.500000
114	9	Si4b1	B4b1	313	313	1	2	2000	95	96		16.000000
