Sýra	Kod	Nota53	NotaAE	Koma53	KomaAE	Pay	Payda	Ms	LNS	VelOn	Söz-1
1	9	Do6	C6	371	371	3	32	326	95	96	ARANAÐME 
2	9	Si5b1	B5b1	366	366	1	32	109	95	96	.
3	9	La5#4	A5#4	362	362	1	16	217	95	96	.
4	9	Si5b1	B5b1	366	366	1	16	217	95	96	.
5	9	Do6	C6	371	371	1	8	435	95	96	.
6	9	Re6	D6	380	380	1	8	435	95	96	.
7	9	Si5b1	B5b1	366	366	1	8	435	95	96	.
8	9	Do6	C6	371	371	1	16	217	95	96	.
9	9	Si5b1	B5b1	366	366	1	16	217	95	96	.
10	9	La5	A5	358	358	1	8	435	95	96	.
11	9	Si5b5	B5b5	362	362	1	16	217	95	96	.
12	9	La5	A5	358	358	1	16	217	95	96	.
13	9	Sol5	G5	349	349	1	8	435	95	96	.
14	9	La5	A5	358	358	1	16	217	95	96	.
15	9	Sol5	G5	349	349	1	16	217	95	96	.
16	9	Fa5#3	F5#4	343	344	1	8	435	95	96	.
17	9	Sol5	G5	349	349	1	16	217	95	96	.
18	9	Fa5#3	F5#4	343	344	1	16	217	95	96	.
19	9	Mi5b3	E5b4	333	332	1	8	435	95	96	.
20	9	Fa5#3	F5#4	343	344	1	16	217	95	96	.
21	9	Mi5b3	E5b4	333	332	1	16	217	95	96	.
22	9	Re5	D5	327	327	1	8	435	95	96	.
23	9	Mi5b3	E5b4	333	332	1	16	217	95	96	.
24	9	Fa5#3	F5#4	343	344	1	16	217	95	96	.
25	9	Mi5b3	E5b4	333	332	1	16	217	95	96	.
26	9	Re5	D5	327	327	1	16	217	95	96	.
27	9	Do5	C5	318	318	1	8	435	95	96	.
28	9	Re5	D5	327	327	3	32	326	95	96	.
29	9	Do5	C5	318	318	1	32	109	95	96	.
30	9	Si4b1	B4b1	313	313	1	16	217	95	96	.
31	9	Do5	C5	318	318	1	16	217	95	96	.
32	9	Re5	D5	327	327	1	8	435	95	96	.
33	9	Mi5b3	E5b4	333	332	1	8	435	95	96	.
34	9	Fa5#3	F5#4	343	344	1	16	217	95	96	.
35	9	Sol5	G5	349	349	1	16	217	95	96	.
36	9	La5	A5	358	358	1	16	217	95	96	.
37	9	Si5b5	B5b5	362	362	1	16	217	95	96	.
38	9	La5	A5	358	358	1	16	217	95	96	.
39	9	Sol5	G5	349	349	1	16	217	95	96	.
40	9	Fa5#3	F5#4	343	344	1	16	217	95	96	.
41	9	Mi5b3	E5b4	333	332	1	16	217	95	96	.
42	9	Re5	D5	327	327	3	16	652	95	96	.
43	9	Do5	C5	318	318	1	16	217	95	96	.
44	9	Re5	D5	327	327	1	16	217	95	96	.
45	9	Do5	C5	318	318	1	16	217	95	96	.
46	9	Do5	C5	318	318	1	16	217	95	96	.
47	9	Si4b1	B4b1	313	313	1	16	217	95	96	.
48	9	Si4b1	B4b1	313	313	1	4	870	95	96	.
49	9	Sol5	G5	349	349	3	16	652	95	96	.
50	9	La5#4	A5#4	362	362	1	16	217	95	96	.
51	9	Si5b1	B5b1	366	366	1	4	870	95	96	.
52	9	Do6	C6	371	371	3	32	326	95	96	ARANAÐME 
53	9	Si5b1	B5b1	366	366	1	32	109	95	96	.
54	9	La5#4	A5#4	362	362	1	16	217	95	96	.
55	9	Si5b1	B5b1	366	366	1	16	217	95	96	.
56	9	Do6	C6	371	371	1	8	435	95	96	.
57	9	Re6	D6	380	380	1	8	435	95	96	.
58	9	Si5b1	B5b1	366	366	1	8	435	95	96	.
59	9	Do6	C6	371	371	1	16	217	95	96	.
60	9	Si5b1	B5b1	366	366	1	16	217	95	96	.
61	9	La5	A5	358	358	1	8	435	95	96	.
62	9	Si5b5	B5b5	362	362	1	16	217	95	96	.
63	9	La5	A5	358	358	1	16	217	95	96	.
64	9	Sol5	G5	349	349	1	8	435	95	96	.
65	9	La5	A5	358	358	1	16	217	95	96	.
66	9	Sol5	G5	349	349	1	16	217	95	96	.
67	9	Fa5#3	F5#4	343	344	1	8	435	95	96	.
68	9	Sol5	G5	349	349	1	16	217	95	96	.
69	9	Fa5#3	F5#4	343	344	1	16	217	95	96	.
70	9	Mi5b3	E5b4	333	332	1	8	435	95	96	.
71	9	Fa5#3	F5#4	343	344	1	16	217	95	96	.
72	9	Mi5b3	E5b4	333	332	1	16	217	95	96	.
73	9	Re5	D5	327	327	1	8	435	95	96	.
74	9	Mi5b3	E5b4	333	332	1	16	217	95	96	.
75	9	Fa5#3	F5#4	343	344	1	16	217	95	96	.
76	9	Mi5b3	E5b4	333	332	1	16	217	95	96	.
77	9	Re5	D5	327	327	1	16	217	95	96	.
78	9	Do5	C5	318	318	1	8	435	95	96	.
79	9	Re5	D5	327	327	3	32	326	95	96	.
80	9	Do5	C5	318	318	1	32	109	95	96	.
81	9	Si4b1	B4b1	313	313	1	16	217	95	96	.
82	9	Do5	C5	318	318	1	16	217	95	96	.
83	9	Re5	D5	327	327	1	8	435	95	96	.
84	9	Mi5b3	E5b4	333	332	1	8	435	95	96	.
85	9	Fa5#3	F5#4	343	344	1	16	217	95	96	.
86	9	Sol5	G5	349	349	1	16	217	95	96	.
87	9	La5	A5	358	358	1	16	217	95	96	.
88	9	Si5b5	B5b5	362	362	1	16	217	95	96	.
89	9	La5	A5	358	358	1	16	217	95	96	.
90	9	Sol5	G5	349	349	1	16	217	95	96	.
91	9	Fa5#3	F5#4	343	344	1	16	217	95	96	.
92	9	Mi5b3	E5b4	333	332	1	16	217	95	96	.
93	9	Re5	D5	327	327	3	16	652	95	96	.
94	9	Do5	C5	318	318	1	16	217	95	96	.
95	9	Re5	D5	327	327	1	16	217	95	96	.
96	9	Do5	C5	318	318	1	16	217	95	96	.
97	9	Do5	C5	318	318	1	16	217	95	96	.
98	9	Si4b1	B4b1	313	313	1	16	217	95	96	.
99	9	Si4b1	B4b1	313	313	11	8	4784	95	96	.
100	9	Si4b1	B4b1	313	313	1	4	870	95	96	Neþ
101	9	Sol5	G5	349	349	1	8	435	95	96	e
102	9	Sol5	G5	349	349	1	8	435	99	96	yâb_
103	8	La5	A5	358	358	1	128	27	99	96	
104	9	Sol5	G5	349	349	1	16	217	99	96	
105	9	Fa5#3	F5#4	343	344	1	16	217	99	96	
106	9	Fa5#3	F5#4	343	344	1	8	435	99	96	
107	8	Sol5	G5	349	349	1	128	27	99	96	
108	9	Fa5#3	F5#4	343	344	1	16	217	99	96	
109	9	Mi5b3	E5b4	333	332	1	16	217	95	96	
110	9	Re5	D5	327	327	3	16	652	99	96	ý 
111	9	Mi5b3	E5b4	333	332	1	16	217	99	96	
112	9	Fa5#3	F5#4	343	344	1	8	435	99	96	
113	9	Sol5	G5	349	349	1	8	435	99	96	
114	9	La5	A5	358	358	1	8	435	99	96	
115	9	Sol5	G5	349	349	1	16	217	99	96	
116	9	Fa5#3	F5#4	343	344	1	16	217	99	96	
117	9	Sol5	G5	349	349	1	8	435	99	96	
118	9	Fa5#3	F5#4	343	344	1	16	217	99	96	
119	9	Mi5b3	E5b4	333	332	1	16	217	99	96	
120	9	Fa5#3	F5#4	343	344	1	8	435	99	96	
121	9	Mi5b3	E5b4	333	332	1	16	217	99	96	
122	9	Re5	D5	327	327	1	16	217	99	96	
123	9	Do5	C5	318	318	1	8	435	95	96	
124	8	Fa5#3	F5#4	343	344	1	128	27	95	96	
125	9	Mi5b3	E5b4	333	332	1	16	217	99	96	lût
126	9	Re5	D5	327	327	1	16	217	99	96	
127	9	Mi5b3	E5b4	333	332	1	8	435	95	96	
128	9	Fa5#3	F5#4	343	344	1	8	435	95	96	fun_
129	9	Re5	D5	327	327	3	16	652	99	96	ol
130	9	Do5	C5	318	318	1	16	217	99	96	
131	9	Re5	D5	327	327	1	16	217	99	96	
132	9	Do5	C5	318	318	1	16	217	99	96	
133	9	Do5	C5	318	318	1	16	217	99	96	
134	9	Si4b1	B4b1	313	313	1	16	217	95	96	
135	9	Si4b1	B4b1	313	313	1	4	870	95	96	sun 
136	9	La4#4	A4#4	309	309	1	16	217	95	96	SAZ 
137	9	Si4b1	B4b1	313	313	1	16	217	95	96	.
138	9	Do5	C5	318	318	1	16	217	95	96	.
139	9	Si4b1	B4b1	313	313	1	16	217	95	96	.
140	9	Si4b1	B4b1	313	313	1	4	870	95	96	.
141	9	Sol5	G5	349	349	3	32	326	99	96	bu 
142	9	Fa5#3	F5#4	343	344	1	32	109	99	96	
143	9	Mi5	E5	336	336	1	16	217	99	96	
144	9	Sol5	G5	349	349	1	16	217	99	96	
145	9	Fa5#3	F5#4	343	344	3	8	1305	95	96	
146	9	Mi5	E5	336	336	1	16	217	99	96	
147	9	Fa5#3	F5#4	343	344	1	16	217	99	96	
148	9	Mi5	E5	336	336	1	8	435	95	96	
149	9	Fa5#3	F5#4	343	344	1	16	217	99	96	ser_
150	9	Sol5	G5	349	349	1	16	217	95	96	
151	9	Fa5#3	F5#4	343	344	1	8	435	99	96	i 
152	9	Sol5	G5	349	349	4	8	1739	95	96	
153	9	Fa5#3	F5#4	343	344	1	16	217	99	96	þû
154	9	Sol5	G5	349	349	1	16	217	99	96	
155	9	La5	A5	358	358	1	8	435	99	96	
156	9	Sol5	G5	349	349	1	16	217	99	96	
157	9	Fa5#3	F5#4	343	344	1	16	217	99	96	
158	9	Sol5	G5	349	349	1	8	435	99	96	
159	9	Fa5#3	F5#4	343	344	1	16	217	99	96	
160	9	Mi5b3	E5b4	333	332	1	16	217	99	96	
161	9	Fa5#3	F5#4	343	344	1	8	435	99	96	
162	9	Mi5b3	E5b4	333	332	1	16	217	99	96	
163	9	Re5	D5	327	327	1	16	217	99	96	
164	9	Mi5b3	E5b4	333	332	1	8	435	99	96	
165	9	Re5	D5	327	327	2	8	870	95	96	
166	9	La5	A5	358	358	1	8	435	99	96	rî
167	9	Sol5	G5	349	349	1	8	435	99	96	
168	9	Fa5#3	F5#4	343	344	1	8	435	99	96	
169	9	Sol5	G5	349	349	1	16	217	99	96	
170	9	Fa5#3	F5#4	343	344	1	16	217	99	96	
171	9	Mi5b3	E5b4	333	332	1	16	217	99	96	
172	9	Re5	D5	327	327	1	16	217	99	96	
173	9	Mi5b3	E5b4	333	332	1	8	435	95	96	
174	9	Fa5#3	F5#4	343	344	1	16	217	99	96	de
175	9	Sol5	G5	349	349	1	16	217	95	96	
176	9	Fa5#3	F5#4	343	344	1	16	217	99	96	miz  
177	9	Mi5b3	E5b4	333	332	1	16	217	99	96	
178	9	Mi5b3	E5b4	333	332	1	16	217	99	96	
179	9	Re5	D5	327	327	1	16	217	99	96	
180	9	Re5	D5	327	327	1	4	870	95	96	
181	9	Do5	C5	318	318	1	16	217	95	96	SAZ 
182	9	Re5	D5	327	327	1	16	217	95	96	.
183	9	Mi5b3	E5b4	333	332	1	16	217	95	96	.
184	9	Fa5#3	F5#4	343	344	1	16	217	95	96	.
185	9	Re5	D5	327	327	5	8	2174	95	96	.
186	9	La5	A5	358	358	1	8	435	99	96	Aç 
187	9	Sol5	G5	349	349	1	8	435	95	96	
188	9	Si5b5	B5b5	362	362	1	8	435	95	96	e
189	9	La5	A5	358	358	1	8	435	99	96	fen
190	9	Sol5	G5	349	349	1	8	435	99	96	
191	9	Fa5#3	F5#4	343	344	1	8	435	99	96	
192	9	Mi5b3	E5b4	333	332	1	8	435	95	96	
193	9	Re5	D5	327	327	3	16	652	99	96	dim 
194	9	Mi5b3	E5b4	333	332	1	16	217	99	96	
195	9	Fa5#3	F5#4	343	344	1	8	435	99	96	
196	9	Sol5	G5	349	349	1	8	435	99	96	
197	9	La5	A5	358	358	1	8	435	99	96	
198	9	Sol5	G5	349	349	1	16	217	99	96	
199	9	Fa5#3	F5#4	343	344	1	16	217	99	96	
200	9	Fa5#3	F5#4	343	344	1	16	217	99	96	
201	9	Sol5	G5	349	349	1	16	217	99	96	
202	9	La5	A5	358	358	1	16	217	99	96	
203	9	Si5b5	B5b5	362	362	1	16	217	99	96	
204	9	La5	A5	358	358	1	16	217	99	96	
205	9	Sol5	G5	349	349	1	16	217	99	96	
206	9	Fa5#3	F5#4	343	344	1	16	217	99	96	
207	9	Mi5b3	E5b4	333	332	1	16	217	99	96	
208	9	Re5	D5	327	327	1	8	435	95	96	
209	9	Mi5b3	E5b4	333	332	1	16	217	99	96	sî
210	9	Re5	D5	327	327	1	16	217	99	96	
211	9	Mi5b3	E5b4	333	332	1	8	435	95	96	
212	9	Sol5	G5	349	349	1	8	435	95	96	ne 
213	9	Sol5	G5	349	349	1	16	217	99	96	i 
214	9	Fa5#3	F5#4	343	344	1	8	435	99	96	
215	9	Mi5b3	E5b4	333	332	1	16	217	99	96	
216	9	Fa5#3	F5#4	343	344	1	16	217	99	96	
217	9	Mi5b3	E5b4	333	332	1	16	217	99	96	
218	9	Mi5b3	E5b4	333	332	1	16	217	99	96	
219	9	Re5	D5	327	327	1	16	217	95	96	
220	9	Re5	D5	327	327	1	8	435	99	96	bil
221	9	Do5	C5	318	318	1	16	217	99	96	
222	9	Si4b1	B4b1	313	313	1	16	217	99	96	
223	9	Do5	C5	318	318	1	8	435	99	96	
224	9	Re5	D5	327	327	1	8	435	99	96	
225	9	Do5	C5	318	318	1	8	435	99	96	
226	9	Si4b1	B4b1	313	313	2	8	870	95	96	
227	9	Re5	D5	327	327	1	4	870	99	96	lû
228	9	Do5	C5	318	318	1	16	217	99	96	
229	9	Si4b1	B4b1	313	313	3	16	652	95	96	
230	9	Si4b1	B4b1	313	313	1	4	870	95	96	
231	9	Do5	C5	318	318	1	16	217	99	96	ru 
232	9	Re5	D5	327	327	1	16	217	95	96	
233	9	Do5	C5	318	318	1	32	109	99	96	gör
234	9	Si4b1	B4b1	313	313	1	32	109	99	96	
235	9	La4#4	A4#4	309	309	1	16	217	99	96	
236	9	Si4b1	B4b1	313	313	1	16	217	99	96	
237	9	Do5	C5	318	318	1	16	217	99	96	
238	9	Re5	D5	327	327	1	8	435	99	96	
239	9	Mi5b3	E5b4	333	332	1	8	435	95	96	
240	9	Fa5#3	F5#4	343	344	1	16	217	99	96	sün 
241	9	Sol5	G5	349	349	1	16	217	99	96	
242	9	La5	A5	358	358	1	16	217	99	96	
243	9	Si5b1	B5b1	366	366	1	16	217	99	96	
244	9	Do6	C6	371	371	1	8	435	99	96	
245	9	Si5b5	B5b5	362	362	1	16	217	99	96	
246	9	La5	A5	358	358	1	16	217	99	96	
247	9	La5	A5	358	358	1	16	217	99	96	
248	9	Sol5	G5	349	349	1	8	435	99	96	
249	9	Fa5#3	F5#4	343	344	1	16	217	99	96	
250	9	Fa5#3	F5#4	343	344	1	16	217	99	96	
251	9	Mi5b3	E5b4	333	332	1	16	217	99	96	
252	9	Mi5b3	E5b4	333	332	1	16	217	99	96	
253	9	Re5	D5	327	327	1	16	217	99	96	
254	9	Sol5	G5	349	349	3	32	326	99	96	
255	9	Fa5#3	F5#4	343	344	1	32	109	99	96	
256	9	Mi5b3	E5b4	333	332	3	32	326	99	96	
257	9	Re5	D5	327	327	1	32	109	99	96	
258	9	Do5	C5	318	318	1	8	435	95	96	
259	9	Re5	D5	327	327	1	16	217	99	96	dî
260	9	Mi5b3	E5b4	333	332	1	16	217	99	96	
261	9	Fa5#3	F5#4	343	344	1	8	435	99	96	
262	9	Mi5b3	E5b4	333	332	1	16	217	99	96	
263	9	Re5	D5	327	327	1	16	217	99	96	
264	9	Re5	D5	327	327	1	8	435	99	96	
265	9	Do5	C5	318	318	1	16	217	99	96	
266	9	Si4b1	B4b1	313	313	1	16	217	99	96	
267	9	Do5	C5	318	318	1	8	435	95	96	
268	9	Re5	D5	327	327	1	16	217	99	96	de
269	9	Mi5b1	E5b1	335	335	1	16	217	95	96	
270	9	Re5	D5	327	327	1	16	217	99	96	miz  
271	9	Do5	C5	318	318	1	16	217	99	96	
272	9	Si4b1	B4b1	313	313	1	16	217	99	96	
273	9	La4#4	A4#4	309	309	1	16	217	99	96	
274	9	Si4b1	B4b1	313	313	1	4	870	95	96	
275	9	Do5	C5	318	318	1	16	217	95	96	SAZ 
276	9	Re5	D5	327	327	1	16	217	95	96	.
277	9	Mi5b3	E5b4	333	332	1	16	217	95	96	.
278	9	Fa5#3	F5#4	343	344	1	16	217	95	96	.
279	9	Re5	D5	327	327	5	8	2174	95	96	.
280	9	La5	A5	358	358	1	8	435	99	96	Aç 
281	9	Sol5	G5	349	349	1	8	435	95	96	
282	9	Si5b5	B5b5	362	362	1	8	435	95	96	e
283	9	La5	A5	358	358	1	8	435	99	96	fen
284	9	Sol5	G5	349	349	1	8	435	99	96	
285	9	Fa5#3	F5#4	343	344	1	8	435	99	96	
286	9	Mi5b3	E5b4	333	332	1	8	435	95	96	
287	9	Re5	D5	327	327	3	16	652	99	96	dim 
288	9	Mi5b3	E5b4	333	332	1	16	217	99	96	
289	9	Fa5#3	F5#4	343	344	1	8	435	99	96	
290	9	Sol5	G5	349	349	1	8	435	99	96	
291	9	La5	A5	358	358	1	8	435	99	96	
292	9	Sol5	G5	349	349	1	16	217	99	96	
293	9	Fa5#3	F5#4	343	344	1	16	217	99	96	
294	9	Fa5#3	F5#4	343	344	1	16	217	99	96	
295	9	Sol5	G5	349	349	1	16	217	99	96	
296	9	La5	A5	358	358	1	16	217	99	96	
297	9	Si5b5	B5b5	362	362	1	16	217	99	96	
298	9	La5	A5	358	358	1	16	217	99	96	
299	9	Sol5	G5	349	349	1	16	217	99	96	
300	9	Fa5#3	F5#4	343	344	1	16	217	99	96	
301	9	Mi5b3	E5b4	333	332	1	16	217	99	96	
302	9	Re5	D5	327	327	1	8	435	95	96	
303	9	Mi5b3	E5b4	333	332	1	16	217	99	96	sî
304	9	Re5	D5	327	327	1	16	217	99	96	
305	9	Mi5b3	E5b4	333	332	1	8	435	95	96	
306	9	Sol5	G5	349	349	1	8	435	95	96	ne 
307	9	Sol5	G5	349	349	1	16	217	99	96	i 
308	9	Fa5#3	F5#4	343	344	1	8	435	99	96	
309	9	Mi5b3	E5b4	333	332	1	16	217	99	96	
310	9	Fa5#3	F5#4	343	344	1	16	217	99	96	
311	9	Mi5b3	E5b4	333	332	1	16	217	99	96	
312	9	Mi5b3	E5b4	333	332	1	16	217	99	96	
313	9	Re5	D5	327	327	1	16	217	95	96	
314	9	Re5	D5	327	327	1	8	435	99	96	bil
315	9	Do5	C5	318	318	1	16	217	99	96	
316	9	Si4b1	B4b1	313	313	1	16	217	99	96	
317	9	Do5	C5	318	318	1	8	435	99	96	
318	9	Re5	D5	327	327	1	8	435	99	96	
319	9	Do5	C5	318	318	1	8	435	99	96	
320	9	Si4b1	B4b1	313	313	2	8	870	95	96	
321	9	Re5	D5	327	327	1	4	870	99	96	lû
322	9	Do5	C5	318	318	1	16	217	99	96	
323	9	Si4b1	B4b1	313	313	3	16	652	95	96	
324	9	Si4b1	B4b1	313	313	1	4	870	95	96	
325	9	Do5	C5	318	318	1	16	217	99	96	ru 
326	9	Re5	D5	327	327	1	16	217	95	96	
327	9	Do5	C5	318	318	1	32	109	99	96	gör
328	9	Si4b1	B4b1	313	313	1	32	109	99	96	
329	9	La4#4	A4#4	309	309	1	16	217	99	96	
330	9	Si4b1	B4b1	313	313	1	16	217	99	96	
331	9	Do5	C5	318	318	1	16	217	99	96	
332	9	Re5	D5	327	327	1	8	435	99	96	
333	9	Mi5b3	E5b4	333	332	1	8	435	95	96	
334	9	Fa5#3	F5#4	343	344	1	16	217	99	96	sün 
335	9	Sol5	G5	349	349	1	16	217	99	96	
336	9	La5	A5	358	358	1	16	217	99	96	
337	9	Si5b1	B5b1	366	366	1	16	217	99	96	
338	9	Do6	C6	371	371	1	8	435	99	96	
339	9	Si5b5	B5b5	362	362	1	16	217	99	96	
340	9	La5	A5	358	358	1	16	217	99	96	
341	9	La5	A5	358	358	1	16	217	99	96	
342	9	Sol5	G5	349	349	1	8	435	99	96	
343	9	Fa5#3	F5#4	343	344	1	16	217	99	96	
344	9	Fa5#3	F5#4	343	344	1	16	217	99	96	
345	9	Mi5b3	E5b4	333	332	1	16	217	99	96	
346	9	Mi5b3	E5b4	333	332	1	16	217	99	96	
347	9	Re5	D5	327	327	1	16	217	99	96	
348	9	Sol5	G5	349	349	3	32	326	99	96	
349	9	Fa5#3	F5#4	343	344	1	32	109	99	96	
350	9	Mi5b3	E5b4	333	332	3	32	326	99	96	
351	9	Re5	D5	327	327	1	32	109	99	96	
352	9	Do5	C5	318	318	1	8	435	95	96	
353	9	Re5	D5	327	327	1	16	217	99	96	dî
354	9	Mi5b3	E5b4	333	332	1	16	217	99	96	
355	9	Fa5#3	F5#4	343	344	1	8	435	99	96	
356	9	Mi5b3	E5b4	333	332	1	16	217	99	96	
357	9	Re5	D5	327	327	1	16	217	99	96	
358	9	Re5	D5	327	327	1	8	435	99	96	
359	9	Do5	C5	318	318	1	16	217	99	96	
360	9	Si4b1	B4b1	313	313	1	16	217	99	96	
361	9	Do5	C5	318	318	1	8	435	95	96	
362	9	Re5	D5	327	327	1	16	217	99	96	de
363	9	Mi5b1	E5b1	335	335	1	16	217	95	96	
364	9	Re5	D5	327	327	1	16	217	99	96	miz  
365	9	Do5	C5	318	318	1	16	217	99	96	
366	9	Si4b1	B4b1	313	313	1	16	217	99	96	
367	9	La4#4	A4#4	309	309	1	16	217	99	96	
368	9	Si4b1	B4b1	313	313	1	4	870	95	96	
369	9	Sol5	G5	349	349	3	32	326	95	96	SAZ 
370	9	Fa5#3	F5#4	343	344	1	32	109	95	96	
371	9	Mi5	E5	336	336	1	16	217	95	96	
372	9	Fa5#3	F5#4	343	344	1	16	217	95	96	
373	9	Sol5	G5	349	349	5	8	2174	95	96	.
374	9	Sol5	G5	349	349	1	16	217	99	96	Böy
375	9	Fa5#3	F5#4	343	344	1	16	217	99	96	
376	9	Mi5	E5	336	336	1	8	435	95	96	
377	9	Fa5#3	F5#4	343	344	1	8	435	95	96	le 
378	9	Sol5	G5	349	349	1	4	870	99	96	is
379	9	La5	A5	358	358	3	16	652	99	96	
380	9	Sol5	G5	349	349	1	16	217	95	96	
381	9	Fa5#3	F5#4	343	344	1	4	870	99	96	tir
382	9	Sol5	G5	349	349	1	4	870	99	96	
383	9	La5	A5	358	358	1	8	435	99	96	
384	9	Si5b5	B5b5	362	362	1	16	217	99	96	
385	9	Do6	C6	371	371	1	16	217	99	96	
386	9	La5	A5	358	358	1	8	435	99	96	
387	9	Sol5	G5	349	349	1	8	435	99	96	
388	9	Sol5	G5	349	349	1	8	435	99	96	
389	9	Fa5#3	F5#4	343	344	2	8	870	95	96	
390	9	Do6	C6	371	371	1	4	870	95	96	hâm 
391	9	Si5b5	B5b5	362	362	1	16	217	99	96	e
392	9	La5	A5	358	358	1	16	217	95	96	
393	9	La5	A5	358	358	3	16	652	99	96	der 
394	9	Sol5	G5	349	349	1	16	217	99	96	
395	9	Fa5#3	F5#4	343	344	1	16	217	99	96	
396	9	Sol5	G5	349	349	1	16	217	99	96	
397	9	La5	A5	358	358	1	16	217	99	96	
398	9	Sol5	G5	349	349	1	16	217	95	96	
399	9	Fa5#3	F5#4	343	344	1	4	870	99	96	her 
400	9	Sol5	G5	349	349	1	2	1739	95	96	
401	9	Sol5	G5	349	349	3	32	326	95	96	SAZ 
402	9	Fa5#3	F5#4	343	344	1	32	109	95	96	.
403	9	Mi5	E5	336	336	1	16	217	95	96	.
404	9	Sol5	G5	349	349	1	16	217	95	96	.
405	9	Fa5#3	F5#4	343	344	3	8	1305	95	96	.
406	9	Mi5	E5	336	336	1	16	217	99	96	dem 
407	9	Fa5#3	F5#4	343	344	1	16	217	99	96	
408	9	Mi5	E5	336	336	1	8	435	95	96	
409	9	Fa5#3	F5#4	343	344	1	16	217	99	96	dil_
410	9	Sol5	G5	349	349	1	16	217	95	96	
411	9	Fa5#3	F5#4	343	344	1	8	435	99	96	i 
412	9	Sol5	G5	349	349	4	8	1739	95	96	
413	9	Fa5#3	F5#4	343	344	1	16	217	99	96	gam 
414	9	Sol5	G5	349	349	1	16	217	99	96	
415	9	La5	A5	358	358	1	8	435	99	96	
416	9	Sol5	G5	349	349	1	16	217	99	96	
417	9	Fa5#3	F5#4	343	344	1	16	217	99	96	
418	9	Sol5	G5	349	349	1	8	435	99	96	
419	9	Fa5#3	F5#4	343	344	1	16	217	99	96	
420	9	Mi5b3	E5b4	333	332	1	16	217	99	96	
421	9	Fa5#3	F5#4	343	344	1	8	435	99	96	
422	9	Mi5b3	E5b4	333	332	1	16	217	99	96	
423	9	Re5	D5	327	327	1	16	217	99	96	
424	9	Mi5b3	E5b4	333	332	1	8	435	99	96	
425	9	Re5	D5	327	327	2	8	870	95	96	
426	9	La5	A5	358	358	1	8	435	95	96	dî
427	9	Sol5	G5	349	349	1	8	435	99	96	
428	9	Fa5#3	F5#4	343	344	1	8	435	99	96	
429	9	Sol5	G5	349	349	1	16	217	99	96	
430	9	Fa5#3	F5#4	343	344	1	16	217	99	96	
431	9	Mi5b3	E5b4	333	332	1	16	217	99	96	
432	9	Re5	D5	327	327	1	16	217	99	96	
433	9	Mi5b3	E5b4	333	332	1	8	435	95	96	
434	9	Fa5#3	F5#4	343	344	1	16	217	99	96	de
435	9	Sol5	G5	349	349	1	16	217	95	96	
436	9	Fa5#3	F5#4	343	344	1	16	217	99	96	miz  
437	9	Mi5b3	E5b4	333	332	1	16	217	99	96	
438	9	Mi5b3	E5b4	333	332	1	16	217	99	96	
439	9	Re5	D5	327	327	1	16	217	99	96	
440	9	Re5	D5	327	327	1	4	870	95	96	
441	9	Do5	C5	318	318	1	16	217	95	96	SAZ 
442	9	Re5	D5	327	327	1	16	217	95	96	.
443	9	Mi5b3	E5b4	333	332	1	16	217	95	96	.
444	9	Fa5#3	F5#4	343	344	1	16	217	95	96	.
445	9	Re5	D5	327	327	5	8	2174	95	96	.
446	9	La5	A5	358	358	1	8	435	99	96	Aç 
447	9	Sol5	G5	349	349	1	8	435	95	96	
448	9	Si5b5	B5b5	362	362	1	8	435	95	96	e
449	9	La5	A5	358	358	1	8	435	99	96	fen
450	9	Sol5	G5	349	349	1	8	435	99	96	
451	9	Fa5#3	F5#4	343	344	1	8	435	99	96	
452	9	Mi5b3	E5b4	333	332	1	8	435	95	96	
453	9	Re5	D5	327	327	3	16	652	99	96	dim 
454	9	Mi5b3	E5b4	333	332	1	16	217	99	96	
455	9	Fa5#3	F5#4	343	344	1	8	435	99	96	
456	9	Sol5	G5	349	349	1	8	435	99	96	
457	9	La5	A5	358	358	1	8	435	99	96	
458	9	Sol5	G5	349	349	1	16	217	99	96	
459	9	Fa5#3	F5#4	343	344	1	16	217	99	96	
460	9	Fa5#3	F5#4	343	344	1	16	217	99	96	
461	9	Sol5	G5	349	349	1	16	217	99	96	
462	9	La5	A5	358	358	1	16	217	99	96	
463	9	Si5b5	B5b5	362	362	1	16	217	99	96	
464	9	La5	A5	358	358	1	16	217	99	96	
465	9	Sol5	G5	349	349	1	16	217	99	96	
466	9	Fa5#3	F5#4	343	344	1	16	217	99	96	
467	9	Mi5b3	E5b4	333	332	1	16	217	99	96	
468	9	Re5	D5	327	327	1	8	435	95	96	
469	9	Mi5b3	E5b4	333	332	1	16	217	99	96	sî
470	9	Re5	D5	327	327	1	16	217	99	96	
471	9	Mi5b3	E5b4	333	332	1	8	435	95	96	
472	9	Sol5	G5	349	349	1	8	435	95	96	ne 
473	9	Sol5	G5	349	349	1	16	217	99	96	i 
474	9	Fa5#3	F5#4	343	344	1	8	435	99	96	
475	9	Mi5b3	E5b4	333	332	1	16	217	99	96	
476	9	Fa5#3	F5#4	343	344	1	16	217	99	96	
477	9	Mi5b3	E5b4	333	332	1	16	217	99	96	
478	9	Mi5b3	E5b4	333	332	1	16	217	99	96	
479	9	Re5	D5	327	327	1	16	217	95	96	
480	9	Re5	D5	327	327	1	8	435	99	96	bil
481	9	Do5	C5	318	318	1	16	217	99	96	
482	9	Si4b1	B4b1	313	313	1	16	217	99	96	
483	9	Do5	C5	318	318	1	8	435	99	96	
484	9	Re5	D5	327	327	1	8	435	99	96	
485	9	Do5	C5	318	318	1	8	435	99	96	
486	9	Si4b1	B4b1	313	313	2	8	870	95	96	
487	9	Re5	D5	327	327	1	4	870	99	96	lû
488	9	Do5	C5	318	318	1	16	217	99	96	
489	9	Si4b1	B4b1	313	313	3	16	652	95	96	
490	9	Si4b1	B4b1	313	313	1	4	870	95	96	
491	9	Do5	C5	318	318	1	16	217	99	96	ru 
492	9	Re5	D5	327	327	1	16	217	95	96	
493	9	Do5	C5	318	318	1	32	109	99	96	gör
494	9	Si4b1	B4b1	313	313	1	32	109	99	96	
495	9	La4#4	A4#4	309	309	1	16	217	99	96	
496	9	Si4b1	B4b1	313	313	1	16	217	99	96	
497	9	Do5	C5	318	318	1	16	217	99	96	
498	9	Re5	D5	327	327	1	8	435	99	96	
499	9	Mi5b3	E5b4	333	332	1	8	435	95	96	
500	9	Fa5#3	F5#4	343	344	1	16	217	99	96	sün 
501	9	Sol5	G5	349	349	1	16	217	99	96	
502	9	La5	A5	358	358	1	16	217	99	96	
503	9	Si5b1	B5b1	366	366	1	16	217	99	96	
504	9	Do6	C6	371	371	1	8	435	99	96	
505	9	Si5b5	B5b5	362	362	1	16	217	99	96	
506	9	La5	A5	358	358	1	16	217	99	96	
507	9	La5	A5	358	358	1	16	217	99	96	
508	9	Sol5	G5	349	349	1	8	435	99	96	
509	9	Fa5#3	F5#4	343	344	1	16	217	99	96	
510	9	Fa5#3	F5#4	343	344	1	16	217	99	96	
511	9	Mi5b3	E5b4	333	332	1	16	217	99	96	
512	9	Mi5b3	E5b4	333	332	1	16	217	99	96	
513	9	Re5	D5	327	327	1	16	217	99	96	
514	9	Sol5	G5	349	349	3	32	326	99	96	
515	9	Fa5#3	F5#4	343	344	1	32	109	99	96	
516	9	Mi5b3	E5b4	333	332	3	32	326	99	96	
517	9	Re5	D5	327	327	1	32	109	99	96	
518	9	Do5	C5	318	318	1	8	435	95	96	
519	9	Re5	D5	327	327	1	16	217	99	96	dî
520	9	Mi5b3	E5b4	333	332	1	16	217	99	96	
521	9	Fa5#3	F5#4	343	344	1	8	435	99	96	
522	9	Mi5b3	E5b4	333	332	1	16	217	99	96	
523	9	Re5	D5	327	327	1	16	217	99	96	
524	9	Re5	D5	327	327	1	8	435	99	96	
525	9	Do5	C5	318	318	1	16	217	99	96	
526	9	Si4b1	B4b1	313	313	1	16	217	99	96	
527	9	Do5	C5	318	318	1	8	435	95	96	
528	9	Re5	D5	327	327	1	16	217	99	96	de
529	9	Mi5b1	E5b1	335	335	1	16	217	95	96	
530	9	Re5	D5	327	327	1	16	217	99	96	miz  
531	9	Do5	C5	318	318	1	16	217	99	96	
532	9	Si4b1	B4b1	313	313	1	16	217	99	96	
533	9	La4#4	A4#4	309	309	1	16	217	99	96	
534	9	Si4b1	B4b1	313	313	1	4	870	95	96	
535	9	Do5	C5	318	318	1	16	217	95	96	SAZ 
536	9	Re5	D5	327	327	1	16	217	95	96	.
537	9	Mi5b3	E5b4	333	332	1	16	217	95	96	.
538	9	Fa5#3	F5#4	343	344	1	16	217	95	96	.
539	9	Re5	D5	327	327	5	8	2174	95	96	.
540	9	La5	A5	358	358	1	8	435	99	96	Aç 
541	9	Sol5	G5	349	349	1	8	435	95	96	
542	9	Si5b5	B5b5	362	362	1	8	435	95	96	e
543	9	La5	A5	358	358	1	8	435	99	96	fen
544	9	Sol5	G5	349	349	1	8	435	99	96	
545	9	Fa5#3	F5#4	343	344	1	8	435	99	96	
546	9	Mi5b3	E5b4	333	332	1	8	435	95	96	
547	9	Re5	D5	327	327	3	16	652	99	96	dim 
548	9	Mi5b3	E5b4	333	332	1	16	217	99	96	
549	9	Fa5#3	F5#4	343	344	1	8	435	99	96	
550	9	Sol5	G5	349	349	1	8	435	99	96	
551	9	La5	A5	358	358	1	8	435	99	96	
552	9	Sol5	G5	349	349	1	16	217	99	96	
553	9	Fa5#3	F5#4	343	344	1	16	217	99	96	
554	9	Fa5#3	F5#4	343	344	1	16	217	99	96	
555	9	Sol5	G5	349	349	1	16	217	99	96	
556	9	La5	A5	358	358	1	16	217	99	96	
557	9	Si5b5	B5b5	362	362	1	16	217	99	96	
558	9	La5	A5	358	358	1	16	217	99	96	
559	9	Sol5	G5	349	349	1	16	217	99	96	
560	9	Fa5#3	F5#4	343	344	1	16	217	99	96	
561	9	Mi5b3	E5b4	333	332	1	16	217	99	96	
562	9	Re5	D5	327	327	1	8	435	95	96	
563	9	Mi5b3	E5b4	333	332	1	16	217	99	96	sî
564	9	Re5	D5	327	327	1	16	217	99	96	
565	9	Mi5b3	E5b4	333	332	1	8	435	95	96	
566	9	Sol5	G5	349	349	1	8	435	95	96	ne 
567	9	Sol5	G5	349	349	1	16	217	99	96	i 
568	9	Fa5#3	F5#4	343	344	1	8	435	99	96	
569	9	Mi5b3	E5b4	333	332	1	16	217	99	96	
570	9	Fa5#3	F5#4	343	344	1	16	217	99	96	
571	9	Mi5b3	E5b4	333	332	1	16	217	99	96	
572	9	Mi5b3	E5b4	333	332	1	16	217	99	96	
573	9	Re5	D5	327	327	1	16	217	95	96	
574	9	Re5	D5	327	327	1	8	435	99	96	bil
575	9	Do5	C5	318	318	1	16	217	99	96	
576	9	Si4b1	B4b1	313	313	1	16	217	99	96	
577	9	Do5	C5	318	318	1	8	435	99	96	
578	9	Re5	D5	327	327	1	8	435	99	96	
579	9	Do5	C5	318	318	1	8	435	99	96	
580	9	Si4b1	B4b1	313	313	2	8	870	95	96	
581	9	Re5	D5	327	327	1	4	870	99	96	lû
582	9	Do5	C5	318	318	1	16	217	99	96	
583	9	Si4b1	B4b1	313	313	3	16	652	95	96	
584	9	Si4b1	B4b1	313	313	1	4	870	95	96	
585	9	Do5	C5	318	318	1	16	217	99	96	ru 
586	9	Re5	D5	327	327	1	16	217	95	96	
587	9	Do5	C5	318	318	1	32	109	99	96	gör
588	9	Si4b1	B4b1	313	313	1	32	109	99	96	
589	9	La4#4	A4#4	309	309	1	16	217	99	96	
590	9	Si4b1	B4b1	313	313	1	16	217	99	96	
591	9	Do5	C5	318	318	1	16	217	99	96	
592	9	Re5	D5	327	327	1	8	435	99	96	
593	9	Mi5b3	E5b4	333	332	1	8	435	95	96	
594	9	Fa5#3	F5#4	343	344	1	16	217	99	96	sün 
595	9	Sol5	G5	349	349	1	16	217	99	96	
596	9	La5	A5	358	358	1	16	217	99	96	
597	9	Si5b1	B5b1	366	366	1	16	217	99	96	
598	9	Do6	C6	371	371	1	8	435	99	96	
599	9	Si5b5	B5b5	362	362	1	16	217	99	96	
600	9	La5	A5	358	358	1	16	217	99	96	
601	9	La5	A5	358	358	1	16	217	99	96	
602	9	Sol5	G5	349	349	1	8	435	99	96	
603	9	Fa5#3	F5#4	343	344	1	16	217	99	96	
604	9	Fa5#3	F5#4	343	344	1	16	217	99	96	
605	9	Mi5b3	E5b4	333	332	1	16	217	99	96	
606	9	Mi5b3	E5b4	333	332	1	16	217	99	96	
607	9	Re5	D5	327	327	1	16	217	99	96	
608	9	Sol5	G5	349	349	3	32	326	99	96	
609	9	Fa5#3	F5#4	343	344	1	32	109	99	96	
610	9	Mi5b3	E5b4	333	332	3	32	326	99	96	
611	9	Re5	D5	327	327	1	32	109	99	96	
612	9	Do5	C5	318	318	1	8	435	95	96	
613	9	Re5	D5	327	327	1	16	217	99	96	dî
614	9	Mi5b3	E5b4	333	332	1	16	217	99	96	
615	9	Fa5#3	F5#4	343	344	1	8	435	99	96	
616	9	Mi5b3	E5b4	333	332	1	16	217	99	96	
617	9	Re5	D5	327	327	1	16	217	99	96	
618	9	Re5	D5	327	327	1	8	435	99	96	
619	9	Do5	C5	318	318	1	16	217	99	96	
620	9	Si4b1	B4b1	313	313	1	16	217	99	96	
621	9	Do5	C5	318	318	1	8	435	95	96	
622	9	Re5	D5	327	327	1	16	217	99	96	de
623	9	Mi5b1	E5b1	335	335	1	16	217	95	96	
624	9	Re5	D5	327	327	1	16	217	99	96	miz  
625	9	Do5	C5	318	318	1	16	217	99	96	
626	9	Si4b1	B4b1	313	313	1	16	217	99	96	
627	9	La4#4	A4#4	309	309	1	16	217	99	96	
628	9	Si4b1	B4b1	313	313	1	4	870	95	96	
