Sýra	Kod	Nota53	NotaAE	Koma53	KomaAE	Pay	Payda	Ms	LNS	VelOn	Söz-1
1	9	La4	A4	305	305	1	4	1000	95	96	Yâr 
2	9	Re5	D5	327	327	1	4	1000	95	96	gel 
3	9	Re5	D5	327	327	1	8	500	99	96	ey 
4	9	Do5	C5	318	318	1	16	250	99	96	
5	9	Re5	D5	327	327	1	16	250	99	96	
6	9	Do5	C5	318	318	1	8	500	99	96	
7	9	Re5	D5	327	327	1	16	250	99	96	
8	9	Mi5	E5	336	336	1	16	250	99	96	
9	9	Re5	D5	327	327	1	8	500	99	96	
10	9	Mi5	E5	336	336	1	16	250	99	96	
11	9	Fa5	F5	340	340	1	16	250	99	96	
12	9	Mi5	E5	336	336	1	8	500	99	96	
13	9	Fa5	F5	340	340	1	8	500	99	96	
14	9	Sol5	G5	349	349	1	8	500	99	96	
15	9	Fa5	F5	340	340	1	8	500	99	96	
16	9	Mi5	E5	336	336	1	8	500	95	96	
17	9	Re5	D5	327	327	1	8	500	95	96	ne
18	11	Re5	D5	327	327	1	4	1000	99	96	sî 
19	11	Mi5	E5	336	336	1	8	500	99	96	
20	9	Re5	D5	327	327	1	8	500	99	96	
21	9	Re5	D5	327	327	1	8	500	99	96	
22	9	Do5#4	C5#4	322	322	1	4	1000	99	96	
23	9	La4	A4	305	305	1	8	500	99	96	
24	9	Re5	D5	327	327	4	8	2000	95	96	
25	9	Re5	D5	327	327	1	8	500	99	96	sîm_
26	9	Mi5	E5	336	336	1	4	1000	99	96	
27	9	Sol5	G5	349	349	1	8	500	99	96	
28	9	Fa5#3	F5#4	343	344	3	16	750	99	96	
29	9	Mi5	E5	336	336	1	16	250	99	96	
30	9	Re5	D5	327	327	1	8	500	99	96	
31	9	La5	A5	358	358	1	8	500	95	96	
32	9	La5	A5	358	358	3	16	750	99	96	i 
33	9	Sol5	G5	349	349	1	16	250	95	96	
34	9	Fa5#3	F5#4	343	344	3	8	1500	95	96	sa
35	9	Re5	D5	327	327	1	16	250	99	96	bâ 
36	9	Mi5	E5	336	336	1	16	250	99	96	
37	9	Re5	D5	327	327	1	8	500	99	96	
38	9	Mi5	E5	336	336	1	8	500	99	96	
39	9	Mi5	E5	336	336	1	8	500	99	96	
40	9	Fa5	F5	340	340	1	16	250	99	96	
41	9	Sol5	G5	349	349	1	16	250	99	96	
42	9	Fa5	F5	340	340	1	16	250	99	96	
43	9	Mi5	E5	336	336	1	16	250	99	96	
44	9	Re5	D5	327	327	2	8	1000	95	96	
45	9	Do5	C5	318	318	1	16	250	99	96	bâ 
46	9	Re5	D5	327	327	1	16	250	99	96	
47	9	Do5	C5	318	318	1	8	500	99	96	
48	9	Re5	D5	327	327	1	8	500	99	96	
49	9	Re5	D5	327	327	1	8	500	99	96	
50	9	Mi5	E5	336	336	1	8	500	99	96	
51	9	Re5	D5	327	327	1	8	500	99	96	
52	9	Do5	C5	318	318	1	8	500	99	96	
53	9	Do5	C5	318	318	1	4	1000	95	96	
54	9	Re5	D5	327	327	3	16	750	99	96	ha 
55	9	Do5	C5	318	318	1	16	250	99	96	
56	9	Si4b2	B4b1	312	313	1	4	1000	99	96	
57	9	Do5	C5	318	318	3	16	750	99	96	
58	9	Si4b2	B4b1	312	313	1	16	250	99	96	
59	9	La4	A4	305	305	1	8	500	99	96	
60	9	Si4b2	B4b1	312	313	1	8	500	99	96	
61	9	Do5	C5	318	318	1	8	500	99	96	
62	9	Si4b2	B4b1	312	313	1	8	500	99	96	
63	9	La4	A4	305	305	1	8	500	99	96	
64	9	Sol4	G4	296	296	1	8	500	99	96	
65	8	La4	A4	305	305	1	64	62	99	96	
66	9	Sol4	G4	296	296	1	8	500	99	96	
67	9	La4	A4	305	305	1	8	500	95	96	
68	9	Fa4#3	F4#4	290	291	1	4	1000	95	96	hatt_
69	9	Fa4#3	F4#4	290	291	3	8	1500	95	96	ý 
70	9	Re5	D5	327	327	3	8	1500	99	96	yâ 
71	8	Mi5	E5	336	336	1	64	62	99	96	
72	9	Re5	D5	327	327	1	8	500	99	96	
73	9	Do5	C5	318	318	1	8	500	99	96	
74	9	Si4b2	B4b1	312	313	1	8	500	99	96	
75	9	La4	A4	305	305	2	8	1000	95	96	
76	9	Si4b2	B4b1	312	313	1	16	250	99	96	yâr
77	9	Do5	C5	318	318	1	16	250	99	96	
78	9	Si4b2	B4b1	312	313	1	8	500	99	96	
79	9	Do5	C5	318	318	1	16	250	99	96	
80	9	Re5	D5	327	327	1	16	250	95	96	
81	9	Do5	C5	318	318	1	8	500	99	96	dan 
82	9	Re5	D5	327	327	3	8	1500	99	96	
83	9	Re5	D5	327	327	1	8	500	99	96	
84	9	Mi5	E5	336	336	1	4	1000	99	96	
85	9	Sol5	G5	349	349	1	8	500	99	96	
86	9	Fa5#3	F5#4	343	344	3	16	750	99	96	
87	9	Mi5	E5	336	336	1	16	250	99	96	
88	9	Re5	D5	327	327	1	4	1000	99	96	
89	9	Sol5	G5	349	349	1	8	500	99	96	
90	9	Fa5#3	F5#4	343	344	1	8	500	99	96	
91	9	Sol5	G5	349	349	1	8	500	99	96	
92	9	La5	A5	358	358	2	8	1000	95	96	
93	9	Fa5#3	F5#4	343	344	1	4	1000	99	96	ne 
94	9	Re5	D5	327	327	1	8	500	95	96	
95	9	Mi5	E5	336	336	1	8	500	99	96	ha
96	9	Fa5#1	F5#1	341	341	1	8	500	99	96	
97	9	Re5	D5	327	327	3	8	1500	95	96	
98	9	Re5	D5	327	327	1	4	1000	95	96	ber  
99	9	Mi5	E5	336	336	1	16	250	99	96	A
100	9	Fa5	F5	340	340	1	16	250	95	96	
101	9	Mi5	E5	336	336	1	16	250	99	96	man 
102	9	Re5	D5	327	327	1	16	250	99	96	
103	9	Do5#4	C5#4	322	322	1	16	250	99	96	
104	9	Si4	B4	314	314	1	16	250	99	96	
105	9	Do5#4	C5#4	322	322	1	8	500	99	96	
106	9	Re5	D5	327	327	1	8	500	99	96	
107	9	Do5#4	C5#4	322	322	1	8	500	99	96	
108	9	La4	A4	305	305	1	8	500	95	96	
109	9	Re5	D5	327	327	1	8	500	95	96	ser
110	9	Re5	D5	327	327	1	8	500	95	96	vi
111	9	Mi5	E5	336	336	1	8	500	99	96	nâ
112	9	Fa5	F5	340	340	1	8	500	99	96	
113	9	Mi5	E5	336	336	1	8	500	99	96	
114	9	Re5	D5	327	327	1	8	500	95	96	
115	9	Do5	C5	318	318	1	4	1000	99	96	zým 
116	9	Re5	D5	327	327	2	4	2000	95	96	
117	9	Do5	C5	318	318	1	8	500	99	96	iþ
118	9	Re5	D5	327	327	1	8	500	99	96	
119	9	Mi5	E5	336	336	1	4	1000	95	96	
120	9	Mi5	E5	336	336	1	4	1000	95	96	ve
121	9	Sol5	G5	349	349	1	8	500	99	96	bâ
122	9	Fa5	F5	340	340	1	8	500	99	96	
123	9	Mi5	E5	336	336	1	8	500	99	96	
124	9	Re5	D5	327	327	1	8	500	99	96	
125	9	Mi5	E5	336	336	3	16	750	99	96	
126	9	Re5	D5	327	327	1	16	250	95	96	
127	9	Re5	D5	327	327	1	8	500	99	96	zým 
128	9	Do5	C5	318	318	1	8	500	95	96	
129	9	Mi5	E5	336	336	1	16	250	99	96	dil
130	9	Re5	D5	327	327	1	16	250	99	96	
131	9	Re5	D5	327	327	1	16	250	99	96	
132	9	Do5	C5	318	318	1	16	250	99	96	
133	9	Re5	D5	327	327	3	8	1500	95	96	nü
134	9	Do5	C5	318	318	1	16	250	99	96	vâ
135	9	Re5	D5	327	327	1	16	250	99	96	
136	9	Do5	C5	318	318	1	8	500	99	96	
137	9	Re5	D5	327	327	1	16	250	99	96	
138	9	Mi5	E5	336	336	1	16	250	99	96	
139	9	Re5	D5	327	327	1	8	500	99	96	
140	9	Mi5	E5	336	336	1	8	500	95	96	
141	9	Re5	D5	327	327	1	8	500	99	96	zým 
142	9	Do5	C5	318	318	2	8	1000	95	96	
143	9	Si4b2	B4b1	312	313	1	16	250	99	96	câ
144	9	Do5	C5	318	318	1	16	250	99	96	
145	9	Si4b2	B4b1	312	313	1	8	500	99	96	
146	9	Do5	C5	318	318	1	16	250	99	96	
147	9	Re5	D5	327	327	1	16	250	99	96	
148	9	Do5	C5	318	318	1	8	500	99	96	
149	9	Re5	D5	327	327	1	8	500	95	96	
150	9	Do5	C5	318	318	1	8	500	99	96	ným  
151	9	Si4b2	B4b1	312	313	1	8	500	95	96	
152	9	Si4b2	B4b1	312	313	1	8	500	95	96	A 
153	9	La4	A4	305	305	3	8	1500	95	96	câ
154	9	La4	A4	305	305	1	8	500	99	96	ným 
155	9	Si4b2	B4b1	312	313	1	8	500	99	96	
156	9	Sol4	G4	296	296	1	4	1000	95	96	
157	9	Re5	D5	327	327	1	16	250	99	96	hatt_
158	9	Do5	C5	318	318	1	16	250	99	96	
159	9	Si4b2	B4b1	312	313	1	16	250	99	96	
160	9	Do5	C5	318	318	1	16	250	99	96	
161	9	Re5	D5	327	327	5	8	2500	95	96	
162	9	Do5	C5	318	318	2	8	1000	95	96	
163	9	Re5	D5	327	327	1	16	250	99	96	ý 
164	9	Mi5	E5	336	336	1	16	250	99	96	
165	9	Re5	D5	327	327	1	8	500	99	96	
166	9	Do5	C5	318	318	1	8	500	95	96	
167	9	Re5	D5	327	327	1	8	500	99	96	yâr
168	9	Do5	C5	318	318	1	4	1000	99	96	
169	9	Re5	D5	327	327	1	8	500	99	96	
170	9	Do5	C5	318	318	1	16	250	99	96	
171	9	Si4b2	B4b1	312	313	1	16	250	99	96	
172	9	La4	A4	305	305	1	8	500	99	96	
173	9	Si4b2	B4b1	312	313	1	8	500	99	96	
174	9	Do5	C5	318	318	1	8	500	99	96	
175	9	Si4b2	B4b1	312	313	1	4	1000	99	96	
176	9	Si4b2	B4b1	312	313	1	8	500	99	96	
177	9	Do5	C5	318	318	1	8	500	99	96	
178	9	Re5	D5	327	327	1	4	1000	95	96	
179	9	Si4b2	B4b1	312	313	1	8	500	99	96	dan 
180	9	Do5	C5	318	318	1	8	500	99	96	
181	9	Re5	D5	327	327	1	4	1000	99	96	
182	9	Mi5	E5	336	336	1	8	500	99	96	
183	9	Re5	D5	327	327	1	8	500	99	96	
184	9	Re5	D5	327	327	1	8	500	99	96	
185	9	Do5	C5	318	318	1	8	500	99	96	
186	8	Re5	D5	327	327	1	64	62	99	96	
187	9	Do5	C5	318	318	1	8	500	99	96	
188	9	Si4b2	B4b1	312	313	1	8	500	99	96	
189	9	Si4b2	B4b1	312	313	1	8	500	99	96	
190	9	Sol4	G4	296	296	1	8	500	99	96	
191	9	La4	A4	305	305	1	8	500	99	96	
192	9	Si4b2	B4b1	312	313	1	8	500	99	96	
193	9	Re5	D5	327	327	1	8	500	95	96	
194	9	Do5	C5	318	318	1	4	1000	99	96	ne 
195	8	Re5	D5	327	327	1	128	31	99	96	
196	9	Do5	C5	318	318	1	16	250	99	96	
197	9	Si4b2	B4b1	312	313	1	16	250	99	96	
198	9	Si4b2	B4b1	312	313	1	8	500	99	96	
199	9	Do5	C5	318	318	1	8	500	95	96	
200	9	La4	A4	305	305	1	4	1000	95	96	ha
201	9	Sol4	G4	296	296	1	4	1000	99	96	ber 
202	9	La4	A4	305	305	3	4	3000	95	96	
203	9	La5	A5	358	358	1	8	500	99	96	hey 
204	9	Sol5	G5	349	349	1	8	500	95	96	
205	9	Fa5#4	F5#4	344	344	1	8	500	99	96	câ
206	9	Mi5#4	E5#4	340	340	1	8	500	95	96	
207	9	Fa5#4	F5#4	344	344	2	4	2000	95	96	ným  
208	9	Re5	D5	327	327	1	4	1000	95	96	Yâr 
209	9	Fa5#4	F5#4	344	344	1	4	1000	95	96	þe
210	9	Mi5#3	E5#4	339	340	1	8	500	99	96	mî 
211	9	Sol5	G5	349	349	1	8	500	99	96	
212	9	Fa5#4	F5#4	344	344	7	8	3500	95	96	
213	9	Sol5	G5	349	349	1	4	1000	95	96	mîm_
214	9	La5	A5	358	358	1	8	500	95	96	i 
215	9	Sol5	G5	349	349	1	4	1000	99	96	zül
216	9	La5	A5	358	358	3	16	750	99	96	
217	9	Sol5	G5	349	349	1	16	250	99	96	
218	9	Fa5#4	F5#4	344	344	1	4	1000	99	96	
219	9	Sol5	G5	349	349	3	16	750	99	96	
220	9	Fa5#4	F5#4	344	344	1	16	250	99	96	
221	9	Mi5	E5	336	336	1	4	1000	99	96	
222	9	Fa5#3	F5#4	343	344	3	16	750	99	96	
223	9	Mi5	E5	336	336	1	16	250	99	96	
224	9	Re5	D5	327	327	1	4	1000	99	96	
225	9	Sol5	G5	349	349	1	8	500	99	96	
226	9	Fa5#1	F5#1	341	341	1	16	250	99	96	
227	9	Mi5	E5	336	336	1	16	250	99	96	
228	9	Re5	D5	327	327	1	16	250	99	96	
229	9	Do5#4	C5#4	322	322	1	16	250	99	96	
230	9	Si4	B4	314	314	1	8	500	99	96	
231	9	Do5#4	C5#4	322	322	1	8	500	99	96	
232	9	Re5	D5	327	327	1	8	500	99	96	
233	9	Do5#4	C5#4	322	322	1	4	1000	95	96	
234	9	Fa5#3	F5#4	343	344	1	8	500	95	96	fü
235	9	Sol5	G5	349	349	1	8	500	95	96	ne 
236	9	Fa5#3	F5#4	343	344	1	8	500	99	96	â 
237	9	Sol5	G5	349	349	1	8	500	99	96	
238	9	Fa5#3	F5#4	343	344	1	8	500	99	96	
239	9	Mi5	E5	336	336	1	8	500	99	96	
240	9	Mi5	E5	336	336	1	8	500	99	96	
241	9	Fa5	F5	340	340	1	8	500	99	96	
242	9	Mi5	E5	336	336	1	8	500	99	96	
243	9	Re5	D5	327	327	2	8	1000	95	96	
244	9	Do5#4	C5#4	322	322	1	16	250	99	96	â
245	9	Re5	D5	327	327	1	16	250	99	96	
246	9	Do5#4	C5#4	322	322	1	8	500	99	96	
247	9	Re5	D5	327	327	1	16	250	99	96	
248	9	Mi5	E5	336	336	1	16	250	99	96	
249	9	Re5	D5	327	327	1	8	500	99	96	
250	9	Mi5	E5	336	336	1	16	250	99	96	
251	9	Fa5#3	F5#4	343	344	1	16	250	99	96	
252	9	Mi5	E5	336	336	1	8	500	99	96	
253	9	Fa5#3	F5#4	343	344	1	8	500	99	96	
254	9	Sol5	G5	349	349	1	4	1000	95	96	
255	9	La5	A5	358	358	1	16	250	99	96	mâ
256	9	Sol5	G5	349	349	1	16	250	99	96	
257	9	Fa5#2	F5#1	342	341	1	16	250	99	96	
258	9	Mi5	E5	336	336	1	16	250	99	96	
259	9	Mi5	E5	336	336	1	16	250	99	96	
260	9	Re5	D5	327	327	1	16	250	99	96	
261	9	Re5	D5	327	327	1	16	250	99	96	
262	9	Do5#4	C5#4	322	322	1	16	250	99	96	
263	9	Fa5#2	F5#1	342	341	1	8	500	99	96	
264	9	Mi5	E5	336	336	1	16	250	99	96	
265	9	Re5	D5	327	327	1	16	250	99	96	
266	9	Re5	D5	327	327	1	2	2000	95	96	
267	9	La5	A5	358	358	1	16	250	95	96	SAZ
268	9	Sol5	G5	349	349	1	16	250	95	96	.
269	9	Fa5#3	F5#4	343	344	1	16	250	95	96	.
270	9	Sol5	G5	349	349	1	16	250	95	96	.
271	9	La5	A5	358	358	1	4	1000	95	96	.
272	9	La5	A5	358	358	3	16	750	99	96	de
273	9	Sol5	G5	349	349	1	16	250	99	96	
274	9	Fa5#3	F5#4	343	344	1	8	500	99	96	
275	9	Sol5	G5	349	349	1	16	250	99	96	
276	9	La5	A5	358	358	1	16	250	95	96	
277	9	Sol5	G5	349	349	1	8	500	99	96	di 
278	9	La5	A5	358	358	1	4	1000	99	96	
279	9	Si5b2	B5b1	365	366	1	8	500	99	96	
280	9	La5	A5	358	358	1	8	500	99	96	
281	9	Sol5	G5	349	349	1	8	500	99	96	
282	9	Fa5#2	F5#1	342	341	1	8	500	99	96	
283	9	Mi5	E5	336	336	2	8	1000	95	96	
284	9	Fa5#3	F5#4	343	344	1	16	250	99	96	dir 
285	9	Sol5	G5	349	349	1	16	250	99	96	
286	9	Fa5#3	F5#4	343	344	1	8	500	95	96	
287	9	Sol5	G5	349	349	1	16	250	99	96	me
288	9	La5	A5	358	358	1	16	250	95	96	
289	9	Sol5	G5	349	349	1	8	500	99	96	þâ 
290	9	La5	A5	358	358	1	4	1000	99	96	
291	9	Sol5	G5	349	349	1	8	500	99	96	
292	9	Do6	C6	371	371	1	8	500	99	96	
293	9	Si5b2	B5b1	365	366	1	16	250	99	96	
294	9	La5	A5	358	358	1	16	250	99	96	
295	9	La5	A5	358	358	3	8	1500	95	96	
296	9	Re5	D5	327	327	1	16	250	99	96	þâm_
297	9	Mi5	E5	336	336	1	16	250	99	96	
298	9	Re5	D5	327	327	1	8	500	99	96	
299	9	Mi5	E5	336	336	1	8	500	99	96	
300	9	Fa5#3	F5#4	343	344	1	8	500	99	96	
301	9	Sol5	G5	349	349	1	8	500	99	96	
302	9	Fa5#3	F5#4	343	344	1	8	500	99	96	
303	9	Si5b2	B5b1	365	366	1	8	500	99	96	
304	9	La5	A5	358	358	1	4	1000	95	96	
305	9	Fa5#3	F5#4	343	344	1	8	500	99	96	ý 
306	9	Sol5	G5	349	349	1	8	500	99	96	
307	9	Fa5#3	F5#4	343	344	1	4	1000	95	96	
308	9	Mi5	E5	336	336	3	8	1500	95	96	ü
309	9	Re5	D5	327	327	1	4	1000	99	96	mîd  
310	9	Mi5	E5	336	336	1	8	500	99	96	
311	9	Mi5	E5	336	336	1	8	500	99	96	
312	9	Sol5	G5	349	349	1	8	500	99	96	
313	9	Fa5#2	F5#1	342	341	1	8	500	99	96	
314	9	Mi5	E5	336	336	1	8	500	99	96	
315	9	Mi5	E5	336	336	2	8	1000	95	96	
316	9	Mi5	E5	336	336	1	8	500	95	96	Ser
317	9	Mi5	E5	336	336	1	8	500	95	96	vi
318	9	Mi5	E5	336	336	1	8	500	99	96	nâ
319	9	Re5#4	D5#4	331	331	1	16	250	99	96	
320	9	Mi5	E5	336	336	1	16	250	99	96	
321	9	Fa5	F5	340	340	1	8	500	99	96	
322	8	Sol5	G5	349	349	1	128	31	99	96	
323	9	Fa5	F5	340	340	1	16	250	99	96	
324	9	Mi5	E5	336	336	1	16	250	95	96	
325	9	Mi5	E5	336	336	1	8	500	99	96	zým 
326	9	Re5#4	D5#4	331	331	1	16	250	99	96	
327	9	Do5	C5	318	318	1	16	250	99	96	
328	9	Re5#4	D5#4	331	331	1	8	500	99	96	
329	9	Mi5	E5	336	336	1	8	500	99	96	
330	9	Re5#4	D5#4	331	331	1	4	1000	95	96	
331	9	La5	A5	358	358	1	8	500	99	96	iþ
332	9	Sol5#4	G#4	353	353	1	8	500	99	96	
333	9	Fa5#1	F5#1	341	341	1	8	500	99	96	
334	9	Mi5	E5	336	336	1	8	500	95	96	
335	9	La5	A5	358	358	3	8	1500	95	96	ve
336	9	Sol5#4	G#4	353	353	1	4	1000	99	96	bâ
337	9	Fa5#1	F5#1	341	341	1	8	500	99	96	
338	9	Sol5#4	G#4	353	353	1	16	250	99	96	
339	9	Fa5#1	F5#1	341	341	1	16	250	99	96	
340	9	Fa5#1	F5#1	341	341	1	16	250	99	96	
341	9	Mi5	E5	336	336	1	16	250	95	96	
342	9	Mi5	E5	336	336	1	8	500	99	96	zým 
343	9	Sol5	G5	349	349	1	8	500	95	96	
344	9	Sol5	G5	349	349	1	8	500	99	96	dil
345	9	Fa5#4	F5#4	344	344	1	16	250	99	96	
346	9	Mi5#3	E5#4	339	340	1	16	250	95	96	
347	9	Fa5#4	F5#4	344	344	3	8	1500	95	96	nü
348	9	Mi5	E5	336	336	1	16	250	99	96	vâ
349	9	Fa5#3	F5#4	343	344	1	16	250	99	96	
350	9	Mi5	E5	336	336	1	8	500	99	96	
351	9	Fa5#3	F5#4	343	344	1	16	250	99	96	
352	9	Sol5	G5	349	349	1	16	250	99	96	
353	9	Fa5#3	F5#4	343	344	1	8	500	99	96	
354	9	Sol5	G5	349	349	1	8	500	95	96	
355	9	Fa5#3	F5#4	343	344	1	8	500	99	96	zým 
356	9	Mi5	E5	336	336	2	8	1000	95	96	
357	9	Re5	D5	327	327	1	16	250	99	96	câ
358	9	Mi5	E5	336	336	1	16	250	99	96	
359	9	Re5	D5	327	327	1	8	500	99	96	
360	9	Mi5	E5	336	336	1	16	250	99	96	
361	9	Fa5	F5	340	340	1	16	250	99	96	
362	9	Mi5	E5	336	336	1	8	500	99	96	
363	9	Fa5	F5	340	340	1	8	500	95	96	
364	9	Mi5	E5	336	336	1	8	500	99	96	ným  
365	9	Re5	D5	327	327	1	8	500	95	96	
366	9	Do5#4	C5#4	322	322	1	8	500	95	96	A 
367	9	Re5	D5	327	327	3	8	1500	95	96	câ
368	9	Re5	D5	327	327	1	8	500	99	96	ným 
369	9	Do5#4	C5#4	322	322	1	8	500	99	96	
370	9	Re5	D5	327	327	1	8	500	99	96	
371	9	Mi5	E5	336	336	1	8	500	95	96	
372	9	Sol5	G5	349	349	1	16	250	99	96	â
373	9	Fa5#2	F5#1	342	341	1	16	250	99	96	
374	9	Mi5	E5	336	336	1	16	250	99	96	
375	9	Re5	D5	327	327	1	16	250	99	96	
376	9	Re5	D5	327	327	1	16	250	99	96	
377	9	Do5#4	C5#4	322	322	1	16	250	99	96	
378	9	Si4	B4	314	314	1	8	500	99	96	
379	9	Si4	B4	314	314	1	8	500	99	96	
380	9	Si4	B4	314	314	1	16	250	99	96	
381	9	Do5#4	C5#4	322	322	1	16	250	99	96	
382	9	Si4	B4	314	314	1	16	250	99	96	
383	9	Do5#4	C5#4	322	322	1	16	250	99	96	
384	9	La4	A4	305	305	2	8	1000	95	96	
385	9	Si4	B4	314	314	1	16	250	99	96	mâ
386	9	Do5#4	C5#4	322	322	1	16	250	99	96	
387	9	Si4	B4	314	314	1	8	500	95	96	
388	9	Do5#4	C5#4	322	322	1	16	250	99	96	de
389	9	Re5	D5	327	327	1	16	250	95	96	
390	9	Do5#4	C5#4	322	322	1	8	500	99	96	dir 
391	9	Re5	D5	327	327	3	8	1500	99	96	
392	9	Re5	D5	327	327	5	8	2500	95	96	
393	9	Re5	D5	327	327	1	4	1000	99	96	me
394	9	Mi5	E5	336	336	2	8	1000	95	96	
395	9	Do5	C5	318	318	1	16	250	99	96	þâm_
396	9	Re5	D5	327	327	1	16	250	99	96	
397	9	Do5	C5	318	318	1	8	500	99	96	
398	9	Re5	D5	327	327	1	16	250	99	96	
399	9	Mi5	E5	336	336	1	16	250	99	96	
400	9	Re5	D5	327	327	1	8	500	99	96	
401	9	Mi5	E5	336	336	1	16	250	99	96	
402	9	Fa5#3	F5#4	343	344	1	16	250	99	96	
403	9	Mi5	E5	336	336	1	8	500	99	96	
404	9	Fa5#3	F5#4	343	344	1	16	250	99	96	
405	9	Sol5	G5	349	349	1	16	250	99	96	
406	9	Fa5#3	F5#4	343	344	1	8	500	99	96	
407	9	Sol5	G5	349	349	1	8	500	99	96	
408	9	Fa5#2	F5#1	342	341	1	8	500	99	96	
409	9	Mi5	E5	336	336	1	8	500	99	96	
410	9	Re5	D5	327	327	1	8	500	99	96	
411	9	Do5	C5	318	318	1	8	500	99	96	
412	9	Si4b2	B4b1	312	313	1	8	500	99	96	
413	9	Re5	D5	327	327	1	8	500	99	96	
414	9	Do5	C5	318	318	1	4	1000	95	96	
415	9	Si4b2	B4b1	312	313	1	8	500	99	96	ý 
416	9	Sol5	G5	349	349	1	8	500	99	96	
417	9	Fa5#3	F5#4	343	344	1	4	1000	95	96	
418	9	Re5	D5	327	327	1	4	1000	95	96	ü
419	9	Mi5	E5	336	336	1	8	500	99	96	mid 
420	9	Re5	D5	327	327	1	8	500	99	96	
421	9	Do5#4	C5#4	322	322	1	8	500	99	96	
422	9	Mi5	E5	336	336	1	16	250	99	96	
423	9	Re5	D5	327	327	1	16	250	99	96	
424	9	Re5	D5	327	327	2	4	2000	95	96	
425	9	La4	A4	305	305	1	4	1000	95	96	hey 
426	9	Re5	D5	327	327	1	4	1000	95	96	câ
427	9	Re5	D5	327	327	2	4	2000	95	96	ným  
428	9	La4	A4	305	305	1	4	1000	95	96	Yâr 
429	9	Re5	D5	327	327	1	4	1000	95	96	gel 
430	9	Re5	D5	327	327	1	8	500	99	96	ey 
431	9	Do5	C5	318	318	1	16	250	99	96	
432	9	Re5	D5	327	327	1	16	250	99	96	
433	9	Do5	C5	318	318	1	8	500	99	96	
434	9	Re5	D5	327	327	1	16	250	99	96	
435	9	Mi5	E5	336	336	1	16	250	99	96	
436	9	Re5	D5	327	327	1	8	500	99	96	
437	9	Mi5	E5	336	336	1	16	250	99	96	
438	9	Fa5	F5	340	340	1	16	250	99	96	
439	9	Mi5	E5	336	336	1	8	500	99	96	
440	9	Fa5	F5	340	340	1	8	500	99	96	
441	9	Sol5	G5	349	349	1	8	500	99	96	
442	9	Fa5	F5	340	340	1	8	500	99	96	
443	9	Mi5	E5	336	336	1	8	500	95	96	
444	9	Re5	D5	327	327	1	8	500	95	96	ne
445	11	Re5	D5	327	327	1	4	1000	99	96	sî 
446	11	Mi5	E5	336	336	1	8	500	99	96	
447	9	Re5	D5	327	327	1	8	500	99	96	
448	9	Re5	D5	327	327	1	8	500	99	96	
449	9	Do5#4	C5#4	322	322	1	4	1000	99	96	
450	9	La4	A4	305	305	1	8	500	99	96	
451	9	Re5	D5	327	327	4	8	2000	95	96	
452	9	Re5	D5	327	327	1	8	500	99	96	sîm_
453	9	Mi5	E5	336	336	1	4	1000	99	96	
454	9	Sol5	G5	349	349	1	8	500	99	96	
455	9	Fa5#3	F5#4	343	344	3	16	750	99	96	
456	9	Mi5	E5	336	336	1	16	250	99	96	
457	9	Re5	D5	327	327	1	8	500	99	96	
458	9	La5	A5	358	358	1	8	500	95	96	
459	9	La5	A5	358	358	3	16	750	99	96	i 
460	9	Sol5	G5	349	349	1	16	250	95	96	
461	9	Fa5#3	F5#4	343	344	3	8	1500	95	96	sa
462	9	Re5	D5	327	327	1	16	250	99	96	bâ 
463	9	Mi5	E5	336	336	1	16	250	99	96	
464	9	Re5	D5	327	327	1	8	500	99	96	
465	9	Mi5	E5	336	336	1	8	500	99	96	
466	9	Mi5	E5	336	336	1	8	500	99	96	
467	9	Fa5	F5	340	340	1	16	250	99	96	
468	9	Sol5	G5	349	349	1	16	250	99	96	
469	9	Fa5	F5	340	340	1	16	250	99	96	
470	9	Mi5	E5	336	336	1	16	250	99	96	
471	9	Re5	D5	327	327	2	8	1000	95	96	
472	9	Do5	C5	318	318	1	16	250	99	96	bâ 
473	9	Re5	D5	327	327	1	16	250	99	96	
474	9	Do5	C5	318	318	1	8	500	99	96	
475	9	Re5	D5	327	327	1	8	500	99	96	
476	9	Re5	D5	327	327	1	8	500	99	96	
477	9	Mi5	E5	336	336	1	8	500	99	96	
478	9	Re5	D5	327	327	1	8	500	99	96	
479	9	Do5	C5	318	318	1	8	500	99	96	
480	9	Do5	C5	318	318	1	4	1000	95	96	
481	9	Re5	D5	327	327	3	16	750	99	96	ha 
482	9	Do5	C5	318	318	1	16	250	99	96	
483	9	Si4b2	B4b1	312	313	1	4	1000	99	96	
484	9	Do5	C5	318	318	3	16	750	99	96	
485	9	Si4b2	B4b1	312	313	1	16	250	99	96	
486	9	La4	A4	305	305	1	8	500	99	96	
487	9	Si4b2	B4b1	312	313	1	8	500	99	96	
488	9	Do5	C5	318	318	1	8	500	99	96	
489	9	Si4b2	B4b1	312	313	1	8	500	99	96	
490	9	La4	A4	305	305	1	8	500	99	96	
491	9	Sol4	G4	296	296	1	8	500	99	96	
492	8	La4	A4	305	305	1	64	62	99	96	
493	9	Sol4	G4	296	296	1	8	500	99	96	
494	9	La4	A4	305	305	1	8	500	95	96	
495	9	Fa4#3	F4#4	290	291	1	4	1000	95	96	hatt_
496	9	Fa4#3	F4#4	290	291	3	8	1500	95	96	ý 
497	9	Re5	D5	327	327	3	8	1500	99	96	yâ 
498	8	Mi5	E5	336	336	1	64	62	99	96	
499	9	Re5	D5	327	327	1	8	500	99	96	
500	9	Do5	C5	318	318	1	8	500	99	96	
501	9	Si4b2	B4b1	312	313	1	8	500	99	96	
502	9	La4	A4	305	305	2	8	1000	95	96	
503	9	Si4b2	B4b1	312	313	1	16	250	99	96	yâr
504	9	Do5	C5	318	318	1	16	250	99	96	
505	9	Si4b2	B4b1	312	313	1	8	500	99	96	
506	9	Do5	C5	318	318	1	16	250	99	96	
507	9	Re5	D5	327	327	1	16	250	95	96	
508	9	Do5	C5	318	318	1	8	500	99	96	dan 
509	9	Re5	D5	327	327	3	8	1500	99	96	
510	9	Re5	D5	327	327	1	8	500	99	96	
511	9	Mi5	E5	336	336	1	4	1000	99	96	
512	9	Sol5	G5	349	349	1	8	500	99	96	
513	9	Fa5#3	F5#4	343	344	3	16	750	99	96	
514	9	Mi5	E5	336	336	1	16	250	99	96	
515	9	Re5	D5	327	327	1	4	1000	99	96	
516	9	Sol5	G5	349	349	1	8	500	99	96	
517	9	Fa5#3	F5#4	343	344	1	8	500	99	96	
518	9	Sol5	G5	349	349	1	8	500	99	96	
519	9	La5	A5	358	358	2	8	1000	95	96	
520	9	Fa5#3	F5#4	343	344	1	4	1000	99	96	ne 
521	9	Re5	D5	327	327	1	8	500	95	96	
522	9	Mi5	E5	336	336	1	8	500	99	96	ha
523	9	Fa5#1	F5#1	341	341	1	8	500	99	96	
524	9	Re5	D5	327	327	3	8	1500	95	96	
525	9	Re5	D5	327	327	1	4	1000	95	96	ber  
526	9	Mi5	E5	336	336	1	16	250	99	96	A
527	9	Fa5	F5	340	340	1	16	250	95	96	
528	9	Mi5	E5	336	336	1	16	250	99	96	man 
529	9	Re5	D5	327	327	1	16	250	99	96	
530	9	Do5#4	C5#4	322	322	1	16	250	99	96	
531	9	Si4	B4	314	314	1	16	250	99	96	
532	9	Do5#4	C5#4	322	322	1	8	500	99	96	
533	9	Re5	D5	327	327	1	8	500	99	96	
534	9	Do5#4	C5#4	322	322	1	8	500	99	96	
535	9	La4	A4	305	305	1	8	500	95	96	
536	9	Re5	D5	327	327	1	8	500	95	96	ser
537	9	Re5	D5	327	327	1	8	500	95	96	vi
538	9	Mi5	E5	336	336	1	8	500	99	96	nâ
539	9	Fa5	F5	340	340	1	8	500	99	96	
540	9	Mi5	E5	336	336	1	8	500	99	96	
541	9	Re5	D5	327	327	1	8	500	95	96	
542	9	Do5	C5	318	318	1	4	1000	99	96	zým 
543	9	Re5	D5	327	327	2	4	2000	95	96	
544	9	Do5	C5	318	318	1	8	500	99	96	iþ
545	9	Re5	D5	327	327	1	8	500	99	96	
546	9	Mi5	E5	336	336	1	4	1000	95	96	
547	9	Mi5	E5	336	336	1	4	1000	95	96	ve
548	9	Sol5	G5	349	349	1	8	500	99	96	bâ
549	9	Fa5	F5	340	340	1	8	500	99	96	
550	9	Mi5	E5	336	336	1	8	500	99	96	
551	9	Re5	D5	327	327	1	8	500	99	96	
552	9	Mi5	E5	336	336	3	16	750	99	96	
553	9	Re5	D5	327	327	1	16	250	95	96	
554	9	Re5	D5	327	327	1	8	500	99	96	zým 
555	9	Do5	C5	318	318	1	8	500	95	96	
556	9	Mi5	E5	336	336	1	16	250	99	96	dil
557	9	Re5	D5	327	327	1	16	250	99	96	
558	9	Re5	D5	327	327	1	16	250	99	96	
559	9	Do5	C5	318	318	1	16	250	99	96	
560	9	Re5	D5	327	327	3	8	1500	95	96	nü
561	9	Do5	C5	318	318	1	16	250	99	96	vâ
562	9	Re5	D5	327	327	1	16	250	99	96	
563	9	Do5	C5	318	318	1	8	500	99	96	
564	9	Re5	D5	327	327	1	16	250	99	96	
565	9	Mi5	E5	336	336	1	16	250	99	96	
566	9	Re5	D5	327	327	1	8	500	99	96	
567	9	Mi5	E5	336	336	1	8	500	95	96	
568	9	Re5	D5	327	327	1	8	500	99	96	zým 
569	9	Do5	C5	318	318	2	8	1000	95	96	
570	9	Si4b2	B4b1	312	313	1	16	250	99	96	câ
571	9	Do5	C5	318	318	1	16	250	99	96	
572	9	Si4b2	B4b1	312	313	1	8	500	99	96	
573	9	Do5	C5	318	318	1	16	250	99	96	
574	9	Re5	D5	327	327	1	16	250	99	96	
575	9	Do5	C5	318	318	1	8	500	99	96	
576	9	Re5	D5	327	327	1	8	500	95	96	
577	9	Do5	C5	318	318	1	8	500	99	96	ným  
578	9	Si4b2	B4b1	312	313	1	8	500	95	96	
579	9	Si4b2	B4b1	312	313	1	8	500	95	96	A 
580	9	La4	A4	305	305	3	8	1500	95	96	câ
581	9	La4	A4	305	305	1	8	500	99	96	ným 
582	9	Si4b2	B4b1	312	313	1	8	500	99	96	
583	9	Sol4	G4	296	296	1	4	1000	95	96	
584	9	Re5	D5	327	327	1	16	250	99	96	hatt_
585	9	Do5	C5	318	318	1	16	250	99	96	
586	9	Si4b2	B4b1	312	313	1	16	250	99	96	
587	9	Do5	C5	318	318	1	16	250	99	96	
588	9	Re5	D5	327	327	5	8	2500	95	96	
589	9	Do5	C5	318	318	2	8	1000	95	96	
590	9	Re5	D5	327	327	1	16	250	99	96	ý 
591	9	Mi5	E5	336	336	1	16	250	99	96	
592	9	Re5	D5	327	327	1	8	500	99	96	
593	9	Do5	C5	318	318	1	8	500	95	96	
594	9	Re5	D5	327	327	1	8	500	99	96	yâr
595	9	Do5	C5	318	318	1	4	1000	99	96	
596	9	Re5	D5	327	327	1	8	500	99	96	
597	9	Do5	C5	318	318	1	16	250	99	96	
598	9	Si4b2	B4b1	312	313	1	16	250	99	96	
599	9	La4	A4	305	305	1	8	500	99	96	
600	9	Si4b2	B4b1	312	313	1	8	500	99	96	
601	9	Do5	C5	318	318	1	8	500	99	96	
602	9	Si4b2	B4b1	312	313	1	4	1000	99	96	
603	9	Si4b2	B4b1	312	313	1	8	500	99	96	
604	9	Do5	C5	318	318	1	8	500	99	96	
605	9	Re5	D5	327	327	1	4	1000	95	96	
606	9	Si4b2	B4b1	312	313	1	8	500	99	96	dan 
607	9	Do5	C5	318	318	1	8	500	99	96	
608	9	Re5	D5	327	327	1	4	1000	99	96	
609	9	Mi5	E5	336	336	1	8	500	99	96	
610	9	Re5	D5	327	327	1	8	500	99	96	
611	9	Re5	D5	327	327	1	8	500	99	96	
612	9	Do5	C5	318	318	1	8	500	99	96	
613	8	Re5	D5	327	327	1	64	62	99	96	
614	9	Do5	C5	318	318	1	8	500	99	96	
615	9	Si4b2	B4b1	312	313	1	8	500	99	96	
616	9	Si4b2	B4b1	312	313	1	8	500	99	96	
617	9	Sol4	G4	296	296	1	8	500	99	96	
618	9	La4	A4	305	305	1	8	500	99	96	
619	9	Si4b2	B4b1	312	313	1	8	500	99	96	
620	9	Re5	D5	327	327	1	8	500	95	96	
621	9	Do5	C5	318	318	1	4	1000	99	96	ne 
622	8	Re5	D5	327	327	1	128	31	99	96	
623	9	Do5	C5	318	318	1	16	250	99	96	
624	9	Si4b2	B4b1	312	313	1	16	250	99	96	
625	9	Si4b2	B4b1	312	313	1	8	500	99	96	
626	9	Do5	C5	318	318	1	8	500	95	96	
627	9	La4	A4	305	305	1	4	1000	95	96	ha
628	9	Sol4	G4	296	296	1	4	1000	99	96	ber 
629	9	La4	A4	305	305	3	4	3000	95	96	
630	9	La4	A4	305	305	1	4	1000	95	96	KARAR
631	9	La4	A4	305	305	1	4	1000	95	96	
632	9	La4	A4	305	305	2	4	2000	95	96	
