Sira	Kod	Nota53	NotaAE	Koma53	KomaAE	Pay	Payda	Ms	LNS	Bas	Soz1	Offset
1	9	Re5	D5	327	327	1	4	1000	95	96		0.25
2	9	La4	A4	305	305	1	4	1000	95	96		0.5
3	9	Si4	B4	314	314	1	8	500	95	96		0.625
4	9	Do5#4	C5#4	322	322	1	8	500	95	96		0.75
5	9	Re5	D5	327	327	1	4	1000	95	96		1.0
6	9	Mi5	E5	336	336	1	8	500	95	96		1.125
7	9	Fa5	F5	340	340	1	8	500	95	96		1.25
8	9	Mi5	E5	336	336	1	8	500	95	96		1.375
9	9	Fa5	F5	340	340	1	8	500	95	96		1.5
10	9	La5	A5	358	358	1	8	500	95	96		1.625
11	9	Sol5	G5	349	349	1	8	500	95	96		1.75
12	9	Fa5	F5	340	340	1	8	500	95	96		1.875
13	9	Mi5	E5	336	336	1	8	500	95	96		2.0
14	9	Fa5	F5	340	340	1	16	250	95	96		2.0625
15	9	Mi5	E5	336	336	1	16	250	95	96		2.125
16	9	Fa5	F5	340	340	1	16	250	95	96		2.1875
17	9	Sol5	G5	349	349	1	16	250	95	96		2.25
18	9	Mi5	E5	336	336	1	8	500	95	96		2.375
19	9	Re5	D5	327	327	1	8	500	95	96		2.5
20	9	Do5#4	C5#4	322	322	1	8	500	95	96		2.625
21	9	Re5	D5	327	327	1	8	500	95	96		2.75
22	9	Mi5	E5	336	336	1	8	500	95	96		2.875
23	9	Mi5	E5	336	336	1	16	250	95	96		2.9375
24	9	Re5	D5	327	327	1	16	250	95	96		3.0
25	9	Re5	D5	327	327	1	1	4000	95	96		4.0
26	9	Re5	D5	327	327	1	4	1000	95	96		4.25
27	9	La5	A5	358	358	1	4	1000	95	96		4.5
28	9	Sol5	G5	349	349	1	8	500	95	96		4.625
29	9	Fa5	F5	340	340	1	8	500	95	96		4.75
30	9	Mi5	E5	336	336	1	8	500	95	96		4.875
31	9	Re5	D5	327	327	1	8	500	95	96		5.0
32	9	Mi5	E5	336	336	1	8	500	95	96		5.125
33	9	Fa5	F5	340	340	1	8	500	95	96		5.25
34	9	Mi5	E5	336	336	1	8	500	95	96		5.375
35	9	Re5	D5	327	327	1	8	500	95	96		5.5
36	9	Sol5	G5	349	349	1	8	500	95	96		5.625
37	9	Fa5	F5	340	340	1	8	500	95	96		5.75
38	9	Mi5	E5	336	336	1	8	500	95	96		5.875
39	9	Re5	D5	327	327	1	8	500	95	96		6.0
40	9	Do5	C5	318	318	1	8	500	95	96		6.125
41	9	Si4b2	B4b1	312	313	1	8	500	95	96		6.25
42	9	Do5	C5	318	318	1	8	500	95	96		6.375
43	9	Re5	D5	327	327	1	8	500	95	96		6.5
44	9	Re5	D5	327	327	1	8	500	95	96		6.625
45	9	Fa5	F5	340	340	1	8	500	95	96		6.75
46	9	Mi5	E5	336	336	1	8	500	95	96		6.875
47	9	Re5	D5	327	327	1	8	500	95	96		7.0
48	9	Do5	C5	318	318	3	16	750	95	96		7.1875
49	9	Si4b2	B4b1	312	313	1	16	250	95	96		7.25
50	9	Do5	C5	318	318	1	16	250	95	96		7.3125
51	9	Si4b2	B4b1	312	313	1	16	250	95	96		7.375
52	9	Si4b2	B4b1	312	313	1	16	250	95	96		7.4375
53	9	La4	A4	305	305	1	16	250	95	96		7.5
54	9	La4	A4	305	305	1	2	2000	95	96		8.0
