Sira	Kod	Nota53	NotaAE	Koma53	KomaAE	Pay	Payda	Ms	LNS	Bas	Soz1	Offset
1	9	Do5	C5	318	318	3	16	750	95	96		0.107142857143
2	9	Si4b1	B4b1	313	313	1	16	250	95	96		0.142857142857
3	9	Do5	C5	318	318	1	8	500	95	96		0.214285714286
4	9	Re5	D5	327	327	1	4	1000	95	96		0.357142857143
5	9	Mi5b4	E5b4	332	332	1	4	1000	95	96		0.5
6	9	Fa5#4	F5#4	344	344	1	8	500	95	96		0.571428571429
7	9	Sol5	G5	349	349	1	8	500	95	96		0.642857142857
8	9	La5	A5	358	358	1	8	500	95	96		0.714285714286
9	9	Sol5	G5	349	349	3	16	750	95	96		0.821428571429
10	9	Fa5#4	F5#4	344	344	1	16	250	95	96		0.857142857143
11	9	Mi5b4	E5b4	332	332	1	16	250	95	96		0.892857142857
12	9	Re5	D5	327	327	1	16	250	95	96		0.928571428571
13	9	Do5	C5	318	318	1	8	500	95	96		1.0
14	9	Re5	D5	327	327	1	8	500	95	96		1.07142857143
15	9	Mi5b4	E5b4	332	332	1	8	500	95	96		1.14285714286
16	9	Fa5#4	F5#4	344	344	1	8	500	95	96		1.21428571429
17	9	Re5	D5	327	327	3	8	1500	95	96		1.42857142857
18	9	Do5	C5	318	318	1	8	500	95	96		1.5
19	9	Fa5	F5	340	340	1	16	250	95	96		1.53571428571
20	9	Mi5b4	E5b4	332	332	1	16	250	95	96		1.57142857143
21	9	Re5	D5	327	327	1	8	500	95	96		1.64285714286
22	9	Do5	C5	318	318	1	16	250	95	96		1.67857142857
23	9	Si4b1	B4b1	313	313	1	16	250	95	96		1.71428571429
24	9	Mi5b4	E5b4	332	332	1	16	250	95	96		1.75
25	9	Re5	D5	327	327	1	16	250	95	96		1.78571428571
26	9	Do5	C5	318	318	1	16	250	95	96		1.82142857143
27	9	Si4b1	B4b1	313	313	1	16	250	95	96		1.85714285714
28	9	La4	A4	305	305	1	4	1000	95	96		2.0
29	9	Do5	C5	318	318	3	16	750	95	96		2.10714285714
30	9	Si4b1	B4b1	313	313	1	16	250	95	96		2.14285714286
31	9	Do5	C5	318	318	1	8	500	95	96		2.21428571429
32	9	Re5	D5	327	327	1	4	1000	95	96		2.35714285714
33	9	Mi5b4	E5b4	332	332	1	4	1000	95	96		2.5
34	9	Fa5#4	F5#4	344	344	1	8	500	95	96		2.57142857143
35	9	Sol5	G5	349	349	1	8	500	95	96		2.64285714286
36	9	La5	A5	358	358	1	8	500	95	96		2.71428571429
37	9	Sol5	G5	349	349	3	16	750	95	96		2.82142857143
38	9	Fa5#4	F5#4	344	344	1	16	250	95	96		2.85714285714
39	9	Mi5b4	E5b4	332	332	1	16	250	95	96		2.89285714286
40	9	Re5	D5	327	327	1	16	250	95	96		2.92857142857
41	9	Do5	C5	318	318	1	8	500	95	96		3.0
42	9	Re5	D5	327	327	1	8	500	95	96		3.07142857143
43	9	Mi5b4	E5b4	332	332	1	8	500	95	96		3.14285714286
44	9	Fa5#4	F5#4	344	344	1	8	500	95	96		3.21428571429
45	9	Re5	D5	327	327	3	8	1500	95	96		3.42857142857
46	9	Do5	C5	318	318	1	8	500	95	96		3.5
47	9	Fa5	F5	340	340	1	16	250	95	96		3.53571428571
48	9	Mi5b4	E5b4	332	332	1	16	250	95	96		3.57142857143
49	9	Re5	D5	327	327	1	8	500	95	96		3.64285714286
50	9	Do5	C5	318	318	1	16	250	95	96		3.67857142857
51	9	Si4b1	B4b1	313	313	1	16	250	95	96		3.71428571429
52	9	Mi5b4	E5b4	332	332	1	16	250	95	96		3.75
53	9	Re5	D5	327	327	1	16	250	95	96		3.78571428571
54	9	Do5	C5	318	318	1	16	250	95	96		3.82142857143
55	9	Si4b1	B4b1	313	313	1	16	250	95	96		3.85714285714
56	9	La4	A4	305	305	1	4	1000	95	96		4.0
57	9	Fa5	F5	340	340	1	4	1000	95	96		4.14285714286
58	9	Mi5	E5	336	336	1	8	500	95	96		4.21428571429
59	9	Fa5	F5	340	340	3	16	750	95	96		4.32142857143
60	9	Mi5	E5	336	336	1	16	250	95	96		4.35714285714
61	9	La5	A5	358	358	1	16	250	95	96		4.39285714286
62	9	Sol5	G5	349	349	1	16	250	95	96		4.42857142857
63	9	Fa5	F5	340	340	1	16	250	95	96		4.46428571429
64	9	Mi5	E5	336	336	1	16	250	95	96		4.5
65	9	Re5	D5	327	327	1	4	1000	95	96		4.64285714286
66	9	Do5	C5	318	318	1	8	500	95	96		4.71428571429
67	9	Si4b1	B4b1	313	313	1	8	500	95	96		4.78571428571
68	9	Do5	C5	318	318	1	8	500	95	96		4.85714285714
69	9	La4	A4	305	305	1	8	500	95	96		4.92857142857
70	9	Sol4	G4	296	296	1	8	500	95	96		5.0
71	9	Si4b1	B4b1	313	313	1	16	250	95	96		5.03571428571
72	9	Do5	C5	318	318	1	16	250	95	96		5.07142857143
73	9	Re5	D5	327	327	1	8	500	95	96		5.14285714286
74	9	Mi5b4	E5b4	332	332	1	8	500	95	96		5.21428571429
75	9	Sol5	G5	349	349	1	16	250	95	96		5.25
76	9	Fa5#4	F5#4	344	344	1	16	250	95	96		5.28571428571
77	9	Mi5b4	E5b4	332	332	1	16	250	95	96		5.32142857143
78	9	Re5	D5	327	327	1	16	250	95	96		5.35714285714
79	9	Do5	C5	318	318	1	4	1000	95	96		5.5
80	9	Re5	D5	327	327	1	8	500	95	96		5.57142857143
81	9	Mi5b4	E5b4	332	332	1	8	500	95	96		5.64285714286
82	9	Fa5#4	F5#4	344	344	1	8	500	95	96		5.71428571429
83	9	Re5	D5	327	327	3	8	1500	95	96		5.92857142857
84	9	Es	Es	-1	-1	1	8	500	100	0		6.0
85	9	Fa5	F5	340	340	1	4	1000	95	96		6.14285714286
86	9	Mi5	E5	336	336	1	8	500	95	96		6.21428571429
87	9	Fa5	F5	340	340	3	16	750	95	96		6.32142857143
88	9	Mi5	E5	336	336	1	16	250	95	96		6.35714285714
89	9	La5	A5	358	358	1	16	250	95	96		6.39285714286
90	9	Sol5	G5	349	349	1	16	250	95	96		6.42857142857
91	9	Fa5	F5	340	340	1	16	250	95	96		6.46428571429
92	9	Mi5	E5	336	336	1	16	250	95	96		6.5
93	9	Re5	D5	327	327	1	4	1000	95	96		6.64285714286
94	9	Do5	C5	318	318	1	8	500	95	96		6.71428571429
95	9	Si4b1	B4b1	313	313	3	16	750	95	96		6.82142857143
96	9	Do5	C5	318	318	1	16	250	95	96		6.85714285714
97	9	La4	A4	305	305	1	8	500	95	96		6.92857142857
98	9	Sol4	G4	296	296	1	8	500	95	96		7.0
99	9	Si4b1	B4b1	313	313	1	16	250	95	96		7.03571428571
100	9	Do5	C5	318	318	1	16	250	95	96		7.07142857143
101	9	Re5	D5	327	327	1	8	500	95	96		7.14285714286
102	9	Mi5b4	E5b4	332	332	1	8	500	95	96		7.21428571429
103	9	Sol5	G5	349	349	1	16	250	95	96		7.25
104	9	Fa5#4	F5#4	344	344	1	16	250	95	96		7.28571428571
105	9	Mi5b4	E5b4	332	332	1	16	250	95	96		7.32142857143
106	9	Re5	D5	327	327	1	16	250	95	96		7.35714285714
107	9	Do5	C5	318	318	1	4	1000	95	96		7.5
108	9	Fa5#4	F5#4	344	344	1	16	250	95	96		7.53571428571
109	9	Mi5b4	E5b4	332	332	1	16	250	95	96		7.57142857143
110	9	Re5	D5	327	327	1	8	500	95	96		7.64285714286
111	9	Do5	C5	318	318	1	16	250	95	96		7.67857142857
112	9	Si4b1	B4b1	313	313	1	16	250	95	96		7.71428571429
113	9	La4	A4	305	305	3	8	1500	95	96		7.92857142857
114	9	Es	Es	-1	-1	1	8	500	100	0		8.0
115	9	Do5	C5	318	318	3	16	750	95	96		8.10714285714
116	9	Si4b1	B4b1	313	313	1	16	250	95	96		8.14285714286
117	9	Do5	C5	318	318	1	8	500	95	96		8.21428571429
118	9	Re5	D5	327	327	1	4	1000	95	96		8.35714285714
119	9	Mi5b4	E5b4	332	332	1	8	500	95	96		8.42857142857
120	9	Fa5#4	F5#4	344	344	1	8	500	95	96		8.5
121	9	Sol5	G5	349	349	1	4	1000	95	96		8.64285714286
122	9	La5	A5	358	358	1	8	500	95	96		8.71428571429
123	9	Fa5#4	F5#4	344	344	1	8	500	95	96		8.78571428571
124	9	Mi5b4	E5b4	332	332	1	8	500	95	96		8.85714285714
125	9	Re5	D5	327	327	1	4	1000	95	96		9.0
126	9	Mi5b4	E5b4	332	332	3	16	750	95	96		9.10714285714
127	9	Re5	D5	327	327	1	16	250	95	96		9.14285714286
128	9	Do5	C5	318	318	1	8	500	95	96		9.21428571429
129	9	Si4b1	B4b1	313	313	1	8	500	95	96		9.28571428571
130	9	Do5	C5	318	318	1	8	500	95	96		9.35714285714
131	9	Re5	D5	327	327	1	8	500	95	96		9.42857142857
132	9	Si4b1	B4b1	313	313	1	8	500	95	96		9.5
133	9	Do5	C5	318	318	1	4	1000	95	96		9.64285714286
134	9	Sol4	G4	296	296	1	8	500	95	96		9.71428571429
135	9	La4	A4	305	305	1	8	500	95	96		9.78571428571
136	9	Si4b1	B4b1	313	313	1	8	500	95	96		9.85714285714
137	9	Do5	C5	318	318	1	4	1000	95	96		10.0
138	9	Sol5	G5	349	349	3	16	750	95	96		10.1071428571
139	9	Fa5#4	F5#4	344	344	1	16	250	95	96		10.1428571429
140	9	Sol5	G5	349	349	1	8	500	95	96		10.2142857143
141	9	La5	A5	358	358	1	4	1000	95	96		10.3571428571
142	9	Sol5	G5	349	349	1	8	500	95	96		10.4285714286
143	9	Fa5#4	F5#4	344	344	1	8	500	95	96		10.5
144	9	Mi5b4	E5b4	332	332	1	4	1000	95	96		10.6428571429
145	9	Re5	D5	327	327	1	8	500	95	96		10.7142857143
146	9	Mi5b5	E5b5	331	331	1	16	250	95	96		10.75
147	9	Re5	D5	327	327	1	16	250	95	96		10.7857142857
148	9	Do5	C5	318	318	1	16	250	95	96		10.8214285714
149	9	Si4b1	B4b1	313	313	1	16	250	95	96		10.8571428571
150	9	Do5	C5	318	318	1	4	1000	95	96		11.0
151	9	Re5	D5	327	327	1	4	1000	95	96		11.1428571429
152	9	Si4b1	B4b1	313	313	1	8	500	95	96		11.2142857143
153	9	Do5	C5	318	318	1	8	500	95	96		11.2857142857
154	9	La4	A4	305	305	1	8	500	95	96		11.3571428571
155	9	Si4b1	B4b1	313	313	1	8	500	95	96		11.4285714286
156	9	Sol4	G4	296	296	1	8	500	95	96		11.5
157	9	La4	A4	305	305	1	4	1000	95	96		11.6428571429
158	9	La4	A4	305	305	1	8	500	95	96		11.7142857143
159	9	Si4b1	B4b1	313	313	1	8	500	95	96		11.7857142857
160	9	Do5	C5	318	318	1	8	500	95	96		11.8571428571
161	9	La4	A4	305	305	1	4	1000	95	96		12.0
162	9	Do5	C5	318	318	3	16	750	95	96		12.1071428571
163	9	Si4b1	B4b1	313	313	1	16	250	95	96		12.1428571429
164	9	Do5	C5	318	318	1	8	500	95	96		12.2142857143
165	9	Re5	D5	327	327	1	4	1000	95	96		12.3571428571
166	9	Mi5b4	E5b4	332	332	1	8	500	95	96		12.4285714286
167	9	Fa5#4	F5#4	344	344	1	8	500	95	96		12.5
168	9	Sol5	G5	349	349	1	4	1000	95	96		12.6428571429
169	9	La5	A5	358	358	1	8	500	95	96		12.7142857143
170	9	Fa5#4	F5#4	344	344	1	8	500	95	96		12.7857142857
171	9	Mi5b4	E5b4	332	332	1	8	500	95	96		12.8571428571
172	9	Re5	D5	327	327	1	4	1000	95	96		13.0
173	9	Mi5b4	E5b4	332	332	3	16	750	95	96		13.1071428571
174	9	Re5	D5	327	327	1	16	250	95	96		13.1428571429
175	9	Do5	C5	318	318	1	8	500	95	96		13.2142857143
176	9	Si4b1	B4b1	313	313	1	8	500	95	96		13.2857142857
177	9	Do5	C5	318	318	1	8	500	95	96		13.3571428571
178	9	Re5	D5	327	327	1	8	500	95	96		13.4285714286
179	9	Si4b1	B4b1	313	313	1	8	500	95	96		13.5
180	9	Do5	C5	318	318	1	4	1000	95	96		13.6428571429
181	9	Sol4	G4	296	296	1	8	500	95	96		13.7142857143
182	9	La4	A4	305	305	1	8	500	95	96		13.7857142857
183	9	Si4b1	B4b1	313	313	1	8	500	95	96		13.8571428571
184	9	Do5	C5	318	318	1	4	1000	95	96		14.0
185	9	Sol5	G5	349	349	3	16	750	95	96		14.1071428571
186	9	Fa5#4	F5#4	344	344	1	16	250	95	96		14.1428571429
187	9	Sol5	G5	349	349	1	8	500	95	96		14.2142857143
188	9	La5	A5	358	358	1	4	1000	95	96		14.3571428571
189	9	Sol5	G5	349	349	1	8	500	95	96		14.4285714286
190	9	Fa5#4	F5#4	344	344	1	8	500	95	96		14.5
191	9	Mi5b4	E5b4	332	332	1	4	1000	95	96		14.6428571429
192	9	Re5	D5	327	327	1	8	500	95	96		14.7142857143
193	9	Mi5b5	E5b5	331	331	1	16	250	95	96		14.75
194	9	Re5	D5	327	327	1	16	250	95	96		14.7857142857
195	9	Do5	C5	318	318	1	16	250	95	96		14.8214285714
196	9	Si4b1	B4b1	313	313	1	16	250	95	96		14.8571428571
197	9	Do5	C5	318	318	1	4	1000	95	96		15.0
198	9	Re5	D5	327	327	1	4	1000	95	96		15.1428571429
199	9	Si4b1	B4b1	313	313	1	8	500	95	96		15.2142857143
200	9	Do5	C5	318	318	1	8	500	95	96		15.2857142857
201	9	La4	A4	305	305	1	8	500	95	96		15.3571428571
202	9	Si4b1	B4b1	313	313	1	8	500	95	96		15.4285714286
203	9	Sol4	G4	296	296	1	8	500	95	96		15.5
204	9	La4	A4	305	305	1	4	1000	95	96		15.6428571429
205	9	La4	A4	305	305	1	8	500	95	96		15.7142857143
206	9	Si4b1	B4b1	313	313	1	8	500	95	96		15.7857142857
207	9	Do5	C5	318	318	1	8	500	95	96		15.8571428571
208	9	La4	A4	305	305	1	4	1000	95	96		16.0
