Sira	Kod	Nota53	NotaAE	Koma53	KomaAE	Pay	Payda	Ms	LNS	Bas	Soz1	Offset
1	9	La4	A4	305	305	3	16	750	95	96	1. HANE	0.15
2	9	Do5	C5	318	318	1	16	250	95	96		0.2
3	9	Si4b2	B4b1	312	313	1	16	250	95	96		0.25
4	9	Do5	C5	318	318	1	16	250	95	96		0.3
5	9	Re5	D5	327	327	1	4	1000	95	96		0.5
6	9	Fa5#3	F5#4	343	344	3	32	375	95	96		0.575
7	9	Mi5b3	E5b4	333	332	1	32	125	95	96		0.6
8	9	Re5	D5	327	327	1	16	250	95	96		0.65
9	9	Do5	C5	318	318	1	16	250	95	96		0.7
10	9	Re5	D5	327	327	3	32	375	95	96		0.775
11	9	Do5	C5	318	318	1	32	125	95	96		0.8
12	9	Si4b2	B4b1	312	313	1	16	250	95	96		0.85
13	9	Do5	C5	318	318	1	16	250	95	96		0.9
14	9	La4	A4	305	305	1	8	500	95	84		1.0
15	9	La4	A4	305	305	3	16	750	95	96		1.15
16	9	Sol4	G4	296	296	1	16	250	95	96		1.2
17	9	Re5	D5	327	327	1	16	250	95	96		1.25
18	9	Do5	C5	318	318	1	16	250	95	96		1.3
19	9	Si4b2	B4b1	312	313	1	16	250	95	96		1.35
20	9	Do5	C5	318	318	1	16	250	95	96		1.4
21	9	Re5	D5	327	327	1	8	500	95	96		1.5
22	9	Mi5b3	E5b4	333	332	3	16	750	95	96		1.65
23	9	Re5	D5	327	327	1	16	250	95	96		1.7
24	9	Mi5b3	E5b4	333	332	1	16	250	95	96		1.75
25	9	Re5	D5	327	327	1	16	250	95	96		1.8
26	9	Do5	C5	318	318	1	16	250	95	96		1.85
27	9	Si4b2	B4b1	312	313	1	16	250	95	96		1.9
28	9	Do5	C5	318	318	1	8	500	95	84		2.0
29	9	Sol5	G5	349	349	1	4	1000	95	96		2.2
30	9	Sol5	G5	349	349	1	16	250	95	96		2.25
31	9	Fa5#4	F5#4	344	344	1	16	250	95	96		2.3
32	9	Sol5	G5	349	349	3	16	750	95	96		2.45
33	9	La5	A5	358	358	1	16	250	95	96		2.5
34	9	Si5b5	B5b5	362	362	1	32	125	95	96		2.525
35	9	La5	A5	358	358	1	32	125	95	96		2.55
36	9	Si5b5	B5b5	362	362	1	32	125	95	96		2.575
37	9	Do6	C6	371	371	1	32	125	95	96		2.6
38	9	Si5b5	B5b5	362	362	1	16	250	95	96		2.65
39	9	La5	A5	358	358	1	16	250	95	96		2.7
40	9	La5	A5	358	358	3	32	375	95	96		2.775
41	9	Sol5	G5	349	349	1	32	125	95	96		2.8
42	9	Fa5#4	F5#4	344	344	1	16	250	95	96		2.85
43	9	Mi5b3	E5b4	333	332	1	16	250	95	96		2.9
44	9	Re5	D5	327	327	1	8	500	95	96		3.0
45	9	Re5	D5	327	327	1	16	250	95	96		3.05
46	9	Mi5b3	E5b4	333	332	1	8	500	95	96		3.15
47	9	Re5	D5	327	327	1	16	250	95	96		3.2
48	9	Fa5#3	F5#4	343	344	1	16	250	95	84		3.25
49	9	La5	A5	358	358	1	16	250	95	84		3.3
50	9	Sol5	G5	349	349	1	16	250	95	96		3.35
51	9	La5	A5	358	358	1	16	250	95	96		3.4
52	9	Sol5	G5	349	349	1	16	250	95	96		3.45
53	9	Fa5#3	F5#4	343	344	1	16	250	95	96		3.5
54	9	Fa5#3	F5#4	343	344	1	16	250	95	96		3.55
55	9	Mi5b3	E5b4	333	332	1	16	250	95	96		3.6
56	9	Mi5b3	E5b4	333	332	1	16	250	95	96		3.65
57	9	Re5	D5	327	327	1	16	250	95	96		3.7
58	9	Re5	D5	327	327	1	16	250	95	96		3.75
59	9	Do5	C5	318	318	1	16	250	95	96		3.8
60	9	Si4b2	B4b1	312	313	1	16	250	95	96		3.85
61	9	La4	A4	305	305	1	16	250	95	96		3.9
62	9	La4	A4	305	305	1	8	500	95	84		4.0
63	9	La4	A4	305	305	3	16	750	95	96	1. HANE	4.15
64	9	Do5	C5	318	318	1	16	250	95	96		4.2
65	9	Si4b2	B4b1	312	313	1	16	250	95	96		4.25
66	9	Do5	C5	318	318	1	16	250	95	96		4.3
67	9	Re5	D5	327	327	1	4	1000	95	96		4.5
68	9	Fa5#3	F5#4	343	344	3	32	375	95	96		4.575
69	9	Mi5b3	E5b4	333	332	1	32	125	95	96		4.6
70	9	Re5	D5	327	327	1	16	250	95	96		4.65
71	9	Do5	C5	318	318	1	16	250	95	96		4.7
72	9	Re5	D5	327	327	3	32	375	95	96		4.775
73	9	Do5	C5	318	318	1	32	125	95	96		4.8
74	9	Si4b2	B4b1	312	313	1	16	250	95	96		4.85
75	9	Do5	C5	318	318	1	16	250	95	96		4.9
76	9	La4	A4	305	305	1	8	500	95	84		5.0
77	9	La4	A4	305	305	3	16	750	95	96		5.15
78	9	Sol4	G4	296	296	1	16	250	95	96		5.2
79	9	Re5	D5	327	327	1	16	250	95	96		5.25
80	9	Do5	C5	318	318	1	16	250	95	96		5.3
81	9	Si4b2	B4b1	312	313	1	16	250	95	96		5.35
82	9	Do5	C5	318	318	1	16	250	95	96		5.4
83	9	Re5	D5	327	327	1	8	500	95	96		5.5
84	9	Mi5b3	E5b4	333	332	3	16	750	95	96		5.65
85	9	Re5	D5	327	327	1	16	250	95	96		5.7
86	9	Mi5b3	E5b4	333	332	1	16	250	95	96		5.75
87	9	Re5	D5	327	327	1	16	250	95	96		5.8
88	9	Do5	C5	318	318	1	16	250	95	96		5.85
89	9	Si4b2	B4b1	312	313	1	16	250	95	96		5.9
90	9	Do5	C5	318	318	1	8	500	95	84		6.0
91	9	Sol5	G5	349	349	1	4	1000	95	96		6.2
92	9	Sol5	G5	349	349	1	16	250	95	96		6.25
93	9	Fa5#4	F5#4	344	344	1	16	250	95	96		6.3
94	9	Sol5	G5	349	349	3	16	750	95	96		6.45
95	9	La5	A5	358	358	1	16	250	95	96		6.5
96	9	Si5b5	B5b5	362	362	1	32	125	95	96		6.525
97	9	La5	A5	358	358	1	32	125	95	96		6.55
98	9	Si5b5	B5b5	362	362	1	32	125	95	96		6.575
99	9	Do6	C6	371	371	1	32	125	95	96		6.6
100	9	Si5b5	B5b5	362	362	1	16	250	95	96		6.65
101	9	La5	A5	358	358	1	16	250	95	96		6.7
102	9	La5	A5	358	358	3	32	375	95	96		6.775
103	9	Sol5	G5	349	349	1	32	125	95	96		6.8
104	9	Fa5#4	F5#4	344	344	1	16	250	95	96		6.85
105	9	Mi5b3	E5b4	333	332	1	16	250	95	96		6.9
106	9	Re5	D5	327	327	1	8	500	95	96		7.0
107	9	Re5	D5	327	327	1	16	250	95	96		7.05
108	9	Mi5b3	E5b4	333	332	1	8	500	95	96		7.15
109	9	Re5	D5	327	327	1	16	250	95	96		7.2
110	9	Fa5#3	F5#4	343	344	1	16	250	95	84		7.25
111	9	La5	A5	358	358	1	16	250	95	84		7.3
112	9	Sol5	G5	349	349	1	16	250	95	96		7.35
113	9	La5	A5	358	358	1	16	250	95	96		7.4
114	9	Sol5	G5	349	349	1	16	250	95	96		7.45
115	9	Fa5#3	F5#4	343	344	1	16	250	95	96		7.5
116	9	Fa5#3	F5#4	343	344	1	16	250	95	96		7.55
117	9	Mi5b3	E5b4	333	332	1	16	250	95	96		7.6
118	9	Mi5b3	E5b4	333	332	1	16	250	95	96		7.65
119	9	Re5	D5	327	327	1	16	250	95	96		7.7
120	9	Re5	D5	327	327	1	16	250	95	96		7.75
121	9	Mi5b3	E5b4	333	332	1	16	250	95	96		7.8
122	9	Fa5#3	F5#4	343	344	1	16	250	95	96		7.85
123	9	Sol5	G5	349	349	1	16	250	95	96		7.9
124	9	La5	A5	358	358	1	8	500	95	96		8.0
125	9	Sol5	G5	349	349	1	8	500	95	66	TESLİM	8.1
126	9	La5	A5	358	358	1	8	500	95	86		8.2
127	9	La5	A5	358	358	1	8	500	95	106		8.3
128	9	Si5b5	B5b5	362	362	3	32	375	95	126		8.375
129	9	La5	A5	358	358	1	32	125	95	66		8.4
130	9	Sol5	G5	349	349	1	16	250	95	84		8.45
131	9	La5	A5	358	358	1	16	250	95	102		8.5
132	9	Sol5	G5	349	349	3	32	375	95	120		8.575
133	9	Fa5#4	F5#4	344	344	1	32	125	95	96		8.6
134	9	Mi5b3	E5b4	333	332	1	16	250	95	96		8.65
135	9	Fa5#4	F5#4	344	344	1	16	250	95	96		8.7
136	9	Re5	D5	327	327	1	4	1000	95	96		8.9
137	9	Es	Es	-1	-1	1	8	500	100	0		9.0
138	9	Mi5b3	E5b4	333	332	1	16	250	95	96		9.05
139	9	Re5	D5	327	327	1	16	250	95	96		9.1
140	9	Do5	C5	318	318	1	16	250	95	96		9.15
141	9	Si4b2	B4b1	312	313	1	16	250	95	96		9.2
142	9	Do5	C5	318	318	1	16	250	95	96		9.25
143	9	Re5	D5	327	327	1	16	250	95	96		9.3
144	9	Mi5b3	E5b4	333	332	1	16	250	95	96		9.35
145	9	Fa5#3	F5#4	343	344	1	16	250	95	96		9.4
146	9	Sol5	G5	349	349	1	8	500	95	96		9.5
147	9	Re5	D5	327	327	1	4	1000	95	84		9.7
148	9	Mi5b3	E5b4	333	332	3	32	375	95	96		9.775
149	9	Re5	D5	327	327	1	32	125	95	96		9.8
150	9	Do5	C5	318	318	1	16	250	95	96		9.85
151	9	Si4b2	B4b1	312	313	1	16	250	95	96		9.9
152	9	Do5	C5	318	318	1	8	500	95	96		10.0
153	9	Sol4	G4	296	296	3	16	750	95	96		10.15
154	9	Do5	C5	318	318	1	16	250	95	96		10.2
155	9	Si4b1	B4b1	313	313	1	16	250	95	96		10.25
156	9	Do5	C5	318	318	1	16	250	95	96		10.3
157	9	Re5	D5	327	327	1	4	1000	95	96		10.5
158	9	Mi5b3	E5b4	333	332	3	32	375	95	96		10.575
159	9	Re5	D5	327	327	1	32	125	95	96		10.6
160	9	Mi5b3	E5b4	333	332	1	16	250	95	96		10.65
161	9	Do5	C5	318	318	1	16	250	95	96		10.7
162	9	Re5	D5	327	327	1	16	250	95	96		10.75
163	9	Mi5b3	E5b4	333	332	1	16	250	95	96		10.8
164	9	Fa5#3	F5#4	343	344	1	16	250	95	96		10.85
165	9	Sol5	G5	349	349	1	16	250	95	96		10.9
166	9	Si5b5	B5b5	362	362	3	32	375	95	96		10.975
167	9	La5	A5	358	358	1	32	125	95	96		11.0
168	9	Sol5	G5	349	349	1	16	250	95	96		11.05
169	9	Fa5#3	F5#4	343	344	1	16	250	95	96		11.1
170	9	Mi5b3	E5b4	333	332	1	16	250	95	96		11.15
171	9	Re5	D5	327	327	1	16	250	95	96		11.2
172	9	Do5	C5	318	318	1	16	250	95	96		11.25
173	9	Si4b2	B4b1	312	313	1	16	250	95	96		11.3
174	9	Do5	C5	318	318	3	16	750	95	96		11.45
175	9	Si4b2	B4b1	312	313	1	16	250	95	96		11.5
176	9	Si4b2	B4b1	312	313	1	32	125	95	96		11.525
177	9	La4	A4	305	305	1	32	125	95	96		11.55
178	9	Si4b2	B4b1	312	313	1	32	125	95	96		11.575
179	9	Do5	C5	318	318	1	32	125	95	96		11.6
180	9	Si4b2	B4b1	312	313	1	16	250	95	96		11.65
181	9	La4	A4	305	305	1	16	250	95	96		11.7
182	9	La4	A4	305	305	1	16	250	95	96		11.75
183	9	Si4b2	B4b1	312	313	1	16	250	95	96		11.8
184	9	Do5	C5	318	318	1	16	250	95	96		11.85
185	9	Re5	D5	327	327	1	16	250	95	96		11.9
186	9	Mi5b3	E5b4	333	332	1	16	250	95	96		11.95
187	9	Fa5#3	F5#4	343	344	1	16	250	95	96		12.0
188	9	Sol5	G5	349	349	1	8	500	95	66	TESLİM	12.1
189	9	La5	A5	358	358	1	8	500	95	86		12.2
190	9	La5	A5	358	358	1	8	500	95	106		12.3
191	9	Si5b5	B5b5	362	362	3	32	375	95	126		12.375
192	9	La5	A5	358	358	1	32	125	95	66		12.4
193	9	Sol5	G5	349	349	1	16	250	95	84		12.45
194	9	La5	A5	358	358	1	16	250	95	102		12.5
195	9	Sol5	G5	349	349	3	32	375	95	120		12.575
196	9	Fa5#4	F5#4	344	344	1	32	125	95	96		12.6
197	9	Mi5b3	E5b4	333	332	1	16	250	95	96		12.65
198	9	Fa5#4	F5#4	344	344	1	16	250	95	96		12.7
199	9	Re5	D5	327	327	1	4	1000	95	96		12.9
200	9	Es	Es	-1	-1	1	8	500	100	0		13.0
201	9	Mi5b3	E5b4	333	332	1	16	250	95	96		13.05
202	9	Re5	D5	327	327	1	16	250	95	96		13.1
203	9	Do5	C5	318	318	1	16	250	95	96		13.15
204	9	Si4b2	B4b1	312	313	1	16	250	95	96		13.2
205	9	Do5	C5	318	318	1	16	250	95	96		13.25
206	9	Re5	D5	327	327	1	16	250	95	96		13.3
207	9	Mi5b3	E5b4	333	332	1	16	250	95	96		13.35
208	9	Fa5#3	F5#4	343	344	1	16	250	95	96		13.4
209	9	Sol5	G5	349	349	1	8	500	95	96		13.5
210	9	Re5	D5	327	327	1	4	1000	95	84		13.7
211	9	Mi5b3	E5b4	333	332	3	32	375	95	96		13.775
212	9	Re5	D5	327	327	1	32	125	95	96		13.8
213	9	Do5	C5	318	318	1	16	250	95	96		13.85
214	9	Si4b2	B4b1	312	313	1	16	250	95	96		13.9
215	9	Do5	C5	318	318	1	8	500	95	96		14.0
216	9	Sol4	G4	296	296	3	16	750	95	96		14.15
217	9	Do5	C5	318	318	1	16	250	95	96		14.2
218	9	Si4b1	B4b1	313	313	1	16	250	95	96		14.25
219	9	Do5	C5	318	318	1	16	250	95	96		14.3
220	9	Re5	D5	327	327	1	4	1000	95	96		14.5
221	9	Mi5b3	E5b4	333	332	3	32	375	95	96		14.575
222	9	Re5	D5	327	327	1	32	125	95	96		14.6
223	9	Mi5b3	E5b4	333	332	1	16	250	95	96		14.65
224	9	Do5	C5	318	318	1	16	250	95	96		14.7
225	9	Re5	D5	327	327	1	16	250	95	96		14.75
226	9	Mi5b3	E5b4	333	332	1	16	250	95	96		14.8
227	9	Fa5#3	F5#4	343	344	1	16	250	95	96		14.85
228	9	Sol5	G5	349	349	1	16	250	95	96		14.9
229	9	Si5b5	B5b5	362	362	3	32	375	95	96		14.975
230	9	La5	A5	358	358	1	32	125	95	96		15.0
231	9	Sol5	G5	349	349	1	16	250	95	96		15.05
232	9	Fa5#3	F5#4	343	344	1	16	250	95	96		15.1
233	9	Mi5b3	E5b4	333	332	1	16	250	95	96		15.15
234	9	Re5	D5	327	327	1	16	250	95	96		15.2
235	9	Do5	C5	318	318	1	16	250	95	96		15.25
236	9	Si4b2	B4b1	312	313	1	16	250	95	96		15.3
237	9	Do5	C5	318	318	3	16	750	95	96		15.45
238	9	Si4b2	B4b1	312	313	1	16	250	95	96		15.5
239	9	Si4b2	B4b1	312	313	1	32	125	95	96		15.525
240	9	La4	A4	305	305	1	32	125	95	96		15.55
241	9	Si4b2	B4b1	312	313	1	32	125	95	96		15.575
242	9	Do5	C5	318	318	1	32	125	95	96		15.6
243	9	Si4b2	B4b1	312	313	1	16	250	95	96		15.65
244	9	La4	A4	305	305	1	16	250	95	96		15.7
245	9	La4	A4	305	305	1	4	1000	95	96		15.9
246	9	Es	Es	-1	-1	1	8	500	100	0		16.0
247	9	La4	A4	305	305	1	4	1000	95	96	2. HANE	16.2
248	9	Re5	D5	327	327	1	8	500	95	96		16.3
249	9	Mi5	E5	336	336	1	4	1000	95	96		16.5
250	9	Mi5	E5	336	336	1	16	250	95	84		16.55
251	9	Sol5	G5	349	349	1	16	250	95	84		16.6
252	9	Fa5#4	F5#4	344	344	1	16	250	95	84		16.65
253	9	Sol5	G5	349	349	1	16	250	95	66		16.7
254	9	Mi5	E5	336	336	1	4	1000	95	120		16.9
255	9	Do5	C5	318	318	1	8	500	95	96		17.0
256	9	Re5	D5	327	327	1	16	250	95	96		17.05
257	9	Mi5b3	E5b4	333	332	1	16	250	95	96		17.1
258	9	Re5	D5	327	327	1	16	250	95	96		17.15
259	9	Mi5b3	E5b4	333	332	1	16	250	95	96		17.2
260	9	Do5	C5	318	318	1	8	500	95	96		17.3
261	9	Re5	D5	327	327	3	16	750	95	96		17.45
262	9	Do5	C5	318	318	1	16	250	95	96		17.5
263	9	Sol5	G5	349	349	3	32	375	95	96		17.575
264	9	Fa5	F5	340	340	1	32	125	95	96		17.6
265	9	Mi5	E5	336	336	1	16	250	95	96		17.65
266	9	Re5	D5	327	327	1	16	250	95	96		17.7
267	9	Mi5	E5	336	336	3	32	375	95	96		17.775
268	9	Re5	D5	327	327	1	32	125	95	96		17.8
269	9	Do5	C5	318	318	1	16	250	95	96		17.85
270	9	Si4b1	B4b1	313	313	1	16	250	95	96		17.9
271	9	Do5	C5	318	318	1	8	500	95	84		18.0
272	9	Sol5	G5	349	349	1	4	1000	95	96		18.2
273	9	Sol5	G5	349	349	1	8	500	95	96		18.3
274	9	Sol5	G5	349	349	3	32	375	95	96		18.375
275	9	Fa5#4	F5#4	344	344	1	32	125	95	96		18.4
276	9	Sol5	G5	349	349	1	16	250	95	96		18.45
277	9	La5	A5	358	358	1	16	250	95	96		18.5
278	9	Si5b5	B5b5	362	362	3	32	375	95	96		18.575
279	9	La5	A5	358	358	1	32	125	95	96		18.6
280	9	Sol5	G5	349	349	1	16	250	95	96		18.65
281	9	Fa5#4	F5#4	344	344	1	16	250	95	96		18.7
282	9	Sol5	G5	349	349	3	32	375	95	96		18.775
283	9	Fa5#4	F5#4	344	344	1	32	125	95	96		18.8
284	9	Mi5b4	E5b4	332	332	1	16	250	95	96		18.85
285	9	Re5	D5	327	327	1	16	250	95	96		18.9
286	9	Do5	C5	318	318	1	8	500	95	96		19.0
287	9	Re5	D5	327	327	1	16	250	95	96		19.05
288	9	Mi5b3	E5b4	333	332	1	8	500	95	96		19.15
289	9	Re5	D5	327	327	1	16	250	95	96		19.2
290	9	Fa5#3	F5#4	343	344	1	16	250	95	84		19.25
291	9	La5	A5	358	358	1	16	250	95	84		19.3
292	9	Sol5	G5	349	349	1	16	250	95	96		19.35
293	9	La5	A5	358	358	1	16	250	95	96		19.4
294	9	Sol5	G5	349	349	1	16	250	95	96		19.45
295	9	Fa5#3	F5#4	343	344	1	16	250	95	96		19.5
296	9	Fa5#3	F5#4	343	344	1	16	250	95	66		19.55
297	9	Mi5b3	E5b4	333	332	1	16	250	95	80		19.6
298	9	Mi5b3	E5b4	333	332	1	16	250	95	93		19.65
299	9	Re5	D5	327	327	1	16	250	95	106		19.7
300	9	Mi5b3	E5b4	333	332	1	16	250	95	120		19.75
301	9	Re5	D5	327	327	1	16	250	95	96		19.8
302	9	Do5	C5	318	318	1	16	250	95	96		19.85
303	9	Si4b2	B4b1	312	313	1	16	250	95	96		19.9
304	9	La4	A4	305	305	1	8	500	95	96		20.0
305	9	La4	A4	305	305	1	4	1000	95	96	2. HANE	20.2
306	9	Re5	D5	327	327	1	8	500	95	96		20.3
307	9	Mi5	E5	336	336	1	4	1000	95	96		20.5
308	9	Mi5	E5	336	336	1	16	250	95	84		20.55
309	9	Sol5	G5	349	349	1	16	250	95	84		20.6
310	9	Fa5#4	F5#4	344	344	1	16	250	95	84		20.65
311	9	Sol5	G5	349	349	1	16	250	95	66		20.7
312	9	Mi5	E5	336	336	1	4	1000	95	120		20.9
313	9	Do5	C5	318	318	1	8	500	95	96		21.0
314	9	Re5	D5	327	327	1	16	250	95	96		21.05
315	9	Mi5b3	E5b4	333	332	1	16	250	95	96		21.1
316	9	Re5	D5	327	327	1	16	250	95	96		21.15
317	9	Mi5b3	E5b4	333	332	1	16	250	95	96		21.2
318	9	Do5	C5	318	318	1	8	500	95	96		21.3
319	9	Re5	D5	327	327	3	16	750	95	96		21.45
320	9	Do5	C5	318	318	1	16	250	95	96		21.5
321	9	Sol5	G5	349	349	3	32	375	95	96		21.575
322	9	Fa5	F5	340	340	1	32	125	95	96		21.6
323	9	Mi5	E5	336	336	1	16	250	95	96		21.65
324	9	Re5	D5	327	327	1	16	250	95	96		21.7
325	9	Mi5	E5	336	336	3	32	375	95	96		21.775
326	9	Re5	D5	327	327	1	32	125	95	96		21.8
327	9	Do5	C5	318	318	1	16	250	95	96		21.85
328	9	Si4b1	B4b1	313	313	1	16	250	95	96		21.9
329	9	Do5	C5	318	318	1	8	500	95	84		22.0
330	9	Sol5	G5	349	349	1	4	1000	95	96		22.2
331	9	Sol5	G5	349	349	1	8	500	95	96		22.3
332	9	Sol5	G5	349	349	3	32	375	95	96		22.375
333	9	Fa5#4	F5#4	344	344	1	32	125	95	96		22.4
334	9	Sol5	G5	349	349	1	16	250	95	96		22.45
335	9	La5	A5	358	358	1	16	250	95	96		22.5
336	9	Si5b5	B5b5	362	362	3	32	375	95	96		22.575
337	9	La5	A5	358	358	1	32	125	95	96		22.6
338	9	Sol5	G5	349	349	1	16	250	95	96		22.65
339	9	Fa5#4	F5#4	344	344	1	16	250	95	96		22.7
340	9	Sol5	G5	349	349	3	32	375	95	96		22.775
341	9	Fa5#4	F5#4	344	344	1	32	125	95	96		22.8
342	9	Mi5b4	E5b4	332	332	1	16	250	95	96		22.85
343	9	Re5	D5	327	327	1	16	250	95	96		22.9
344	9	Do5	C5	318	318	1	8	500	95	96		23.0
345	9	Re5	D5	327	327	1	16	250	95	96		23.05
346	9	Mi5b3	E5b4	333	332	1	8	500	95	96		23.15
347	9	Re5	D5	327	327	1	16	250	95	96		23.2
348	9	Fa5#3	F5#4	343	344	1	16	250	95	84		23.25
349	9	La5	A5	358	358	1	16	250	95	84		23.3
350	9	Sol5	G5	349	349	1	16	250	95	96		23.35
351	9	La5	A5	358	358	1	16	250	95	96		23.4
352	9	Sol5	G5	349	349	1	16	250	95	96		23.45
353	9	Fa5#3	F5#4	343	344	1	16	250	95	96		23.5
354	9	Fa5#3	F5#4	343	344	1	16	250	95	66		23.55
355	9	Mi5b3	E5b4	333	332	1	16	250	95	68		23.6
356	9	Mi5b3	E5b4	333	332	1	16	250	95	69		23.65
357	9	Re5	D5	327	327	1	16	250	95	70		23.7
358	9	Re5	D5	327	327	1	16	250	95	72		23.75
359	9	Mi5b3	E5b4	333	332	1	16	250	95	96		23.8
360	9	Fa5#3	F5#4	343	344	1	16	250	95	96		23.85
361	9	Sol5	G5	349	349	1	16	250	95	96		23.9
362	9	La5	A5	358	358	1	8	500	95	96		24.0
363	9	Sol5	G5	349	349	1	8	500	95	66	TESLİM	24.1
364	9	La5	A5	358	358	1	8	500	95	86		24.2
365	9	La5	A5	358	358	1	8	500	95	106		24.3
366	9	Si5b5	B5b5	362	362	3	32	375	95	126		24.375
367	9	La5	A5	358	358	1	32	125	95	66		24.4
368	9	Sol5	G5	349	349	1	16	250	95	84		24.45
369	9	La5	A5	358	358	1	16	250	95	102		24.5
370	9	Sol5	G5	349	349	3	32	375	95	120		24.575
371	9	Fa5#4	F5#4	344	344	1	32	125	95	96		24.6
372	9	Mi5b3	E5b4	333	332	1	16	250	95	96		24.65
373	9	Fa5#4	F5#4	344	344	1	16	250	95	96		24.7
374	9	Re5	D5	327	327	1	4	1000	95	96		24.9
375	9	Es	Es	-1	-1	1	8	500	100	0		25.0
376	9	Mi5b3	E5b4	333	332	1	16	250	95	96		25.05
377	9	Re5	D5	327	327	1	16	250	95	96		25.1
378	9	Do5	C5	318	318	1	16	250	95	96		25.15
379	9	Si4b2	B4b1	312	313	1	16	250	95	96		25.2
380	9	Do5	C5	318	318	1	16	250	95	96		25.25
381	9	Re5	D5	327	327	1	16	250	95	96		25.3
382	9	Mi5b3	E5b4	333	332	1	16	250	95	96		25.35
383	9	Fa5#3	F5#4	343	344	1	16	250	95	96		25.4
384	9	Sol5	G5	349	349	1	8	500	95	96		25.5
385	9	Re5	D5	327	327	1	4	1000	95	84		25.7
386	9	Mi5b3	E5b4	333	332	3	32	375	95	96		25.775
387	9	Re5	D5	327	327	1	32	125	95	96		25.8
388	9	Do5	C5	318	318	1	16	250	95	96		25.85
389	9	Si4b2	B4b1	312	313	1	16	250	95	96		25.9
390	9	Do5	C5	318	318	1	8	500	95	96		26.0
391	9	Sol4	G4	296	296	3	16	750	95	96		26.15
392	9	Do5	C5	318	318	1	16	250	95	96		26.2
393	9	Si4b1	B4b1	313	313	1	16	250	95	96		26.25
394	9	Do5	C5	318	318	1	16	250	95	96		26.3
395	9	Re5	D5	327	327	1	4	1000	95	96		26.5
396	9	Mi5b3	E5b4	333	332	3	32	375	95	96		26.575
397	9	Re5	D5	327	327	1	32	125	95	96		26.6
398	9	Mi5b3	E5b4	333	332	1	16	250	95	96		26.65
399	9	Do5	C5	318	318	1	16	250	95	96		26.7
400	9	Re5	D5	327	327	1	16	250	95	96		26.75
401	9	Mi5b3	E5b4	333	332	1	16	250	95	96		26.8
402	9	Fa5#3	F5#4	343	344	1	16	250	95	96		26.85
403	9	Sol5	G5	349	349	1	16	250	95	96		26.9
404	9	Si5b5	B5b5	362	362	3	32	375	95	96		26.975
405	9	La5	A5	358	358	1	32	125	95	96		27.0
406	9	Sol5	G5	349	349	1	16	250	95	96		27.05
407	9	Fa5#3	F5#4	343	344	1	16	250	95	96		27.1
408	9	Mi5b3	E5b4	333	332	1	16	250	95	96		27.15
409	9	Re5	D5	327	327	1	16	250	95	96		27.2
410	9	Do5	C5	318	318	1	16	250	95	96		27.25
411	9	Si4b2	B4b1	312	313	1	16	250	95	96		27.3
412	9	Do5	C5	318	318	3	16	750	95	96		27.45
413	9	Si4b2	B4b1	312	313	1	16	250	95	96		27.5
414	9	Si4b2	B4b1	312	313	1	32	125	95	96		27.525
415	9	La4	A4	305	305	1	32	125	95	96		27.55
416	9	Si4b2	B4b1	312	313	1	32	125	95	96		27.575
417	9	Do5	C5	318	318	1	32	125	95	96		27.6
418	9	Si4b2	B4b1	312	313	1	16	250	95	96		27.65
419	9	La4	A4	305	305	1	16	250	95	96		27.7
420	9	La4	A4	305	305	1	16	250	95	96		27.75
421	9	Si4b2	B4b1	312	313	1	16	250	95	96		27.8
422	9	Do5	C5	318	318	1	16	250	95	96		27.85
423	9	Re5	D5	327	327	1	16	250	95	96		27.9
424	9	Mi5b3	E5b4	333	332	1	16	250	95	96		27.95
425	9	Fa5#3	F5#4	343	344	1	16	250	95	96		28.0
426	9	Sol5	G5	349	349	1	8	500	95	66	TESLİM	28.1
427	9	La5	A5	358	358	1	8	500	95	86		28.2
428	9	La5	A5	358	358	1	8	500	95	106		28.3
429	9	Si5b5	B5b5	362	362	3	32	375	95	126		28.375
430	9	La5	A5	358	358	1	32	125	95	66		28.4
431	9	Sol5	G5	349	349	1	16	250	95	84		28.45
432	9	La5	A5	358	358	1	16	250	95	102		28.5
433	9	Sol5	G5	349	349	3	32	375	95	120		28.575
434	9	Fa5#4	F5#4	344	344	1	32	125	95	96		28.6
435	9	Mi5b3	E5b4	333	332	1	16	250	95	96		28.65
436	9	Fa5#4	F5#4	344	344	1	16	250	95	96		28.7
437	9	Re5	D5	327	327	1	4	1000	95	96		28.9
438	9	Es	Es	-1	-1	1	8	500	100	0		29.0
439	9	Mi5b3	E5b4	333	332	1	16	250	95	96		29.05
440	9	Re5	D5	327	327	1	16	250	95	96		29.1
441	9	Do5	C5	318	318	1	16	250	95	96		29.15
442	9	Si4b2	B4b1	312	313	1	16	250	95	96		29.2
443	9	Do5	C5	318	318	1	16	250	95	96		29.25
444	9	Re5	D5	327	327	1	16	250	95	96		29.3
445	9	Mi5b3	E5b4	333	332	1	16	250	95	96		29.35
446	9	Fa5#3	F5#4	343	344	1	16	250	95	96		29.4
447	9	Sol5	G5	349	349	1	8	500	95	96		29.5
448	9	Re5	D5	327	327	1	4	1000	95	84		29.7
449	9	Mi5b3	E5b4	333	332	3	32	375	95	96		29.775
450	9	Re5	D5	327	327	1	32	125	95	96		29.8
451	9	Do5	C5	318	318	1	16	250	95	96		29.85
452	9	Si4b2	B4b1	312	313	1	16	250	95	96		29.9
453	9	Do5	C5	318	318	1	8	500	95	96		30.0
454	9	Sol4	G4	296	296	3	16	750	95	96		30.15
455	9	Do5	C5	318	318	1	16	250	95	96		30.2
456	9	Si4b1	B4b1	313	313	1	16	250	95	96		30.25
457	9	Do5	C5	318	318	1	16	250	95	96		30.3
458	9	Re5	D5	327	327	1	4	1000	95	96		30.5
459	9	Mi5b3	E5b4	333	332	3	32	375	95	96		30.575
460	9	Re5	D5	327	327	1	32	125	95	96		30.6
461	9	Mi5b3	E5b4	333	332	1	16	250	95	96		30.65
462	9	Do5	C5	318	318	1	16	250	95	96		30.7
463	9	Re5	D5	327	327	1	16	250	95	96		30.75
464	9	Mi5b3	E5b4	333	332	1	16	250	95	96		30.8
465	9	Fa5#3	F5#4	343	344	1	16	250	95	96		30.85
466	9	Sol5	G5	349	349	1	16	250	95	96		30.9
467	9	Si5b5	B5b5	362	362	3	32	375	95	96		30.975
468	9	La5	A5	358	358	1	32	125	95	96		31.0
469	9	Sol5	G5	349	349	1	16	250	95	96		31.05
470	9	Fa5#3	F5#4	343	344	1	16	250	95	96		31.1
471	9	Mi5b3	E5b4	333	332	1	16	250	95	96		31.15
472	9	Re5	D5	327	327	1	16	250	95	96		31.2
473	9	Do5	C5	318	318	1	16	250	95	96		31.25
474	9	Si4b2	B4b1	312	313	1	16	250	95	96		31.3
475	9	Do5	C5	318	318	3	16	750	95	96		31.45
476	9	Si4b2	B4b1	312	313	1	16	250	95	96		31.5
477	9	Si4b2	B4b1	312	313	1	32	125	95	96		31.525
478	9	La4	A4	305	305	1	32	125	95	96		31.55
479	9	Si4b2	B4b1	312	313	1	32	125	95	96		31.575
480	9	Do5	C5	318	318	1	32	125	95	96		31.6
481	9	Si4b2	B4b1	312	313	1	16	250	95	96		31.65
482	9	La4	A4	305	305	1	16	250	95	96		31.7
483	9	La4	A4	305	305	1	4	1000	95	96		31.9
484	9	Es	Es	-1	-1	1	8	500	100	66		32.0
485	9	Sol5	G5	349	349	1	4	1000	95	70	3. HANE	32.2
486	9	Sol5	G5	349	349	1	8	500	95	74		32.3
487	9	Sol5	G5	349	349	3	32	375	95	66		32.375
488	9	La5	A5	358	358	1	32	125	95	68		32.4
489	9	Sol5	G5	349	349	1	16	250	95	69		32.45
490	9	Fa5#4	F5#4	344	344	1	16	250	95	70		32.5
491	9	Mi5	E5	336	336	3	32	375	95	72		32.575
492	9	Re5	D5	327	327	1	32	125	95	96		32.6
493	9	Mi5	E5	336	336	1	16	250	95	66		32.65
494	9	Fa5#4	F5#4	344	344	1	16	250	95	82		32.7
495	9	Sol5	G5	349	349	1	8	500	95	98		32.8
496	9	Fa5#4	F5#4	344	344	1	16	250	95	114		32.85
497	9	Mi5	E5	336	336	1	16	250	95	96		32.9
498	9	Re5	D5	327	327	1	16	250	95	96		32.95
499	9	Do5	C5	318	318	1	16	250	95	96		33.0
500	9	Si4b1	B4b1	313	313	3	32	375	95	96		33.075
501	9	La4	A4	305	305	1	32	125	95	96		33.1
502	9	Si4b1	B4b1	313	313	1	16	250	95	96		33.15
503	9	Do5	C5	318	318	1	16	250	95	96		33.2
504	9	Re5	D5	327	327	1	16	250	95	96		33.25
505	9	Mi5	E5	336	336	1	16	250	95	96		33.3
506	9	Fa5	F5	340	340	1	16	250	95	96		33.35
507	9	Mi5	E5	336	336	1	16	250	95	96		33.4
508	9	Re5	D5	327	327	1	16	250	95	96		33.45
509	9	Do5	C5	318	318	1	16	250	95	96		33.5
510	9	Si4b1	B4b1	313	313	1	16	250	95	96		33.55
511	9	La4	A4	305	305	1	32	125	95	96		33.575
512	9	Si4b1	B4b1	313	313	1	32	125	95	96		33.6
513	9	Do5	C5	318	318	1	16	250	95	96		33.65
514	9	La4	A4	305	305	1	16	250	95	96		33.7
515	9	Sol4	G4	296	296	1	4	1000	95	96		33.9
516	9	Sol5	G5	349	349	1	8	500	95	84		34.0
517	9	Sol5	G5	349	349	1	4	1000	95	96		34.2
518	9	La5	A5	358	358	1	8	500	95	96		34.3
519	9	Si5b5	B5b5	362	362	3	16	750	95	96		34.45
520	9	La5	A5	358	358	1	16	250	95	96		34.5
521	9	La5	A5	358	358	3	32	375	95	96		34.575
522	9	Sol5	G5	349	349	1	32	125	95	96		34.6
523	9	Sol5	G5	349	349	1	16	250	95	96		34.65
524	9	Fa5#4	F5#4	344	344	1	16	250	95	96		34.7
525	9	Sol5	G5	349	349	1	16	250	95	96		34.75
526	9	Fa5#4	F5#4	344	344	1	16	250	95	96		34.8
527	9	Mi5b4	E5b4	332	332	1	16	250	95	96		34.85
528	9	Re5	D5	327	327	1	16	250	95	96		34.9
529	9	Do5	C5	318	318	1	8	500	95	96		35.0
530	9	Re5	D5	327	327	1	16	250	95	96		35.05
531	9	Mi5b3	E5b4	333	332	1	8	500	95	96		35.15
532	9	Re5	D5	327	327	1	16	250	95	96		35.2
533	9	Fa5#3	F5#4	343	344	1	16	250	95	84		35.25
534	9	La5	A5	358	358	1	16	250	95	84		35.3
535	9	Sol5	G5	349	349	1	16	250	95	96		35.35
536	9	La5	A5	358	358	1	16	250	95	96		35.4
537	9	Sol5	G5	349	349	1	16	250	95	96		35.45
538	9	Fa5#3	F5#4	343	344	1	16	250	95	96		35.5
539	9	Fa5#3	F5#4	343	344	1	16	250	95	96		35.55
540	9	Mi5b3	E5b4	333	332	1	16	250	95	96		35.6
541	9	Mi5b3	E5b4	333	332	1	16	250	95	96		35.65
542	9	Re5	D5	327	327	1	16	250	95	96		35.7
543	9	Re5	D5	327	327	1	16	250	95	96		35.75
544	9	Mi5b3	E5b4	333	332	1	16	250	95	96		35.8
545	9	Fa5#3	F5#4	343	344	1	16	250	95	96		35.85
546	9	La5	A5	358	358	1	16	250	95	96		35.9
547	9	Sol5	G5	349	349	1	8	500	95	66		36.0
548	9	Sol5	G5	349	349	1	4	1000	95	70	3. HANE	36.2
549	9	Sol5	G5	349	349	1	8	500	95	74		36.3
550	9	Sol5	G5	349	349	3	32	375	95	66		36.375
551	9	La5	A5	358	358	1	32	125	95	68		36.4
552	9	Sol5	G5	349	349	1	16	250	95	69		36.45
553	9	Fa5#4	F5#4	344	344	1	16	250	95	70		36.5
554	9	Mi5	E5	336	336	3	32	375	95	72		36.575
555	9	Re5	D5	327	327	1	32	125	95	96		36.6
556	9	Mi5	E5	336	336	1	16	250	95	66		36.65
557	9	Fa5#4	F5#4	344	344	1	16	250	95	82		36.7
558	9	Sol5	G5	349	349	1	8	500	95	98		36.8
559	9	Fa5#4	F5#4	344	344	1	16	250	95	114		36.85
560	9	Mi5	E5	336	336	1	16	250	95	96		36.9
561	9	Re5	D5	327	327	1	16	250	95	96		36.95
562	9	Do5	C5	318	318	1	16	250	95	96		37.0
563	9	Si4b1	B4b1	313	313	3	32	375	95	96		37.075
564	9	La4	A4	305	305	1	32	125	95	96		37.1
565	9	Si4b1	B4b1	313	313	1	16	250	95	96		37.15
566	9	Do5	C5	318	318	1	16	250	95	96		37.2
567	9	Re5	D5	327	327	1	16	250	95	96		37.25
568	9	Mi5	E5	336	336	1	16	250	95	96		37.3
569	9	Fa5	F5	340	340	1	16	250	95	96		37.35
570	9	Mi5	E5	336	336	1	16	250	95	96		37.4
571	9	Re5	D5	327	327	1	16	250	95	96		37.45
572	9	Do5	C5	318	318	1	16	250	95	96		37.5
573	9	Si4b1	B4b1	313	313	1	16	250	95	96		37.55
574	9	La4	A4	305	305	1	32	125	95	96		37.575
575	9	Si4b1	B4b1	313	313	1	32	125	95	96		37.6
576	9	Do5	C5	318	318	1	16	250	95	96		37.65
577	9	La4	A4	305	305	1	16	250	95	96		37.7
578	9	Sol4	G4	296	296	1	4	1000	95	96		37.9
579	9	Sol5	G5	349	349	1	8	500	95	84		38.0
580	9	Sol5	G5	349	349	1	4	1000	95	96		38.2
581	9	La5	A5	358	358	1	8	500	95	96		38.3
582	9	Si5b5	B5b5	362	362	3	16	750	95	96		38.45
583	9	La5	A5	358	358	1	16	250	95	96		38.5
584	9	La5	A5	358	358	3	32	375	95	96		38.575
585	9	Sol5	G5	349	349	1	32	125	95	96		38.6
586	9	Sol5	G5	349	349	1	16	250	95	96		38.65
587	9	Fa5#4	F5#4	344	344	1	16	250	95	96		38.7
588	9	Sol5	G5	349	349	1	16	250	95	96		38.75
589	9	Fa5#4	F5#4	344	344	1	16	250	95	96		38.8
590	9	Mi5b4	E5b4	332	332	1	16	250	95	96		38.85
591	9	Re5	D5	327	327	1	16	250	95	96		38.9
592	9	Do5	C5	318	318	1	8	500	95	96		39.0
593	9	Re5	D5	327	327	1	16	250	95	96		39.05
594	9	Mi5b3	E5b4	333	332	1	8	500	95	96		39.15
595	9	Re5	D5	327	327	1	16	250	95	96		39.2
596	9	Fa5#3	F5#4	343	344	1	16	250	95	84		39.25
597	9	La5	A5	358	358	1	16	250	95	84		39.3
598	9	Sol5	G5	349	349	1	16	250	95	96		39.35
599	9	La5	A5	358	358	1	16	250	95	96		39.4
600	9	Sol5	G5	349	349	1	16	250	95	96		39.45
601	9	Fa5#3	F5#4	343	344	1	16	250	95	96		39.5
602	9	Fa5#3	F5#4	343	344	1	16	250	95	96		39.55
603	9	Mi5b3	E5b4	333	332	1	16	250	95	96		39.6
604	9	Mi5b3	E5b4	333	332	1	16	250	95	96		39.65
605	9	Re5	D5	327	327	1	16	250	95	96		39.7
606	9	Re5	D5	327	327	1	16	250	95	96		39.75
607	9	Mi5b3	E5b4	333	332	1	16	250	95	96		39.8
608	9	Fa5#3	F5#4	343	344	1	16	250	95	96		39.85
609	9	Sol5	G5	349	349	1	16	250	95	96		39.9
610	9	La5	A5	358	358	1	8	500	95	96		40.0
611	9	Sol5	G5	349	349	1	8	500	95	66	TESLİM	40.1
612	9	La5	A5	358	358	1	8	500	95	86		40.2
613	9	La5	A5	358	358	1	8	500	95	106		40.3
614	9	Si5b5	B5b5	362	362	3	32	375	95	126		40.375
615	9	La5	A5	358	358	1	32	125	95	66		40.4
616	9	Sol5	G5	349	349	1	16	250	95	84		40.45
617	9	La5	A5	358	358	1	16	250	95	102		40.5
618	9	Sol5	G5	349	349	3	32	375	95	120		40.575
619	9	Fa5#4	F5#4	344	344	1	32	125	95	96		40.6
620	9	Mi5b3	E5b4	333	332	1	16	250	95	96		40.65
621	9	Fa5#4	F5#4	344	344	1	16	250	95	96		40.7
622	9	Re5	D5	327	327	1	4	1000	95	96		40.9
623	9	Es	Es	-1	-1	1	8	500	100	0		41.0
624	9	Mi5b3	E5b4	333	332	1	16	250	95	96		41.05
625	9	Re5	D5	327	327	1	16	250	95	96		41.1
626	9	Do5	C5	318	318	1	16	250	95	96		41.15
627	9	Si4b2	B4b1	312	313	1	16	250	95	96		41.2
628	9	Do5	C5	318	318	1	16	250	95	96		41.25
629	9	Re5	D5	327	327	1	16	250	95	96		41.3
630	9	Mi5b3	E5b4	333	332	1	16	250	95	96		41.35
631	9	Fa5#3	F5#4	343	344	1	16	250	95	96		41.4
632	9	Sol5	G5	349	349	1	8	500	95	96		41.5
633	9	Re5	D5	327	327	1	4	1000	95	84		41.7
634	9	Mi5b3	E5b4	333	332	3	32	375	95	96		41.775
635	9	Re5	D5	327	327	1	32	125	95	96		41.8
636	9	Do5	C5	318	318	1	16	250	95	96		41.85
637	9	Si4b2	B4b1	312	313	1	16	250	95	96		41.9
638	9	Do5	C5	318	318	1	8	500	95	96		42.0
639	9	Sol4	G4	296	296	3	16	750	95	96		42.15
640	9	Do5	C5	318	318	1	16	250	95	96		42.2
641	9	Si4b1	B4b1	313	313	1	16	250	95	96		42.25
642	9	Do5	C5	318	318	1	16	250	95	96		42.3
643	9	Re5	D5	327	327	1	4	1000	95	96		42.5
644	9	Mi5b3	E5b4	333	332	3	32	375	95	96		42.575
645	9	Re5	D5	327	327	1	32	125	95	96		42.6
646	9	Mi5b3	E5b4	333	332	1	16	250	95	96		42.65
647	9	Do5	C5	318	318	1	16	250	95	96		42.7
648	9	Re5	D5	327	327	1	16	250	95	96		42.75
649	9	Mi5b3	E5b4	333	332	1	16	250	95	96		42.8
650	9	Fa5#3	F5#4	343	344	1	16	250	95	96		42.85
651	9	Sol5	G5	349	349	1	16	250	95	96		42.9
652	9	Si5b5	B5b5	362	362	3	32	375	95	96		42.975
653	9	La5	A5	358	358	1	32	125	95	96		43.0
654	9	Sol5	G5	349	349	1	16	250	95	96		43.05
655	9	Fa5#3	F5#4	343	344	1	16	250	95	96		43.1
656	9	Mi5b3	E5b4	333	332	1	16	250	95	96		43.15
657	9	Re5	D5	327	327	1	16	250	95	96		43.2
658	9	Do5	C5	318	318	1	16	250	95	96		43.25
659	9	Si4b2	B4b1	312	313	1	16	250	95	96		43.3
660	9	Do5	C5	318	318	3	16	750	95	96		43.45
661	9	Si4b2	B4b1	312	313	1	16	250	95	96		43.5
662	9	Si4b2	B4b1	312	313	1	32	125	95	96		43.525
663	9	La4	A4	305	305	1	32	125	95	96		43.55
664	9	Si4b2	B4b1	312	313	1	32	125	95	96		43.575
665	9	Do5	C5	318	318	1	32	125	95	96		43.6
666	9	Si4b2	B4b1	312	313	1	16	250	95	96		43.65
667	9	La4	A4	305	305	1	16	250	95	96		43.7
668	9	La4	A4	305	305	1	16	250	95	96		43.75
669	9	Si4b2	B4b1	312	313	1	16	250	95	96		43.8
670	9	Do5	C5	318	318	1	16	250	95	96		43.85
671	9	Re5	D5	327	327	1	16	250	95	96		43.9
672	9	Mi5b3	E5b4	333	332	1	16	250	95	96		43.95
673	9	Fa5#3	F5#4	343	344	1	16	250	95	96		44.0
674	9	Sol5	G5	349	349	1	8	500	95	66	TESLİM	44.1
675	9	La5	A5	358	358	1	8	500	95	86		44.2
676	9	La5	A5	358	358	1	8	500	95	106		44.3
677	9	Si5b5	B5b5	362	362	3	32	375	95	126		44.375
678	9	La5	A5	358	358	1	32	125	95	66		44.4
679	9	Sol5	G5	349	349	1	16	250	95	84		44.45
680	9	La5	A5	358	358	1	16	250	95	102		44.5
681	9	Sol5	G5	349	349	3	32	375	95	120		44.575
682	9	Fa5#4	F5#4	344	344	1	32	125	95	96		44.6
683	9	Mi5b3	E5b4	333	332	1	16	250	95	96		44.65
684	9	Fa5#4	F5#4	344	344	1	16	250	95	96		44.7
685	9	Re5	D5	327	327	1	4	1000	95	96		44.9
686	9	Es	Es	-1	-1	1	8	500	100	0		45.0
687	9	Mi5b3	E5b4	333	332	1	16	250	95	96		45.05
688	9	Re5	D5	327	327	1	16	250	95	96		45.1
689	9	Do5	C5	318	318	1	16	250	95	96		45.15
690	9	Si4b2	B4b1	312	313	1	16	250	95	96		45.2
691	9	Do5	C5	318	318	1	16	250	95	96		45.25
692	9	Re5	D5	327	327	1	16	250	95	96		45.3
693	9	Mi5b3	E5b4	333	332	1	16	250	95	96		45.35
694	9	Fa5#3	F5#4	343	344	1	16	250	95	96		45.4
695	9	Sol5	G5	349	349	1	8	500	95	96		45.5
696	9	Re5	D5	327	327	1	4	1000	95	84		45.7
697	9	Mi5b3	E5b4	333	332	3	32	375	95	96		45.775
698	9	Re5	D5	327	327	1	32	125	95	96		45.8
699	9	Do5	C5	318	318	1	16	250	95	96		45.85
700	9	Si4b2	B4b1	312	313	1	16	250	95	96		45.9
701	9	Do5	C5	318	318	1	8	500	95	96		46.0
702	9	Sol4	G4	296	296	3	16	750	95	96		46.15
703	9	Do5	C5	318	318	1	16	250	95	96		46.2
704	9	Si4b1	B4b1	313	313	1	16	250	95	96		46.25
705	9	Do5	C5	318	318	1	16	250	95	96		46.3
706	9	Re5	D5	327	327	1	4	1000	95	96		46.5
707	9	Mi5b3	E5b4	333	332	3	32	375	95	96		46.575
708	9	Re5	D5	327	327	1	32	125	95	96		46.6
709	9	Mi5b3	E5b4	333	332	1	16	250	95	96		46.65
710	9	Do5	C5	318	318	1	16	250	95	96		46.7
711	9	Re5	D5	327	327	1	16	250	95	96		46.75
712	9	Mi5b3	E5b4	333	332	1	16	250	95	96		46.8
713	9	Fa5#3	F5#4	343	344	1	16	250	95	96		46.85
714	9	Sol5	G5	349	349	1	16	250	95	96		46.9
715	9	Si5b5	B5b5	362	362	3	32	375	95	96		46.975
716	9	La5	A5	358	358	1	32	125	95	96		47.0
717	9	Sol5	G5	349	349	1	16	250	95	96		47.05
718	9	Fa5#3	F5#4	343	344	1	16	250	95	96		47.1
719	9	Mi5b3	E5b4	333	332	1	16	250	95	96		47.15
720	9	Re5	D5	327	327	1	16	250	95	96		47.2
721	9	Do5	C5	318	318	1	16	250	95	96		47.25
722	9	Si4b2	B4b1	312	313	1	16	250	95	96		47.3
723	9	Do5	C5	318	318	3	16	750	95	96		47.45
724	9	Si4b2	B4b1	312	313	1	16	250	95	96		47.5
725	9	Si4b2	B4b1	312	313	1	32	125	95	96		47.525
726	9	La4	A4	305	305	1	32	125	95	96		47.55
727	9	Si4b2	B4b1	312	313	1	32	125	95	96		47.575
728	9	Do5	C5	318	318	1	32	125	95	96		47.6
729	9	Si4b2	B4b1	312	313	1	16	250	95	96		47.65
730	9	La4	A4	305	305	1	16	250	95	96		47.7
731	9	La4	A4	305	305	1	4	1000	95	96		47.9
732	9	Es	Es	-1	-1	1	8	500	100	0		48.0
733	51			0	0	6	8	0	87	0	Yürüksemâî II	48.0
734	9	Mi5b3	E5b4	333	332	3	16	134	95	96	4. HANE	48.25
735	9	Re5	D5	327	327	1	16	45	95	96		48.3333333333
736	9	Do5	C5	318	318	1	8	89	95	96		48.5
737	9	Si4b2	B4b1	312	313	1	8	89	95	96		48.6666666667
738	9	Do5	C5	318	318	1	8	89	95	96		48.8333333333
739	9	Re5	D5	327	327	1	8	89	95	96		49.0
740	9	Mi5b3	E5b4	333	332	1	8	89	95	96		49.1666666667
741	9	Fa5#3	F5#4	343	344	1	8	89	95	96		49.3333333333
742	9	Sol5	G5	349	349	1	8	89	95	96		49.5
743	9	Fa5#3	F5#4	343	344	1	8	89	95	96		49.6666666667
744	9	Mi5b3	E5b4	333	332	1	8	89	95	96		49.8333333333
745	9	Re5	D5	327	327	1	8	89	95	96		50.0
746	9	Mi5b3	E5b4	333	332	3	16	134	95	96		50.25
747	9	Re5	D5	327	327	1	16	45	95	96		50.3333333333
748	9	Do5	C5	318	318	1	8	89	95	96		50.5
749	9	Si4b2	B4b1	312	313	1	8	89	95	96		50.6666666667
750	9	Do5	C5	318	318	1	8	89	95	96		50.8333333333
751	9	Re5	D5	327	327	1	8	89	95	96		51.0
752	9	Do5	C5	318	318	3	8	268	95	96		51.5
753	9	Sol5	G5	349	349	1	4	179	95	78		51.8333333333
754	9	Mi5b3	E5b4	333	332	1	8	89	95	78		52.0
755	9	Mi5b3	E5b4	333	332	3	16	134	95	96		52.25
756	9	Re5	D5	327	327	1	16	45	95	96		52.3333333333
757	9	Do5	C5	318	318	1	8	89	95	96		52.5
758	9	Si4b2	B4b1	312	313	1	8	89	95	96		52.6666666667
759	9	Do5	C5	318	318	1	8	89	95	96		52.8333333333
760	9	Re5	D5	327	327	1	8	89	95	96		53.0
761	9	Mi5b3	E5b4	333	332	1	8	89	95	96		53.1666666667
762	9	Fa5#3	F5#4	343	344	1	8	89	95	96		53.3333333333
763	9	Sol5	G5	349	349	1	8	89	95	96		53.5
764	9	Fa5#3	F5#4	343	344	1	8	89	95	96		53.6666666667
765	9	Mi5b3	E5b4	333	332	1	8	89	95	96		53.8333333333
766	9	Re5	D5	327	327	1	8	89	95	96		54.0
767	9	Mi5b3	E5b4	333	332	3	16	134	95	96		54.25
768	9	Re5	D5	327	327	1	16	45	95	96		54.3333333333
769	9	Do5	C5	318	318	1	8	89	95	96		54.5
770	9	Si4b2	B4b1	312	313	1	8	89	95	96		54.6666666667
771	9	Do5	C5	318	318	1	8	89	95	66		54.8333333333
772	9	Re5	D5	327	327	1	8	89	95	77		55.0
773	9	Do5	C5	318	318	3	8	268	95	88		55.5
774	9	Sol5	G5	349	349	1	4	179	95	98		55.8333333333
775	9	Es	Es	-1	-1	1	8	89	100	109		56.0
776	9	Si5b5	B5b5	362	362	3	16	134	95	120		56.25
777	9	La5	A5	358	358	1	16	45	95	96		56.3333333333
778	9	Sol5	G5	349	349	1	8	89	95	66		56.5
779	9	Sol5	G5	349	349	1	8	89	95	73		56.6666666667
780	9	Fa5	F5	340	340	1	8	89	95	79		56.8333333333
781	9	Mi5b1	E5b1	335	335	1	8	89	95	86		57.0
782	9	Mi5b1	E5b1	335	335	1	4	179	95	93		57.3333333333
783	9	Re5#4	D5#4	331	331	1	8	89	95	99		57.5
784	9	Mi5b1	E5b1	335	335	1	8	89	95	106		57.6666666667
785	9	Fa5	F5	340	340	1	8	89	95	113		57.8333333333
786	9	Sol5	G5	349	349	1	8	89	95	119		58.0
787	9	Si5b5	B5b5	362	362	3	16	134	95	126		58.25
788	9	La5	A5	358	358	1	16	45	95	96		58.3333333333
789	9	Sol5	G5	349	349	1	8	89	95	96		58.5
790	9	Sol5	G5	349	349	1	8	89	95	96		58.6666666667
791	9	Fa5	F5	340	340	1	8	89	95	96		58.8333333333
792	9	Mi5b1	E5b1	335	335	1	8	89	95	96		59.0
793	9	Mi5b1	E5b1	335	335	3	16	134	95	66		59.25
794	9	Re5#4	D5#4	331	331	1	16	45	95	77		59.3333333333
795	9	Do5	C5	318	318	1	8	89	95	88		59.5
796	9	Do5	C5	318	318	1	4	179	95	98		59.8333333333
797	9	Es	Es	-1	-1	1	8	89	100	109		60.0
798	9	Si5b5	B5b5	362	362	3	16	134	95	120		60.25
799	9	La5	A5	358	358	1	16	45	95	96		60.3333333333
800	9	Sol5	G5	349	349	1	8	89	95	66		60.5
801	9	Sol5	G5	349	349	1	8	89	95	73		60.6666666667
802	9	Fa5	F5	340	340	1	8	89	95	79		60.8333333333
803	9	Mi5b1	E5b1	335	335	1	8	89	95	86		61.0
804	9	Mi5b1	E5b1	335	335	1	4	179	95	93		61.3333333333
805	9	Re5#4	D5#4	331	331	1	8	89	95	99		61.5
806	9	Mi5b1	E5b1	335	335	1	8	89	95	106		61.6666666667
807	9	Fa5	F5	340	340	1	8	89	95	113		61.8333333333
808	9	Sol5	G5	349	349	1	8	89	95	119		62.0
809	9	Si5b5	B5b5	362	362	3	16	134	95	126		62.25
810	9	La5	A5	358	358	1	16	45	95	96		62.3333333333
811	9	Sol5	G5	349	349	1	8	89	95	96		62.5
812	9	Sol5	G5	349	349	1	8	89	95	96		62.6666666667
813	9	Fa5	F5	340	340	1	8	89	95	96		62.8333333333
814	9	Mi5b1	E5b1	335	335	1	8	89	95	96		63.0
815	9	Mi5b1	E5b1	335	335	3	16	134	95	96		63.25
816	9	Re5#4	D5#4	331	331	1	16	45	95	96		63.3333333333
817	9	Do5	C5	318	318	1	8	89	95	96		63.5
818	9	Do5	C5	318	318	1	4	179	95	96		63.8333333333
819	9	Es	Es	-1	-1	1	8	89	100	0		64.0
820	9	Do5	C5	318	318	3	16	134	95	96		64.25
821	9	Si4b2	B4b1	312	313	1	16	45	95	96		64.3333333333
822	9	Do5	C5	318	318	1	8	89	95	96		64.5
823	9	Re5	D5	327	327	1	4	179	95	96		64.8333333333
824	9	Re5	D5	327	327	1	8	89	95	96		65.0
825	9	Mi5b3	E5b4	333	332	3	16	134	95	84		65.25
826	9	Re5	D5	327	327	1	16	45	95	84		65.3333333333
827	9	Mi5b3	E5b4	333	332	1	8	89	95	84		65.5
828	9	Fa5#3	F5#4	343	344	1	4	179	95	84		65.8333333333
829	9	Fa5#3	F5#4	343	344	1	8	89	95	84		66.0
830	9	Sol5	G5	349	349	3	16	134	95	108		66.25
831	9	Fa5#3	F5#4	343	344	1	16	45	95	108		66.3333333333
832	9	Mi5b3	E5b4	333	332	1	8	89	95	108		66.5
833	9	Mi5b3	E5b4	333	332	1	8	89	95	108		66.6666666667
834	9	Re5	D5	327	327	1	8	89	95	108		66.8333333333
835	9	Do5	C5	318	318	1	8	89	95	108		67.0
836	9	Sol5	G5	349	349	1	4	179	95	78		67.3333333333
837	9	Sol5	G5	349	349	1	8	89	95	78		67.5
838	9	Sol5	G5	349	349	1	4	179	95	78		67.8333333333
839	9	Es	Es	-1	-1	1	8	89	100	0		68.0
840	9	Do5	C5	318	318	3	16	134	95	96		68.25
841	9	Si4b2	B4b1	312	313	1	16	45	95	96		68.3333333333
842	9	Do5	C5	318	318	1	8	89	95	96		68.5
843	9	Re5	D5	327	327	1	4	179	95	96		68.8333333333
844	9	Re5	D5	327	327	1	8	89	95	96		69.0
845	9	Mi5b3	E5b4	333	332	3	16	134	95	84		69.25
846	9	Re5	D5	327	327	1	16	45	95	84		69.3333333333
847	9	Mi5b3	E5b4	333	332	1	8	89	95	84		69.5
848	9	Fa5#3	F5#4	343	344	1	4	179	95	84		69.8333333333
849	9	Fa5#3	F5#4	343	344	1	8	89	95	84		70.0
850	9	Sol5	G5	349	349	3	16	134	95	108		70.25
851	9	Fa5#3	F5#4	343	344	1	16	45	95	108		70.3333333333
852	9	Mi5b3	E5b4	333	332	1	8	89	95	108		70.5
853	9	Mi5b3	E5b4	333	332	1	8	89	95	108		70.6666666667
854	9	Re5	D5	327	327	1	8	89	95	108		70.8333333333
855	9	Do5	C5	318	318	1	8	89	95	108		71.0
856	9	Re5	D5	327	327	1	4	179	95	84		71.3333333333
857	9	Re5	D5	327	327	1	8	89	95	84		71.5
858	9	Re5	D5	327	327	1	4	179	95	84		71.8333333333
859	9	Es	Es	-1	-1	1	8	89	100	0		72.0
860	9	Sol5	G5	349	349	1	4	179	95	96		72.3333333333
861	9	Sol5	G5	349	349	1	8	89	95	96		72.5
862	9	Sol5	G5	349	349	1	4	179	95	96		72.8333333333
863	9	Fa5#3	F5#4	343	344	1	8	89	95	96		73.0
864	9	Sol5	G5	349	349	1	4	179	95	96		73.3333333333
865	9	La5	A5	358	358	1	8	89	95	66		73.5
866	9	Si5b5	B5b5	362	362	3	8	268	95	93		74.0
867	9	Si5b5	B5b5	362	362	1	8	89	95	120		74.1666666667
868	9	La5	A5	358	358	1	8	89	95	66		74.3333333333
869	9	Sol5	G5	349	349	1	8	89	95	72		74.5
870	9	Fa5#4	F5#4	344	344	1	8	89	95	78		74.6666666667
871	9	Sol5	G5	349	349	1	8	89	95	66		74.8333333333
872	9	La5	A5	358	358	1	8	89	95	96		75.0
873	9	La5	A5	358	358	1	8	89	95	126		75.1666666667
874	9	Sol5	G5	349	349	1	8	89	95	66		75.3333333333
875	9	Fa5#3	F5#4	343	344	1	8	89	95	69		75.5
876	9	Mi5b3	E5b4	333	332	1	8	89	95	72		75.6666666667
877	9	Fa5#4	F5#4	344	344	1	8	89	95	66		75.8333333333
878	9	Sol5	G5	349	349	1	8	89	95	90		76.0
879	9	Sol5	G5	349	349	1	8	89	95	114		76.1666666667
880	9	Fa5#3	F5#4	343	344	1	8	89	95	66		76.3333333333
881	9	Mi5b3	E5b4	333	332	1	8	89	95	68		76.5
882	9	Re5	D5	327	327	1	8	89	95	71		76.6666666667
883	9	Mi5b3	E5b4	333	332	1	8	89	95	73		76.8333333333
884	9	Fa5#4	F5#4	344	344	1	8	89	95	76		77.0
885	9	Fa5#3	F5#4	343	344	1	8	89	95	78		77.1666666667
886	9	Mi5b3	E5b4	333	332	1	8	89	95	96		77.3333333333
887	9	Re5	D5	327	327	1	8	89	95	96		77.5
888	9	Mi5b3	E5b4	333	332	3	16	134	95	96		77.75
889	9	Re5	D5	327	327	1	16	45	95	96		77.8333333333
890	9	Do5	C5	318	318	1	8	89	95	96		78.0
891	9	Sol5	G5	349	349	3	8	268	95	84		78.5
892	9	Sol5	G5	349	349	1	4	179	95	84		78.8333333333
893	9	Es	Es	-1	-1	1	8	89	100	0		79.0
894	9	Sol5	G5	349	349	1	4	179	95	96		79.3333333333
895	9	Sol5	G5	349	349	1	8	89	95	96		79.5
896	9	Sol5	G5	349	349	1	4	179	95	96		79.8333333333
897	9	Fa5#3	F5#4	343	344	1	8	89	95	96		80.0
898	9	Sol5	G5	349	349	1	4	179	95	96		80.3333333333
899	9	La5	A5	358	358	1	8	89	95	66		80.5
900	9	Si5b5	B5b5	362	362	3	8	268	95	93		81.0
901	9	Si5b5	B5b5	362	362	1	8	89	95	120		81.1666666667
902	9	La5	A5	358	358	1	8	89	95	66		81.3333333333
903	9	Sol5	G5	349	349	1	8	89	95	72		81.5
904	9	Fa5#4	F5#4	344	344	1	8	89	95	78		81.6666666667
905	9	Sol5	G5	349	349	1	8	89	95	66		81.8333333333
906	9	La5	A5	358	358	1	8	89	95	96		82.0
907	9	La5	A5	358	358	1	8	89	95	126		82.1666666667
908	9	Sol5	G5	349	349	1	8	89	95	66		82.3333333333
909	9	Fa5#3	F5#4	343	344	1	8	89	95	69		82.5
910	9	Mi5b3	E5b4	333	332	1	8	89	95	72		82.6666666667
911	9	Fa5#4	F5#4	344	344	1	8	89	95	66		82.8333333333
912	9	Sol5	G5	349	349	1	8	89	95	90		83.0
913	9	Sol5	G5	349	349	1	8	89	95	114		83.1666666667
914	9	Fa5#3	F5#4	343	344	1	8	89	95	66		83.3333333333
915	9	Mi5b3	E5b4	333	332	1	8	89	95	68		83.5
916	9	Re5	D5	327	327	1	8	89	95	71		83.6666666667
917	9	Mi5b3	E5b4	333	332	1	8	89	95	73		83.8333333333
918	9	Fa5#4	F5#4	344	344	1	8	89	95	76		84.0
919	9	Fa5#3	F5#4	343	344	1	8	89	95	78		84.1666666667
920	9	Mi5b3	E5b4	333	332	1	8	89	95	96		84.3333333333
921	9	Re5	D5	327	327	1	8	89	95	96		84.5
922	9	Mi5b3	E5b4	333	332	3	16	134	95	66		84.75
923	9	Re5	D5	327	327	1	16	45	95	82		84.8333333333
924	9	Do5	C5	318	318	1	8	89	95	98		85.0
925	9	Re5	D5	327	327	1	8	89	95	114		85.1666666667
926	9	Do5	C5	318	318	1	8	89	95	96		85.3333333333
927	9	Si4b2	B4b1	312	313	1	8	89	95	96		85.5
928	9	Do5	C5	318	318	1	4	179	95	96		85.8333333333
929	9	Es	Es	-1	-1	1	8	89	100	0		86.0
930	9	Si4b2	B4b1	312	313	1	4	179	95	96		86.3333333333
931	9	Do5	C5	318	318	1	8	89	95	96		86.5
932	9	Re5	D5	327	327	1	4	179	95	96		86.8333333333
933	9	Do5	C5	318	318	1	8	89	95	96		87.0
934	9	Re5	D5	327	327	1	4	179	95	66		87.3333333333
935	9	Mi5b3	E5b4	333	332	1	8	89	95	96		87.5
936	9	Fa5#3	F5#4	343	344	1	8	89	95	126		87.6666666667
937	9	Mi5b3	E5b4	333	332	1	8	89	95	66		87.8333333333
938	9	Re5	D5	327	327	1	8	89	95	93		88.0
939	9	Mi5b3	E5b4	333	332	1	4	179	95	120		88.3333333333
940	9	Fa5#3	F5#4	343	344	1	8	89	95	96		88.5
941	9	Sol5	G5	349	349	1	8	89	95	96		88.6666666667
942	9	Fa5#3	F5#4	343	344	1	8	89	95	96		88.8333333333
943	9	Mi5b3	E5b4	333	332	1	8	89	95	96		89.0
944	9	Re5	D5	327	327	1	4	179	95	96		89.3333333333
945	9	Fa5#3	F5#4	343	344	1	8	89	95	96		89.5
946	9	La5	A5	358	358	1	4	179	95	96		89.8333333333
947	9	Es	Es	-1	-1	1	8	89	100	0		90.0
948	9	Sol5	G5	349	349	1	4	179	95	96		90.3333333333
949	9	La5	A5	358	358	1	8	89	95	96		90.5
950	9	Si5b5	B5b5	362	362	1	8	89	95	96		90.6666666667
951	9	La5	A5	358	358	1	8	89	95	66		90.8333333333
952	9	Sol5	G5	349	349	1	8	89	95	96		91.0
953	9	La5	A5	358	358	1	8	89	95	126		91.1666666667
954	9	Sol5	G5	349	349	1	8	89	95	66		91.3333333333
955	9	Fa5#4	F5#4	344	344	1	8	89	95	93		91.5
956	9	Sol5	G5	349	349	1	8	89	95	120		91.6666666667
957	9	Fa5#4	F5#4	344	344	1	8	89	95	66		91.8333333333
958	9	Mi5b4	E5b4	332	332	1	8	89	95	66		92.0
959	9	Fa5#3	F5#4	343	344	1	8	89	95	81		92.1666666667
960	9	Mi5b3	E5b4	333	332	1	8	89	95	96		92.3333333333
961	9	Re5	D5	327	327	1	8	89	95	111		92.5
962	9	Mi5b3	E5b4	333	332	1	8	89	95	126		92.6666666667
963	9	Re5	D5	327	327	1	8	89	95	96		92.8333333333
964	9	Do5	C5	318	318	1	8	89	95	96		93.0
965	9	Do5	C5	318	318	1	4	179	95	96		93.3333333333
966	9	Si4b2	B4b1	312	313	1	8	89	95	96		93.5
967	9	Sol5	G5	349	349	1	8	89	95	96		93.6666666667
968	9	Fa5#3	F5#4	343	344	1	8	89	95	96		93.8333333333
969	9	Mi5b3	E5b4	333	332	1	8	89	95	96		94.0
970	9	Re5	D5	327	327	1	4	179	95	96		94.3333333333
971	9	Do5	C5	318	318	1	8	89	95	96		94.5
972	9	Do5	C5	318	318	1	4	179	95	96		94.8333333333
973	9	Si4b2	B4b1	312	313	1	8	89	95	96		95.0
974	9	Si4b2	B4b1	312	313	1	4	179	95	96		95.3333333333
975	9	La4	A4	305	305	1	8	89	95	84		95.5
976	9	La4	A4	305	305	1	4	179	95	84		95.8333333333
977	9	Es	Es	-1	-1	1	8	89	100	0		96.0
978	51			0	0	10	8	0	30	0		96.0
979	9	Sol5	G5	349	349	1	8	500	95	66	TESLİM	96.1
980	9	La5	A5	358	358	1	8	500	95	86		96.2
981	9	La5	A5	358	358	1	8	500	95	106		96.3
982	9	Si5b5	B5b5	362	362	3	32	375	95	126		96.375
983	9	La5	A5	358	358	1	32	125	95	66		96.4
984	9	Sol5	G5	349	349	1	16	250	95	84		96.45
985	9	La5	A5	358	358	1	16	250	95	102		96.5
986	9	Sol5	G5	349	349	3	32	375	95	120		96.575
987	9	Fa5#4	F5#4	344	344	1	32	125	95	96		96.6
988	9	Mi5b3	E5b4	333	332	1	16	250	95	96		96.65
989	9	Fa5#4	F5#4	344	344	1	16	250	95	96		96.7
990	9	Re5	D5	327	327	1	4	1000	95	96		96.9
991	9	Es	Es	-1	-1	1	8	500	100	0		97.0
992	9	Mi5b3	E5b4	333	332	1	16	250	95	96		97.05
993	9	Re5	D5	327	327	1	16	250	95	96		97.1
994	9	Do5	C5	318	318	1	16	250	95	96		97.15
995	9	Si4b2	B4b1	312	313	1	16	250	95	96		97.2
996	9	Do5	C5	318	318	1	16	250	95	96		97.25
997	9	Re5	D5	327	327	1	16	250	95	96		97.3
998	9	Mi5b3	E5b4	333	332	1	16	250	95	96		97.35
999	9	Fa5#3	F5#4	343	344	1	16	250	95	96		97.4
1000	9	Sol5	G5	349	349	1	8	500	95	96		97.5
1001	9	Re5	D5	327	327	1	4	1000	95	84		97.7
1002	9	Mi5b3	E5b4	333	332	3	32	375	95	96		97.775
1003	9	Re5	D5	327	327	1	32	125	95	96		97.8
1004	9	Do5	C5	318	318	1	16	250	95	96		97.85
1005	9	Si4b2	B4b1	312	313	1	16	250	95	96		97.9
1006	9	Do5	C5	318	318	1	8	500	95	96		98.0
1007	9	Sol4	G4	296	296	3	16	750	95	96		98.15
1008	9	Do5	C5	318	318	1	16	250	95	96		98.2
1009	9	Si4b1	B4b1	313	313	1	16	250	95	96		98.25
1010	9	Do5	C5	318	318	1	16	250	95	96		98.3
1011	9	Re5	D5	327	327	1	4	1000	95	96		98.5
1012	9	Mi5b3	E5b4	333	332	3	32	375	95	96		98.575
1013	9	Re5	D5	327	327	1	32	125	95	96		98.6
1014	9	Mi5b3	E5b4	333	332	1	16	250	95	96		98.65
1015	9	Do5	C5	318	318	1	16	250	95	96		98.7
1016	9	Re5	D5	327	327	1	16	250	95	96		98.75
1017	9	Mi5b3	E5b4	333	332	1	16	250	95	96		98.8
1018	9	Fa5#3	F5#4	343	344	1	16	250	95	96		98.85
1019	9	Sol5	G5	349	349	1	16	250	95	96		98.9
1020	9	Si5b5	B5b5	362	362	3	32	375	95	96		98.975
1021	9	La5	A5	358	358	1	32	125	95	96		99.0
1022	9	Sol5	G5	349	349	1	16	250	95	96		99.05
1023	9	Fa5#3	F5#4	343	344	1	16	250	95	96		99.1
1024	9	Mi5b3	E5b4	333	332	1	16	250	95	96		99.15
1025	9	Re5	D5	327	327	1	16	250	95	96		99.2
1026	9	Do5	C5	318	318	1	16	250	95	96		99.25
1027	9	Si4b2	B4b1	312	313	1	16	250	95	96		99.3
1028	9	Do5	C5	318	318	3	16	750	95	96		99.45
1029	9	Si4b2	B4b1	312	313	1	16	250	95	96		99.5
1030	9	Si4b2	B4b1	312	313	1	32	125	95	96		99.525
1031	9	La4	A4	305	305	1	32	125	95	96		99.55
1032	9	Si4b2	B4b1	312	313	1	32	125	95	96		99.575
1033	9	Do5	C5	318	318	1	32	125	95	96		99.6
1034	9	Si4b2	B4b1	312	313	1	16	250	95	96		99.65
1035	9	La4	A4	305	305	1	16	250	95	96		99.7
1036	9	La4	A4	305	305	1	16	250	95	96		99.75
1037	9	Si4b2	B4b1	312	313	1	16	250	95	96		99.8
1038	9	Do5	C5	318	318	1	16	250	95	96		99.85
1039	9	Re5	D5	327	327	1	16	250	95	96		99.9
1040	9	Mi5b3	E5b4	333	332	1	16	250	95	96		99.95
1041	9	Fa5#3	F5#4	343	344	1	16	250	95	96		100.0
1042	9	Sol5	G5	349	349	1	8	500	95	66	TESLİM	100.1
1043	9	La5	A5	358	358	1	8	500	95	86		100.2
1044	9	La5	A5	358	358	1	8	500	95	106		100.3
1045	9	Si5b5	B5b5	362	362	3	32	375	95	126		100.375
1046	9	La5	A5	358	358	1	32	125	95	66		100.4
1047	9	Sol5	G5	349	349	1	16	250	95	84		100.45
1048	9	La5	A5	358	358	1	16	250	95	102		100.5
1049	9	Sol5	G5	349	349	3	32	375	95	120		100.575
1050	9	Fa5#4	F5#4	344	344	1	32	125	95	96		100.6
1051	9	Mi5b3	E5b4	333	332	1	16	250	95	96		100.65
1052	9	Fa5#4	F5#4	344	344	1	16	250	95	96		100.7
1053	9	Re5	D5	327	327	1	4	1000	95	96		100.9
1054	9	Es	Es	-1	-1	1	8	500	100	0		101.0
1055	9	Mi5b3	E5b4	333	332	1	16	250	95	96		101.05
1056	9	Re5	D5	327	327	1	16	250	95	96		101.1
1057	9	Do5	C5	318	318	1	16	250	95	96		101.15
1058	9	Si4b2	B4b1	312	313	1	16	250	95	96		101.2
1059	9	Do5	C5	318	318	1	16	250	95	96		101.25
1060	9	Re5	D5	327	327	1	16	250	95	96		101.3
1061	9	Mi5b3	E5b4	333	332	1	16	250	95	96		101.35
1062	9	Fa5#3	F5#4	343	344	1	16	250	95	96		101.4
1063	9	Sol5	G5	349	349	1	8	500	95	96		101.5
1064	9	Re5	D5	327	327	1	4	1000	95	84		101.7
1065	9	Mi5b3	E5b4	333	332	3	32	375	95	96		101.775
1066	9	Re5	D5	327	327	1	32	125	95	96		101.8
1067	9	Do5	C5	318	318	1	16	250	95	96		101.85
1068	9	Si4b2	B4b1	312	313	1	16	250	95	96		101.9
1069	9	Do5	C5	318	318	1	8	500	95	96		102.0
1070	9	Sol4	G4	296	296	3	16	750	95	96		102.15
1071	9	Do5	C5	318	318	1	16	250	95	96		102.2
1072	9	Si4b1	B4b1	313	313	1	16	250	95	96		102.25
1073	9	Do5	C5	318	318	1	16	250	95	96		102.3
1074	9	Re5	D5	327	327	1	4	1000	95	96		102.5
1075	9	Mi5b3	E5b4	333	332	3	32	375	95	96		102.575
1076	9	Re5	D5	327	327	1	32	125	95	96		102.6
1077	9	Mi5b3	E5b4	333	332	1	16	250	95	96		102.65
1078	9	Do5	C5	318	318	1	16	250	95	96		102.7
1079	9	Re5	D5	327	327	1	16	250	95	96		102.75
1080	9	Mi5b3	E5b4	333	332	1	16	250	95	96		102.8
1081	9	Fa5#3	F5#4	343	344	1	16	250	95	96		102.85
1082	9	Sol5	G5	349	349	1	16	250	95	96		102.9
1083	9	Si5b5	B5b5	362	362	3	32	375	95	96		102.975
1084	9	La5	A5	358	358	1	32	125	95	96		103.0
1085	9	Sol5	G5	349	349	1	16	250	95	96		103.05
1086	9	Fa5#3	F5#4	343	344	1	16	250	95	96		103.1
1087	9	Mi5b3	E5b4	333	332	1	16	250	95	96		103.15
1088	9	Re5	D5	327	327	1	16	250	95	96		103.2
1089	9	Do5	C5	318	318	1	16	250	95	96		103.25
1090	9	Si4b2	B4b1	312	313	1	16	250	95	96		103.3
1091	9	Do5	C5	318	318	3	16	750	95	96		103.45
1092	9	Si4b2	B4b1	312	313	1	16	250	95	96		103.5
1093	9	Si4b2	B4b1	312	313	1	32	125	95	96		103.525
1094	9	La4	A4	305	305	1	32	125	95	96		103.55
1095	9	Si4b2	B4b1	312	313	1	32	125	95	96		103.575
1096	9	Do5	C5	318	318	1	32	125	95	96		103.6
1097	9	Si4b2	B4b1	312	313	1	16	250	95	96		103.65
1098	9	La4	A4	305	305	1	16	250	95	96		103.7
1099	9	La4	A4	305	305	1	4	1000	95	96		103.9
1100	9	Es	Es	-1	-1	1	8	500	100	0		104.0
