Sýra	Kod	Nota53	NotaAE	Koma53	KomaAE	Pay	Payda	Ms	LNS	VelOn	Söz-1
1	9	Si4b2	B4b1	312	313	1	8	208	95	96	ARANAÐME
2	9	Do5	C5	318	318	1	8	208	95	96	.
3	9	Re5	D5	327	327	1	8	208	95	96	.
4	9	Mi5b3	E5b4	333	332	1	8	208	95	96	.
5	9	Re5	D5	327	327	1	8	208	95	96	.
6	9	Do5	C5	318	318	1	8	208	95	96	.
7	9	Sol5	G5	349	349	1	8	208	95	96	.
8	9	Fa5#3	F5#4	343	344	1	8	208	95	96	.
9	9	Mi5b3	E5b4	333	332	1	8	208	95	96	.
10	9	Re5	D5	327	327	1	8	208	95	96	.
11	9	Do5	C5	318	318	1	8	208	95	96	.
12	9	Si4b2	B4b1	312	313	1	8	208	95	96	.
13	9	La4	A4	305	305	1	8	208	95	96	.
14	9	Si4b2	B4b1	312	313	1	8	208	95	96	.
15	9	Do5	C5	318	318	1	8	208	95	96	.
16	9	Re5	D5	327	327	3	8	625	95	96	.
17	9	Si4b2	B4b1	312	313	1	8	208	95	96	.
18	9	Do5	C5	318	318	1	8	208	95	96	.
19	9	Re5	D5	327	327	1	8	208	95	96	.
20	9	Mi5b3	E5b4	333	332	1	8	208	95	96	.
21	9	Re5	D5	327	327	1	8	208	95	96	.
22	9	Do5	C5	318	318	1	8	208	95	96	.
23	9	Mi5b3	E5b4	333	332	1	8	208	95	96	.
24	9	Re5	D5	327	327	1	8	208	95	96	.
25	9	Do5	C5	318	318	1	8	208	95	96	.
26	9	Do5	C5	318	318	1	8	208	95	96	.
27	9	Si4b2	B4b1	312	313	1	8	208	95	96	.
28	9	Si4b2	B4b1	312	313	1	8	208	95	96	.
29	9	La4	A4	305	305	1	8	208	95	96	.
30	9	La4	A4	305	305	1	16	104	95	96	.
31	9	Si4b2	B4b1	312	313	1	16	104	95	96	.
32	9	La4	A4	305	305	1	16	104	95	96	.
33	9	Si4b2	B4b1	312	313	1	16	104	95	96	.
34	9	Sol4	G4	296	296	1	16	104	95	96	.
35	9	La4	A4	305	305	1	16	104	95	96	.
36	9	Si4b2	B4b1	312	313	1	16	104	95	96	.
37	9	Do5	C5	318	318	1	16	104	95	96	.
38	9	Re5	D5	327	327	1	16	104	95	96	.
39	9	Do5	C5	318	318	1	16	104	95	96	.
40	9	Si4b2	B4b1	312	313	1	8	208	95	96	ARANAÐME
41	9	Do5	C5	318	318	1	8	208	95	96	.
42	9	Re5	D5	327	327	1	8	208	95	96	.
43	9	Mi5b3	E5b4	333	332	1	8	208	95	96	.
44	9	Re5	D5	327	327	1	8	208	95	96	.
45	9	Do5	C5	318	318	1	8	208	95	96	.
46	9	Sol5	G5	349	349	1	8	208	95	96	.
47	9	Fa5#3	F5#4	343	344	1	8	208	95	96	.
48	9	Mi5b3	E5b4	333	332	1	8	208	95	96	.
49	9	Re5	D5	327	327	1	8	208	95	96	.
50	9	Do5	C5	318	318	1	8	208	95	96	.
51	9	Si4b2	B4b1	312	313	1	8	208	95	96	.
52	9	La4	A4	305	305	1	8	208	95	96	.
53	9	Si4b2	B4b1	312	313	1	8	208	95	96	.
54	9	Do5	C5	318	318	1	8	208	95	96	.
55	9	Re5	D5	327	327	3	8	625	95	96	.
56	9	Si4b2	B4b1	312	313	1	8	208	95	96	.
57	9	Do5	C5	318	318	1	8	208	95	96	.
58	9	Re5	D5	327	327	1	8	208	95	96	.
59	9	Mi5b3	E5b4	333	332	1	8	208	95	96	.
60	9	Re5	D5	327	327	1	8	208	95	96	.
61	9	Do5	C5	318	318	1	8	208	95	96	.
62	9	Mi5b3	E5b4	333	332	1	8	208	95	96	.
63	9	Re5	D5	327	327	1	8	208	95	96	.
64	9	Do5	C5	318	318	1	8	208	95	96	.
65	9	Do5	C5	318	318	1	8	208	95	96	.
66	9	Si4b2	B4b1	312	313	1	8	208	95	96	.
67	9	Si4b2	B4b1	312	313	1	8	208	95	96	.
68	9	La4	A4	305	305	1	8	208	95	96	.
69	9	La4	A4	305	305	1	4	417	95	96	.
70	9	Sol5	G5	349	349	1	4	417	95	96	.
71	9	Fa5#3	F5#4	343	344	1	16	104	95	96	.
72	9	La5	A5	358	358	1	16	104	95	96	.
73	9	Sol5	G5	349	349	1	4	417	95	96	.
74	9	Fa5#3	F5#4	343	344	1	8	208	95	96	Ça
75	9	Sol5	G5	349	349	1	8	208	95	96	yý
76	9	Sol5	G5	349	349	1	4	417	95	96	ra 
77	9	Sol5	G5	349	349	1	8	208	99	96	ser
78	9	Fa5#3	F5#4	343	344	1	8	208	99	96	
79	9	Mi5b3	E5b4	333	332	1	8	208	95	96	
80	9	Fa5#3	F5#4	343	344	1	8	208	99	96	dim 
81	9	Mi5b3	E5b4	333	332	1	8	208	95	96	
82	9	Mi5b3	E5b4	333	332	1	8	208	99	96	pos
83	9	Re5	D5	327	327	1	8	208	95	96	
84	9	Re5	D5	327	327	2	8	416	95	96	tu 
85	9	Sol5	G5	349	349	1	8	208	99	96	i
86	9	Fa5#3	F5#4	343	344	1	8	208	95	96	
87	9	Sol5	G5	349	349	1	8	208	95	96	ma
88	9	La5	A5	358	358	2	8	416	95	96	ným  
89	9	Fa5#3	F5#4	343	344	1	8	208	95	96	Ça
90	9	Sol5	G5	349	349	1	8	208	95	96	yý
91	9	Sol5	G5	349	349	1	4	417	95	96	ra 
92	9	Sol5	G5	349	349	1	8	208	99	96	ser
93	9	Fa5#3	F5#4	343	344	1	8	208	99	96	
94	9	Mi5b3	E5b4	333	332	1	8	208	95	96	
95	9	Fa5#3	F5#4	343	344	1	8	208	99	96	dim 
96	9	Mi5b3	E5b4	333	332	1	8	208	95	96	
97	9	Mi5b3	E5b4	333	332	1	8	208	99	96	pos
98	9	Re5	D5	327	327	1	8	208	95	96	
99	9	Re5	D5	327	327	2	8	416	95	96	tu 
100	9	Mi5b3	E5b4	333	332	1	8	208	99	96	i
101	9	Re5	D5	327	327	1	8	208	95	96	
102	9	Do5	C5	318	318	1	8	208	95	96	ma
103	9	Re5	D5	327	327	2	8	416	95	96	ným  
104	9	Si4b2	B4b1	312	313	1	8	208	95	96	Þu 
105	9	Do5	C5	318	318	1	8	208	95	96	ge
106	9	Re5	D5	327	327	1	4	417	95	96	len 
107	9	Mi5b3	E5b4	333	332	1	8	208	99	96	ki
108	9	Re5	D5	327	327	1	8	208	99	96	
109	9	Do5	C5	318	318	1	8	208	95	96	
110	9	Mi5b3	E5b4	333	332	3	16	312	99	96	min 
111	9	Re5	D5	327	327	1	16	104	95	96	
112	9	Do5	C5	318	318	1	8	208	99	96	dos
113	9	Si4b2	B4b1	312	313	1	8	208	95	96	
114	9	Do5	C5	318	318	2	8	416	95	96	tu 
115	9	Mi5b1	E5b1	335	335	1	4	417	95	96	i
116	9	Re5	D5	327	327	1	8	208	95	96	ma
117	9	Mi5b1	E5b1	335	335	2	8	416	95	96	ným  
118	9	Si4b2	B4b1	312	313	1	8	208	95	96	Þu 
119	9	Do5	C5	318	318	1	8	208	95	96	ge
120	9	Re5	D5	327	327	1	4	417	95	96	len 
121	9	Mi5b3	E5b4	333	332	1	8	208	99	96	ki
122	9	Re5	D5	327	327	1	8	208	99	96	
123	9	Do5	C5	318	318	1	8	208	95	96	
124	9	Do5	C5	318	318	1	8	208	99	96	min 
125	9	Si4b2	B4b1	312	313	1	8	208	95	96	
126	9	Si4b2	B4b1	312	313	1	8	208	95	96	dos
127	9	La4	A4	305	305	1	8	208	95	96	
128	9	La4	A4	305	305	1	4	417	95	96	tu  
129	9	Sol5	G5	349	349	1	4	417	95	96	SAZ
130	9	Fa5#3	F5#4	343	344	1	16	104	95	96	.
131	9	La5	A5	358	358	1	16	104	95	96	.
132	9	Sol5	G5	349	349	1	4	417	95	96	.
133	9	Fa5#3	F5#4	343	344	1	8	208	95	96	Gö
134	9	Sol5	G5	349	349	1	8	208	95	96	ren 
135	9	Sol5	G5	349	349	1	4	417	95	96	ma
136	9	Sol5	G5	349	349	1	8	208	99	96	þal
137	9	Fa5#3	F5#4	343	344	1	8	208	99	96	
138	9	Mi5b3	E5b4	333	332	1	8	208	95	96	
139	9	Fa5#3	F5#4	343	344	1	8	208	99	96	lah 
140	9	Mi5b3	E5b4	333	332	1	8	208	95	96	
141	9	Mi5b3	E5b4	333	332	1	8	208	99	96	de
142	9	Re5	D5	327	327	1	8	208	95	96	
143	9	Re5	D5	327	327	2	8	416	95	96	sin 
144	9	Sol5	G5	349	349	1	8	208	99	96	i
145	9	Fa5#3	F5#4	343	344	1	8	208	95	96	
146	9	Sol5	G5	349	349	1	8	208	95	96	ma
147	9	La5	A5	358	358	2	8	416	95	96	ným  
148	9	Fa5#3	F5#4	343	344	1	8	208	95	96	Gö
149	9	Sol5	G5	349	349	1	8	208	95	96	ren 
150	9	Sol5	G5	349	349	1	4	417	95	96	ma
151	9	Sol5	G5	349	349	1	8	208	99	96	þal
152	9	Fa5#3	F5#4	343	344	1	8	208	99	96	
153	9	Mi5b3	E5b4	333	332	1	8	208	95	96	
154	9	Fa5#3	F5#4	343	344	1	8	208	99	96	lah 
155	9	Mi5b3	E5b4	333	332	1	8	208	95	96	
156	9	Mi5b3	E5b4	333	332	1	8	208	99	96	de
157	9	Re5	D5	327	327	1	8	208	95	96	
158	9	Re5	D5	327	327	2	8	416	95	96	sin 
159	9	Mi5b3	E5b4	333	332	1	8	208	99	96	i
160	9	Re5	D5	327	327	1	8	208	95	96	
161	9	Do5	C5	318	318	1	8	208	95	96	ma
162	9	Re5	D5	327	327	2	8	416	95	96	ným  
163	9	Si4b2	B4b1	312	313	1	8	208	95	96	Ki
164	9	Do5	C5	318	318	1	8	208	95	96	min 
165	9	Re5	D5	327	327	1	4	417	95	96	var 
166	9	Mi5b3	E5b4	333	332	1	8	208	99	96	böy
167	9	Re5	D5	327	327	1	8	208	99	96	
168	9	Do5	C5	318	318	1	8	208	95	96	
169	9	Mi5b3	E5b4	333	332	3	16	312	99	96	le 
170	9	Re5	D5	327	327	1	16	104	95	96	
171	9	Do5	C5	318	318	1	8	208	99	96	dos
172	9	Si4b2	B4b1	312	313	1	8	208	95	96	
173	9	Do5	C5	318	318	2	8	416	95	96	tu 
174	9	Mi5b1	E5b1	335	335	1	4	417	95	96	i
175	9	Re5	D5	327	327	1	8	208	95	96	ma
176	9	Mi5b1	E5b1	335	335	2	8	416	95	96	ným  
177	9	Si4b2	B4b1	312	313	1	8	208	95	96	Ki
178	9	Do5	C5	318	318	1	8	208	95	96	min 
179	9	Re5	D5	327	327	1	4	417	95	96	var 
180	9	Mi5b3	E5b4	333	332	1	8	208	99	96	böy
181	9	Re5	D5	327	327	1	8	208	99	96	
182	9	Do5	C5	318	318	1	8	208	95	96	
183	9	Do5	C5	318	318	1	8	208	99	96	le 
184	9	Si4b2	B4b1	312	313	1	8	208	95	96	
185	9	Si4b2	B4b1	312	313	1	8	208	99	96	dos
186	9	La4	A4	305	305	1	8	208	95	96	
187	9	La4	A4	305	305	1	4	417	95	96	tu  
188	9	La4	A4	305	305	1	16	104	95	96	SAZ
189	9	Si4b2	B4b1	312	313	1	16	104	95	96	.
190	9	Do5	C5	318	318	1	16	104	95	96	.
191	9	Re5	D5	327	327	1	16	104	95	96	.
192	9	Mi5b3	E5b4	333	332	1	16	104	95	96	.
193	9	Re5	D5	327	327	1	16	104	95	96	.
194	9	Mi5	E5	336	336	3	16	312	95	96	Kaþ
195	9	Mi5	E5	336	336	1	16	104	95	96	la
196	9	Mi5	E5	336	336	1	8	208	95	96	rý
197	9	Mi5	E5	336	336	1	8	208	95	96	na 
198	9	Mi5	E5	336	336	3	16	312	95	96	göz
199	9	Mi5	E5	336	336	1	16	104	95	96	le
200	9	Mi5	E5	336	336	1	8	208	95	96	ri
201	9	Mi5	E5	336	336	1	8	208	95	96	ne 
202	9	Mi5	E5	336	336	1	8	208	95	96	de  
203	9	Mi5	E5	336	336	1	8	208	95	96	Yâ
204	9	Mi5	E5	336	336	1	8	208	95	96	rin 
205	9	Mi5	E5	336	336	1	8	208	95	96	þi
206	9	Mi5	E5	336	336	1	8	208	95	96	rin 
207	9	Mi5	E5	336	336	3	16	312	95	96	söz
208	9	Mi5	E5	336	336	1	16	104	95	96	le
209	9	Mi5	E5	336	336	1	8	208	95	96	ri
210	9	Mi5	E5	336	336	1	8	208	95	96	ne 
211	9	Mi5	E5	336	336	1	8	208	95	96	de  
212	9	Re5	D5	327	327	1	8	208	95	96	Ço
213	9	Re5	D5	327	327	1	8	208	95	96	lu
214	9	Re5	D5	327	327	1	8	208	95	96	ðu
215	9	Re5	D5	327	327	1	8	208	95	96	na 
216	9	Re5	D5	327	327	1	8	208	95	96	ço
217	9	Re5	D5	327	327	1	8	208	95	96	cu
218	9	Mi5b3	E5b4	333	332	1	8	208	95	96	ðu
219	9	Re5	D5	327	327	1	8	208	95	96	na 
220	9	Do5	C5	318	318	1	8	208	95	96	da 
221	9	Mi5b3	E5b4	333	332	3	16	312	99	96	ma
222	9	Re5	D5	327	327	1	16	104	95	96	
223	9	Do5	C5	318	318	1	8	208	99	96	þal
224	9	Si4b2	B4b1	312	313	1	8	208	95	96	
225	9	Do5	C5	318	318	1	4	417	95	96	lah  
226	9	Mi4b3	E4b4	280	279	1	8	208	95	96	ma
227	9	Mi4b3	E4b4	280	279	1	8	208	95	96	þal
228	9	Mi4b3	E4b4	280	279	1	8	208	95	96	lah  
229	9	Mi5	E5	336	336	3	16	312	95	96	Kaþ
230	9	Mi5	E5	336	336	1	16	104	95	96	la
231	9	Mi5	E5	336	336	1	8	208	95	96	rý
232	9	Mi5	E5	336	336	1	8	208	95	96	na 
233	9	Mi5	E5	336	336	3	16	312	95	96	göz
234	9	Mi5	E5	336	336	1	16	104	95	96	le
235	9	Mi5	E5	336	336	1	8	208	95	96	ri
236	9	Mi5	E5	336	336	1	8	208	95	96	ne 
237	9	Mi5	E5	336	336	1	8	208	95	96	de  
238	9	Mi5	E5	336	336	1	8	208	95	96	Yâ
239	9	Mi5	E5	336	336	1	8	208	95	96	rin 
240	9	Mi5	E5	336	336	1	8	208	95	96	þi
241	9	Mi5	E5	336	336	1	8	208	95	96	rin 
242	9	Mi5	E5	336	336	3	16	312	95	96	söz
243	9	Mi5	E5	336	336	1	16	104	95	96	le
244	9	Mi5	E5	336	336	1	8	208	95	96	ri
245	9	Mi5	E5	336	336	1	8	208	95	96	ne 
246	9	Mi5	E5	336	336	1	8	208	95	96	de  
247	9	Re5	D5	327	327	1	8	208	95	96	Ço
248	9	Re5	D5	327	327	1	8	208	95	96	lu
249	9	Re5	D5	327	327	1	8	208	95	96	ðu
250	9	Re5	D5	327	327	1	8	208	95	96	na 
251	9	Re5	D5	327	327	1	8	208	95	96	ço
252	9	Re5	D5	327	327	1	8	208	95	96	cu
253	9	Mi5b3	E5b4	333	332	1	8	208	95	96	ðu
254	9	Re5	D5	327	327	1	8	208	95	96	na 
255	9	Do5	C5	318	318	1	8	208	95	96	da 
256	9	Do5	C5	318	318	1	8	208	99	96	ma
257	9	Si4b2	B4b1	312	313	1	8	208	95	96	
258	9	Si4b2	B4b1	312	313	1	8	208	99	96	þal
259	9	La4	A4	305	305	1	8	208	95	96	
260	9	La4	A4	305	305	1	4	417	95	96	lah  
261	9	Sol4	G4	296	296	1	16	104	95	96	SAZ
262	9	La4	A4	305	305	1	16	104	95	96	.
263	9	Si4b2	B4b1	312	313	1	16	104	95	96	.
264	9	Do5	C5	318	318	1	16	104	95	96	.
265	9	Re5	D5	327	327	1	16	104	95	96	.
266	9	Do5	C5	318	318	1	16	104	95	96	.
267	9	Si4b2	B4b1	312	313	1	8	208	95	96	ARANAÐME
268	9	Do5	C5	318	318	1	8	208	95	96	.
269	9	Re5	D5	327	327	1	8	208	95	96	.
270	9	Mi5b3	E5b4	333	332	1	8	208	95	96	.
271	9	Re5	D5	327	327	1	8	208	95	96	.
272	9	Do5	C5	318	318	1	8	208	95	96	.
273	9	Sol5	G5	349	349	1	8	208	95	96	.
274	9	Fa5#3	F5#4	343	344	1	8	208	95	96	.
275	9	Mi5b3	E5b4	333	332	1	8	208	95	96	.
276	9	Re5	D5	327	327	1	8	208	95	96	.
277	9	Do5	C5	318	318	1	8	208	95	96	.
278	9	Si4b2	B4b1	312	313	1	8	208	95	96	.
279	9	La4	A4	305	305	1	8	208	95	96	.
280	9	Si4b2	B4b1	312	313	1	8	208	95	96	.
281	9	Do5	C5	318	318	1	8	208	95	96	.
282	9	Re5	D5	327	327	3	8	625	95	96	.
283	9	Si4b2	B4b1	312	313	1	8	208	95	96	.
284	9	Do5	C5	318	318	1	8	208	95	96	.
285	9	Re5	D5	327	327	1	8	208	95	96	.
286	9	Mi5b3	E5b4	333	332	1	8	208	95	96	.
287	9	Re5	D5	327	327	1	8	208	95	96	.
288	9	Do5	C5	318	318	1	8	208	95	96	.
289	9	Mi5b3	E5b4	333	332	1	8	208	95	96	.
290	9	Re5	D5	327	327	1	8	208	95	96	.
291	9	Do5	C5	318	318	1	8	208	95	96	.
292	9	Do5	C5	318	318	1	8	208	95	96	.
293	9	Si4b2	B4b1	312	313	1	8	208	95	96	.
294	9	Si4b2	B4b1	312	313	1	8	208	95	96	.
295	9	La4	A4	305	305	1	8	208	95	96	.
296	9	La4	A4	305	305	1	16	104	95	96	.
297	9	Si4b2	B4b1	312	313	1	16	104	95	96	.
298	9	La4	A4	305	305	1	16	104	95	96	.
299	9	Si4b2	B4b1	312	313	1	16	104	95	96	.
300	9	Sol4	G4	296	296	1	16	104	95	96	.
301	9	La4	A4	305	305	1	16	104	95	96	.
302	9	Si4b2	B4b1	312	313	1	16	104	95	96	.
303	9	Do5	C5	318	318	1	16	104	95	96	.
304	9	Re5	D5	327	327	1	16	104	95	96	.
305	9	Do5	C5	318	318	1	16	104	95	96	.
306	9	Si4b2	B4b1	312	313	1	8	208	95	96	ARANAÐME
307	9	Do5	C5	318	318	1	8	208	95	96	.
308	9	Re5	D5	327	327	1	8	208	95	96	.
309	9	Mi5b3	E5b4	333	332	1	8	208	95	96	.
310	9	Re5	D5	327	327	1	8	208	95	96	.
311	9	Do5	C5	318	318	1	8	208	95	96	.
312	9	Sol5	G5	349	349	1	8	208	95	96	.
313	9	Fa5#3	F5#4	343	344	1	8	208	95	96	.
314	9	Mi5b3	E5b4	333	332	1	8	208	95	96	.
315	9	Re5	D5	327	327	1	8	208	95	96	.
316	9	Do5	C5	318	318	1	8	208	95	96	.
317	9	Si4b2	B4b1	312	313	1	8	208	95	96	.
318	9	La4	A4	305	305	1	8	208	95	96	.
319	9	Si4b2	B4b1	312	313	1	8	208	95	96	.
320	9	Do5	C5	318	318	1	8	208	95	96	.
321	9	Re5	D5	327	327	3	8	625	95	96	.
322	9	Si4b2	B4b1	312	313	1	8	208	95	96	.
323	9	Do5	C5	318	318	1	8	208	95	96	.
324	9	Re5	D5	327	327	1	8	208	95	96	.
325	9	Mi5b3	E5b4	333	332	1	8	208	95	96	.
326	9	Re5	D5	327	327	1	8	208	95	96	.
327	9	Do5	C5	318	318	1	8	208	95	96	.
328	9	Mi5b3	E5b4	333	332	1	8	208	95	96	.
329	9	Re5	D5	327	327	1	8	208	95	96	.
330	9	Do5	C5	318	318	1	8	208	95	96	.
331	9	Do5	C5	318	318	1	8	208	95	96	.
332	9	Si4b2	B4b1	312	313	1	8	208	95	96	.
333	9	Si4b2	B4b1	312	313	1	8	208	95	96	.
334	9	La4	A4	305	305	1	8	208	95	96	.
335	9	La4	A4	305	305	1	4	417	95	96	.
336	9	Sol5	G5	349	349	1	4	417	95	96	.
337	9	Fa5#3	F5#4	343	344	1	16	104	95	96	.
338	9	La5	A5	358	358	1	16	104	95	96	.
339	9	Sol5	G5	349	349	1	4	417	95	96	.
340	9	Fa5#3	F5#4	343	344	1	8	208	95	96	Ça
341	9	Sol5	G5	349	349	1	8	208	95	96	yý
342	9	Sol5	G5	349	349	1	4	417	95	96	ra 
343	9	Sol5	G5	349	349	1	8	208	99	96	ser
344	9	Fa5#3	F5#4	343	344	1	8	208	99	96	
345	9	Mi5b3	E5b4	333	332	1	8	208	95	96	
346	9	Fa5#3	F5#4	343	344	1	8	208	99	96	dim 
347	9	Mi5b3	E5b4	333	332	1	8	208	95	96	
348	9	Mi5b3	E5b4	333	332	1	8	208	99	96	pos
349	9	Re5	D5	327	327	1	8	208	95	96	
350	9	Re5	D5	327	327	2	8	416	95	96	tu 
351	9	Sol5	G5	349	349	1	8	208	99	96	i
352	9	Fa5#3	F5#4	343	344	1	8	208	95	96	
353	9	Sol5	G5	349	349	1	8	208	95	96	ma
354	9	La5	A5	358	358	2	8	416	95	96	ným  
355	9	Fa5#3	F5#4	343	344	1	8	208	95	96	Ça
356	9	Sol5	G5	349	349	1	8	208	95	96	yý
357	9	Sol5	G5	349	349	1	4	417	95	96	ra 
358	9	Sol5	G5	349	349	1	8	208	99	96	ser
359	9	Fa5#3	F5#4	343	344	1	8	208	99	96	
360	9	Mi5b3	E5b4	333	332	1	8	208	95	96	
361	9	Fa5#3	F5#4	343	344	1	8	208	99	96	dim 
362	9	Mi5b3	E5b4	333	332	1	8	208	95	96	
363	9	Mi5b3	E5b4	333	332	1	8	208	99	96	pos
364	9	Re5	D5	327	327	1	8	208	95	96	
365	9	Re5	D5	327	327	2	8	416	95	96	tu 
366	9	Mi5b3	E5b4	333	332	1	8	208	99	96	i
367	9	Re5	D5	327	327	1	8	208	95	96	
368	9	Do5	C5	318	318	1	8	208	95	96	ma
369	9	Re5	D5	327	327	2	8	416	95	96	ným  
370	9	Si4b2	B4b1	312	313	1	8	208	95	96	Þu 
371	9	Do5	C5	318	318	1	8	208	95	96	ge
372	9	Re5	D5	327	327	1	4	417	95	96	len 
373	9	Mi5b3	E5b4	333	332	1	8	208	99	96	ki
374	9	Re5	D5	327	327	1	8	208	99	96	
375	9	Do5	C5	318	318	1	8	208	95	96	
376	9	Mi5b3	E5b4	333	332	3	16	312	99	96	min 
377	9	Re5	D5	327	327	1	16	104	95	96	
378	9	Do5	C5	318	318	1	8	208	99	96	dos
379	9	Si4b2	B4b1	312	313	1	8	208	95	96	
380	9	Do5	C5	318	318	2	8	416	95	96	tu 
381	9	Mi5b1	E5b1	335	335	1	4	417	95	96	i
382	9	Re5	D5	327	327	1	8	208	95	96	ma
383	9	Mi5b1	E5b1	335	335	2	8	416	95	96	ným  
384	9	Si4b2	B4b1	312	313	1	8	208	95	96	Þu 
385	9	Do5	C5	318	318	1	8	208	95	96	ge
386	9	Re5	D5	327	327	1	4	417	95	96	len 
387	9	Mi5b3	E5b4	333	332	1	8	208	99	96	ki
388	9	Re5	D5	327	327	1	8	208	99	96	
389	9	Do5	C5	318	318	1	8	208	95	96	
390	9	Do5	C5	318	318	1	8	208	99	96	min 
391	9	Si4b2	B4b1	312	313	1	8	208	95	96	
392	9	Si4b2	B4b1	312	313	1	8	208	95	96	dos
393	9	La4	A4	305	305	1	8	208	95	96	
394	9	La4	A4	305	305	1	4	417	95	96	tu  
395	9	Sol5	G5	349	349	1	4	417	95	96	SAZ
396	9	Fa5#3	F5#4	343	344	1	16	104	95	96	.
397	9	La5	A5	358	358	1	16	104	95	96	.
398	9	Sol5	G5	349	349	1	4	417	95	96	.
399	9	Fa5#3	F5#4	343	344	1	8	208	95	96	Gö
400	9	Sol5	G5	349	349	1	8	208	95	96	ren 
401	9	Sol5	G5	349	349	1	4	417	95	96	ma
402	9	Sol5	G5	349	349	1	8	208	99	96	þal
403	9	Fa5#3	F5#4	343	344	1	8	208	99	96	
404	9	Mi5b3	E5b4	333	332	1	8	208	95	96	
405	9	Fa5#3	F5#4	343	344	1	8	208	99	96	lah 
406	9	Mi5b3	E5b4	333	332	1	8	208	95	96	
407	9	Mi5b3	E5b4	333	332	1	8	208	99	96	de
408	9	Re5	D5	327	327	1	8	208	95	96	
409	9	Re5	D5	327	327	2	8	416	95	96	sin 
410	9	Sol5	G5	349	349	1	8	208	99	96	i
411	9	Fa5#3	F5#4	343	344	1	8	208	95	96	
412	9	Sol5	G5	349	349	1	8	208	95	96	ma
413	9	La5	A5	358	358	2	8	416	95	96	ným  
414	9	Fa5#3	F5#4	343	344	1	8	208	95	96	Gö
415	9	Sol5	G5	349	349	1	8	208	95	96	ren 
416	9	Sol5	G5	349	349	1	4	417	95	96	ma
417	9	Sol5	G5	349	349	1	8	208	99	96	þal
418	9	Fa5#3	F5#4	343	344	1	8	208	99	96	
419	9	Mi5b3	E5b4	333	332	1	8	208	95	96	
420	9	Fa5#3	F5#4	343	344	1	8	208	99	96	lah 
421	9	Mi5b3	E5b4	333	332	1	8	208	95	96	
422	9	Mi5b3	E5b4	333	332	1	8	208	99	96	de
423	9	Re5	D5	327	327	1	8	208	95	96	
424	9	Re5	D5	327	327	2	8	416	95	96	sin 
425	9	Mi5b3	E5b4	333	332	1	8	208	99	96	i
426	9	Re5	D5	327	327	1	8	208	95	96	
427	9	Do5	C5	318	318	1	8	208	95	96	ma
428	9	Re5	D5	327	327	2	8	416	95	96	ným  
429	9	Si4b2	B4b1	312	313	1	8	208	95	96	Ki
430	9	Do5	C5	318	318	1	8	208	95	96	min 
431	9	Re5	D5	327	327	1	4	417	95	96	var 
432	9	Mi5b3	E5b4	333	332	1	8	208	99	96	böy
433	9	Re5	D5	327	327	1	8	208	99	96	
434	9	Do5	C5	318	318	1	8	208	95	96	
435	9	Mi5b3	E5b4	333	332	3	16	312	99	96	le 
436	9	Re5	D5	327	327	1	16	104	95	96	
437	9	Do5	C5	318	318	1	8	208	99	96	dos
438	9	Si4b2	B4b1	312	313	1	8	208	95	96	
439	9	Do5	C5	318	318	2	8	416	95	96	tu 
440	9	Mi5b1	E5b1	335	335	1	4	417	95	96	i
441	9	Re5	D5	327	327	1	8	208	95	96	ma
442	9	Mi5b1	E5b1	335	335	2	8	416	95	96	ným  
443	9	Si4b2	B4b1	312	313	1	8	208	95	96	Ki
444	9	Do5	C5	318	318	1	8	208	95	96	min 
445	9	Re5	D5	327	327	1	4	417	95	96	var 
446	9	Mi5b3	E5b4	333	332	1	8	208	99	96	böy
447	9	Re5	D5	327	327	1	8	208	99	96	
448	9	Do5	C5	318	318	1	8	208	95	96	
449	9	Do5	C5	318	318	1	8	208	99	96	le 
450	9	Si4b2	B4b1	312	313	1	8	208	95	96	
451	9	Si4b2	B4b1	312	313	1	8	208	99	96	dos
452	9	La4	A4	305	305	1	8	208	95	96	
453	9	La4	A4	305	305	1	4	417	95	96	tu  
454	9	La4	A4	305	305	1	16	104	95	96	SAZ
455	9	Si4b2	B4b1	312	313	1	16	104	95	96	.
456	9	Do5	C5	318	318	1	16	104	95	96	.
457	9	Re5	D5	327	327	1	16	104	95	96	.
458	9	Mi5b3	E5b4	333	332	1	16	104	95	96	.
459	9	Re5	D5	327	327	1	16	104	95	96	.
460	9	Mi5	E5	336	336	3	16	312	95	96	Kaþ
461	9	Mi5	E5	336	336	1	16	104	95	96	la
462	9	Mi5	E5	336	336	1	8	208	95	96	rý
463	9	Mi5	E5	336	336	1	8	208	95	96	na 
464	9	Mi5	E5	336	336	3	16	312	95	96	göz
465	9	Mi5	E5	336	336	1	16	104	95	96	le
466	9	Mi5	E5	336	336	1	8	208	95	96	ri
467	9	Mi5	E5	336	336	1	8	208	95	96	ne 
468	9	Mi5	E5	336	336	1	8	208	95	96	de  
469	9	Mi5	E5	336	336	1	8	208	95	96	Yâ
470	9	Mi5	E5	336	336	1	8	208	95	96	rin 
471	9	Mi5	E5	336	336	1	8	208	95	96	þi
472	9	Mi5	E5	336	336	1	8	208	95	96	rin 
473	9	Mi5	E5	336	336	3	16	312	95	96	söz
474	9	Mi5	E5	336	336	1	16	104	95	96	le
475	9	Mi5	E5	336	336	1	8	208	95	96	ri
476	9	Mi5	E5	336	336	1	8	208	95	96	ne 
477	9	Mi5	E5	336	336	1	8	208	95	96	de  
478	9	Re5	D5	327	327	1	8	208	95	96	Ço
479	9	Re5	D5	327	327	1	8	208	95	96	lu
480	9	Re5	D5	327	327	1	8	208	95	96	ðu
481	9	Re5	D5	327	327	1	8	208	95	96	na 
482	9	Re5	D5	327	327	1	8	208	95	96	ço
483	9	Re5	D5	327	327	1	8	208	95	96	cu
484	9	Mi5b3	E5b4	333	332	1	8	208	95	96	ðu
485	9	Re5	D5	327	327	1	8	208	95	96	na 
486	9	Do5	C5	318	318	1	8	208	95	96	da 
487	9	Mi5b3	E5b4	333	332	3	16	312	99	96	ma
488	9	Re5	D5	327	327	1	16	104	95	96	
489	9	Do5	C5	318	318	1	8	208	99	96	þal
490	9	Si4b2	B4b1	312	313	1	8	208	95	96	
491	9	Do5	C5	318	318	1	4	417	95	96	lah  
492	9	Mi4b3	E4b4	280	279	1	8	208	95	96	ma
493	9	Mi4b3	E4b4	280	279	1	8	208	95	96	þal
494	9	Mi4b3	E4b4	280	279	1	8	208	95	96	lah  
495	9	Mi5	E5	336	336	3	16	312	95	96	Kaþ
496	9	Mi5	E5	336	336	1	16	104	95	96	la
497	9	Mi5	E5	336	336	1	8	208	95	96	rý
498	9	Mi5	E5	336	336	1	8	208	95	96	na 
499	9	Mi5	E5	336	336	3	16	312	95	96	göz
500	9	Mi5	E5	336	336	1	16	104	95	96	le
501	9	Mi5	E5	336	336	1	8	208	95	96	ri
502	9	Mi5	E5	336	336	1	8	208	95	96	ne 
503	9	Mi5	E5	336	336	1	8	208	95	96	de  
504	9	Mi5	E5	336	336	1	8	208	95	96	Yâ
505	9	Mi5	E5	336	336	1	8	208	95	96	rin 
506	9	Mi5	E5	336	336	1	8	208	95	96	þi
507	9	Mi5	E5	336	336	1	8	208	95	96	rin 
508	9	Mi5	E5	336	336	3	16	312	95	96	söz
509	9	Mi5	E5	336	336	1	16	104	95	96	le
510	9	Mi5	E5	336	336	1	8	208	95	96	ri
511	9	Mi5	E5	336	336	1	8	208	95	96	ne 
512	9	Mi5	E5	336	336	1	8	208	95	96	de  
513	9	Re5	D5	327	327	1	8	208	95	96	Ço
514	9	Re5	D5	327	327	1	8	208	95	96	lu
515	9	Re5	D5	327	327	1	8	208	95	96	ðu
516	9	Re5	D5	327	327	1	8	208	95	96	na 
517	9	Re5	D5	327	327	1	8	208	95	96	ço
518	9	Re5	D5	327	327	1	8	208	95	96	cu
519	9	Mi5b3	E5b4	333	332	1	8	208	95	96	ðu
520	9	Re5	D5	327	327	1	8	208	95	96	na 
521	9	Do5	C5	318	318	1	8	208	95	96	da 
522	9	Do5	C5	318	318	1	8	208	99	96	ma
523	9	Si4b2	B4b1	312	313	1	8	208	95	96	
524	9	Si4b2	B4b1	312	313	1	8	208	99	96	þal
525	9	La4	A4	305	305	1	8	208	95	96	
526	9	La4	A4	305	305	1	4	417	95	96	lah  
