Sira	Kod	Nota53	NotaAE	Koma53	KomaAE	Pay	Payda	Ms	LNS	Bas	Soz1	Offset
1	9	Es	Es	-1	-1	1	4	1053	100	0		0.125000
2	9	Re5	D5	327	327	1	8	526	99	96	Bir 	0.187500
3	9	Do5	C5	318	318	1	8	526	99	96		0.250000
4	9	Si4b2	B4b1	312	313	1	4	1053	95	96		0.375000
5	9	Do5	C5	318	318	1	4	1053	95	96	sa	0.500000
6	9	Re5	D5	327	327	1	4	1053	99	96	dâ 	0.625000
7	8	Fa5#3	F5#4	343	344	0	0	0	99	96		0.625000
8	9	Mi5b3	E5b4	333	332	1	8	526	99	96		0.687500
9	9	Re5	D5	327	327	1	8	526	95	96		0.750000
10	9	Re5	D5	327	327	1	4	1053	99	96	yı 	0.875000
11	8	Fa5	F5	340	340	0	0	0	99	96		0.875000
12	9	Re5	D5	327	327	1	8	526	99	96		0.937500
13	9	Mi5b3	E5b4	333	332	1	8	526	99	96		1.000000
14	9	Re5	D5	327	327	1	8	526	99	96		1.062500
15	9	Do5	C5	318	318	1	8	526	95	96		1.125000
16	9	Do5	C5	318	318	1	2	2106	95	96	dil	1.375000
17	9	Do5	C5	318	318	1	8	526	99	96	nü	1.437500
18	9	Si4b2	B4b1	312	313	1	8	526	95	96		1.500000
19	9	Si4b2	B4b1	312	313	1	16	263	99	96	vâz 	1.531250
20	9	La4	A4	305	305	1	16	263	99	96		1.562500
21	9	Si4b2	B4b1	312	313	1	16	263	99	96		1.593750
22	9	Do5	C5	318	318	1	16	263	99	96		1.625000
23	9	Si4b2	B4b1	312	313	1	8	526	99	96		1.687500
24	11	La4	A4	305	305	1	8	526	95	96		1.750000
25	9	La4	A4	305	305	3	8	1579	95	96	i	1.937500
26	9	Es	Es	-1	-1	1	8	526	100	0		2.000000
27	9	Es	Es	-1	-1	1	4	1053	100	0		2.125000
28	9	Re5	D5	327	327	1	8	526	99	96	le 	2.187500
29	9	Do5	C5	318	318	1	8	526	99	96		2.250000
30	9	Si4b2	B4b1	312	313	1	4	1053	95	96		2.375000
31	9	Do5	C5	318	318	1	4	1053	95	96	o	2.500000
32	9	Re5	D5	327	327	1	2	2105	95	96	kun	2.750000
33	23	Re5	D5	327	327	1	4	1053	99	96	sa 	2.875000
34	9	Mi5b3	E5b4	333	332	1	4	1053	99	96		3.000000
35	9	Mi5b3	E5b4	333	332	1	8	526	99	96		3.062500
36	9	Re5	D5	327	327	1	8	526	95	96		3.125000
37	9	La5	A5	358	358	1	8	526	99	96	Kar	3.187500
38	9	Sol5	G5	349	349	1	8	526	99	96		3.250000
39	9	Sol5	G5	349	349	1	8	526	99	96		3.312500
40	9	Fa5#3	F5#4	343	344	1	8	526	95	96		3.375000
41	9	Fa5#3	F5#4	343	344	1	8	526	99	96	cı	3.437500
42	9	Mi5b3	E5b4	333	332	1	8	526	95	96		3.500000
43	9	Mi5b3	E5b4	333	332	1	16	263	99	96	ğar  	3.531250
44	9	Re5	D5	327	327	1	16	263	99	96		3.562500
45	9	Mi5b3	E5b4	333	332	1	16	263	99	96		3.593750
46	9	Fa5#3	F5#4	343	344	1	16	263	99	96		3.625000
47	9	Mi5b3	E5b4	333	332	1	8	526	99	96		3.687500
48	11	Re5	D5	327	327	1	8	526	99	96		3.750000
49	9	Re5	D5	327	327	1	2	2105	95	96		4.000000
50	9	Es	Es	-1	-1	1	4	1053	100	0		4.125000
51	9	Re5	D5	327	327	1	4	1053	99	96	Kal	4.250000
52	9	Sol5	G5	349	349	1	4	1053	95	96		4.375000
53	9	Sol5	G5	349	349	1	4	1053	95	96	bi	4.500000
54	9	Fa5#3	F5#4	343	344	1	8	526	99	96	ne 	4.562500
55	9	Sol5	G5	349	349	1	8	526	99	96		4.625000
56	10	La5	A5	358	358	1	8	526	99	96		4.687500
57	8	Si5b5	B5b5	362	362	0	0	0	99	96		4.687500
58	9	La5	A5	358	358	1	16	263	99	96		4.718750
59	9	Sol5	G5	349	349	1	16	263	95	96		4.750000
60	9	La5	A5	358	358	1	16	263	99	96	gam	4.781250
61	9	Sol5	G5	349	349	1	16	263	99	96		4.812500
62	9	Sol5	G5	349	349	1	16	263	99	96		4.843750
63	9	Fa5#3	F5#4	343	344	1	16	263	99	96		4.875000
64	9	Sol5	G5	349	349	1	4	1053	95	96		5.000000
65	9	Es	Es	-1	-1	1	4	1053	100	0		5.125000
66	9	Do5	C5	318	318	1	4	1053	99	96	dî	5.250000
67	9	Do5	C5	318	318	1	8	526	99	96		5.312500
68	9	Re5	D5	327	327	1	8	526	95	96		5.375000
69	9	Do5	C5	318	318	1	8	526	99	96	de	5.437500
70	9	Si4b2	B4b1	312	313	1	8	526	95	96		5.500000
71	9	Si4b2	B4b1	312	313	1	8	526	99	96	nin 	5.562500
72	9	La4	A4	305	305	1	8	526	99	96		5.625000
73	9	Si4b2	B4b1	312	313	1	8	526	99	96		5.687500
74	11	La4	A4	305	305	1	8	526	95	96		5.750000
75	9	La4	A4	305	305	3	8	1579	95	96	el	5.937500
76	9	Es	Es	-1	-1	1	8	526	100	0		6.000000
77	9	Es	Es	-1	-1	1	4	1053	100	0		6.125000
78	9	Si4b2	B4b1	312	313	1	8	526	99	96	bet 	6.187500
79	9	Do5	C5	318	318	1	8	526	99	96		6.250000
80	9	Re5	D5	327	327	1	8	526	99	96		6.312500
81	9	Mi5b2	E5b1	334	335	1	8	526	95	96		6.375000
82	9	Fa5#3	F5#4	343	344	1	8	526	99	96	me	6.437500
83	9	Sol5	G5	349	349	1	8	526	95	96		6.500000
84	9	La5	A5	358	358	1	8	526	99	96	ser	6.562500
85	9	Si5b5	B5b5	362	362	1	8	526	99	96		6.625000
86	9	La5	A5	358	358	1	8	526	99	96		6.687500
87	9	Sol5	G5	349	349	1	8	526	95	96		6.750000
88	12	Sol5	G5	349	349	3	16	789	99	96	ret	6.843750
89	9	Fa5#3	F5#4	343	344	1	16	263	99	96		6.875000
90	9	Mi5b2	E5b1	334	335	1	8	526	99	96		6.937500
91	9	Re5	D5	327	327	1	8	526	99	96		7.000000
92	9	Do5	C5	318	318	1	4	1053	95	96		7.125000
93	9	Do5	C5	318	318	1	8	526	99	96	ler 	7.187500
94	9	Do5	C5	318	318	1	8	526	99	96		7.250000
95	9	Do5	C5	318	318	1	4	1053	95	96		7.375000
96	9	Do5	C5	318	318	1	8	526	99	96	ya	7.437500
97	9	Si4b2	B4b1	312	313	1	8	526	95	96		7.500000
98	9	Si4b2	B4b1	312	313	1	16	263	99	96	ğar  	7.531250
99	9	La4	A4	305	305	1	16	263	99	96		7.562500
100	9	Si4b2	B4b1	312	313	1	16	263	99	96		7.593750
101	9	Do5	C5	318	318	1	16	263	99	96		7.625000
102	9	Si4b2	B4b1	312	313	1	8	526	99	96		7.687500
103	12	La4	A4	305	305	1	8	526	99	96		7.750000
104	9	La4	A4	305	305	3	8	1579	95	96		7.937500
105	9	Es	Es	-1	-1	1	8	526	100	0		8.000000
