Sira	Kod	Nota53	NotaAE	Koma53	KomaAE	Pay	Payda	Ms	LNS	Bas	Soz1	Offset
1	9	Do6	C6	371	371	1	1	2224	95	96	ARANAĞME	0.888888888889
2	9	Si5b2	B5b1	365	366	1	8	278	95	90	.	1.0
3	9	Si5b2	B5b1	365	366	1	16	139	95	90	.	1.05555555556
4	9	La5	A5	358	358	1	16	139	95	84	.	1.11111111111
5	9	Sol5	G5	349	349	1	1	2222	95	96	.	2.0
6	9	Do6	C6	371	371	9	8	2502	95	96	.	3.0
7	9	Do6	C6	371	371	1	16	139	95	90	.	3.05555555556
8	9	Si5b2	B5b1	365	366	1	16	139	95	84	.	3.11111111111
9	9	La5	A5	358	358	5	8	1389	95	96	.	3.66666666667
10	9	Es	Es	-1	-1	3	8	833	100	0	.	4.0
11	9	Fa5#3	F5#4	343	344	1	16	139	95	90	.	4.05555555556
12	9	Sol5	G5	349	349	1	16	139	95	84	.	4.11111111111
13	9	La5	A5	358	358	1	8	278	50	96	.	4.22222222222
14	9	Es	Es	-1	-1	1	4	556	100	0	.	4.44444444444
15	9	Sol5	G5	349	349	1	16	139	95	90	.	4.5
16	9	La5	A5	358	358	1	16	139	95	84	.	4.55555555556
17	9	Si5b5	B5b5	362	362	1	8	278	50	96	.	4.66666666667
18	9	Es	Es	-1	-1	3	8	833	100	0	.	5.0
19	9	Re5	D5	327	327	1	16	139	95	90	.	5.05555555556
20	9	Mi5b3	E5b4	333	332	1	16	139	95	84	.	5.11111111111
21	9	Fa5#3	F5#4	343	344	1	8	278	50	96	.	5.22222222222
22	9	Es	Es	-1	-1	1	4	556	100	0	.	5.44444444444
23	9	Mi5b3	E5b4	333	332	1	16	139	95	90	.	5.5
24	9	Fa5#3	F5#4	343	344	1	16	139	95	84	.	5.55555555556
25	9	Sol5	G5	349	349	1	8	278	50	96	.	5.66666666667
26	9	Es	Es	-1	-1	3	8	833	100	0	.	6.0
27	9	Si4b2	B4b1	312	313	1	8	278	95	96	.	6.11111111111
28	9	Do5	C5	318	318	1	8	278	95	96	.	6.22222222222
29	9	Re5	D5	327	327	1	8	278	95	96	.	6.33333333333
30	9	Mi5b3	E5b4	333	332	1	8	278	95	96	.	6.44444444444
31	9	Sol5	G5	349	349	1	8	278	95	96	.	6.55555555556
32	9	Fa5#3	F5#4	343	344	1	8	278	95	96	.	6.66666666667
33	9	Mi5b3	E5b4	333	332	1	8	278	95	96	.	6.77777777778
34	9	Re5	D5	327	327	1	8	278	95	96	.	6.88888888889
35	9	Fa5#3	F5#4	343	344	1	8	278	95	96	.	7.0
36	9	Mi5b3	E5b4	333	332	3	4	1667	95	96	.	7.66666666667
37	1	Mi5b3	E5b4	333	332	1	8	278	95	96	.	7.77777777778
38	1	Re5	D5	327	327	1	8	278	95	96	.	7.88888888889
39	1	Do5	C5	318	318	1	8	278	95	96	.	8.0
40	9	Re5	D5	327	327	1	8	278	95	96	.	8.11111111111
41	9	Mi5b3	E5b4	333	332	1	8	278	95	96	.	8.22222222222
42	9	Fa5#3	F5#4	343	344	1	8	278	95	96	.	8.33333333333
43	9	Sol5	G5	349	349	1	8	278	95	96	.	8.44444444444
44	9	Fa5#3	F5#4	343	344	1	8	278	95	96	.	8.55555555556
45	9	Mi5b3	E5b4	333	332	1	8	278	95	96	.	8.66666666667
46	9	Re5	D5	327	327	1	8	278	95	96	.	8.77777777778
47	9	Do5	C5	318	318	1	8	278	95	96	.	8.88888888889
48	9	Si4b2	B4b1	312	313	1	8	278	95	96	.	9.0
49	9	Re5	D5	327	327	3	4	1667	95	96	.	9.66666666667
50	1	Do5	C5	318	318	1	8	278	95	96	.	9.77777777778
51	1	Si4b2	B4b1	312	313	1	8	278	95	96	.	9.88888888889
52	1	La4	A4	305	305	1	8	278	95	96	.	10.0
53	9	La4	A4	305	305	1	8	278	95	96	.	10.1111111111
54	9	Si4b2	B4b1	312	313	1	8	278	95	96	.	10.2222222222
55	9	Do5	C5	318	318	1	8	278	95	96	.	10.3333333333
56	9	Re5	D5	327	327	1	8	278	95	96	.	10.4444444444
57	9	Do5	C5	318	318	1	8	278	95	96	.	10.5555555556
58	9	Si4b2	B4b1	312	313	1	8	278	95	96	.	10.6666666667
59	9	Si4b2	B4b1	312	313	1	8	278	95	96	.	10.7777777778
60	9	La4	A4	305	305	1	8	278	95	96	.	10.8888888889
61	9	Sol4	G4	296	296	1	8	278	95	96	.	11.0
62	9	La4	A4	305	305	3	8	833	95	96	.	11.3333333333
63	1	Sol5	G5	349	349	1	8	278	95	96	.	11.4444444444
64	1	Fa5#3	F5#4	343	344	1	8	278	95	96	.	11.5555555556
65	1	Sol5	G5	349	349	1	8	278	95	96	.	11.6666666667
66	1	La5	A5	358	358	1	8	278	95	96	.	11.7777777778
67	1	Si5b2	B5b1	365	366	1	8	278	95	96	.	11.8888888889
68	1	Re6	D6	380	380	1	8	278	95	96	.	12.0
69	1	Do6	C6	371	371	1	4	556	95	96	.	12.2222222222
70	9	La5	A5	358	358	1	8	278	95	96	Ka	12.3333333333
71	9	Si5b2	B5b1	365	366	1	8	278	95	96	ra 	12.4444444444
72	9	Do6	C6	371	371	1	8	278	99	96	bu	12.5555555556
73	9	Do6	C6	371	371	1	16	139	99	90		12.6111111111
74	9	Si5b2	B5b1	365	366	1	16	139	95	84		12.6666666667
75	9	Do6	C6	371	371	3	8	833	95	96	lut	13.0
76	9	Si5b2	B5b1	365	366	1	8	278	95	96	la	13.1111111111
77	9	Do6	C6	371	371	1	4	556	99	96	rı 	13.3333333333
78	9	Si5b2	B5b1	365	366	1	8	278	95	96		13.4444444444
79	9	Do6	C6	371	371	1	8	278	99	96	kal	13.5555555556
80	9	Si5b2	B5b1	365	366	1	8	278	95	96		13.6666666667
81	9	Do6	C6	371	371	1	4	556	99	96	dır 	13.8888888889
82	9	Si5b2	B5b1	365	366	1	8	278	95	96		14.0
83	10	Do6	C6	371	371	1	8	278	95	96	a	14.1111111111
84	8	Re6	D6	380	380	0	0	0	95	90		14.1111111111
85	9	Do6	C6	371	371	1	16	139	99	96	ra	14.1666666667
86	9	Si5b2	B5b1	365	366	1	16	139	95	96		14.2222222222
87	9	Si5b2	B5b1	365	366	1	4	556	95	96	dan  	14.4444444444
88	9	Es	Es	-1	-1	5	8	1389	100	0		15.0
89	10	Si5b2	B5b1	365	366	1	8	278	95	96	vay_	15.1111111111
90	8	Do6	C6	371	371	0	0	0	95	90		15.1111111111
91	9	Si5b2	B5b1	365	366	1	16	139	99	96	a	15.1666666667
92	9	La5	A5	358	358	1	16	139	95	96		15.2222222222
93	9	La5	A5	358	358	1	4	556	95	96	man 	15.4444444444
94	9	Es	Es	-1	-1	5	8	1389	100	0		16.0
95	10	La5	A5	358	358	1	8	278	95	96	vay_	16.1111111111
96	8	Si5b2	B5b1	365	366	0	0	0	95	90		16.1111111111
97	9	La5	A5	358	358	1	16	139	99	96	a	16.1666666667
98	9	Sol5	G5	349	349	1	16	139	95	96		16.2222222222
99	9	Sol5	G5	349	349	1	4	556	95	96	man 	16.4444444444
100	9	Es	Es	-1	-1	5	8	1389	100	0		17.0
101	10	Sol5	G5	349	349	1	8	278	95	96	vay_	17.1111111111
102	8	La5	A5	358	358	0	0	0	95	90		17.1111111111
103	9	Sol5	G5	349	349	1	16	139	99	96	a	17.1666666667
104	9	Fa5#3	F5#4	343	344	1	16	139	95	96		17.2222222222
105	9	Fa5#3	F5#4	343	344	1	2	1111	99	96	man 	17.6666666667
106	9	Do6	C6	371	371	1	8	278	99	96		17.7777777778
107	9	Si5b2	B5b1	365	366	1	8	278	99	96		17.8888888889
108	9	La5	A5	358	358	1	8	278	95	96		18.0
109	9	La5	A5	358	358	3	4	1667	99	96	vay  	18.6666666667
110	9	Sol5	G5	349	349	1	8	278	99	96		18.7777777778
111	9	Fa5#3	F5#4	343	344	1	8	278	99	96		18.8888888889
112	9	Mi5b3	E5b4	333	332	1	8	278	95	96		19.0
113	9	Mi5b3	E5b4	333	332	1	8	278	95	96	Be	19.1111111111
114	9	Mi5b3	E5b4	333	332	1	16	139	99	96	ri 	19.1666666667
115	9	Re5	D5	327	327	1	16	139	95	96		19.2222222222
116	9	Re5	D5	327	327	1	4	556	95	96	gel 	19.4444444444
117	9	Es	Es	-1	-1	1	4	556	100	0		19.6666666667
118	9	Do5	C5	318	318	1	8	278	99	96	gön	19.7777777778
119	9	Si4b2	B4b1	312	313	1	8	278	95	96		19.8888888889
120	9	Do5	C5	318	318	1	8	278	95	90	lü	20.0
121	9	Re5	D5	327	327	3	4	1667	99	96	me 	20.6666666667
122	9	Mi5b3	E5b4	333	332	1	8	278	99	96		20.7777777778
123	9	Re5	D5	327	327	1	8	278	99	96		20.8888888889
124	9	Do5	C5	318	318	1	8	278	95	96		21.0
125	9	La5	A5	358	358	1	8	278	99	96	çağ	21.1111111111
126	9	Sol5	G5	349	349	1	16	139	99	90		21.1666666667
127	9	La5	A5	358	358	1	16	139	95	84		21.2222222222
128	9	Sol5	G5	349	349	1	8	278	99	96	la	21.3333333333
129	9	Fa5#3	F5#4	343	344	1	16	139	99	90		21.3888888889
130	9	Sol5	G5	349	349	1	16	139	95	84		21.4444444444
131	9	Fa5#3	F5#4	343	344	1	8	278	99	96	ya	21.5555555556
132	9	Mi5b3	E5b4	333	332	1	16	139	99	90		21.6111111111
133	9	Fa5#3	F5#4	343	344	1	16	139	95	84		21.6666666667
134	9	Sol5	G5	349	349	1	8	278	99	96	nım 	21.7777777778
135	9	Mi5b3	E5b4	333	332	1	8	278	99	96		21.8888888889
136	9	Re5	D5	327	327	1	8	278	95	96		22.0
137	9	Re5	D5	327	327	1	2	1111	95	96	gel 	22.4444444444
138	9	Sol5	G5	349	349	1	16	139	95	90	SAZ	22.5
139	9	Sol5	G5	349	349	1	16	139	95	84	.	22.5555555556
140	9	Fa5#3	F5#4	343	344	1	16	139	95	90	.	22.6111111111
141	9	Sol5	G5	349	349	1	16	139	95	84	.	22.6666666667
142	9	La5	A5	358	358	1	4	556	95	96	.	22.8888888889
143	9	Es	Es	-1	-1	1	8	278	100	0		23.0
144	9	Es	Es	-1	-1	1	4	556	100	0		23.2222222222
145	9	Fa5#3	F5#4	343	344	1	8	278	95	96	Ne 	23.3333333333
146	9	Sol5	G5	349	349	1	8	278	95	96	ka	23.4444444444
147	9	La5	A5	358	358	1	4	556	95	96	dar 	23.6666666667
148	9	La5	A5	358	358	3	8	833	95	96	ö	24.0
149	9	La5	A5	358	358	1	4	556	95	96	zen	24.2222222222
150	9	La5	A5	358	358	1	4	556	95	96	miş 	24.4444444444
151	9	La5	A5	358	358	1	4	556	95	96	se	24.6666666667
152	10	La5	A5	358	358	1	8	278	99	96	ni 	24.7777777778
153	8	Si5b2	B5b1	365	366	0	0	0	99	90		24.7777777778
154	9	La5	A5	358	358	1	8	278	99	96		24.8888888889
155	9	Sol5	G5	349	349	1	8	278	95	96		25.0
156	9	Si5b5	B5b5	362	362	1	8	278	95	96	ya	25.1111111111
157	9	La5	A5	358	358	1	16	139	99	96	ra	25.1666666667
158	9	Sol5	G5	349	349	1	16	139	95	96		25.2222222222
159	9	Sol5	G5	349	349	1	4	556	95	96	dan  	25.4444444444
160	9	Es	Es	-1	-1	5	8	1389	100	0		26.0
161	9	La5	A5	358	358	1	8	278	95	96	vay_	26.1111111111
162	9	Sol5	G5	349	349	1	16	139	99	96	a	26.1666666667
163	9	Fa5#3	F5#4	343	344	1	16	139	95	96		26.2222222222
164	9	Fa5#3	F5#4	343	344	1	4	556	95	96	man 	26.4444444444
165	9	Es	Es	-1	-1	5	8	1389	100	0		27.0
166	9	Sol5	G5	349	349	1	8	278	95	96	vay_	27.1111111111
167	9	Fa5#3	F5#4	343	344	1	8	278	95	96	a	27.2222222222
168	9	Mi5b3	E5b4	333	332	1	4	556	95	96	man 	27.4444444444
169	9	Es	Es	-1	-1	5	8	1389	100	0		28.0
170	9	Fa5#3	F5#4	343	344	1	8	278	95	96	vay_	28.1111111111
171	9	Mi5b3	E5b4	333	332	1	8	278	95	96	a	28.2222222222
172	9	Re5	D5	327	327	1	2	1111	99	96	man 	28.6666666667
173	9	La5	A5	358	358	3	8	833	95	96		29.0
174	9	Re5	D5	327	327	1	4	556	95	96	vay  	29.2222222222
175	9	Es	Es	-1	-1	1	4	556	100	0		29.4444444444
176	9	Do5	C5	318	318	1	16	139	95	90	SAZ	29.5
177	9	Do5	C5	318	318	1	16	139	95	84	.	29.5555555556
178	9	Si4b2	B4b1	312	313	1	16	139	95	90	.	29.6111111111
179	9	Do5	C5	318	318	1	16	139	95	84	.	29.6666666667
180	9	Re5	D5	327	327	1	4	556	95	96	.	29.8888888889
181	9	Es	Es	-1	-1	1	8	278	100	0		30.0
182	9	Si4b2	B4b1	312	313	1	8	278	95	96	Be	30.1111111111
183	9	Do5	C5	318	318	1	8	278	95	96	ri 	30.2222222222
184	9	Re5	D5	327	327	1	4	556	95	96	gel 	30.4444444444
185	9	Es	Es	-1	-1	1	4	556	100	0		30.6666666667
186	9	Mi5b3	E5b4	333	332	3	16	417	99	96	gön	30.8333333333
187	9	Re5	D5	327	327	1	16	139	95	84		30.8888888889
188	9	Do5	C5	318	318	1	16	139	99	90	lü	30.9444444444
189	9	Si4b2	B4b1	312	313	1	16	139	95	84		31.0
190	9	Do5	C5	318	318	3	4	1667	99	96	me 	31.6666666667
191	9	Do5	C5	318	318	1	8	278	99	96		31.7777777778
192	9	Si4b2	B4b1	312	313	1	8	278	99	96		31.8888888889
193	9	La4	A4	305	305	1	8	278	95	96		32.0
194	9	Fa5#3	F5#4	343	344	1	8	278	99	96	çağ	32.1111111111
195	9	Sol5	G5	349	349	1	8	278	95	96		32.2222222222
196	9	La5	A5	358	358	1	4	556	95	96	la	32.4444444444
197	9	La5	A5	358	358	1	4	556	95	96	ya	32.6666666667
198	9	La5	A5	358	358	3	8	833	95	96	nım 	33.0
199	9	La5	A5	358	358	1	8	278	99	96	gel 	33.1111111111
200	9	Do6	C6	371	371	1	8	278	99	96		33.2222222222
201	9	Si5b2	B5b1	365	366	1	8	278	99	96		33.3333333333
202	9	La5	A5	358	358	1	8	278	99	96		33.4444444444
203	9	Sol5	G5	349	349	1	8	278	99	96		33.5555555556
204	9	Fa5#3	F5#4	343	344	1	8	278	99	96		33.6666666667
205	9	Mi5b3	E5b4	333	332	1	8	278	99	96		33.7777777778
206	9	Re5	D5	327	327	1	8	278	99	96		33.8888888889
207	9	Do5	C5	318	318	1	8	278	95	96		34.0
208	9	Si4b2	B4b1	312	313	1	8	278	99	96	çağ	34.1111111111
209	9	Do5	C5	318	318	1	8	278	95	96		34.2222222222
210	9	Re5	D5	327	327	1	8	278	99	96	la	34.3333333333
211	9	Mi5b3	E5b4	333	332	1	8	278	95	96		34.4444444444
212	9	Re5	D5	327	327	1	8	278	99	96	ya	34.5555555556
213	9	Do5	C5	318	318	1	16	139	99	90		34.6111111111
214	9	Si4b2	B4b1	312	313	1	16	139	95	84		34.6666666667
215	9	Re5	D5	327	327	1	8	278	99	96	nım 	34.7777777778
216	9	Do5	C5	318	318	1	8	278	99	96		34.8888888889
217	9	Si4b2	B4b1	312	313	1	8	278	95	96		35.0
218	9	La4	A4	305	305	3	4	1667	95	96	gel 	35.6666666667
219	9	Es	Es	-1	-1	3	8	833	100	0		36.0
220	9	Do6	C6	371	371	1	1	2224	95	96	ARANAĞME	36.8888888889
221	9	Si5b2	B5b1	365	366	1	8	278	95	90	.	37.0
222	9	Si5b2	B5b1	365	366	1	16	139	95	90	.	37.0555555556
223	9	La5	A5	358	358	1	16	139	95	84	.	37.1111111111
224	9	Sol5	G5	349	349	1	1	2222	95	96	.	38.0
225	9	Do6	C6	371	371	9	8	2502	95	96	.	39.0
226	9	Do6	C6	371	371	1	16	139	95	90	.	39.0555555556
227	9	Si5b2	B5b1	365	366	1	16	139	95	84	.	39.1111111111
228	9	La5	A5	358	358	5	8	1389	95	96	.	39.6666666667
229	9	Es	Es	-1	-1	3	8	833	100	0	.	40.0
230	9	Fa5#3	F5#4	343	344	1	16	139	95	90	.	40.0555555556
231	9	Sol5	G5	349	349	1	16	139	95	84	.	40.1111111111
232	9	La5	A5	358	358	1	8	278	50	96	.	40.2222222222
233	9	Es	Es	-1	-1	1	4	556	100	0	.	40.4444444444
234	9	Sol5	G5	349	349	1	16	139	95	90	.	40.5
235	9	La5	A5	358	358	1	16	139	95	84	.	40.5555555556
236	9	Si5b5	B5b5	362	362	1	8	278	50	96	.	40.6666666667
237	9	Es	Es	-1	-1	3	8	833	100	0	.	41.0
238	9	Re5	D5	327	327	1	16	139	95	90	.	41.0555555556
239	9	Mi5b3	E5b4	333	332	1	16	139	95	84	.	41.1111111111
240	9	Fa5#3	F5#4	343	344	1	8	278	50	96	.	41.2222222222
241	9	Es	Es	-1	-1	1	4	556	100	0	.	41.4444444444
242	9	Mi5b3	E5b4	333	332	1	16	139	95	90	.	41.5
243	9	Fa5#3	F5#4	343	344	1	16	139	95	84	.	41.5555555556
244	9	Sol5	G5	349	349	1	8	278	50	96	.	41.6666666667
245	9	Es	Es	-1	-1	3	8	833	100	0	.	42.0
246	9	Si4b2	B4b1	312	313	1	8	278	95	96	.	42.1111111111
247	9	Do5	C5	318	318	1	8	278	95	96	.	42.2222222222
248	9	Re5	D5	327	327	1	8	278	95	96	.	42.3333333333
249	9	Mi5b3	E5b4	333	332	1	8	278	95	96	.	42.4444444444
250	9	Sol5	G5	349	349	1	8	278	95	96	.	42.5555555556
251	9	Fa5#3	F5#4	343	344	1	8	278	95	96	.	42.6666666667
252	9	Mi5b3	E5b4	333	332	1	8	278	95	96	.	42.7777777778
253	9	Re5	D5	327	327	1	8	278	95	96	.	42.8888888889
254	9	Fa5#3	F5#4	343	344	1	8	278	95	96	.	43.0
255	9	Mi5b3	E5b4	333	332	3	4	1667	95	96	.	43.6666666667
256	1	Mi5b3	E5b4	333	332	1	8	278	95	96	.	43.7777777778
257	1	Re5	D5	327	327	1	8	278	95	96	.	43.8888888889
258	1	Do5	C5	318	318	1	8	278	95	96	.	44.0
259	9	Re5	D5	327	327	1	8	278	95	96	.	44.1111111111
260	9	Mi5b3	E5b4	333	332	1	8	278	95	96	.	44.2222222222
261	9	Fa5#3	F5#4	343	344	1	8	278	95	96	.	44.3333333333
262	9	Sol5	G5	349	349	1	8	278	95	96	.	44.4444444444
263	9	Fa5#3	F5#4	343	344	1	8	278	95	96	.	44.5555555556
264	9	Mi5b3	E5b4	333	332	1	8	278	95	96	.	44.6666666667
265	9	Re5	D5	327	327	1	8	278	95	96	.	44.7777777778
266	9	Do5	C5	318	318	1	8	278	95	96	.	44.8888888889
267	9	Si4b2	B4b1	312	313	1	8	278	95	96	.	45.0
268	9	Re5	D5	327	327	3	4	1667	95	96	.	45.6666666667
269	1	Do5	C5	318	318	1	8	278	95	96	.	45.7777777778
270	1	Si4b2	B4b1	312	313	1	8	278	95	96	.	45.8888888889
271	1	La4	A4	305	305	1	8	278	95	96	.	46.0
272	9	La4	A4	305	305	1	8	278	95	96	.	46.1111111111
273	9	Si4b2	B4b1	312	313	1	8	278	95	96	.	46.2222222222
274	9	Do5	C5	318	318	1	8	278	95	96	.	46.3333333333
275	9	Re5	D5	327	327	1	8	278	95	96	.	46.4444444444
276	9	Do5	C5	318	318	1	8	278	95	96	.	46.5555555556
277	9	Si4b2	B4b1	312	313	1	8	278	95	96	.	46.6666666667
278	9	Si4b2	B4b1	312	313	1	8	278	95	96	.	46.7777777778
279	9	La4	A4	305	305	1	8	278	95	96	.	46.8888888889
280	9	Sol4	G4	296	296	1	8	278	95	96	.	47.0
281	9	La4	A4	305	305	3	8	833	95	96	.	47.3333333333
282	1	Sol5	G5	349	349	1	8	278	95	96	.	47.4444444444
283	1	Fa5#3	F5#4	343	344	1	8	278	95	96	.	47.5555555556
284	1	Sol5	G5	349	349	1	8	278	95	96	.	47.6666666667
285	1	La5	A5	358	358	1	8	278	95	96	.	47.7777777778
286	1	Si5b2	B5b1	365	366	1	8	278	95	96	.	47.8888888889
287	1	Re6	D6	380	380	1	8	278	95	96	.	48.0
288	1	Do6	C6	371	371	1	4	556	95	96	.	48.2222222222
289	9	La5	A5	358	358	1	8	278	95	96	Ka	48.3333333333
290	9	Si5b2	B5b1	365	366	1	8	278	95	96	ra 	48.4444444444
291	9	Do6	C6	371	371	1	8	278	99	96	bu	48.5555555556
292	9	Do6	C6	371	371	1	16	139	99	90		48.6111111111
293	9	Si5b2	B5b1	365	366	1	16	139	95	84		48.6666666667
294	9	Do6	C6	371	371	3	8	833	95	96	lut	49.0
295	9	Si5b2	B5b1	365	366	1	8	278	95	96	la	49.1111111111
296	9	Do6	C6	371	371	1	4	556	99	96	rı 	49.3333333333
297	9	Si5b2	B5b1	365	366	1	8	278	95	96		49.4444444444
298	9	Do6	C6	371	371	1	8	278	99	96	kal	49.5555555556
299	9	Si5b2	B5b1	365	366	1	8	278	95	96		49.6666666667
300	9	Do6	C6	371	371	1	4	556	99	96	dır 	49.8888888889
301	9	Si5b2	B5b1	365	366	1	8	278	95	96		50.0
302	10	Do6	C6	371	371	1	8	278	95	96	a	50.1111111111
303	8	Re6	D6	380	380	0	0	0	95	90		50.1111111111
304	9	Do6	C6	371	371	1	16	139	99	96	ra	50.1666666667
305	9	Si5b2	B5b1	365	366	1	16	139	95	96		50.2222222222
306	9	Si5b2	B5b1	365	366	1	4	556	95	96	dan  	50.4444444444
307	9	Es	Es	-1	-1	5	8	1389	100	0		51.0
308	10	Si5b2	B5b1	365	366	1	8	278	95	96	vay_	51.1111111111
309	8	Do6	C6	371	371	0	0	0	95	90		51.1111111111
310	9	Si5b2	B5b1	365	366	1	16	139	99	96	a	51.1666666667
311	9	La5	A5	358	358	1	16	139	95	96		51.2222222222
312	9	La5	A5	358	358	1	4	556	95	96	man 	51.4444444444
313	9	Es	Es	-1	-1	5	8	1389	100	0		52.0
314	10	La5	A5	358	358	1	8	278	95	96	vay_	52.1111111111
315	8	Si5b2	B5b1	365	366	0	0	0	95	90		52.1111111111
316	9	La5	A5	358	358	1	16	139	99	96	a	52.1666666667
317	9	Sol5	G5	349	349	1	16	139	95	96		52.2222222222
318	9	Sol5	G5	349	349	1	4	556	95	96	man 	52.4444444444
319	9	Es	Es	-1	-1	5	8	1389	100	0		53.0
320	10	Sol5	G5	349	349	1	8	278	95	96	vay_	53.1111111111
321	8	La5	A5	358	358	0	0	0	95	90		53.1111111111
322	9	Sol5	G5	349	349	1	16	139	99	96	a	53.1666666667
323	9	Fa5#3	F5#4	343	344	1	16	139	95	96		53.2222222222
324	9	Fa5#3	F5#4	343	344	1	2	1111	99	96	man 	53.6666666667
325	9	Do6	C6	371	371	1	8	278	99	96		53.7777777778
326	9	Si5b2	B5b1	365	366	1	8	278	99	96		53.8888888889
327	9	La5	A5	358	358	1	8	278	95	96		54.0
328	9	La5	A5	358	358	3	4	1667	99	96	vay  	54.6666666667
329	9	Sol5	G5	349	349	1	8	278	99	96		54.7777777778
330	9	Fa5#3	F5#4	343	344	1	8	278	99	96		54.8888888889
331	9	Mi5b3	E5b4	333	332	1	8	278	95	96		55.0
332	9	Mi5b3	E5b4	333	332	1	8	278	95	96	Be	55.1111111111
333	9	Mi5b3	E5b4	333	332	1	16	139	99	96	ri 	55.1666666667
334	9	Re5	D5	327	327	1	16	139	95	96		55.2222222222
335	9	Re5	D5	327	327	1	4	556	95	96	gel 	55.4444444444
336	9	Es	Es	-1	-1	1	4	556	100	0		55.6666666667
337	9	Do5	C5	318	318	1	8	278	99	96	gön	55.7777777778
338	9	Si4b2	B4b1	312	313	1	8	278	95	96		55.8888888889
339	9	Do5	C5	318	318	1	8	278	95	90	lü	56.0
340	9	Re5	D5	327	327	3	4	1667	99	96	me 	56.6666666667
341	9	Mi5b3	E5b4	333	332	1	8	278	99	96		56.7777777778
342	9	Re5	D5	327	327	1	8	278	99	96		56.8888888889
343	9	Do5	C5	318	318	1	8	278	95	96		57.0
344	9	La5	A5	358	358	1	8	278	99	96	çağ	57.1111111111
345	9	Sol5	G5	349	349	1	16	139	99	90		57.1666666667
346	9	La5	A5	358	358	1	16	139	95	84		57.2222222222
347	9	Sol5	G5	349	349	1	8	278	99	96	la	57.3333333333
348	9	Fa5#3	F5#4	343	344	1	16	139	99	90		57.3888888889
349	9	Sol5	G5	349	349	1	16	139	95	84		57.4444444444
350	9	Fa5#3	F5#4	343	344	1	8	278	99	96	ya	57.5555555556
351	9	Mi5b3	E5b4	333	332	1	16	139	99	90		57.6111111111
352	9	Fa5#3	F5#4	343	344	1	16	139	95	84		57.6666666667
353	9	Sol5	G5	349	349	1	8	278	99	96	nım 	57.7777777778
354	9	Mi5b3	E5b4	333	332	1	8	278	99	96		57.8888888889
355	9	Re5	D5	327	327	1	8	278	95	96		58.0
356	9	Re5	D5	327	327	1	2	1111	95	96	gel 	58.4444444444
357	9	Sol5	G5	349	349	1	16	139	95	90	SAZ	58.5
358	9	Sol5	G5	349	349	1	16	139	95	84	.	58.5555555556
359	9	Fa5#3	F5#4	343	344	1	16	139	95	90	.	58.6111111111
360	9	Sol5	G5	349	349	1	16	139	95	84	.	58.6666666667
361	9	La5	A5	358	358	1	4	556	95	96	.	58.8888888889
362	9	Es	Es	-1	-1	1	8	278	100	0		59.0
363	9	Es	Es	-1	-1	1	4	556	100	0		59.2222222222
364	9	Fa5#3	F5#4	343	344	1	8	278	95	96	Ne 	59.3333333333
365	9	Sol5	G5	349	349	1	8	278	95	96	ka	59.4444444444
366	9	La5	A5	358	358	1	4	556	95	96	dar 	59.6666666667
367	9	La5	A5	358	358	3	8	833	95	96	ö	60.0
368	9	La5	A5	358	358	1	4	556	95	96	zen	60.2222222222
369	9	La5	A5	358	358	1	4	556	95	96	miş 	60.4444444444
370	9	La5	A5	358	358	1	4	556	95	96	se	60.6666666667
371	10	La5	A5	358	358	1	8	278	99	96	ni 	60.7777777778
372	8	Si5b2	B5b1	365	366	0	0	0	99	90		60.7777777778
373	9	La5	A5	358	358	1	8	278	99	96		60.8888888889
374	9	Sol5	G5	349	349	1	8	278	95	96		61.0
375	9	Si5b5	B5b5	362	362	1	8	278	95	96	ya	61.1111111111
376	9	La5	A5	358	358	1	16	139	99	96	ra	61.1666666667
377	9	Sol5	G5	349	349	1	16	139	95	96		61.2222222222
378	9	Sol5	G5	349	349	1	4	556	95	96	dan  	61.4444444444
379	9	Es	Es	-1	-1	5	8	1389	100	0		62.0
380	9	La5	A5	358	358	1	8	278	95	96	vay_	62.1111111111
381	9	Sol5	G5	349	349	1	16	139	99	96	a	62.1666666667
382	9	Fa5#3	F5#4	343	344	1	16	139	95	96		62.2222222222
383	9	Fa5#3	F5#4	343	344	1	4	556	95	96	man 	62.4444444444
384	9	Es	Es	-1	-1	5	8	1389	100	0		63.0
385	9	Sol5	G5	349	349	1	8	278	95	96	vay_	63.1111111111
386	9	Fa5#3	F5#4	343	344	1	8	278	95	96	a	63.2222222222
387	9	Mi5b3	E5b4	333	332	1	4	556	95	96	man 	63.4444444444
388	9	Es	Es	-1	-1	5	8	1389	100	0		64.0
389	9	Fa5#3	F5#4	343	344	1	8	278	95	96	vay_	64.1111111111
390	9	Mi5b3	E5b4	333	332	1	8	278	95	96	a	64.2222222222
391	9	Re5	D5	327	327	1	2	1111	99	96	man 	64.6666666667
392	9	La5	A5	358	358	3	8	833	95	96		65.0
393	9	Re5	D5	327	327	1	4	556	95	96	vay  	65.2222222222
394	9	Es	Es	-1	-1	1	4	556	100	0		65.4444444444
395	9	Do5	C5	318	318	1	16	139	95	90	SAZ	65.5
396	9	Do5	C5	318	318	1	16	139	95	84	.	65.5555555556
397	9	Si4b2	B4b1	312	313	1	16	139	95	90	.	65.6111111111
398	9	Do5	C5	318	318	1	16	139	95	84	.	65.6666666667
399	9	Re5	D5	327	327	1	4	556	95	96	.	65.8888888889
400	9	Es	Es	-1	-1	1	8	278	100	0		66.0
401	9	Si4b2	B4b1	312	313	1	8	278	95	96	Be	66.1111111111
402	9	Do5	C5	318	318	1	8	278	95	96	ri 	66.2222222222
403	9	Re5	D5	327	327	1	4	556	95	96	gel 	66.4444444444
404	9	Es	Es	-1	-1	1	4	556	100	0		66.6666666667
405	9	Mi5b3	E5b4	333	332	3	16	417	99	96	gön	66.8333333333
406	9	Re5	D5	327	327	1	16	139	95	84		66.8888888889
407	9	Do5	C5	318	318	1	16	139	99	90	lü	66.9444444444
408	9	Si4b2	B4b1	312	313	1	16	139	95	84		67.0
409	9	Do5	C5	318	318	3	4	1667	99	96	me 	67.6666666667
410	9	Do5	C5	318	318	1	8	278	99	96		67.7777777778
411	9	Si4b2	B4b1	312	313	1	8	278	99	96		67.8888888889
412	9	La4	A4	305	305	1	8	278	95	96		68.0
413	9	Fa5#3	F5#4	343	344	1	8	278	99	96	çağ	68.1111111111
414	9	Sol5	G5	349	349	1	8	278	95	96		68.2222222222
415	9	La5	A5	358	358	1	4	556	95	96	la	68.4444444444
416	9	La5	A5	358	358	1	4	556	95	96	ya	68.6666666667
417	9	La5	A5	358	358	3	8	833	95	96	nım 	69.0
418	9	La5	A5	358	358	1	8	278	99	96	gel 	69.1111111111
419	9	Do6	C6	371	371	1	8	278	99	96		69.2222222222
420	9	Si5b2	B5b1	365	366	1	8	278	99	96		69.3333333333
421	9	La5	A5	358	358	1	8	278	99	96		69.4444444444
422	9	Sol5	G5	349	349	1	8	278	99	96		69.5555555556
423	9	Fa5#3	F5#4	343	344	1	8	278	99	96		69.6666666667
424	9	Mi5b3	E5b4	333	332	1	8	278	99	96		69.7777777778
425	9	Re5	D5	327	327	1	8	278	99	96		69.8888888889
426	9	Do5	C5	318	318	1	8	278	95	96		70.0
427	9	Si4b2	B4b1	312	313	1	8	278	99	96	çağ	70.1111111111
428	9	Do5	C5	318	318	1	8	278	95	96		70.2222222222
429	9	Re5	D5	327	327	1	8	278	99	96	la	70.3333333333
430	9	Mi5b3	E5b4	333	332	1	8	278	95	96		70.4444444444
431	9	Re5	D5	327	327	1	8	278	99	96	ya	70.5555555556
432	9	Do5	C5	318	318	1	16	139	99	90		70.6111111111
433	9	Si4b2	B4b1	312	313	1	16	139	95	84		70.6666666667
434	9	Re5	D5	327	327	1	8	278	99	96	nım 	70.7777777778
435	9	Do5	C5	318	318	1	8	278	99	96		70.8888888889
436	9	Si4b2	B4b1	312	313	1	8	278	95	96		71.0
437	9	La4	A4	305	305	3	4	1667	95	96	gel 	71.6666666667
438	9	Es	Es	-1	-1	3	8	833	100	0		72.0
