Sira	Kod	Nota53	NotaAE	Koma53	KomaAE	Pay	Payda	Ms	LNS	Bas	Soz1	Offset
1	51			0	0	4	4	0	6	0	Sofyan	0.0
2	9	Es	Es	-1	-1	1	4	741	100	0		0.25
3	9	Do5	C5	318	318	1	8	370	95	96		0.375
4	9	Re5	D5	327	327	1	8	370	95	96		0.5
5	9	Re5	D5	327	327	1	4	741	95	96		0.75
6	9	La5	A5	358	358	1	4	741	95	96		1.0
7	9	Do6	C6	371	371	1	16	185	95	96		1.0625
8	9	Si5b5	B5b5	362	362	1	16	185	95	96		1.125
9	9	La5	A5	358	358	1	16	185	95	96		1.1875
10	9	Sol5	G5	349	349	1	16	185	95	96		1.25
11	9	Fa5#4	F5#4	344	344	1	16	185	95	96		1.3125
12	9	Mi5b4	E5b4	332	332	1	16	185	95	96		1.375
13	9	Mi5b4	E5b4	332	332	1	16	185	95	96		1.4375
14	9	Re5	D5	327	327	1	16	185	95	96		1.5
15	9	Re5	D5	327	327	1	4	741	95	96		1.75
16	9	Es	Es	-1	-1	1	4	741	100	0		2.0
17	9	Mi5b4	E5b4	332	332	3	16	556	95	96		2.1875
18	9	Re5	D5	327	327	1	16	185	95	96		2.25
19	9	Do5	C5	318	318	1	8	370	95	96		2.375
20	9	Re5	D5	327	327	1	8	370	95	96		2.5
21	9	Mi5b4	E5b4	332	332	3	16	556	95	96		2.6875
22	9	Re5	D5	327	327	1	16	185	95	96		2.75
23	9	Fa5#4	F5#4	344	344	1	8	370	95	96		2.875
24	9	Mi5b4	E5b4	332	332	1	16	185	95	96		2.9375
25	9	Re5	D5	327	327	1	16	185	95	96		3.0
26	9	Re5	D5	327	327	1	16	185	95	96		3.0625
27	9	Do5	C5	318	318	1	16	185	95	96		3.125
28	9	Do5	C5	318	318	1	16	185	95	96		3.1875
29	9	Si4b1	B4b1	313	313	1	16	185	95	96		3.25
30	9	Re5	D5	327	327	1	8	370	95	96		3.375
31	9	Do5	C5	318	318	1	16	185	95	96		3.4375
32	9	Si4b1	B4b1	313	313	1	16	185	95	96		3.5
33	9	Do5	C5	318	318	1	8	370	95	96		3.625
34	9	Si4b1	B4b1	313	313	1	16	185	95	96		3.6875
35	9	La4	A4	305	305	1	16	185	95	96		3.75
36	9	La4	A4	305	305	1	4	741	95	96		4.0
37	9	Es	Es	-1	-1	1	4	741	100	0		4.25
38	9	Fa5#4	F5#4	344	344	1	8	370	95	96		4.375
39	9	Sol5	G5	349	349	1	8	370	95	96		4.5
40	9	Sol5	G5	349	349	1	4	741	95	96		4.75
41	9	La5	A5	358	358	1	4	741	95	96		5.0
42	9	Si5b5	B5b5	362	362	1	16	185	95	96		5.0625
43	9	La5	A5	358	358	1	16	185	95	96		5.125
44	9	Sol5	G5	349	349	1	16	185	95	96		5.1875
45	9	Fa5#4	F5#4	344	344	1	16	185	95	96		5.25
46	9	Fa5#4	F5#4	344	344	1	16	185	95	96		5.3125
47	9	Mi5b4	E5b4	332	332	1	16	185	95	96		5.375
48	9	Mi5b4	E5b4	332	332	1	16	185	95	96		5.4375
49	9	Re5	D5	327	327	1	16	185	95	96		5.5
50	9	Re5	D5	327	327	1	16	185	95	96		5.5625
51	9	Do5	C5	318	318	1	16	185	95	96		5.625
52	9	Do5	C5	318	318	1	16	185	95	96		5.6875
53	9	Si4b1	B4b1	313	313	1	16	185	95	96		5.75
54	9	Do5	C5	318	318	1	8	370	95	96		5.875
55	9	La5	A5	358	358	1	8	370	95	96		6.0
56	9	La5	A5	358	358	3	16	556	95	96		6.1875
57	9	Sol5	G5	349	349	1	16	185	95	96		6.25
58	9	Sol5	G5	349	349	3	16	556	95	96		6.4375
59	9	Fa5#4	F5#4	344	344	1	16	185	95	96		6.5
60	9	Fa5#4	F5#4	344	344	3	16	556	95	96		6.6875
61	9	Mi5b4	E5b4	332	332	1	16	185	95	96		6.75
62	9	Mi5b4	E5b4	332	332	3	16	556	95	96		6.9375
63	9	Re5	D5	327	327	1	16	185	95	96		7.0
64	9	Mi5b4	E5b4	332	332	1	16	185	95	96		7.0625
65	9	Re5	D5	327	327	1	16	185	95	96		7.125
66	9	Do5	C5	318	318	1	16	185	95	96		7.1875
67	9	Re5	D5	327	327	1	16	185	95	96		7.25
68	9	Mi5b4	E5b4	332	332	1	16	185	95	96		7.3125
69	9	Fa5#4	F5#4	344	344	1	16	185	95	96		7.375
70	9	Mi5b4	E5b4	332	332	1	16	185	95	96		7.4375
71	9	Re5	D5	327	327	1	16	185	95	96		7.5
72	9	Re5	D5	327	327	1	4	741	95	96		7.75
73	9	Es	Es	-1	-1	1	4	741	100	0		8.0
74	9	Es	Es	-1	-1	1	4	741	100	0		8.25
75	9	Do5	C5	318	318	1	8	370	95	96		8.375
76	9	Re5	D5	327	327	1	8	370	95	96		8.5
77	9	Re5	D5	327	327	1	4	741	95	96		8.75
78	9	La5	A5	358	358	1	4	741	95	96		9.0
79	9	Do6#4	C6#4	375	375	1	16	185	95	96		9.0625
80	9	Si5b5	B5b5	362	362	1	16	185	95	96		9.125
81	9	La5	A5	358	358	1	16	185	95	96		9.1875
82	9	Sol5	G5	349	349	1	16	185	95	96		9.25
83	9	Fa5#4	F5#4	344	344	1	16	185	95	96		9.3125
84	9	Sol5	G5	349	349	1	16	185	95	96		9.375
85	9	La5	A5	358	358	1	16	185	95	96		9.4375
86	9	Si5b5	B5b5	362	362	1	16	185	95	96		9.5
87	9	Sol5	G5	349	349	1	8	370	95	96		9.625
88	9	La5	A5	358	358	1	8	370	95	96		9.75
89	9	Es	Es	-1	-1	1	4	741	100	0		10.0
90	9	Si5b5	B5b5	362	362	3	16	556	95	96		10.1875
91	9	La5	A5	358	358	1	16	185	95	96		10.25
92	9	La5	A5	358	358	3	16	556	95	96		10.4375
93	9	Sol5	G5	349	349	1	16	185	95	96		10.5
94	9	Sol5	G5	349	349	3	16	556	95	96		10.6875
95	9	Fa5#4	F5#4	344	344	1	16	185	95	96		10.75
96	9	Fa5#4	F5#4	344	344	3	16	556	95	96		10.9375
97	9	Mi5b4	E5b4	332	332	1	16	185	95	96		11.0
98	9	Re5	D5	327	327	1	8	370	95	96		11.125
99	9	Re5	D5	327	327	1	16	185	95	96		11.1875
100	9	Mi5b4	E5b4	332	332	1	16	185	95	96		11.25
101	9	Sol5	G5	349	349	1	16	185	95	96		11.3125
102	9	Fa5#4	F5#4	344	344	1	16	185	95	96		11.375
103	9	Mi5b4	E5b4	332	332	1	16	185	95	96		11.4375
104	9	Re5	D5	327	327	1	16	185	95	96		11.5
105	9	Re5	D5	327	327	1	16	185	95	96		11.5625
106	9	Do5	C5	318	318	1	16	185	95	96		11.625
107	9	Do5	C5	318	318	1	16	185	95	96		11.6875
108	9	Si4b1	B4b1	313	313	1	16	185	95	96		11.75
109	9	Do5	C5	318	318	1	4	741	95	96		12.0
110	9	Es	Es	-1	-1	1	4	741	100	0		12.25
111	9	Si4b1	B4b1	313	313	1	8	370	95	96		12.375
112	9	Do5	C5	318	318	1	8	370	95	96		12.5
113	9	Re5	D5	327	327	1	2	1481	95	96		13.0
114	9	Fa5#4	F5#4	344	344	1	16	185	95	96		13.0625
115	9	Mi5b4	E5b4	332	332	1	16	185	95	96		13.125
116	9	Mi5b4	E5b4	332	332	1	16	185	95	96		13.1875
117	9	Re5	D5	327	327	1	16	185	95	96		13.25
118	9	Re5	D5	327	327	1	16	185	95	96		13.3125
119	9	Do5	C5	318	318	1	16	185	95	96		13.375
120	9	Do5	C5	318	318	1	16	185	95	96		13.4375
121	9	Si4b1	B4b1	313	313	1	16	185	95	96		13.5
122	9	Re5	D5	327	327	1	16	185	95	96		13.5625
123	9	Do5	C5	318	318	1	16	185	95	96		13.625
124	8	Re5	D5	327	327	0	0	0	95	96		13.625
125	9	Do5	C5	318	318	1	16	185	95	96		13.6875
126	9	Re5	D5	327	327	1	16	185	95	96		13.75
127	9	Do5	C5	318	318	1	8	370	95	96		13.875
128	9	Re5	D5	327	327	1	8	370	95	96		14.0
129	9	Sol5	G5	349	349	1	16	185	95	96		14.0625
130	9	Fa5#4	F5#4	344	344	1	16	185	95	96		14.125
131	9	Mi5b4	E5b4	332	332	1	16	185	95	96		14.1875
132	9	Re5	D5	327	327	1	16	185	95	96		14.25
133	9	Re5	D5	327	327	1	16	185	95	96		14.3125
134	9	Do5	C5	318	318	1	16	185	95	96		14.375
135	9	Do5	C5	318	318	1	16	185	95	96		14.4375
136	9	Si4b1	B4b1	313	313	1	16	185	95	96		14.5
137	9	Si4b1	B4b1	313	313	3	16	556	95	96		14.6875
138	9	La4	A4	305	305	1	16	185	95	96		14.75
139	9	La4	A4	305	305	1	16	185	95	96		14.8125
140	9	Do5	C5	318	318	1	16	185	95	96		14.875
141	9	Si4b1	B4b1	313	313	1	16	185	95	96		14.9375
142	9	La4	A4	305	305	1	16	185	95	96		15.0
143	9	La4	A4	305	305	1	2	1481	95	96		15.5
144	9	Es	Es	-1	-1	1	2	1481	100	0		16.0
145	9	Fa5#4	F5#4	344	344	1	4	741	95	96		16.25
146	9	Sol5	G5	349	349	1	4	741	95	96		16.5
147	9	Sol5	G5	349	349	1	2	1481	95	96		17.0
148	9	La5	A5	358	358	1	16	185	95	96		17.0625
149	9	Sol5	G5	349	349	1	16	185	95	96		17.125
150	9	Fa5	F5	340	340	1	16	185	95	96		17.1875
151	9	Sol5	G5	349	349	1	16	185	95	96		17.25
152	9	La5	A5	358	358	1	16	185	95	96		17.3125
153	9	Si5b1	B5b1	366	366	1	16	185	95	96		17.375
154	9	La5	A5	358	358	1	16	185	95	96		17.4375
155	9	Sol5	G5	349	349	1	16	185	95	96		17.5
156	9	Sol5	G5	349	349	3	8	1111	95	96		17.875
157	9	Fa5	F5	340	340	1	8	370	95	96		18.0
158	9	La5	A5	358	358	3	16	556	95	96		18.1875
159	9	Sol5	G5	349	349	1	16	185	95	96		18.25
160	9	Sol5	G5	349	349	3	16	556	95	96		18.4375
161	9	Fa5	F5	340	340	1	16	185	95	96		18.5
162	9	La5	A5	358	358	3	16	556	95	96		18.6875
163	9	Sol5	G5	349	349	1	16	185	95	96		18.75
164	9	Sol5	G5	349	349	3	16	556	95	96		18.9375
165	9	Fa5	F5	340	340	1	16	185	95	96		19.0
166	9	Fa5	F5	340	340	1	8	370	95	96		19.125
167	9	Sol5	G5	349	349	1	4	741	95	96		19.375
168	9	Fa5	F5	340	340	1	16	185	95	96		19.4375
169	9	Mi5b4	E5b4	332	332	1	16	185	95	96		19.5
170	9	Sol5	G5	349	349	1	16	185	95	96		19.5625
171	9	Fa5	F5	340	340	1	16	185	95	96		19.625
172	9	Mi5	E5	336	336	1	16	185	95	96		19.6875
173	9	Re5#4	D5#4	331	331	1	16	185	95	96		19.75
174	9	Mi5	E5	336	336	1	4	741	95	96		20.0
175	9	Es	Es	-1	-1	1	4	741	100	0		20.25
176	9	Mi5	E5	336	336	3	16	556	95	96		20.4375
177	9	Sol5	G5	349	349	1	16	185	95	96		20.5
178	9	Fa5#4	F5#4	344	344	1	4	741	95	96		20.75
179	9	Fa5#4	F5#4	344	344	1	8	370	95	96		20.875
180	9	Sol5	G5	349	349	1	8	370	95	96		21.0
181	9	Fa5#4	F5#4	344	344	1	16	185	95	96		21.0625
182	9	Sol5	G5	349	349	1	16	185	95	96		21.125
183	9	La5b5	A5b5	353	353	1	4	741	95	96		21.375
184	9	La5b5	A5b5	353	353	1	16	185	95	96		21.4375
185	9	Sol5	G5	349	349	1	16	185	95	96		21.5
186	9	Sol5	G5	349	349	3	16	556	95	96		21.6875
187	9	Fa5#4	F5#4	344	344	1	16	185	95	96		21.75
188	9	La5b5	A5b5	353	353	1	4	741	95	96		22.0
189	9	Sol5	G5	349	349	3	8	1111	95	96		22.375
190	9	Fa5#4	F5#4	344	344	1	16	185	95	96		22.4375
191	9	Mi5b4	E5b4	332	332	1	16	185	95	96		22.5
192	9	Fa5#4	F5#4	344	344	3	8	1111	95	96		22.875
193	9	Mi5b4	E5b4	332	332	1	16	185	95	96		22.9375
194	9	Re5	D5	327	327	1	16	185	95	96		23.0
195	9	Mi5b4	E5b4	332	332	1	16	185	95	96		23.0625
196	9	Re5	D5	327	327	1	16	185	95	96		23.125
197	9	Do5	C5	318	318	1	16	185	95	96		23.1875
198	9	Re5	D5	327	327	1	16	185	95	96		23.25
199	9	Mi5b4	E5b4	332	332	1	16	185	95	96		23.3125
200	9	Fa5#4	F5#4	344	344	1	16	185	95	96		23.375
201	9	Mi5b4	E5b4	332	332	1	16	185	95	96		23.4375
202	9	Re5	D5	327	327	1	16	185	95	96		23.5
203	9	Re5	D5	327	327	1	4	741	95	96		23.75
204	9	Es	Es	-1	-1	1	4	741	100	0		24.0
205	9	Es	Es	-1	-1	1	4	741	100	0		24.25
206	9	Do5	C5	318	318	1	8	370	95	96		24.375
207	9	Re5	D5	327	327	1	8	370	95	96		24.5
208	9	Re5	D5	327	327	1	4	741	95	96		24.75
209	9	La5	A5	358	358	1	4	741	95	96		25.0
210	9	Do6#4	C6#4	375	375	1	16	185	95	96		25.0625
211	9	Si5b5	B5b5	362	362	1	16	185	95	96		25.125
212	9	La5	A5	358	358	1	16	185	95	96		25.1875
213	9	Sol5	G5	349	349	1	16	185	95	96		25.25
214	9	Fa5#4	F5#4	344	344	1	16	185	95	96		25.3125
215	9	Sol5	G5	349	349	1	16	185	95	96		25.375
216	9	La5	A5	358	358	1	16	185	95	96		25.4375
217	9	Si5b5	B5b5	362	362	1	16	185	95	96		25.5
218	9	Sol5	G5	349	349	1	8	370	95	96		25.625
219	9	La5	A5	358	358	1	8	370	95	96		25.75
220	9	Es	Es	-1	-1	1	4	741	100	0		26.0
221	9	Si5b5	B5b5	362	362	3	16	556	95	96		26.1875
222	9	La5	A5	358	358	1	16	185	95	96		26.25
223	9	La5	A5	358	358	3	16	556	95	96		26.4375
224	9	Sol5	G5	349	349	1	16	185	95	96		26.5
225	9	Sol5	G5	349	349	3	16	556	95	96		26.6875
226	9	Fa5#4	F5#4	344	344	1	16	185	95	96		26.75
227	9	Fa5#4	F5#4	344	344	3	16	556	95	96		26.9375
228	9	Mi5b4	E5b4	332	332	1	16	185	95	96		27.0
229	9	Re5	D5	327	327	1	8	370	95	96		27.125
230	9	Re5	D5	327	327	1	16	185	95	96		27.1875
231	9	Mi5b4	E5b4	332	332	1	16	185	95	96		27.25
232	9	Sol5	G5	349	349	1	16	185	95	96		27.3125
233	9	Fa5#4	F5#4	344	344	1	16	185	95	96		27.375
234	9	Mi5b4	E5b4	332	332	1	16	185	95	96		27.4375
235	9	Re5	D5	327	327	1	16	185	95	96		27.5
236	9	Re5	D5	327	327	1	16	185	95	96		27.5625
237	9	Do5	C5	318	318	1	16	185	95	96		27.625
238	9	Do5	C5	318	318	1	16	185	95	96		27.6875
239	9	Si4b1	B4b1	313	313	1	16	185	95	96		27.75
240	9	Do5	C5	318	318	1	4	741	95	96		28.0
241	9	Es	Es	-1	-1	1	4	741	100	0		28.25
242	9	Si4b1	B4b1	313	313	1	8	370	95	96		28.375
243	9	Do5	C5	318	318	1	8	370	95	96		28.5
244	9	Re5	D5	327	327	1	2	1481	95	96		29.0
245	9	Fa5#4	F5#4	344	344	1	16	185	95	96		29.0625
246	9	Mi5b4	E5b4	332	332	1	16	185	95	96		29.125
247	9	Mi5b4	E5b4	332	332	1	16	185	95	96		29.1875
248	9	Re5	D5	327	327	1	16	185	95	96		29.25
249	9	Re5	D5	327	327	1	16	185	95	96		29.3125
250	9	Do5	C5	318	318	1	16	185	95	96		29.375
251	9	Do5	C5	318	318	1	16	185	95	96		29.4375
252	9	Si4b1	B4b1	313	313	1	16	185	95	96		29.5
253	9	Re5	D5	327	327	1	16	185	95	96		29.5625
254	9	Do5	C5	318	318	1	16	185	95	96		29.625
255	8	Re5	D5	327	327	0	0	0	95	96		29.625
256	9	Do5	C5	318	318	1	16	185	95	96		29.6875
257	9	Re5	D5	327	327	1	16	185	95	96		29.75
258	9	Do5	C5	318	318	1	8	370	95	96		29.875
259	9	Re5	D5	327	327	1	8	370	95	96		30.0
260	9	Sol5	G5	349	349	1	16	185	95	96		30.0625
261	9	Fa5#4	F5#4	344	344	1	16	185	95	96		30.125
262	9	Mi5b4	E5b4	332	332	1	16	185	95	96		30.1875
263	9	Re5	D5	327	327	1	16	185	95	96		30.25
264	9	Re5	D5	327	327	1	16	185	95	96		30.3125
265	9	Do5	C5	318	318	1	16	185	95	96		30.375
266	9	Do5	C5	318	318	1	16	185	95	96		30.4375
267	9	Si4b1	B4b1	313	313	1	16	185	95	96		30.5
268	9	Si4b1	B4b1	313	313	3	16	556	95	96		30.6875
269	9	La4	A4	305	305	1	16	185	95	96		30.75
270	9	La4	A4	305	305	1	16	185	95	96		30.8125
271	9	Do5	C5	318	318	1	16	185	95	96		30.875
272	9	Si4b1	B4b1	313	313	1	16	185	95	96		30.9375
273	9	La4	A4	305	305	1	16	185	95	96		31.0
274	9	La4	A4	305	305	1	2	1481	95	96		31.5
275	9	Es	Es	-1	-1	1	2	1481	100	0		32.0
276	9	Fa5#4	F5#4	344	344	1	4	741	95	96		32.25
277	9	Sol5	G5	349	349	1	4	741	95	96		32.5
278	9	Sol5	G5	349	349	1	2	1481	95	96		33.0
279	9	La5	A5	358	358	1	16	185	95	96		33.0625
280	9	Sol5	G5	349	349	1	16	185	95	96		33.125
281	9	Fa5	F5	340	340	1	16	185	95	96		33.1875
282	9	Sol5	G5	349	349	1	16	185	95	96		33.25
283	9	La5	A5	358	358	1	16	185	95	96		33.3125
284	9	Si5b1	B5b1	366	366	1	16	185	95	96		33.375
285	9	La5	A5	358	358	1	16	185	95	96		33.4375
286	9	Sol5	G5	349	349	1	16	185	95	96		33.5
287	9	Sol5	G5	349	349	3	8	1111	95	96		33.875
288	9	Fa5	F5	340	340	1	8	370	95	96		34.0
289	9	La5	A5	358	358	3	16	556	95	96		34.1875
290	9	Sol5	G5	349	349	1	16	185	95	96		34.25
291	9	Sol5	G5	349	349	3	16	556	95	96		34.4375
292	9	Fa5	F5	340	340	1	16	185	95	96		34.5
293	9	La5	A5	358	358	3	16	556	95	96		34.6875
294	9	Sol5	G5	349	349	1	16	185	95	96		34.75
295	9	Sol5	G5	349	349	3	16	556	95	96		34.9375
296	9	Fa5	F5	340	340	1	16	185	95	96		35.0
297	9	Fa5	F5	340	340	1	8	370	95	96		35.125
298	9	Sol5	G5	349	349	1	4	741	95	96		35.375
299	9	Fa5	F5	340	340	1	16	185	95	96		35.4375
300	9	Mi5b4	E5b4	332	332	1	16	185	95	96		35.5
301	9	Sol5	G5	349	349	1	16	185	95	96		35.5625
302	9	Fa5	F5	340	340	1	16	185	95	96		35.625
303	9	Mi5	E5	336	336	1	16	185	95	96		35.6875
304	9	Re5#4	D5#4	331	331	1	16	185	95	96		35.75
305	9	Mi5	E5	336	336	1	4	741	95	96		36.0
306	9	Es	Es	-1	-1	1	4	741	100	0		36.25
307	9	Mi5	E5	336	336	3	16	556	95	96		36.4375
308	9	Sol5	G5	349	349	1	16	185	95	96		36.5
309	9	Fa5#4	F5#4	344	344	1	4	741	95	96		36.75
310	9	Fa5#4	F5#4	344	344	1	8	370	95	96		36.875
311	9	Sol5	G5	349	349	1	8	370	95	96		37.0
312	9	Fa5#4	F5#4	344	344	1	16	185	95	96		37.0625
313	9	Sol5	G5	349	349	1	16	185	95	96		37.125
314	9	La5b5	A5b5	353	353	1	4	741	95	96		37.375
315	9	La5b5	A5b5	353	353	1	16	185	95	96		37.4375
316	9	Sol5	G5	349	349	1	16	185	95	96		37.5
317	9	Sol5	G5	349	349	3	16	556	95	96		37.6875
318	9	Fa5#4	F5#4	344	344	1	16	185	95	96		37.75
319	9	La5b5	A5b5	353	353	1	4	741	95	96		38.0
320	9	Sol5	G5	349	349	3	8	1111	95	96		38.375
321	9	Fa5#4	F5#4	344	344	1	16	185	95	96		38.4375
322	9	Mi5b4	E5b4	332	332	1	16	185	95	96		38.5
323	9	Fa5#4	F5#4	344	344	3	8	1111	95	96		38.875
324	9	Mi5b4	E5b4	332	332	1	16	185	95	96		38.9375
325	9	Re5	D5	327	327	1	16	185	95	96		39.0
326	9	Mi5b4	E5b4	332	332	1	16	185	95	96		39.0625
327	9	Re5	D5	327	327	1	16	185	95	96		39.125
328	9	Do5	C5	318	318	1	16	185	95	96		39.1875
329	9	Re5	D5	327	327	1	16	185	95	96		39.25
330	9	Mi5b4	E5b4	332	332	1	16	185	95	96		39.3125
331	9	Fa5#4	F5#4	344	344	1	16	185	95	96		39.375
332	9	Mi5b4	E5b4	332	332	1	16	185	95	96		39.4375
333	9	Re5	D5	327	327	1	16	185	95	96		39.5
334	9	Re5	D5	327	327	1	4	741	95	96		39.75
335	9	Es	Es	-1	-1	1	4	741	100	0		40.0
336	9	Es	Es	-1	-1	1	4	741	100	0		40.25
337	9	Si4b1	B4b1	313	313	1	8	370	95	96		40.375
338	9	Do5	C5	318	318	1	8	370	95	96		40.5
339	9	Re5	D5	327	327	1	4	741	95	96		40.75
340	9	Re5	D5	327	327	1	4	741	95	96		41.0
341	9	Re5	D5	327	327	1	16	185	95	96		41.0625
342	9	Mi5b4	E5b4	332	332	1	16	185	95	96		41.125
343	9	Re5	D5	327	327	1	16	185	95	96		41.1875
344	9	Do5	C5	318	318	1	16	185	95	96		41.25
345	9	Fa5#4	F5#4	344	344	1	8	370	95	96		41.375
346	9	Mi5b4	E5b4	332	332	1	16	185	95	96		41.4375
347	9	Re5	D5	327	327	1	16	185	95	96		41.5
348	9	Re5	D5	327	327	1	2	1481	95	96		42.0
349	9	Es	Es	-1	-1	1	4	741	100	0		42.25
350	9	Re5	D5	327	327	1	8	370	95	96		42.375
351	9	Mi5b4	E5b4	332	332	1	8	370	95	96		42.5
352	9	Mi5b4	E5b4	332	332	1	4	741	95	96		42.75
353	9	Mi5b4	E5b4	332	332	1	8	370	95	96		42.875
354	9	Re5	D5	327	327	1	8	370	95	96		43.0
355	9	Re5	D5	327	327	3	16	556	95	96		43.1875
356	9	Do5	C5	318	318	1	16	185	95	96		43.25
357	9	Mi5b4	E5b4	332	332	1	16	185	95	96		43.3125
358	9	Re5	D5	327	327	1	16	185	95	96		43.375
359	9	Do5	C5	318	318	1	16	185	95	96		43.4375
360	9	Si4b1	B4b1	313	313	1	16	185	95	96		43.5
361	9	Do5	C5	318	318	1	4	741	95	96		43.75
362	9	Si4b1	B4b1	313	313	1	4	741	95	96		44.0
363	9	Es	Es	-1	-1	1	4	741	100	0		44.25
364	9	Si4b1	B4b1	313	313	1	8	370	95	96		44.375
365	9	Do5	C5	318	318	1	8	370	95	96		44.5
366	9	Re5	D5	327	327	1	8	370	95	96		44.625
367	9	Mi5b4	E5b4	332	332	1	16	185	95	96		44.6875
368	9	Fa5#4	F5#4	344	344	1	16	185	95	96		44.75
369	9	Mi5b4	E5b4	332	332	1	16	185	95	96		44.8125
370	9	Re5	D5	327	327	1	16	185	95	96		44.875
371	9	Do5	C5	318	318	1	8	370	95	96		45.0
372	9	Do5	C5	318	318	3	16	556	95	96		45.1875
373	9	Si4b1	B4b1	313	313	1	16	185	95	96		45.25
374	9	Si4b1	B4b1	313	313	1	16	185	95	96		45.3125
375	9	Do5	C5	318	318	1	16	185	95	96		45.375
376	9	Si4b1	B4b1	313	313	1	16	185	95	96		45.4375
377	9	La4	A4	305	305	1	16	185	95	96		45.5
378	9	La4	A4	305	305	1	4	741	95	96		45.75
379	9	Es	Es	-1	-1	1	4	741	100	0		46.0
380	9	Es	Es	-1	-1	1	4	741	100	0		46.25
381	9	Si4b1	B4b1	313	313	1	8	370	95	96		46.375
382	9	Do5	C5	318	318	1	8	370	95	96		46.5
383	9	Re5	D5	327	327	1	4	741	95	96		46.75
384	9	Re5	D5	327	327	1	4	741	95	96		47.0
385	9	Re5	D5	327	327	1	16	185	95	96		47.0625
386	9	Mi5b4	E5b4	332	332	1	16	185	95	96		47.125
387	9	Re5	D5	327	327	1	16	185	95	96		47.1875
388	9	Do5	C5	318	318	1	16	185	95	96		47.25
389	9	Fa5#4	F5#4	344	344	1	8	370	95	96		47.375
390	9	Mi5b4	E5b4	332	332	1	16	185	95	96		47.4375
391	9	Re5	D5	327	327	1	16	185	95	96		47.5
392	9	Re5	D5	327	327	1	2	1481	95	96		48.0
393	9	Es	Es	-1	-1	1	4	741	100	0		48.25
394	9	Re5	D5	327	327	1	8	370	95	96		48.375
395	9	Mi5b4	E5b4	332	332	1	8	370	95	96		48.5
396	9	Mi5b4	E5b4	332	332	1	4	741	95	96		48.75
397	9	Mi5b4	E5b4	332	332	1	8	370	95	96		48.875
398	9	Re5	D5	327	327	1	8	370	95	96		49.0
399	9	Re5	D5	327	327	3	16	556	95	96		49.1875
400	9	Do5	C5	318	318	1	16	185	95	96		49.25
401	9	Mi5b4	E5b4	332	332	1	16	185	95	96		49.3125
402	9	Re5	D5	327	327	1	16	185	95	96		49.375
403	9	Do5	C5	318	318	1	16	185	95	96		49.4375
404	9	Si4b1	B4b1	313	313	1	16	185	95	96		49.5
405	9	Do5	C5	318	318	1	4	741	95	96		49.75
406	9	Si4b1	B4b1	313	313	1	4	741	95	96		50.0
407	9	Es	Es	-1	-1	1	4	741	100	0		50.25
408	9	Si4b1	B4b1	313	313	1	8	370	95	96		50.375
409	9	Do5	C5	318	318	1	8	370	95	96		50.5
410	9	Re5	D5	327	327	1	8	370	95	96		50.625
411	9	Mi5b4	E5b4	332	332	1	16	185	95	96		50.6875
412	9	Fa5#4	F5#4	344	344	1	16	185	95	96		50.75
413	9	Mi5b4	E5b4	332	332	1	16	185	95	96		50.8125
414	9	Re5	D5	327	327	1	16	185	95	96		50.875
415	9	Do5	C5	318	318	1	8	370	95	96		51.0
416	9	Do5	C5	318	318	3	16	556	95	96		51.1875
417	9	Si4b1	B4b1	313	313	1	16	185	95	96		51.25
418	9	Si4b1	B4b1	313	313	1	16	185	95	96		51.3125
419	9	Do5	C5	318	318	1	16	185	95	96		51.375
420	9	Si4b1	B4b1	313	313	1	16	185	95	96		51.4375
421	9	La4	A4	305	305	1	16	185	95	96		51.5
422	9	La4	A4	305	305	1	4	741	95	96		51.75
423	9	Es	Es	-1	-1	1	4	741	100	0		52.0
