Sira	Kod	Nota53	NotaAE	Koma53	KomaAE	Pay	Payda	Ms	LNS	Bas	Soz1	Offset
1	51			0	0	6	4	0	11	0	Senginsemâî	0.0
2	9	Sol5	G5	349	349	1	32	119	95	96	ARANAĞME	0.0208333333333
3	9	La5b5	A5b5	353	353	1	32	119	95	96	.	0.0416666666667
4	9	Sol5	G5	349	349	1	32	119	95	96	.	0.0625
5	9	Fa5	F5	340	340	1	32	119	95	96	.	0.0833333333333
6	9	Sol5	G5	349	349	1	8	476	95	96	.	0.166666666667
7	9	Sol5	G5	349	349	1	32	119	95	96	.	0.1875
8	9	La5b5	A5b5	353	353	1	32	119	95	96	.	0.208333333333
9	9	Sol5	G5	349	349	1	32	119	95	96	.	0.229166666667
10	9	Fa5	F5	340	340	1	32	119	95	96	.	0.25
11	9	Sol5	G5	349	349	1	8	476	95	96	.	0.333333333333
12	9	Sol5	G5	349	349	1	32	119	95	96	.	0.354166666667
13	9	La5b5	A5b5	353	353	1	32	119	95	96	.	0.375
14	9	Sol5	G5	349	349	1	32	119	95	96	.	0.395833333333
15	9	Fa5	F5	340	340	1	32	119	95	96	.	0.416666666667
16	9	Sol5	G5	349	349	1	8	476	95	96	.	0.5
17	9	Sol5	G5	349	349	1	16	238	95	96	.	0.541666666667
18	9	Fa5	F5	340	340	1	32	119	95	96	.	0.5625
19	9	Mi5b5	E5b5	331	331	1	32	119	95	96	.	0.583333333333
20	9	Re5	D5	327	327	1	32	119	95	96	.	0.604166666667
21	9	Do5	C5	318	318	1	32	119	95	96	.	0.625
22	9	Si4b5	B4b5	309	309	1	32	119	95	96	.	0.645833333333
23	9	La4b5	A4b5	300	300	1	32	119	95	96	.	0.666666666667
24	9	Sol4	G4	296	296	1	4	952	95	96	.	0.833333333333
25	9	Es	Es	-1	-1	1	16	238	100	0	.	0.875
26	9	Do5	C5	318	318	1	16	238	95	96	.	0.916666666667
27	9	Re5	D5	327	327	1	16	238	95	96	.	0.958333333333
28	9	Mi5b2	E5b1	334	335	1	16	238	95	96	.	1.0
29	9	Fa5	F5	340	340	3	32	357	95	96	.	1.0625
30	9	Mi5b2	E5b1	334	335	1	32	119	95	96	.	1.08333333333
31	9	Re5	D5	327	327	1	16	238	95	96	.	1.125
32	9	Mi5b2	E5b1	334	335	1	16	238	95	96	.	1.16666666667
33	9	Fa5	F5	340	340	3	32	357	95	96	.	1.22916666667
34	9	Mi5b2	E5b1	334	335	1	32	119	95	96	.	1.25
35	9	Re5	D5	327	327	1	16	238	95	96	.	1.29166666667
36	9	Mi5b2	E5b1	334	335	1	16	238	95	96	.	1.33333333333
37	9	Fa5	F5	340	340	1	16	238	95	96	.	1.375
38	10	Sol5	G5	349	349	1	16	238	95	96	.	1.41666666667
39	8	La5b5	A5b5	353	353	0	0	0	95	96	.	1.41666666667
40	9	Sol5	G5	349	349	1	16	238	95	96	.	1.45833333333
41	9	Fa5	F5	340	340	1	16	238	95	96	.	1.5
42	9	Mi5b2	E5b1	334	335	1	24	159	95	96	.	1.52777777778
43	9	Re5	D5	327	327	1	24	159	95	96	.	1.55555555556
44	9	Mi5b2	E5b1	334	335	1	24	159	95	96	.	1.58333333333
45	9	Fa5	F5	340	340	1	24	159	95	96	.	1.61111111111
46	9	Mi5b2	E5b1	334	335	1	24	159	95	96	.	1.63888888889
47	9	Re5	D5	327	327	1	24	159	95	96	.	1.66666666667
48	9	Do5	C5	318	318	3	8	1429	95	96	.	1.91666666667
49	9	Es	Es	-1	-1	1	8	476	100	0	.	2.0
50	9	Do5	C5	318	318	1	8	476	95	96	.	2.08333333333
51	9	Re5	D5	327	327	1	16	238	95	96	.	2.125
52	9	Mi5b2	E5b1	334	335	1	16	238	95	96	.	2.16666666667
53	9	Fa5	F5	340	340	1	8	476	95	96	.	2.25
54	9	Sol5	G5	349	349	1	8	476	95	96	.	2.33333333333
55	9	Fa5	F5	340	340	1	8	476	95	96	.	2.41666666667
56	9	Mi5b2	E5b1	334	335	1	8	476	95	96	.	2.5
57	9	Re5	D5	327	327	1	8	476	95	96	.	2.58333333333
58	9	Do5	C5	318	318	1	8	476	95	96	.	2.66666666667
59	9	Si4b5	B4b5	309	309	3	8	1429	95	96	.	2.91666666667
60	9	Si4b5	B4b5	309	309	1	32	119	95	96	.	2.9375
61	9	La4b5	A4b5	300	300	1	32	119	95	96	.	2.95833333333
62	9	Sol4	G4	296	296	1	32	119	95	96	.	2.97916666667
63	9	La4b5	A4b5	300	300	1	32	119	95	96	.	3.0
64	9	Si4b5	B4b5	309	309	1	16	238	95	96	.	3.04166666667
65	9	Do5	C5	318	318	1	16	238	95	96	.	3.08333333333
66	9	Si4b5	B4b5	309	309	1	32	119	95	96	.	3.10416666667
67	9	La4b5	A4b5	300	300	1	32	119	95	96	.	3.125
68	9	Sol4	G4	296	296	1	32	119	95	96	.	3.14583333333
69	9	La4b5	A4b5	300	300	1	32	119	95	96	.	3.16666666667
70	9	Si4b5	B4b5	309	309	1	16	238	95	96	.	3.20833333333
71	9	Do5	C5	318	318	1	16	238	95	96	.	3.25
72	9	Si4b5	B4b5	309	309	1	32	119	95	96	.	3.27083333333
73	9	La4b5	A4b5	300	300	1	32	119	95	96	.	3.29166666667
74	9	Sol4	G4	296	296	1	32	119	95	96	.	3.3125
75	9	La4b5	A4b5	300	300	1	32	119	95	96	.	3.33333333333
76	9	Re5	D5	327	327	1	8	476	95	96	.	3.41666666667
77	9	Do5	C5	318	318	1	16	238	95	96	.	3.45833333333
78	9	Si4b5	B4b5	309	309	1	16	238	95	96	.	3.5
79	9	Si4b5	B4b5	309	309	1	16	238	95	96	.	3.54166666667
80	9	La4b5	A4b5	300	300	1	16	238	95	96	.	3.58333333333
81	9	La4b5	A4b5	300	300	1	16	238	95	96	.	3.625
82	9	Sol4	G4	296	296	1	16	238	95	96	.	3.66666666667
83	9	Sol4	G4	296	296	1	2	1905	95	96	.	4.0
84	9	Sol5	G5	349	349	1	32	119	95	96	ARANAĞME	4.02083333333
85	9	La5b5	A5b5	353	353	1	32	119	95	96	.	4.04166666667
86	9	Sol5	G5	349	349	1	32	119	95	96	.	4.0625
87	9	Fa5	F5	340	340	1	32	119	95	96	.	4.08333333333
88	9	Sol5	G5	349	349	1	8	476	95	96	.	4.16666666667
89	9	Sol5	G5	349	349	1	32	119	95	96	.	4.1875
90	9	La5b5	A5b5	353	353	1	32	119	95	96	.	4.20833333333
91	9	Sol5	G5	349	349	1	32	119	95	96	.	4.22916666667
92	9	Fa5	F5	340	340	1	32	119	95	96	.	4.25
93	9	Sol5	G5	349	349	1	8	476	95	96	.	4.33333333333
94	9	Sol5	G5	349	349	1	32	119	95	96	.	4.35416666667
95	9	La5b5	A5b5	353	353	1	32	119	95	96	.	4.375
96	9	Sol5	G5	349	349	1	32	119	95	96	.	4.39583333333
97	9	Fa5	F5	340	340	1	32	119	95	96	.	4.41666666667
98	9	Sol5	G5	349	349	1	8	476	95	96	.	4.5
99	9	Sol5	G5	349	349	1	16	238	95	96	.	4.54166666667
100	9	Fa5	F5	340	340	1	32	119	95	96	.	4.5625
101	9	Mi5b5	E5b5	331	331	1	32	119	95	96	.	4.58333333333
102	9	Re5	D5	327	327	1	32	119	95	96	.	4.60416666667
103	9	Do5	C5	318	318	1	32	119	95	96	.	4.625
104	9	Si4b5	B4b5	309	309	1	32	119	95	96	.	4.64583333333
105	9	La4b5	A4b5	300	300	1	32	119	95	96	.	4.66666666667
106	9	Sol4	G4	296	296	1	4	952	95	96	.	4.83333333333
107	9	Es	Es	-1	-1	1	16	238	100	0	.	4.875
108	9	Do5	C5	318	318	1	16	238	95	96	.	4.91666666667
109	9	Re5	D5	327	327	1	16	238	95	96	.	4.95833333333
110	9	Mi5b2	E5b1	334	335	1	16	238	95	96	.	5.0
111	9	Fa5	F5	340	340	3	32	357	95	96	.	5.0625
112	9	Mi5b2	E5b1	334	335	1	32	119	95	96	.	5.08333333333
113	9	Re5	D5	327	327	1	16	238	95	96	.	5.125
114	9	Mi5b2	E5b1	334	335	1	16	238	95	96	.	5.16666666667
115	9	Fa5	F5	340	340	3	32	357	95	96	.	5.22916666667
116	9	Mi5b2	E5b1	334	335	1	32	119	95	96	.	5.25
117	9	Re5	D5	327	327	1	16	238	95	96	.	5.29166666667
118	9	Mi5b2	E5b1	334	335	1	16	238	95	96	.	5.33333333333
119	9	Fa5	F5	340	340	1	16	238	95	96	.	5.375
120	10	Sol5	G5	349	349	1	16	238	95	96	.	5.41666666667
121	8	La5b5	A5b5	353	353	0	0	0	95	96	.	5.41666666667
122	9	Sol5	G5	349	349	1	16	238	95	96	.	5.45833333333
123	9	Fa5	F5	340	340	1	16	238	95	96	.	5.5
124	9	Mi5b2	E5b1	334	335	1	24	159	95	96	.	5.52777777778
125	9	Re5	D5	327	327	1	24	159	95	96	.	5.55555555556
126	9	Mi5b2	E5b1	334	335	1	24	159	95	96	.	5.58333333333
127	9	Fa5	F5	340	340	1	24	159	95	96	.	5.61111111111
128	9	Mi5b2	E5b1	334	335	1	24	159	95	96	.	5.63888888889
129	9	Re5	D5	327	327	1	24	159	95	96	.	5.66666666667
130	9	Do5	C5	318	318	3	8	1429	95	96	.	5.91666666667
131	9	Es	Es	-1	-1	1	8	476	100	0	.	6.0
132	9	Do5	C5	318	318	1	8	476	95	96	.	6.08333333333
133	9	Re5	D5	327	327	1	16	238	95	96	.	6.125
134	9	Mi5b2	E5b1	334	335	1	16	238	95	96	.	6.16666666667
135	9	Fa5	F5	340	340	1	8	476	95	96	.	6.25
136	9	Sol5	G5	349	349	1	8	476	95	96	.	6.33333333333
137	9	Fa5	F5	340	340	1	8	476	95	96	.	6.41666666667
138	9	Mi5b2	E5b1	334	335	1	8	476	95	96	.	6.5
139	9	Re5	D5	327	327	1	8	476	95	96	.	6.58333333333
140	9	Do5	C5	318	318	1	8	476	95	96	.	6.66666666667
141	9	Si4b5	B4b5	309	309	3	8	1429	95	96	.	6.91666666667
142	9	Si4b5	B4b5	309	309	1	32	119	95	96	.	6.9375
143	9	La4b5	A4b5	300	300	1	32	119	95	96	.	6.95833333333
144	9	Sol4	G4	296	296	1	32	119	95	96	.	6.97916666667
145	9	La4b5	A4b5	300	300	1	32	119	95	96	.	7.0
146	9	Si4b5	B4b5	309	309	1	16	238	95	96	.	7.04166666667
147	9	Do5	C5	318	318	1	16	238	95	96	.	7.08333333333
148	9	Si4b5	B4b5	309	309	1	32	119	95	96	.	7.10416666667
149	9	La4b5	A4b5	300	300	1	32	119	95	96	.	7.125
150	9	Sol4	G4	296	296	1	32	119	95	96	.	7.14583333333
151	9	La4b5	A4b5	300	300	1	32	119	95	96	.	7.16666666667
152	9	Si4b5	B4b5	309	309	1	16	238	95	96	.	7.20833333333
153	9	Do5	C5	318	318	1	16	238	95	96	.	7.25
154	9	Si4b5	B4b5	309	309	1	32	119	95	96	.	7.27083333333
155	9	La4b5	A4b5	300	300	1	32	119	95	96	.	7.29166666667
156	9	Sol4	G4	296	296	1	32	119	95	96	.	7.3125
157	9	La4b5	A4b5	300	300	1	32	119	95	96	.	7.33333333333
158	9	Re5	D5	327	327	1	8	476	95	96	.	7.41666666667
159	9	Do5	C5	318	318	1	16	238	95	96	.	7.45833333333
160	9	Si4b5	B4b5	309	309	1	16	238	95	96	.	7.5
161	9	Si4b5	B4b5	309	309	1	16	238	95	96	.	7.54166666667
162	9	La4b5	A4b5	300	300	1	16	238	95	96	.	7.58333333333
163	9	La4b5	A4b5	300	300	1	16	238	95	96	.	7.625
164	9	Sol4	G4	296	296	1	16	238	95	96	.	7.66666666667
165	9	Sol4	G4	296	296	1	2	1905	95	96	.	8.0
166	9	Sol5	G5	349	349	1	4	952	95	96	Der	8.16666666667
167	10	Sol5	G5	349	349	1	16	238	99	96	din 	8.20833333333
168	8	La5b5	A5b5	353	353	0	0	0	99	96		8.20833333333
169	9	Sol5	G5	349	349	1	32	119	99	96		8.22916666667
170	9	Fa5#4	F5#4	344	344	1	32	119	99	96		8.25
171	9	Sol5	G5	349	349	1	8	476	95	96		8.33333333333
172	9	La5b5	A5b5	353	353	3	16	714	99	96	ne 	8.45833333333
173	9	Sol5	G5	349	349	1	16	238	95	96		8.5
174	9	Fa5#4	F5#4	344	344	1	8	476	99	96	i	8.58333333333
175	9	Sol5	G5	349	349	1	8	476	95	96		8.66666666667
176	9	Mi5b5	E5b5	331	331	3	8	1429	95	96	se 	8.91666666667
177	9	Es	Es	-1	-1	1	8	476	100	0		9.0
178	9	Sol5	G5	349	349	1	12	317	99	96	sak	9.05555555556
179	9	Fa5	F5	340	340	1	12	317	99	96		9.11111111111
180	9	Mi5b5	E5b5	331	331	1	12	317	99	96		9.16666666667
181	9	Re5	D5	327	327	1	4	952	95	96		9.33333333333
182	10	Re5	D5	327	327	1	8	476	99	96	la	9.41666666667
183	8	Mi5b5	E5b5	331	331	0	0	0	99	96		9.41666666667
184	9	Re5	D5	327	327	1	16	238	99	96		9.45833333333
185	9	Do5	C5	318	318	1	16	238	95	96		9.5
186	9	Do5	C5	318	318	1	8	476	99	96	ma 	9.58333333333
187	9	Si4b5	B4b5	309	309	1	8	476	95	96		9.66666666667
188	9	Fa5	F5	340	340	3	32	357	99	96	mah	9.72916666667
189	9	Mi5b5	E5b5	331	331	1	32	119	99	96		9.75
190	9	Re5	D5	327	327	3	32	357	99	96		9.8125
191	9	Do5	C5	318	318	1	32	119	99	96		9.83333333333
192	9	Si4b5	B4b5	309	309	3	32	357	99	96		9.89583333333
193	9	La4b5	A4b5	300	300	1	32	119	99	96		9.91666666667
194	9	Sol4	G4	296	296	1	8	476	95	96		10.0
195	9	Sol5	G5	349	349	1	16	238	99	96	rem 	10.0416666667
196	9	Fa5	F5	340	340	1	16	238	99	96		10.0833333333
197	9	Mi5b2	E5b1	334	335	1	16	238	99	96		10.125
198	9	Re5	D5	327	327	1	16	238	99	96		10.1666666667
199	9	Mi5b2	E5b1	334	335	1	16	238	99	96		10.2083333333
200	9	Fa5	F5	340	340	1	16	238	99	96		10.25
201	8	Sol5	G5	349	349	0	0	0	95	96		10.25
202	9	Sol5	G5	349	349	1	8	476	95	96		10.3333333333
203	9	Fa5	F5	340	340	1	16	238	99	96	o	10.375
204	9	Mi5b2	E5b1	334	335	1	32	119	99	96		10.3958333333
205	9	Re5	D5	327	327	1	32	119	99	96		10.4166666667
206	9	Mi5b2	E5b1	334	335	1	16	238	99	96		10.4583333333
207	9	Fa5	F5	340	340	1	16	238	95	96		10.5
208	9	Mi5b2	E5b1	334	335	3	32	357	99	96	la	10.5625
209	9	Re5	D5	327	327	1	32	119	99	96		10.5833333333
210	9	Do5	C5	318	318	1	8	476	95	96		10.6666666667
211	9	Mi5b2	E5b1	334	335	1	8	476	99	96	yım 	10.75
212	9	Fa5	F5	340	340	1	8	476	99	96		10.8333333333
213	9	Sol5	G5	349	349	1	8	476	99	96		10.9166666667
214	8	Si5b5	B5b5	362	362	0	0	0	99	96		10.9166666667
215	9	La5b5	A5b5	353	353	1	16	238	99	96		10.9583333333
216	9	Sol5	G5	349	349	1	16	238	95	96		11.0
217	9	Sol5	G5	349	349	1	2	1905	95	96	ben  	11.3333333333
218	9	Sol5	G5	349	349	3	32	357	95	96	SAZ	11.3958333333
219	9	Fa5	F5	340	340	1	32	119	95	96	.	11.4166666667
220	9	Fa5	F5	340	340	3	32	357	95	96	.	11.4791666667
221	9	Mi5b5	E5b5	331	331	1	32	119	95	96	.	11.5
222	9	Mi5b5	E5b5	331	331	3	32	357	95	96	.	11.5625
223	9	Re5	D5	327	327	1	32	119	95	96	.	11.5833333333
224	9	Re5	D5	327	327	3	32	357	95	96	.	11.6458333333
225	9	Do5	C5	318	318	1	32	119	95	96	.	11.6666666667
226	9	Do5	C5	318	318	3	32	357	95	96	.	11.7291666667
227	9	Si4b5	B4b5	309	309	1	32	119	95	96	.	11.75
228	9	Si4b5	B4b5	309	309	3	32	357	95	96	.	11.8125
229	9	La4b5	A4b5	300	300	1	32	119	95	96	.	11.8333333333
230	9	La4b5	A4b5	300	300	3	32	357	95	96	.	11.8958333333
231	9	Sol4	G4	296	296	1	32	119	95	96	.	11.9166666667
232	9	Sol4	G4	296	296	1	8	476	95	96	.	12.0
233	9	Sol5	G5	349	349	1	4	952	95	96	Der	12.1666666667
234	10	Sol5	G5	349	349	1	16	238	99	96	din 	12.2083333333
235	8	La5b5	A5b5	353	353	0	0	0	99	96		12.2083333333
236	9	Sol5	G5	349	349	1	32	119	99	96		12.2291666667
237	9	Fa5#4	F5#4	344	344	1	32	119	99	96		12.25
238	9	Sol5	G5	349	349	1	8	476	95	96		12.3333333333
239	9	La5b5	A5b5	353	353	3	16	714	99	96	ne 	12.4583333333
240	9	Sol5	G5	349	349	1	16	238	95	96		12.5
241	9	Fa5#4	F5#4	344	344	1	8	476	99	96	i	12.5833333333
242	9	Sol5	G5	349	349	1	8	476	95	96		12.6666666667
243	9	Mi5b5	E5b5	331	331	3	8	1429	95	96	se 	12.9166666667
244	9	Es	Es	-1	-1	1	8	476	100	0		13.0
245	9	Sol5	G5	349	349	1	12	317	99	96	sak	13.0555555556
246	9	Fa5	F5	340	340	1	12	317	99	96		13.1111111111
247	9	Mi5b5	E5b5	331	331	1	12	317	99	96		13.1666666667
248	9	Re5	D5	327	327	1	4	952	95	96		13.3333333333
249	10	Re5	D5	327	327	1	8	476	99	96	la	13.4166666667
250	8	Mi5b5	E5b5	331	331	0	0	0	99	96		13.4166666667
251	9	Re5	D5	327	327	1	16	238	99	96		13.4583333333
252	9	Do5	C5	318	318	1	16	238	95	96		13.5
253	9	Do5	C5	318	318	1	8	476	99	96	ma 	13.5833333333
254	9	Si4b5	B4b5	309	309	1	8	476	95	96		13.6666666667
255	9	Fa5	F5	340	340	3	32	357	99	96	mah	13.7291666667
256	9	Mi5b5	E5b5	331	331	1	32	119	99	96		13.75
257	9	Re5	D5	327	327	3	32	357	99	96		13.8125
258	9	Do5	C5	318	318	1	32	119	99	96		13.8333333333
259	9	Si4b5	B4b5	309	309	3	32	357	99	96		13.8958333333
260	9	La4b5	A4b5	300	300	1	32	119	99	96		13.9166666667
261	9	Sol4	G4	296	296	1	8	476	95	96		14.0
262	9	Sol5	G5	349	349	1	16	238	99	96	rem 	14.0416666667
263	9	Fa5	F5	340	340	1	16	238	99	96		14.0833333333
264	9	Mi5b2	E5b1	334	335	1	16	238	99	96		14.125
265	9	Re5	D5	327	327	1	16	238	99	96		14.1666666667
266	9	Mi5b2	E5b1	334	335	1	16	238	99	96		14.2083333333
267	9	Fa5	F5	340	340	1	16	238	99	96		14.25
268	8	Sol5	G5	349	349	0	0	0	95	96		14.25
269	9	Sol5	G5	349	349	1	8	476	95	96		14.3333333333
270	9	Fa5	F5	340	340	1	16	238	99	96	o	14.375
271	9	Mi5b2	E5b1	334	335	1	32	119	99	96		14.3958333333
272	9	Re5	D5	327	327	1	32	119	99	96		14.4166666667
273	9	Mi5b2	E5b1	334	335	1	16	238	99	96		14.4583333333
274	9	Fa5	F5	340	340	1	16	238	95	96		14.5
275	9	Mi5b2	E5b1	334	335	3	32	357	99	96	la	14.5625
276	9	Re5	D5	327	327	1	32	119	99	96		14.5833333333
277	9	Do5	C5	318	318	1	8	476	95	96		14.6666666667
278	9	Mi5b2	E5b1	334	335	1	8	476	99	96	yım 	14.75
279	9	Fa5	F5	340	340	1	8	476	99	96		14.8333333333
280	9	Sol5	G5	349	349	1	8	476	99	96		14.9166666667
281	8	Si5b5	B5b5	362	362	0	0	0	99	96		14.9166666667
282	9	La5b5	A5b5	353	353	1	16	238	99	96		14.9583333333
283	9	Sol5	G5	349	349	1	16	238	95	96		15.0
284	9	Sol5	G5	349	349	1	2	1905	95	96	ben  	15.3333333333
285	9	Sol5	G5	349	349	1	16	238	95	96	SAZ	15.375
286	9	La5b5	A5b5	353	353	1	16	238	95	96	.	15.4166666667
287	9	Sol5	G5	349	349	1	16	238	95	96	.	15.4583333333
288	9	Fa5	F5	340	340	1	16	238	95	96	.	15.5
289	9	Mi5b5	E5b5	331	331	3	32	357	95	96	.	15.5625
290	9	Re5	D5	327	327	1	32	119	95	96	.	15.5833333333
291	9	Mi5b5	E5b5	331	331	1	16	238	95	96	.	15.625
292	9	Fa5	F5	340	340	1	16	238	95	96	.	15.6666666667
293	9	Sol5	G5	349	349	1	2	1905	95	96	.	16.0
294	9	La5b5	A5b5	353	353	1	8	476	99	96	Cür	16.0833333333
295	9	Sol5	G5	349	349	1	16	238	99	96		16.125
296	9	Fa5	F5	340	340	1	16	238	95	96		16.1666666667
297	9	Si5b5	B5b5	362	362	1	8	476	99	96	müm 	16.25
298	9	La5b5	A5b5	353	353	1	16	238	99	96		16.2916666667
299	9	Sol5	G5	349	349	1	16	238	95	96		16.3333333333
300	9	Do6	C6	371	371	1	8	476	99	96	ne 	16.4166666667
301	9	Si5b5	B5b5	362	362	1	16	238	99	96		16.4583333333
302	9	La5b2	A5b1	356	357	1	16	238	95	96		16.5
303	9	Si5b5	B5b5	362	362	3	32	357	99	96	i	16.5625
304	10	La5b2	A5b1	356	357	1	32	119	99	96		16.5833333333
305	8	Si5b5	B5b5	362	362	0	0	0	99	96		16.5833333333
306	9	La5b2	A5b1	356	357	3	32	357	99	96		16.6458333333
307	9	Sol5	G5	349	349	1	32	119	95	96		16.6666666667
308	9	Sol5	G5	349	349	1	2	1905	95	96	se 	17.0
309	9	Si5b5	B5b5	362	362	1	8	476	99	96	söy	17.0833333333
310	9	La5b5	A5b5	353	353	1	8	476	99	96		17.1666666667
311	9	Sol5	G5	349	349	1	8	476	99	96		17.25
312	9	Fa5	F5	340	340	1	8	476	95	96		17.3333333333
313	9	Mi5b5	E5b5	331	331	3	32	357	99	96	le 	17.3958333333
314	9	Re5	D5	327	327	1	32	119	99	96		17.4166666667
315	9	Do5	C5	318	318	1	8	476	95	96		17.5
316	9	Re5	D5	327	327	1	8	476	99	96	de 	17.5833333333
317	9	Mi5b2	E5b1	334	335	1	16	238	99	96		17.625
318	9	Sol5	G5	349	349	1	16	238	95	96		17.6666666667
319	9	Fa5	F5	340	340	1	2	1905	95	96	mah	18.0
320	10	Fa5	F5	340	340	1	16	238	99	96	kûm 	18.0416666667
321	8	Sol5	G5	349	349	0	0	0	99	96		18.0416666667
322	9	Fa5	F5	340	340	1	16	238	99	96		18.0833333333
323	9	Mi5b2	E5b1	334	335	1	16	238	99	96		18.125
324	9	Re5b3	D5b4	324	323	1	16	238	99	96		18.1666666667
325	9	Do5	C5	318	318	1	4	952	95	96		18.3333333333
326	10	Do5	C5	318	318	1	8	476	99	96	ka	18.4166666667
327	8	Re5b4	D5b4	323	323	0	0	0	99	96		18.4166666667
328	9	Do5	C5	318	318	1	16	238	99	96		18.4583333333
329	9	Si4b5	B4b5	309	309	1	16	238	95	96		18.5
330	9	La4b2	A4b1	303	304	1	4	952	95	96	la	18.6666666667
331	9	Si4b5	B4b5	309	309	1	8	476	99	96	yım 	18.75
332	9	Do5	C5	318	318	1	8	476	99	96		18.8333333333
333	10	Do5	C5	318	318	1	16	238	99	96		18.875
334	8	Re5b4	D5b4	323	323	0	0	0	99	96		18.875
335	9	Si4b5	B4b5	309	309	1	16	238	99	96		18.9166666667
336	9	Si4b5	B4b5	309	309	1	16	238	99	96		18.9583333333
337	9	La4b2	A4b1	303	304	1	16	238	95	96		19.0
338	9	La4b2	A4b1	303	304	1	2	1905	95	96	ben  	19.3333333333
339	9	Do5	C5	318	318	3	16	714	95	96	SAZ	19.4583333333
340	10	Si4b5	B4b5	309	309	1	16	238	95	96	.	19.5
341	8	Do5	C5	318	318	0	0	0	95	96	.	19.5
342	9	Do5	C5	318	318	1	16	238	95	96	.	19.5416666667
343	9	Si4b5	B4b5	309	309	1	16	238	95	96	.	19.5833333333
344	9	La4b2	A4b1	303	304	1	16	238	95	96	.	19.625
345	9	Si4b5	B4b5	309	309	1	16	238	95	96	.	19.6666666667
346	9	Do5	C5	318	318	1	2	1905	95	96	.	20.0
347	9	Do5	C5	318	318	1	4	952	95	96	Cür	20.1666666667
348	9	Re5b3	D5b4	324	323	1	4	952	95	96	müm 	20.3333333333
349	9	Mi5b2	E5b1	334	335	1	4	952	95	96	ne 	20.5
350	9	Fa5	F5	340	340	1	8	476	99	96	i	20.5833333333
351	9	La5b5	A5b5	353	353	1	8	476	95	96		20.6666666667
352	9	Sol5	G5	349	349	1	8	476	99	96	se 	20.75
353	9	Fa5	F5	340	340	1	8	476	99	96		20.8333333333
354	9	Mi5b5	E5b5	331	331	1	8	476	99	96		20.9166666667
355	9	Re5	D5	327	327	1	8	476	95	96		21.0
356	9	Do5	C5	318	318	3	8	1429	99	96	söy	21.25
357	9	Do5	C5	318	318	1	16	238	99	96		21.2916666667
358	9	Si4b5	B4b5	309	309	1	16	238	95	96		21.3333333333
359	9	Si4b5	B4b5	309	309	3	16	714	99	96	le 	21.4583333333
360	9	La4b2	A4b1	303	304	1	16	238	95	96		21.5
361	8	Do5	C5	318	318	0	0	0	95	96	.	21.5
362	9	Si4b5	B4b5	309	309	1	16	238	99	96	de 	21.5416666667
363	9	La4b2	A4b1	303	304	1	16	238	99	96		21.5833333333
364	9	La4b2	A4b1	303	304	1	16	238	99	96		21.625
365	9	Sol4	G4	296	296	1	16	238	95	96		21.6666666667
366	9	Sol4	G4	296	296	1	2	1905	95	96	mah	22.0
367	9	Do5	C5	318	318	1	16	238	99	96	kûm 	22.0416666667
368	9	Si4b5	B4b5	309	309	1	16	238	99	96		22.0833333333
369	9	La4b5	A4b5	300	300	1	16	238	99	96		22.125
370	9	Sol4	G4	296	296	1	16	238	99	96		22.1666666667
371	9	La4b2	A4b1	303	304	1	16	238	99	96		22.2083333333
372	9	Si4b5	B4b5	309	309	1	16	238	99	96		22.25
373	9	Do5	C5	318	318	1	8	476	95	96		22.3333333333
374	9	Si4b5	B4b5	309	309	1	16	238	99	96	ka	22.375
375	9	La4b2	A4b1	303	304	1	32	119	99	96		22.3958333333
376	9	Sol4	G4	296	296	1	32	119	99	96		22.4166666667
377	9	La4b2	A4b1	303	304	1	16	238	99	96		22.4583333333
378	9	Si4b5	B4b5	309	309	1	16	238	95	96		22.5
379	9	La4b5	A4b5	300	300	3	32	357	99	96	la	22.5625
380	9	Sol4	G4	296	296	1	32	119	99	96		22.5833333333
381	9	Fa4	F4	287	287	1	8	476	95	96		22.6666666667
382	9	Sol4	G4	296	296	1	8	476	99	96	yım 	22.75
383	9	La4b5	A4b5	300	300	1	16	238	99	96		22.7916666667
384	9	Si4b5	B4b5	309	309	1	16	238	99	96		22.8333333333
385	9	Do5	C5	318	318	1	16	238	99	96		22.875
386	9	Si4b5	B4b5	309	309	1	32	119	99	96		22.8958333333
387	9	La4b5	A4b5	300	300	1	32	119	99	96		22.9166666667
388	9	La4b5	A4b5	300	300	1	16	238	99	96		22.9583333333
389	9	Sol4	G4	296	296	1	16	238	95	96		23.0
390	9	Sol4	G4	296	296	1	2	1905	95	96	ben  	23.3333333333
391	9	Sol5	G5	349	349	1	16	238	95	96	SAZ	23.375
392	9	La5b4	A5b4	354	354	1	16	238	95	96	.	23.4166666667
393	9	Sol5	G5	349	349	1	16	238	95	96	.	23.4583333333
394	9	Fa5#4	F5#4	344	344	1	16	238	95	96	.	23.5
395	9	Mi5b5	E5b5	331	331	3	32	357	95	96	.	23.5625
396	9	Re5	D5	327	327	1	32	119	95	96	.	23.5833333333
397	9	Mi5b5	E5b5	331	331	1	16	238	95	96	.	23.625
398	9	Fa5#4	F5#4	344	344	1	16	238	95	96	.	23.6666666667
399	9	Sol5	G5	349	349	1	2	1905	95	96	.	24.0
400	9	La5b4	A5b4	354	354	1	8	476	99	96	Aç 	24.0833333333
401	9	Sol5	G5	349	349	1	16	238	99	96		24.125
402	9	Fa5#4	F5#4	344	344	1	16	238	95	96		24.1666666667
403	9	Sol5	G5	349	349	1	8	476	99	96	kal	24.25
404	9	Fa5#4	F5#4	344	344	1	16	238	99	96		24.2916666667
405	9	Mi5b4	E5b4	332	332	1	16	238	95	96		24.3333333333
406	9	Si5b1	B5b1	366	366	1	8	476	99	96	bi	24.4166666667
407	9	La5b4	A5b4	354	354	1	16	238	99	96		24.4583333333
408	9	Sol5	G5	349	349	1	16	238	95	96		24.5
409	9	Si5b1	B5b1	366	366	1	16	238	99	96	ni 	24.5416666667
410	9	La5b4	A5b4	354	354	1	16	238	99	96		24.5833333333
411	9	Sol5	G5	349	349	1	16	238	99	96		24.625
412	9	Fa5#4	F5#4	344	344	1	16	238	95	96		24.6666666667
413	9	Mi5b4	E5b4	332	332	3	8	1429	95	96	dök 	24.9166666667
414	9	Es	Es	-1	-1	1	8	476	100	0		25.0
415	9	La5b5	A5b5	353	353	1	8	476	99	96	der	25.0833333333
416	9	Sol5b5	G5b5	344	344	1	8	476	99	96		25.1666666667
417	9	Fa5	F5	340	340	1	8	476	99	96		25.25
418	9	Mi5b5	E5b5	331	331	1	8	476	95	96		25.3333333333
419	9	Re5b5	D5b5	322	322	1	8	476	99	96	di	25.4166666667
420	9	Do5b1	C5b1	317	317	1	8	476	95	96		25.5
421	9	Si4b5	B4b5	309	309	1	8	476	99	96	ni 	25.5833333333
422	9	Fa5	F5	340	340	1	8	476	95	96		25.6666666667
423	9	Mi5b5	E5b5	331	331	1	16	238	99	96	tah	25.7083333333
424	9	Re5b5	D5b5	322	322	1	16	238	99	96		25.75
425	9	Do5b1	C5b1	317	317	1	16	238	99	96		25.7916666667
426	9	Si4b5	B4b5	309	309	1	16	238	99	96		25.8333333333
427	9	La4b5	A4b5	300	300	1	16	238	99	96		25.875
428	9	Sol4b1	G4b1	295	295	1	32	119	99	96		25.8958333333
429	9	Fa4#4	F4#4	291	291	1	32	119	99	96		25.9166666667
430	9	Sol4b1	G4b1	295	295	1	8	476	95	96		26.0
431	9	La4b5	A4b5	300	300	1	8	476	99	96	fîf_	26.0833333333
432	9	Si4b5	B4b5	309	309	3	8	1429	95	96		26.3333333333
433	9	Do5	C5	318	318	1	4	952	95	96	i 	26.5
434	9	Re5	D5	327	327	1	4	952	95	96	e	26.6666666667
435	9	Mi5b5	E5b5	331	331	1	8	476	99	96	lem 	26.75
436	9	Fa5	F5	340	340	1	8	476	99	96		26.8333333333
437	9	Sol5	G5	349	349	1	8	476	99	96		26.9166666667
438	9	Fa5	F5	340	340	1	16	238	99	96		26.9583333333
439	9	Mi5b5	E5b5	331	331	1	16	238	95	96		27.0
440	9	Mi5b5	E5b5	331	331	1	2	1905	95	96	et  	27.3333333333
441	9	Si4b5	B4b5	309	309	1	4	952	95	96	SAZ	27.5
442	9	Do5	C5	318	318	3	32	357	95	96	.	27.5625
443	9	Si4b5	B4b5	309	309	1	32	119	95	96	.	27.5833333333
444	9	Do5	C5	318	318	1	16	238	95	96	.	27.625
445	9	Re5	D5	327	327	1	16	238	95	96	.	27.6666666667
446	9	Mi5b5	E5b5	331	331	1	2	1905	95	96	.	28.0
447	9	Mi5b5	E5b5	331	331	3	16	714	99	96	Gül	28.125
448	9	Fa5	F5	340	340	1	16	238	95	96		28.1666666667
449	9	Fa5	F5	340	340	1	4	952	95	96	dür	28.3333333333
450	9	Fa5	F5	340	340	1	4	952	95	96	me	28.5
451	9	Si5b5	B5b5	362	362	1	4	952	95	96	ye	28.6666666667
452	9	Si5b5	B5b5	362	362	1	16	238	99	96	cek	28.7083333333
453	9	La5b2	A5b1	356	357	1	16	238	99	96		28.75
454	9	Sol5b4	G5b4	345	345	1	16	238	99	96		28.7916666667
455	9	Fa5	F5	340	340	1	16	238	99	96		28.8333333333
456	9	Mi5b5	E5b5	331	331	1	16	238	99	96		28.875
457	9	Re5b1	D5b1	326	326	1	32	119	99	96		28.8958333333
458	9	Do5#4	C5#4	322	322	1	32	119	99	96		28.9166666667
459	9	Re5b1	D5b1	326	326	1	8	476	95	96		29.0
460	9	Mi5b5	E5b5	331	331	1	4	952	99	96	sen 	29.1666666667
461	9	Fa5	F5	340	340	1	4	952	95	96		29.3333333333
462	9	Sol5	G5	349	349	3	16	714	99	96	de 	29.4583333333
463	9	Fa5	F5	340	340	1	16	238	95	96		29.5
464	9	Mi5b5	E5b5	331	331	1	16	238	99	96	be	29.5416666667
465	9	Mi5b5	E5b5	331	331	1	32	119	99	96	be	29.5625
466	9	Re5	D5	327	327	1	32	119	99	96		29.5833333333
467	9	Mi5b5	E5b5	331	331	1	16	238	99	96		29.625
468	9	Fa5	F5	340	340	1	16	238	95	96		29.6666666667
469	9	Sol5	G5	349	349	3	8	1429	95	96	ni 	29.9166666667
470	9	Es	Es	-1	-1	1	8	476	100	0		30.0
471	9	Sol5	G5	349	349	1	16	238	99	96	gül 	30.0416666667
472	9	Fa5	F5	340	340	1	16	238	99	96		30.0833333333
473	9	Mi5b5	E5b5	331	331	1	16	238	99	96		30.125
474	9	Re5	D5	327	327	1	16	238	99	96		30.1666666667
475	9	Mi5b5	E5b5	331	331	1	16	238	99	96		30.2083333333
476	9	Fa5	F5	340	340	1	16	238	99	96		30.25
477	9	Sol5	G5	349	349	1	8	476	95	96		30.3333333333
478	9	Fa5	F5	340	340	1	16	238	99	96	gü	30.375
479	9	Mi5b5	E5b5	331	331	1	32	119	99	96		30.3958333333
480	9	Re5	D5	327	327	1	32	119	99	96		30.4166666667
481	9	Mi5b5	E5b5	331	331	1	16	238	99	96		30.4583333333
482	9	Fa5	F5	340	340	1	16	238	95	96		30.5
483	9	Mi5b5	E5b5	331	331	3	32	357	99	96	ze	30.5625
484	9	Re5	D5	327	327	1	32	119	99	96		30.5833333333
485	9	Do5	C5	318	318	1	8	476	95	96		30.6666666667
486	9	Mi5b5	E5b5	331	331	1	8	476	99	96	lim 	30.75
487	9	Fa5	F5	340	340	1	8	476	99	96		30.8333333333
488	9	Sol5	G5	349	349	1	8	476	99	96		30.9166666667
489	9	La5b5	A5b5	353	353	1	16	238	99	96		30.9583333333
490	9	Sol5	G5	349	349	1	16	238	95	96		31.0
491	9	Sol5	G5	349	349	1	2	1905	95	96	sen  	31.3333333333
492	9	Sol5	G5	349	349	1	16	238	95	96	SAZ	31.375
493	9	La5b5	A5b5	353	353	1	16	238	95	96	.	31.4166666667
494	9	Sol5	G5	349	349	1	16	238	95	96	.	31.4583333333
495	9	Fa5	F5	340	340	1	16	238	95	96	.	31.5
496	9	Mi5b5	E5b5	331	331	3	32	357	95	96	.	31.5625
497	9	Re5	D5	327	327	1	32	119	95	96	.	31.5833333333
498	9	Mi5b5	E5b5	331	331	1	16	238	95	96	.	31.625
499	9	Fa5	F5	340	340	1	16	238	95	96	.	31.6666666667
500	9	Sol5	G5	349	349	1	2	1905	95	96	.	32.0
501	9	La5b5	A5b5	353	353	1	8	476	99	96	Cür	32.0833333333
502	9	Sol5	G5	349	349	1	16	238	99	96		32.125
503	9	Fa5	F5	340	340	1	16	238	95	96		32.1666666667
504	9	Si5b5	B5b5	362	362	1	8	476	99	96	müm 	32.25
505	9	La5b5	A5b5	353	353	1	16	238	99	96		32.2916666667
506	9	Sol5	G5	349	349	1	16	238	95	96		32.3333333333
507	9	Do6	C6	371	371	1	8	476	99	96	ne 	32.4166666667
508	9	Si5b5	B5b5	362	362	1	16	238	99	96		32.4583333333
509	9	La5b2	A5b1	356	357	1	16	238	95	96		32.5
510	9	Si5b5	B5b5	362	362	3	32	357	99	96	i	32.5625
511	10	La5b2	A5b1	356	357	1	32	119	99	96		32.5833333333
512	8	Si5b5	B5b5	362	362	0	0	0	99	96		32.5833333333
513	9	La5b2	A5b1	356	357	3	32	357	99	96		32.6458333333
514	9	Sol5	G5	349	349	1	32	119	95	96		32.6666666667
515	9	Sol5	G5	349	349	1	2	1905	95	96	se 	33.0
516	9	Si5b5	B5b5	362	362	1	8	476	99	96	söy	33.0833333333
517	9	La5b5	A5b5	353	353	1	8	476	99	96		33.1666666667
518	9	Sol5	G5	349	349	1	8	476	99	96		33.25
519	9	Fa5	F5	340	340	1	8	476	95	96		33.3333333333
520	9	Mi5b5	E5b5	331	331	3	32	357	99	96	le 	33.3958333333
521	9	Re5	D5	327	327	1	32	119	99	96		33.4166666667
522	9	Do5	C5	318	318	1	8	476	95	96		33.5
523	9	Re5	D5	327	327	1	8	476	99	96	de 	33.5833333333
524	9	Mi5b2	E5b1	334	335	1	16	238	99	96		33.625
525	9	Sol5	G5	349	349	1	16	238	95	96		33.6666666667
526	9	Fa5	F5	340	340	1	2	1905	95	96	mah	34.0
527	10	Fa5	F5	340	340	1	16	238	99	96	kûm 	34.0416666667
528	8	Sol5	G5	349	349	0	0	0	99	96		34.0416666667
529	9	Fa5	F5	340	340	1	16	238	99	96		34.0833333333
530	9	Mi5b2	E5b1	334	335	1	16	238	99	96		34.125
531	9	Re5b3	D5b4	324	323	1	16	238	99	96		34.1666666667
532	9	Do5	C5	318	318	1	4	952	95	96		34.3333333333
533	10	Do5	C5	318	318	1	8	476	99	96	ka	34.4166666667
534	8	Re5b4	D5b4	323	323	0	0	0	99	96		34.4166666667
535	9	Do5	C5	318	318	1	16	238	99	96		34.4583333333
536	9	Si4b5	B4b5	309	309	1	16	238	95	96		34.5
537	9	La4b2	A4b1	303	304	1	4	952	95	96	la	34.6666666667
538	9	Si4b5	B4b5	309	309	1	8	476	99	96	yım 	34.75
539	9	Do5	C5	318	318	1	8	476	99	96		34.8333333333
540	10	Do5	C5	318	318	1	16	238	99	96		34.875
541	8	Re5b4	D5b4	323	323	0	0	0	99	96		34.875
542	9	Si4b5	B4b5	309	309	1	16	238	99	96		34.9166666667
543	9	Si4b5	B4b5	309	309	1	16	238	99	96		34.9583333333
544	9	La4b2	A4b1	303	304	1	16	238	95	96		35.0
545	9	La4b2	A4b1	303	304	1	2	1905	95	96	ben  	35.3333333333
546	9	Do5	C5	318	318	3	16	714	95	96	SAZ	35.4583333333
547	10	Si4b5	B4b5	309	309	1	16	238	95	96	.	35.5
548	8	Do5	C5	318	318	0	0	0	95	96	.	35.5
549	9	Do5	C5	318	318	1	16	238	95	96	.	35.5416666667
550	9	Si4b5	B4b5	309	309	1	16	238	95	96	.	35.5833333333
551	9	La4b2	A4b1	303	304	1	16	238	95	96	.	35.625
552	9	Si4b5	B4b5	309	309	1	16	238	95	96	.	35.6666666667
553	9	Do5	C5	318	318	1	2	1905	95	96	.	36.0
554	9	Do5	C5	318	318	1	4	952	95	96	Cür	36.1666666667
555	9	Re5b3	D5b4	324	323	1	4	952	95	96	müm 	36.3333333333
556	9	Mi5b2	E5b1	334	335	1	4	952	95	96	ne 	36.5
557	9	Fa5	F5	340	340	1	8	476	99	96	i	36.5833333333
558	9	La5b5	A5b5	353	353	1	8	476	95	96		36.6666666667
559	9	Sol5	G5	349	349	1	8	476	99	96	se 	36.75
560	9	Fa5	F5	340	340	1	8	476	99	96		36.8333333333
561	9	Mi5b5	E5b5	331	331	1	8	476	99	96		36.9166666667
562	9	Re5	D5	327	327	1	8	476	95	96		37.0
563	9	Do5	C5	318	318	3	8	1429	99	96	söy	37.25
564	9	Do5	C5	318	318	1	16	238	99	96		37.2916666667
565	9	Si4b5	B4b5	309	309	1	16	238	95	96		37.3333333333
566	9	Si4b5	B4b5	309	309	3	16	714	99	96	le 	37.4583333333
567	9	La4b2	A4b1	303	304	1	16	238	95	96		37.5
568	8	Do5	C5	318	318	0	0	0	95	96	.	37.5
569	9	Si4b5	B4b5	309	309	1	16	238	99	96	de 	37.5416666667
570	9	La4b2	A4b1	303	304	1	16	238	99	96		37.5833333333
571	9	La4b2	A4b1	303	304	1	16	238	99	96		37.625
572	9	Sol4	G4	296	296	1	16	238	95	96		37.6666666667
573	9	Sol4	G4	296	296	1	2	1905	95	96	mah	38.0
574	9	Do5	C5	318	318	1	16	238	99	96	kûm 	38.0416666667
575	9	Si4b5	B4b5	309	309	1	16	238	99	96		38.0833333333
576	9	La4b5	A4b5	300	300	1	16	238	99	96		38.125
577	9	Sol4	G4	296	296	1	16	238	99	96		38.1666666667
578	9	La4b2	A4b1	303	304	1	16	238	99	96		38.2083333333
579	9	Si4b5	B4b5	309	309	1	16	238	99	96		38.25
580	9	Do5	C5	318	318	1	8	476	95	96		38.3333333333
581	9	Si4b5	B4b5	309	309	1	16	238	99	96	ka	38.375
582	9	La4b2	A4b1	303	304	1	32	119	99	96		38.3958333333
583	9	Sol4	G4	296	296	1	32	119	99	96		38.4166666667
584	9	La4b2	A4b1	303	304	1	16	238	99	96		38.4583333333
585	9	Si4b5	B4b5	309	309	1	16	238	95	96		38.5
586	9	La4b5	A4b5	300	300	3	32	357	99	96	la	38.5625
587	9	Sol4	G4	296	296	1	32	119	99	96		38.5833333333
588	9	Fa4	F4	287	287	1	8	476	95	96		38.6666666667
589	9	Sol4	G4	296	296	1	8	476	99	96	yım 	38.75
590	9	La4b5	A4b5	300	300	1	16	238	99	96		38.7916666667
591	9	Si4b5	B4b5	309	309	1	16	238	99	96		38.8333333333
592	9	Do5	C5	318	318	1	16	238	99	96		38.875
593	9	Si4b5	B4b5	309	309	1	32	119	99	96		38.8958333333
594	9	La4b5	A4b5	300	300	1	32	119	99	96		38.9166666667
595	9	La4b5	A4b5	300	300	1	16	238	99	96		38.9583333333
596	9	Sol4	G4	296	296	1	16	238	95	96		39.0
597	9	Sol4	G4	296	296	1	2	1905	95	96	ben  	39.3333333333
