Sira	Kod	Nota53	NotaAE	Koma53	KomaAE	Pay	Payda	Ms	LNS	Bas	Soz1	Offset
1	51			0	0	5	8	0	8	0	Türkaksağı	0.0
2	9	Fa5	F5	340	340	1	4	1000	95	96		0.4
3	9	Sol5	G5	349	349	3	8	1500	95	96		1.0
4	9	La5	A5	358	358	1	16	250	95	96		1.1
5	9	Si5b5	B5b5	362	362	1	16	250	95	96		1.2
6	9	La5	A5	358	358	1	16	250	95	96		1.3
7	9	Sol5	G5	349	349	1	16	250	95	96		1.4
8	9	Sol5	G5	349	349	1	4	1000	95	96		1.8
9	9	Mi5b1	E5b1	335	335	1	8	500	95	96		2.0
10	9	Sol5	G5	349	349	3	16	750	95	96		2.3
11	9	Fa5	F5	340	340	1	16	250	95	96		2.4
12	9	Fa5	F5	340	340	1	8	500	95	96		2.6
13	9	Mi5b1	E5b1	335	335	1	16	250	95	96		2.7
14	9	Sol5	G5	349	349	1	16	250	95	96		2.8
15	9	Mi5b1	E5b1	335	335	1	16	250	95	96		2.9
16	9	Re5	D5	327	327	1	16	250	95	96		3.0
17	9	La5	A5	358	358	1	16	250	95	96		3.1
18	9	Si5b5	B5b5	362	362	1	16	250	95	96		3.2
19	9	La5	A5	358	358	1	16	250	95	96		3.3
20	9	Sol5	G5	349	349	1	16	250	95	96		3.4
21	9	Sol5	G5	349	349	1	4	1000	95	96		3.8
22	9	Es	Es	-1	-1	1	8	500	100	0		4.0
23	9	Fa5	F5	340	340	1	4	1000	95	96		4.4
24	9	Sol5	G5	349	349	3	8	1500	95	96		5.0
25	9	La5	A5	358	358	1	16	250	95	96		5.1
26	9	Si5b5	B5b5	362	362	1	16	250	95	96		5.2
27	9	La5	A5	358	358	1	16	250	95	96		5.3
28	9	Sol5	G5	349	349	1	16	250	95	96		5.4
29	9	Sol5	G5	349	349	1	4	1000	95	96		5.8
30	9	Mi5b1	E5b1	335	335	1	8	500	95	96		6.0
31	9	Sol5	G5	349	349	3	16	750	95	96		6.3
32	9	Fa5	F5	340	340	1	16	250	95	96		6.4
33	9	Fa5	F5	340	340	1	8	500	95	96		6.6
34	9	Mi5b1	E5b1	335	335	1	16	250	95	96		6.7
35	9	Fa5	F5	340	340	1	16	250	95	96		6.8
36	9	Mi5b1	E5b1	335	335	1	16	250	95	96		6.9
37	9	Re5	D5	327	327	1	16	250	95	96		7.0
38	9	Mi5b1	E5b1	335	335	1	24	167	99	96		7.06666666667
39	9	Re5	D5	327	327	1	24	167	99	96		7.13333333333
40	9	Mi5b1	E5b1	335	335	1	24	167	95	96		7.2
41	9	Fa5	F5	340	340	1	16	250	95	96		7.3
42	9	Mi5b1	E5b1	335	335	1	16	250	95	96		7.4
43	9	Re5	D5	327	327	1	4	1000	95	96		7.8
44	9	Es	Es	-1	-1	1	8	500	100	0		8.0
45	9	Do5	C5	318	318	1	4	1000	95	96		8.4
46	9	Sol5	G5	349	349	1	4	1000	95	96		8.8
47	9	Fa5	F5	340	340	1	8	500	95	96		9.0
48	9	Fa5	F5	340	340	1	16	250	95	96		9.1
49	9	La5b5	A5b5	353	353	1	16	250	95	96		9.2
50	9	Sol5	G5	349	349	1	16	250	95	96		9.3
51	9	Fa5	F5	340	340	1	16	250	95	96		9.4
52	9	Fa5	F5	340	340	1	4	1000	95	96		9.8
53	9	Mi5b5	E5b5	331	331	1	8	500	95	96		10.0
54	9	Mi5b5	E5b5	331	331	1	16	250	95	96		10.1
55	9	Re5	D5	327	327	1	16	250	95	96		10.2
56	9	Mi5b5	E5b5	331	331	1	16	250	95	96		10.3
57	9	Fa5	F5	340	340	1	16	250	95	96		10.4
58	9	Mi5b5	E5b5	331	331	1	16	250	95	96		10.5
59	9	Fa5	F5	340	340	1	16	250	95	96		10.6
60	9	Re5	D5	327	327	1	16	250	95	96		10.7
61	9	Mi5b5	E5b5	331	331	1	16	250	95	96		10.8
62	9	Re5	D5	327	327	1	16	250	95	96		10.9
63	9	Do5	C5	318	318	1	16	250	95	96		11.0
64	9	Do5	C5	318	318	1	16	250	95	96		11.1
65	9	Si4b5	B4b5	309	309	1	16	250	95	96		11.2
66	9	Si4b5	B4b5	309	309	1	16	250	95	96		11.3
67	9	Do5	C5	318	318	1	16	250	95	96		11.4
68	9	Re5	D5	327	327	1	8	500	95	96		11.6
69	9	Mi5b5	E5b5	331	331	1	8	500	95	96		11.8
70	9	Fa5	F5	340	340	1	8	500	95	96		12.0
71	9	Sol5	G5	349	349	3	16	750	95	96		12.3
72	9	Fa5	F5	340	340	1	16	250	95	96		12.4
73	9	Fa5	F5	340	340	1	8	500	95	96		12.6
74	9	Mi5b5	E5b5	331	331	1	16	250	95	96		12.7
75	9	Fa5	F5	340	340	1	16	250	95	96		12.8
76	9	Mi5b5	E5b5	331	331	1	16	250	95	96		12.9
77	9	Re5	D5	327	327	1	16	250	95	96		13.0
78	9	Re5	D5	327	327	3	16	750	95	96		13.3
79	9	Do5	C5	318	318	1	16	250	95	96		13.4
80	9	Do5	C5	318	318	1	16	250	95	96		13.5
81	9	Mi5b5	E5b5	331	331	1	16	250	95	96		13.6
82	9	Re5	D5	327	327	1	16	250	95	96		13.7
83	9	Do5	C5	318	318	1	16	250	95	96		13.8
84	9	Do5	C5	318	318	1	8	500	95	96		14.0
85	9	Si4b5	B4b5	309	309	1	4	1000	95	96		14.4
86	9	Do5	C5	318	318	1	8	500	95	96		14.6
87	9	Mi5b5	E5b5	331	331	1	16	250	95	96		14.7
88	9	Re5	D5	327	327	1	16	250	95	96		14.8
89	9	Do5	C5	318	318	1	16	250	95	96		14.9
90	9	Si4b5	B4b5	309	309	1	16	250	95	96		15.0
91	9	Si4b5	B4b5	309	309	1	16	250	95	96		15.1
92	9	La4b5	A4b5	300	300	1	16	250	95	96		15.2
93	9	La4b5	A4b5	300	300	1	16	250	95	96		15.3
94	9	Sol4	G4	296	296	1	16	250	95	96		15.4
95	9	Sol4	G4	296	296	1	4	1000	95	96		15.8
96	9	Es	Es	-1	-1	1	8	500	100	0		16.0
97	9	Sol5	G5	349	349	1	4	1000	95	96		16.4
98	9	Fa5	F5	340	340	1	4	1000	95	96		16.8
99	9	Mi5b1	E5b1	335	335	1	16	250	95	96		16.9
100	9	Re5	D5	327	327	1	16	250	95	96		17.0
101	9	Mi5b1	E5b1	335	335	1	8	500	95	96		17.2
102	9	Fa5	F5	340	340	1	8	500	95	96		17.4
103	9	Sol5	G5	349	349	1	4	1000	95	96		17.8
104	9	La5	A5	358	358	1	16	250	95	96		17.9
105	9	Si5b5	B5b5	362	362	1	16	250	95	96		18.0
106	9	Sol5	G5	349	349	3	16	750	95	96		18.3
107	9	Fa5	F5	340	340	1	16	250	95	96		18.4
108	9	Fa5	F5	340	340	1	8	500	95	96		18.6
109	9	Mi5b5	E5b5	331	331	3	16	750	95	96		18.9
110	9	Re5	D5	327	327	1	16	250	95	96		19.0
111	9	Re5	D5	327	327	1	16	250	95	96		19.1
112	9	Fa5	F5	340	340	1	16	250	95	96		19.2
113	9	Mi5b5	E5b5	331	331	1	16	250	95	96		19.3
114	9	Re5	D5	327	327	1	16	250	95	96		19.4
115	9	Re5	D5	327	327	1	4	1000	95	96		19.8
116	9	Do5	C5	318	318	1	8	500	95	96		20.0
117	9	Sol5	G5	349	349	1	4	1000	95	96		20.4
118	9	Fa5	F5	340	340	1	4	1000	95	96		20.8
119	9	Mi5b1	E5b1	335	335	1	16	250	95	96		20.9
120	9	Re5	D5	327	327	1	16	250	95	96		21.0
121	9	Mi5b1	E5b1	335	335	1	8	500	95	96		21.2
122	9	Fa5	F5	340	340	1	8	500	95	96		21.4
123	9	Sol5	G5	349	349	1	4	1000	95	96		21.8
124	9	La5	A5	358	358	1	16	250	95	96		21.9
125	9	Si5b5	B5b5	362	362	1	16	250	95	96		22.0
126	9	Sol5	G5	349	349	3	16	750	95	96		22.3
127	9	Fa5	F5	340	340	1	16	250	95	96		22.4
128	9	Fa5	F5	340	340	1	8	500	95	96		22.6
129	9	Mi5b5	E5b5	331	331	3	16	750	95	96		22.9
130	9	Re5	D5	327	327	1	16	250	95	96		23.0
131	9	Re5	D5	327	327	1	16	250	95	96		23.1
132	9	Fa5	F5	340	340	1	16	250	95	96		23.2
133	9	Mi5b5	E5b5	331	331	1	16	250	95	96		23.3
134	9	Re5	D5	327	327	1	16	250	95	96		23.4
135	9	Re5	D5	327	327	1	4	1000	95	96		23.8
136	9	Es	Es	-1	-1	1	8	500	100	0		24.0
137	9	Do5	C5	318	318	1	4	1000	95	96		24.4
138	9	Sol5	G5	349	349	1	4	1000	95	96		24.8
139	9	Fa5	F5	340	340	1	8	500	95	96		25.0
140	9	Fa5	F5	340	340	1	16	250	95	96		25.1
141	9	La5b5	A5b5	353	353	1	16	250	95	96		25.2
142	9	Sol5	G5	349	349	1	16	250	95	96		25.3
143	9	Fa5	F5	340	340	1	16	250	95	96		25.4
144	9	Fa5	F5	340	340	1	4	1000	95	96		25.8
145	9	Mi5b5	E5b5	331	331	1	8	500	95	96		26.0
146	9	Mi5b5	E5b5	331	331	1	16	250	95	96		26.1
147	9	Re5	D5	327	327	1	16	250	95	96		26.2
148	9	Mi5b5	E5b5	331	331	1	16	250	95	96		26.3
149	9	Fa5	F5	340	340	1	16	250	95	96		26.4
150	9	Mi5b5	E5b5	331	331	1	16	250	95	96		26.5
151	9	Fa5	F5	340	340	1	16	250	95	96		26.6
152	9	Re5	D5	327	327	1	16	250	95	96		26.7
153	9	Mi5b5	E5b5	331	331	1	16	250	95	96		26.8
154	9	Re5	D5	327	327	1	16	250	95	96		26.9
155	9	Do5	C5	318	318	1	16	250	95	96		27.0
156	9	Do5	C5	318	318	1	16	250	95	96		27.1
157	9	Si4b5	B4b5	309	309	1	16	250	95	96		27.2
158	9	Si4b5	B4b5	309	309	1	16	250	95	96		27.3
159	9	Do5	C5	318	318	1	16	250	95	96		27.4
160	9	Re5	D5	327	327	1	8	500	95	96		27.6
161	9	Mi5b5	E5b5	331	331	1	8	500	95	96		27.8
162	9	Fa5	F5	340	340	1	8	500	95	96		28.0
163	9	Sol5	G5	349	349	3	16	750	95	96		28.3
164	9	Fa5	F5	340	340	1	16	250	95	96		28.4
165	9	Fa5	F5	340	340	1	8	500	95	96		28.6
166	9	Mi5b5	E5b5	331	331	1	16	250	95	96		28.7
167	9	Fa5	F5	340	340	1	16	250	95	96		28.8
168	9	Mi5b5	E5b5	331	331	1	16	250	95	96		28.9
169	9	Re5	D5	327	327	1	16	250	95	96		29.0
170	9	Re5	D5	327	327	3	16	750	95	96		29.3
171	9	Do5	C5	318	318	1	16	250	95	96		29.4
172	9	Do5	C5	318	318	1	16	250	95	96		29.5
173	9	Mi5b5	E5b5	331	331	1	16	250	95	96		29.6
174	9	Re5	D5	327	327	1	16	250	95	96		29.7
175	9	Do5	C5	318	318	1	16	250	95	96		29.8
176	9	Do5	C5	318	318	1	8	500	95	96		30.0
177	9	Si4b5	B4b5	309	309	1	4	1000	95	96		30.4
178	9	Do5	C5	318	318	1	8	500	95	96		30.6
179	9	Mi5b5	E5b5	331	331	1	16	250	95	96		30.7
180	9	Re5	D5	327	327	1	16	250	95	96		30.8
181	9	Do5	C5	318	318	1	16	250	95	96		30.9
182	9	Si4b5	B4b5	309	309	1	16	250	95	96		31.0
183	9	Si4b5	B4b5	309	309	1	16	250	95	96		31.1
184	9	La4b5	A4b5	300	300	1	16	250	95	96		31.2
185	9	La4b5	A4b5	300	300	1	16	250	95	96		31.3
186	9	Sol4	G4	296	296	1	16	250	95	96		31.4
187	9	Sol4	G4	296	296	1	4	1000	95	96		31.8
188	9	Es	Es	-1	-1	1	8	500	100	0		32.0
189	9	Sol4	G4	296	296	3	16	750	95	96		32.3
190	9	Sol5	G5	349	349	1	16	250	95	96		32.4
191	9	Fa5	F5	340	340	1	16	250	95	96		32.5
192	9	Mi5b5	E5b5	331	331	1	16	250	95	96		32.6
193	9	Re5	D5	327	327	1	16	250	95	96		32.7
194	9	Do5	C5	318	318	1	16	250	95	96		32.8
195	9	Do5	C5	318	318	1	16	250	95	96		32.9
196	9	Si4b5	B4b5	309	309	1	16	250	95	96		33.0
197	9	Si5b5	B5b5	362	362	3	16	750	95	96		33.3
198	9	La5	A5	358	358	1	16	250	95	96		33.4
199	9	La5	A5	358	358	1	16	250	95	96		33.5
200	9	Si5b5	B5b5	362	362	1	16	250	95	96		33.6
201	9	La5	A5	358	358	1	16	250	95	96		33.7
202	9	Sol5	G5	349	349	1	16	250	95	96		33.8
203	9	Sol5	G5	349	349	1	16	250	95	96		33.9
204	9	Fa5	F5	340	340	1	16	250	95	96		34.0
205	9	Sol5	G5	349	349	3	16	750	95	96		34.3
206	9	Mi5b1	E5b1	335	335	1	16	250	95	96		34.4
207	9	Sol5	G5	349	349	1	16	250	95	96		34.5
208	9	Fa5	F5	340	340	1	16	250	95	96		34.6
209	9	Fa5	F5	340	340	1	16	250	95	96		34.7
210	9	Sol5	G5	349	349	1	16	250	95	96		34.8
211	9	Fa5	F5	340	340	1	16	250	95	96		34.9
212	9	Mi5b1	E5b1	335	335	1	16	250	95	96		35.0
213	9	Mi5b1	E5b1	335	335	1	16	250	95	96		35.1
214	9	Fa5	F5	340	340	1	16	250	95	96		35.2
215	9	Mi5b1	E5b1	335	335	1	16	250	95	96		35.3
216	9	Re5	D5	327	327	1	16	250	95	96		35.4
217	9	Re5	D5	327	327	1	4	1000	95	96		35.8
218	9	Re5	D5	327	327	1	16	250	95	96		35.9
219	9	Sol5	G5	349	349	1	16	250	95	96		36.0
220	9	Fa5	F5	340	340	3	16	750	95	96		36.3
221	9	La5b5	A5b5	353	353	1	16	250	95	96		36.4
222	9	Sol5	G5	349	349	1	16	250	95	96		36.5
223	9	Fa5	F5	340	340	1	16	250	95	96		36.6
224	9	Fa5	F5	340	340	1	16	250	95	96		36.7
225	9	Mi5b5	E5b5	331	331	1	16	250	95	96		36.8
226	9	Mi5b5	E5b5	331	331	1	16	250	95	96		36.9
227	9	Re5	D5	327	327	1	16	250	95	96		37.0
228	9	Re5	D5	327	327	1	16	250	95	96		37.1
229	9	Do5	C5	318	318	1	16	250	95	96		37.2
230	9	Do5	C5	318	318	1	16	250	95	96		37.3
231	9	Si4b5	B4b5	309	309	1	16	250	95	96		37.4
232	9	Sol5	G5	349	349	1	16	250	95	96		37.5
233	9	Fa5	F5	340	340	1	16	250	95	96		37.6
234	9	Mi5b5	E5b5	331	331	1	16	250	95	96		37.7
235	9	Re5	D5	327	327	1	16	250	95	96		37.8
236	9	Do5	C5	318	318	1	8	500	95	96		38.0
237	9	Si4b5	B4b5	309	309	1	8	500	95	96		38.2
238	9	Do5	C5	318	318	1	8	500	95	96		38.4
239	9	Re5	D5	327	327	1	8	500	95	96		38.6
240	9	Do5	C5	318	318	1	16	250	95	96		38.7
241	9	Si4b5	B4b5	309	309	1	8	500	95	96		38.9
242	9	Do5	C5	318	318	1	16	250	95	96		39.0
243	9	Si4b5	B4b5	309	309	1	16	250	95	96		39.1
244	9	La4b5	A4b5	300	300	1	16	250	95	96		39.2
245	9	La4b5	A4b5	300	300	1	16	250	95	96		39.3
246	9	Sol4	G4	296	296	1	16	250	95	96		39.4
247	9	Sol4	G4	296	296	1	4	1000	95	96		39.8
248	9	Es	Es	-1	-1	1	8	500	100	0		40.0
249	9	Sol4	G4	296	296	3	16	750	95	96		40.3
250	9	Sol5	G5	349	349	1	16	250	95	96		40.4
251	9	Fa5	F5	340	340	1	16	250	95	96		40.5
252	9	Mi5b5	E5b5	331	331	1	16	250	95	96		40.6
253	9	Re5	D5	327	327	1	16	250	95	96		40.7
254	9	Do5	C5	318	318	1	16	250	95	96		40.8
255	9	Do5	C5	318	318	1	16	250	95	96		40.9
256	9	Si4b5	B4b5	309	309	1	16	250	95	96		41.0
257	9	Si5b5	B5b5	362	362	3	16	750	95	96		41.3
258	9	La5	A5	358	358	1	16	250	95	96		41.4
259	9	La5	A5	358	358	1	16	250	95	96		41.5
260	9	Si5b5	B5b5	362	362	1	16	250	95	96		41.6
261	9	La5	A5	358	358	1	16	250	95	96		41.7
262	9	Sol5	G5	349	349	1	16	250	95	96		41.8
263	9	Sol5	G5	349	349	1	16	250	95	96		41.9
264	9	Fa5	F5	340	340	1	16	250	95	96		42.0
265	9	Sol5	G5	349	349	3	16	750	95	96		42.3
266	9	Mi5b1	E5b1	335	335	1	16	250	95	96		42.4
267	9	Sol5	G5	349	349	1	16	250	95	96		42.5
268	9	Fa5	F5	340	340	1	16	250	95	96		42.6
269	9	Fa5	F5	340	340	1	16	250	95	96		42.7
270	9	Sol5	G5	349	349	1	16	250	95	96		42.8
271	9	Fa5	F5	340	340	1	16	250	95	96		42.9
272	9	Mi5b1	E5b1	335	335	1	16	250	95	96		43.0
273	9	Mi5b1	E5b1	335	335	1	16	250	95	96		43.1
274	9	Fa5	F5	340	340	1	16	250	95	96		43.2
275	9	Mi5b1	E5b1	335	335	1	16	250	95	96		43.3
276	9	Re5	D5	327	327	1	16	250	95	96		43.4
277	9	Re5	D5	327	327	1	4	1000	95	96		43.8
278	9	Re5	D5	327	327	1	16	250	95	96		43.9
279	9	Sol5	G5	349	349	1	16	250	95	96		44.0
280	9	Fa5	F5	340	340	3	16	750	95	96		44.3
281	9	La5b5	A5b5	353	353	1	16	250	95	96		44.4
282	9	Sol5	G5	349	349	1	16	250	95	96		44.5
283	9	Fa5	F5	340	340	1	16	250	95	96		44.6
284	9	Fa5	F5	340	340	1	16	250	95	96		44.7
285	9	Mi5b5	E5b5	331	331	1	16	250	95	96		44.8
286	9	Mi5b5	E5b5	331	331	1	16	250	95	96		44.9
287	9	Re5	D5	327	327	1	16	250	95	96		45.0
288	9	Re5	D5	327	327	1	16	250	95	96		45.1
289	9	Do5	C5	318	318	1	16	250	95	96		45.2
290	9	Do5	C5	318	318	1	16	250	95	96		45.3
291	9	Si4b5	B4b5	309	309	1	16	250	95	96		45.4
292	9	Sol5	G5	349	349	1	16	250	95	96		45.5
293	9	Fa5	F5	340	340	1	16	250	95	96		45.6
294	9	Mi5b5	E5b5	331	331	1	16	250	95	96		45.7
295	9	Re5	D5	327	327	1	16	250	95	96		45.8
296	9	Do5	C5	318	318	1	8	500	95	96		46.0
297	9	Si4b5	B4b5	309	309	1	8	500	95	96		46.2
298	9	Do5	C5	318	318	1	8	500	95	96		46.4
299	9	Re5	D5	327	327	1	8	500	95	96		46.6
300	9	Do5	C5	318	318	1	16	250	95	96		46.7
301	9	Si4b5	B4b5	309	309	1	8	500	95	96		46.9
302	9	Do5	C5	318	318	1	16	250	95	96		47.0
303	9	Si4b5	B4b5	309	309	1	16	250	95	96		47.1
304	9	La4b5	A4b5	300	300	1	16	250	95	96		47.2
305	9	La4b5	A4b5	300	300	1	16	250	95	96		47.3
306	9	Sol4	G4	296	296	1	16	250	95	96		47.4
307	9	Sol4	G4	296	296	1	4	1000	95	96		47.8
308	9	Es	Es	-1	-1	1	8	500	100	0		48.0
309	9	Do5	C5	318	318	1	4	1000	95	96		48.4
310	9	Sol5	G5	349	349	1	4	1000	95	96		48.8
311	9	Fa5	F5	340	340	1	8	500	95	96		49.0
312	9	Fa5	F5	340	340	1	16	250	95	96		49.1
313	9	La5b5	A5b5	353	353	1	16	250	95	96		49.2
314	9	Sol5	G5	349	349	1	16	250	95	96		49.3
315	9	Fa5	F5	340	340	1	16	250	95	96		49.4
316	9	Fa5	F5	340	340	1	4	1000	95	96		49.8
317	9	Mi5b5	E5b5	331	331	1	8	500	95	96		50.0
318	9	Mi5b5	E5b5	331	331	1	16	250	95	96		50.1
319	9	Re5	D5	327	327	1	16	250	95	96		50.2
320	9	Mi5b5	E5b5	331	331	1	16	250	95	96		50.3
321	9	Fa5	F5	340	340	1	16	250	95	96		50.4
322	9	Mi5b5	E5b5	331	331	1	16	250	95	96		50.5
323	9	Fa5	F5	340	340	1	16	250	95	96		50.6
324	9	Re5	D5	327	327	1	16	250	95	96		50.7
325	9	Mi5b5	E5b5	331	331	1	16	250	95	96		50.8
326	9	Re5	D5	327	327	1	16	250	95	96		50.9
327	9	Do5	C5	318	318	1	16	250	95	96		51.0
328	9	Do5	C5	318	318	1	16	250	95	96		51.1
329	9	Si4b5	B4b5	309	309	1	16	250	95	96		51.2
330	9	Si4b5	B4b5	309	309	1	16	250	95	96		51.3
331	9	Do5	C5	318	318	1	16	250	95	96		51.4
332	9	Re5	D5	327	327	1	8	500	95	96		51.6
333	9	Mi5b5	E5b5	331	331	1	8	500	95	96		51.8
334	9	Fa5	F5	340	340	1	8	500	95	96		52.0
335	9	Sol5	G5	349	349	3	16	750	95	96		52.3
336	9	Fa5	F5	340	340	1	16	250	95	96		52.4
337	9	Fa5	F5	340	340	1	8	500	95	96		52.6
338	9	Mi5b5	E5b5	331	331	1	16	250	95	96		52.7
339	9	Fa5	F5	340	340	1	16	250	95	96		52.8
340	9	Mi5b5	E5b5	331	331	1	16	250	95	96		52.9
341	9	Re5	D5	327	327	1	16	250	95	96		53.0
342	9	Re5	D5	327	327	3	16	750	95	96		53.3
343	9	Do5	C5	318	318	1	16	250	95	96		53.4
344	9	Do5	C5	318	318	1	16	250	95	96		53.5
345	9	Mi5b5	E5b5	331	331	1	16	250	95	96		53.6
346	9	Re5	D5	327	327	1	16	250	95	96		53.7
347	9	Do5	C5	318	318	1	16	250	95	96		53.8
348	9	Do5	C5	318	318	1	8	500	95	96		54.0
349	9	Si4b5	B4b5	309	309	1	4	1000	95	96		54.4
350	9	Do5	C5	318	318	1	8	500	95	96		54.6
351	9	Mi5b5	E5b5	331	331	1	16	250	95	96		54.7
352	9	Re5	D5	327	327	1	16	250	95	96		54.8
353	9	Do5	C5	318	318	1	16	250	95	96		54.9
354	9	Si4b5	B4b5	309	309	1	16	250	95	96		55.0
355	9	Si4b5	B4b5	309	309	1	16	250	95	96		55.1
356	9	La4b5	A4b5	300	300	1	16	250	95	96		55.2
357	9	La4b5	A4b5	300	300	1	16	250	95	96		55.3
358	9	Sol4	G4	296	296	1	16	250	95	96		55.4
359	9	Sol4	G4	296	296	1	4	1000	95	96		55.8
360	9	Es	Es	-1	-1	1	8	500	100	0		56.0
