Sira	Kod	Nota53	NotaAE	Koma53	KomaAE	Pay	Payda	Ms	LNS	Bas	Soz1	Offset
1	9	Fa5#4	F5#4	344	344	1	8	500	95	96		0.142857142857
2	9	Sol5	G5	349	349	1	8	500	95	96		0.285714285714
3	9	Sol5	G5	349	349	1	8	500	95	96		0.428571428571
4	9	Fa5#4	F5#4	344	344	1	16	250	95	96		0.5
5	9	Sol5	G5	349	349	1	16	250	95	96		0.571428571429
6	9	La5b4	A5b4	354	354	1	16	250	95	96		0.642857142857
7	9	Si5b1	B5b1	366	366	1	16	250	95	96		0.714285714286
8	9	Sol5	G5	349	349	1	4	1000	95	96		1.0
9	9	Fa5#4	F5#4	344	344	1	16	250	95	96		1.07142857143
10	9	Sol5	G5	349	349	1	16	250	95	96		1.14285714286
11	9	La5b4	A5b4	354	354	1	8	500	95	96		1.28571428571
12	9	Sol5	G5	349	349	1	16	250	95	96		1.35714285714
13	9	Fa5#4	F5#4	344	344	1	16	250	95	96		1.42857142857
14	9	Fa5#4	F5#4	344	344	1	16	250	95	96		1.5
15	9	Mi5b5	E5b5	331	331	1	16	250	95	96		1.57142857143
16	9	Mi5b5	E5b5	331	331	1	16	250	95	96		1.64285714286
17	11	Re5	D5	327	327	1	16	250	95	96		1.71428571429
18	9	Re5	D5	327	327	1	4	1000	95	96		2.0
19	9	Do5	C5	318	318	1	8	500	95	96		2.14285714286
20	9	Re5	D5	327	327	1	8	500	95	96		2.28571428571
21	9	Mi5b4	E5b4	332	332	1	8	500	95	96		2.42857142857
22	9	Fa5#4	F5#4	344	344	1	8	500	95	96		2.57142857143
23	9	Sol5	G5	349	349	1	8	500	95	96		2.71428571429
24	9	La5	A5	358	358	1	16	250	95	96		2.78571428571
25	9	Si5b5	B5b5	362	362	1	16	250	95	96		2.85714285714
26	9	La5	A5	358	358	1	16	250	95	96		2.92857142857
27	9	Sol5	G5	349	349	1	16	250	95	96		3.0
28	9	Do6	C6	371	371	1	8	500	95	96		3.14285714286
29	9	Si5b5	B5b5	362	362	1	8	500	95	96		3.28571428571
30	9	Si5b5	B5b5	362	362	1	16	250	95	96		3.35714285714
31	9	La5	A5	358	358	1	16	250	95	96		3.42857142857
32	9	La5	A5	358	358	1	16	250	95	96		3.5
33	9	Sol5	G5	349	349	1	16	250	95	96		3.57142857143
34	9	Sol5	G5	349	349	1	16	250	95	96		3.64285714286
35	9	Fa5#4	F5#4	344	344	1	16	250	95	96		3.71428571429
36	9	Sol5	G5	349	349	1	4	1000	95	96		4.0
37	9	Do5	C5	318	318	1	8	500	95	96		4.14285714286
38	9	Sol5	G5	349	349	1	8	500	95	96		4.28571428571
39	9	Sol5	G5	349	349	1	8	500	95	96		4.42857142857
40	9	Fa5	F5	340	340	1	16	250	95	96		4.5
41	9	La5b5	A5b5	353	353	1	16	250	95	96		4.57142857143
42	9	Sol5	G5	349	349	1	16	250	95	96		4.64285714286
43	9	Fa5	F5	340	340	1	16	250	95	96		4.71428571429
44	9	Mi5b5	E5b5	331	331	1	16	250	95	96		4.78571428571
45	9	Re5	D5	327	327	1	16	250	95	96		4.85714285714
46	9	Mi5b5	E5b5	331	331	1	8	500	95	96		5.0
47	9	Re5	D5	327	327	1	16	250	95	96		5.07142857143
48	9	Mi5b5	E5b5	331	331	1	16	250	95	96		5.14285714286
49	9	Fa5	F5	340	340	1	8	500	95	96		5.28571428571
50	9	Mi5b5	E5b5	331	331	1	16	250	95	96		5.35714285714
51	9	Re5	D5	327	327	1	16	250	95	96		5.42857142857
52	9	Re5	D5	327	327	1	16	250	95	96		5.5
53	9	Do5	C5	318	318	1	16	250	95	96		5.57142857143
54	9	Do5	C5	318	318	1	16	250	95	96		5.64285714286
55	9	Si4b5	B4b5	309	309	1	16	250	95	96		5.71428571429
56	9	Do5	C5	318	318	1	4	1000	95	96		6.0
57	9	Si4b5	B4b5	309	309	1	8	500	95	96		6.14285714286
58	9	Do5	C5	318	318	1	8	500	95	96		6.28571428571
59	9	Re5	D5	327	327	1	8	500	95	96		6.42857142857
60	9	Mi5b5	E5b5	331	331	1	8	500	95	96		6.57142857143
61	9	Re5	D5	327	327	1	16	250	95	96		6.64285714286
62	9	Do5	C5	318	318	1	16	250	95	96		6.71428571429
63	9	Re5	D5	327	327	1	8	500	95	96		6.85714285714
64	9	Do5	C5	318	318	1	16	250	95	96		6.92857142857
65	9	Si4b5	B4b5	309	309	1	16	250	95	96		7.0
66	9	Si4b5	B4b5	309	309	1	16	250	95	96		7.07142857143
67	9	Do5	C5	318	318	1	16	250	95	96		7.14285714286
68	9	Re5	D5	327	327	1	16	250	95	96		7.21428571429
69	9	Mi5b5	E5b5	331	331	1	16	250	95	96		7.28571428571
70	9	Re5	D5	327	327	1	16	250	95	96		7.35714285714
71	9	Do5	C5	318	318	1	16	250	95	96		7.42857142857
72	9	Si4b5	B4b5	309	309	1	16	250	95	96		7.5
73	9	La4b5	A4b5	300	300	1	16	250	95	96		7.57142857143
74	9	La4b5	A4b5	300	300	1	16	250	95	96		7.64285714286
75	11	Sol4	G4	296	296	1	16	250	95	96		7.71428571429
76	9	Sol4	G4	296	296	1	4	1000	95	96		8.0
