Sýra	Kod	Nota53	NotaAE	Koma53	KomaAE	Pay	Payda	Ms	LNS	VelOn	Söz-1
1	9	Sol5	G5	349	349	1	12	303	95	96	ARANAÐME 
2	9	La5b5	A5b5	353	353	1	12	303	95	96	.
3	9	Si5b5	B5b5	362	362	1	12	303	95	96	.
4	9	Sol5	G5	349	349	2	8	910	95	96	.
5	9	Fa5	F5	340	340	1	12	303	95	96	.
6	9	Sol5	G5	349	349	1	12	303	95	96	.
7	9	La5b5	A5b5	353	353	1	12	303	95	96	.
8	9	Fa5	F5	340	340	2	8	910	95	96	.
9	9	Fa5	F5	340	340	1	8	455	95	96	.
10	9	Sol5	G5	349	349	1	16	227	95	96	.
11	9	Fa5	F5	340	340	1	16	227	95	96	.
12	9	Mi5b5	E5b5	331	331	1	8	455	95	96	.
13	9	Fa5	F5	340	340	1	8	455	95	96	.
14	9	Sol5	G5	349	349	3	8	1364	95	96	.
15	9	Re5	D5	327	327	1	8	455	95	96	.
16	9	Re5	D5	327	327	1	12	303	95	96	.
17	9	Mi5b5	E5b5	331	331	1	12	303	95	96	.
18	9	Fa5	F5	340	340	1	12	303	95	96	.
19	9	Re5	D5	327	327	2	8	910	95	96	.
20	9	Do5	C5	318	318	1	12	303	95	96	.
21	9	Re5	D5	327	327	1	12	303	95	96	.
22	9	Mi5b5	E5b5	331	331	1	12	303	95	96	.
23	9	Do5	C5	318	318	2	8	910	95	96	.
24	9	Si4b5	B4b5	309	309	1	8	455	95	96	.
25	9	Do5	C5	318	318	1	16	227	95	96	.
26	9	Si4b5	B4b5	309	309	1	16	227	95	96	.
27	9	La4b5	A4b5	300	300	1	8	455	95	96	.
28	9	Si4b5	B4b5	309	309	1	8	455	95	96	.
29	9	Sol4	G4	296	296	4	8	1819	95	96	.
30	9	Fa5	F5	340	340	1	8	455	95	96	Be
31	9	Sol5	G5	349	349	3	8	1364	95	96	ni 
32	9	Sol5	G5	349	349	1	4	909	95	96	kör 
33	9	Sol5	G5	349	349	1	8	455	50	96	ku
34	9	La5b5	A5b5	353	353	1	8	455	50	96	yu
35	9	Si5b5	B5b5	362	362	1	16	227	99	96	lar
36	9	Sol5	G5	349	349	3	16	682	99	96	
37	9	La5b5	A5b5	353	353	1	16	227	99	96	
38	9	Fa5	F5	340	340	1	8	455	99	96	
39	9	Sol5	G5	349	349	1	16	227	95	96	
40	9	Sol5	G5	349	349	4	8	1819	95	96	da 
41	9	Sol5	G5	349	349	3	8	1364	95	96	mer
42	9	La5b5	A5b5	353	353	1	8	455	95	96	di
43	9	Sol5	G5	349	349	1	4	909	95	96	ven
44	9	Fa5	F5	340	340	1	4	909	95	96	siz 
45	9	Fa5	F5	340	340	1	8	455	95	96	bý
46	10	Sol5	G5	349	349	7	64	398	99	96	rak
47	8	La5b5	A5b5	353	353	1	64	57	99	96	
48	9	Mi5b5	E5b5	331	331	1	8	455	99	96	
49	9	Fa5	F5	340	340	1	8	455	95	96	
50	9	Sol5	G5	349	349	4	8	1819	95	96	týn  
51	9	Si5b5	B5b5	362	362	1	16	227	95	96	SAZ 
52	9	Sol5	G5	349	349	3	16	682	95	96	.
53	9	La5b5	A5b5	353	353	1	16	227	95	96	.
54	9	Fa5	F5	340	340	3	16	682	95	96	.
55	9	Sol5	G5	349	349	1	16	227	95	96	.
56	9	Re5	D5	327	327	3	16	682	95	96	.
57	9	Mi5b5	E5b5	331	331	1	16	227	95	96	.
58	9	Do5	C5	318	318	3	16	682	95	96	.
59	9	Fa5	F5	340	340	1	8	455	95	96	Be
60	9	Sol5	G5	349	349	3	8	1364	95	96	ni 
61	9	Sol5	G5	349	349	1	4	909	95	96	kör 
62	9	Sol5	G5	349	349	1	8	455	50	96	ku
63	9	La5b5	A5b5	353	353	1	8	455	50	96	yu
64	9	Si5b5	B5b5	362	362	1	16	227	99	96	lar
65	9	Sol5	G5	349	349	3	16	682	99	96	
66	9	La5b5	A5b5	353	353	1	16	227	99	96	
67	9	Fa5	F5	340	340	1	8	455	99	96	
68	9	Sol5	G5	349	349	1	16	227	95	96	
69	9	Sol5	G5	349	349	4	8	1819	95	96	da 
70	9	Sol5	G5	349	349	3	8	1364	95	96	mer
71	9	La5b5	A5b5	353	353	1	8	455	95	96	di
72	9	Si5b5	B5b5	362	362	1	4	909	95	96	ven
73	9	Do6	C6	371	371	1	8	455	99	96	siz 
74	9	Si5b5	B5b5	362	362	1	8	455	95	96	
75	9	Si5b5	B5b5	362	362	1	8	455	95	96	bý
76	9	La5b5	A5b5	353	353	1	8	455	99	96	rak
77	9	La5b5	A5b5	353	353	1	8	455	99	96	
78	9	Si5b5	B5b5	362	362	1	8	455	95	96	
79	9	Sol5	G5	349	349	4	8	1819	95	96	týn  
80	9	Sol5	G5	349	349	1	12	303	95	96	SAZ
81	9	La5b5	A5b5	353	353	1	12	303	95	96	.
82	9	Si5b5	B5b5	362	362	1	12	303	95	96	.
83	9	Sol5	G5	349	349	2	8	910	95	96	.
84	9	Fa5	F5	340	340	1	12	303	95	96	.
85	9	Sol5	G5	349	349	1	12	303	95	96	.
86	9	La5b5	A5b5	353	353	1	12	303	95	96	.
87	9	Fa5	F5	340	340	2	8	910	95	96	.
88	9	Sol5	G5	349	349	1	16	227	95	96	.
89	9	Fa5	F5	340	340	1	16	227	95	96	.
90	9	Mi5b5	E5b5	331	331	1	16	227	95	96	.
91	9	Fa5	F5	340	340	1	16	227	95	96	.
92	9	Mi5b5	E5b5	331	331	1	8	455	95	96	.
93	9	Fa5	F5	340	340	1	8	455	95	96	.
94	9	Sol5	G5	349	349	4	8	1819	95	96	.
95	9	Fa5	F5	340	340	1	8	455	95	96	De
96	9	Sol5	G5	349	349	3	8	1364	95	96	niz
97	9	Sol5	G5	349	349	1	8	455	95	96	ler_
98	9	Sol5	G5	349	349	1	4	909	99	96	or
99	9	Fa5	F5	340	340	1	8	455	95	96	
100	9	Fa5	F5	340	340	1	8	455	95	96	ta
101	9	La5b5	A5b5	353	353	1	8	455	99	96	sýn
102	9	Sol5	G5	349	349	1	8	455	99	96	
103	9	Fa5	F5	340	340	1	8	455	95	96	
104	9	Mi5b5	E5b5	331	331	3	16	682	99	96	da 
105	9	Re5	D5	327	327	1	16	227	99	96	
106	9	Mi5b5	E5b5	331	331	1	4	909	95	96	
107	9	Re5	D5	327	327	1	4	909	95	96	bak 
108	9	Mi5b5	E5b5	331	331	1	4	909	95	96	yel
109	9	Sol5	G5	349	349	1	8	455	99	96	ken
110	9	Re5	D5	327	327	1	8	455	95	96	
111	9	Re5	D5	327	327	1	8	455	99	96	siz 
112	9	Do5	C5	318	318	1	8	455	95	96	
113	9	Re5	D5	327	327	1	16	227	99	96	bý
114	9	Do5	C5	318	318	1	16	227	95	96	
115	9	Si4b5	B4b5	309	309	1	16	227	99	96	rak
116	9	Do5	C5	318	318	1	16	227	99	96	
117	9	Si4b5	B4b5	309	309	1	8	455	99	96	
118	9	Do5	C5	318	318	1	8	455	95	96	
119	9	Re5	D5	327	327	4	8	1819	95	96	týn  
120	9	Re5	D5	327	327	1	12	303	95	96	SAZ
121	9	Mi5b5	E5b5	331	331	1	12	303	95	96	.
122	9	Fa5	F5	340	340	1	12	303	95	96	.
123	9	Re5	D5	327	327	2	8	910	95	96	.
124	9	Do5	C5	318	318	1	12	303	95	96	.
125	9	Re5	D5	327	327	1	12	303	95	96	.
126	9	Mi5b5	E5b5	331	331	1	12	303	95	96	.
127	9	Do5	C5	318	318	1	4	909	95	96	.
128	9	Re5	D5	327	327	1	16	227	95	96	.
129	9	Do5	C5	318	318	1	16	227	95	96	.
130	9	Si4b5	B4b5	309	309	1	16	227	95	96	.
131	9	Do5	C5	318	318	1	16	227	95	96	.
132	9	Si4b5	B4b5	309	309	1	8	455	95	96	.
133	9	Do5	C5	318	318	1	8	455	95	96	.
134	9	Re5	D5	327	327	4	8	1819	95	96	.
135	9	Re5	D5	327	327	1	8	455	95	96	De
136	9	Mi5b5	E5b5	331	331	1	4	909	99	96	niz
137	9	Do5	C5	318	318	1	8	455	95	96	
138	9	Do5	C5	318	318	1	8	455	95	96	ler_
139	9	Re5	D5	327	327	1	4	909	99	96	or
140	9	Si4b5	B4b5	309	309	1	8	455	95	96	
141	9	Si4b5	B4b5	309	309	1	8	455	95	96	ta
142	9	Do5	C5	318	318	1	4	909	99	96	sýn
143	9	Sol5	G5	349	349	1	8	455	95	96	
144	9	Sol5	G5	349	349	1	16	227	99	96	da 
145	9	Fa5	F5	340	340	1	16	227	99	96	
146	9	Mi5b5	E5b5	331	331	1	16	227	99	96	
147	9	Re5	D5	327	327	1	16	227	99	96	
148	9	Do5	C5	318	318	1	4	909	95	96	
149	9	Si4b5	B4b5	309	309	1	4	909	50	96	bak 
150	9	Do5	C5	318	318	1	4	909	50	96	yel
151	9	Re5	D5	327	327	1	8	455	99	96	ken
152	9	Si4b5	B4b5	309	309	1	8	455	95	96	
153	9	Si4b5	B4b5	309	309	1	8	455	99	96	siz 
154	9	La4b5	A4b5	300	300	1	8	455	95	96	
155	9	Do5	C5	318	318	1	16	227	99	96	bý
156	9	Si4b5	B4b5	309	309	1	16	227	95	96	
157	9	La4b5	A4b5	300	300	1	4	909	99	96	rak
158	9	La4b5	A4b5	300	300	1	16	227	99	96	
159	9	Sol4	G4	296	296	1	16	227	95	96	
160	9	Sol4	G4	296	296	4	8	1819	95	96	týn  
161	9	Sol5	G5	349	349	1	12	303	95	96	SAZ
162	9	La5b5	A5b5	353	353	1	12	303	95	96	.
163	9	Si5b5	B5b5	362	362	1	12	303	95	96	.
164	9	Sol5	G5	349	349	2	8	910	95	96	.
165	9	Fa5	F5	340	340	1	12	303	95	96	.
166	9	Sol5	G5	349	349	1	12	303	95	96	.
167	9	La5b5	A5b5	353	353	1	12	303	95	96	.
168	9	Fa5	F5	340	340	2	8	910	95	96	.
169	9	Sol5	G5	349	349	1	16	227	95	96	.
170	9	Fa5	F5	340	340	1	16	227	95	96	.
171	9	Mi5b5	E5b5	331	331	1	16	227	95	96	.
172	9	Fa5	F5	340	340	1	16	227	95	96	.
173	9	Mi5b5	E5b5	331	331	1	8	455	95	96	.
174	9	Fa5	F5	340	340	1	8	455	95	96	.
175	9	Sol5	G5	349	349	4	8	1819	95	96	.
176	9	Fa5	F5	340	340	1	8	455	95	96	De
177	9	Sol5	G5	349	349	3	8	1364	95	96	niz
178	9	Sol5	G5	349	349	1	8	455	95	96	ler_
179	9	Sol5	G5	349	349	1	4	909	99	96	or
180	9	Fa5	F5	340	340	1	8	455	95	96	
181	9	Fa5	F5	340	340	1	8	455	95	96	ta
182	9	La5b5	A5b5	353	353	1	8	455	99	96	sýn
183	9	Sol5	G5	349	349	1	8	455	99	96	
184	9	Fa5	F5	340	340	1	8	455	95	96	
185	9	Mi5b5	E5b5	331	331	3	16	682	99	96	da 
186	9	Re5	D5	327	327	1	16	227	99	96	
187	9	Mi5b5	E5b5	331	331	1	4	909	95	96	
188	9	Re5	D5	327	327	1	4	909	95	96	bak 
189	9	Mi5b5	E5b5	331	331	1	4	909	95	96	yel
190	9	Sol5	G5	349	349	1	8	455	99	96	ken
191	9	Re5	D5	327	327	1	8	455	95	96	
192	9	Re5	D5	327	327	1	8	455	99	96	siz 
193	9	Do5	C5	318	318	1	8	455	95	96	
194	9	Re5	D5	327	327	1	16	227	99	96	bý
195	9	Do5	C5	318	318	1	16	227	95	96	
196	9	Si4b5	B4b5	309	309	1	16	227	99	96	rak
197	9	Do5	C5	318	318	1	16	227	99	96	
198	9	Si4b5	B4b5	309	309	1	8	455	99	96	
199	9	Do5	C5	318	318	1	8	455	95	96	
200	9	Re5	D5	327	327	4	8	1819	95	96	týn  
201	9	Re5	D5	327	327	1	12	303	95	96	SAZ
202	9	Mi5b5	E5b5	331	331	1	12	303	95	96	.
203	9	Fa5	F5	340	340	1	12	303	95	96	.
204	9	Re5	D5	327	327	2	8	910	95	96	.
205	9	Do5	C5	318	318	1	12	303	95	96	.
206	9	Re5	D5	327	327	1	12	303	95	96	.
207	9	Mi5b5	E5b5	331	331	1	12	303	95	96	.
208	9	Do5	C5	318	318	1	4	909	95	96	.
209	9	Re5	D5	327	327	1	16	227	95	96	.
210	9	Do5	C5	318	318	1	16	227	95	96	.
211	9	Si4b5	B4b5	309	309	1	16	227	95	96	.
212	9	Do5	C5	318	318	1	16	227	95	96	.
213	9	Si4b5	B4b5	309	309	1	8	455	95	96	.
214	9	Do5	C5	318	318	1	8	455	95	96	.
215	9	Re5	D5	327	327	4	8	1819	95	96	.
216	9	Re5	D5	327	327	1	8	455	95	96	De
217	9	Mi5b5	E5b5	331	331	1	4	909	99	96	niz
218	9	Do5	C5	318	318	1	8	455	95	96	
219	9	Do5	C5	318	318	1	8	455	95	96	ler_
220	9	Re5	D5	327	327	1	4	909	99	96	or
221	9	Si4b5	B4b5	309	309	1	8	455	95	96	
222	9	Si4b5	B4b5	309	309	1	8	455	95	96	ta
223	9	Do5	C5	318	318	1	4	909	99	96	sýn
224	9	Sol5	G5	349	349	1	8	455	95	96	
225	9	Sol5	G5	349	349	1	16	227	99	96	da 
226	9	Fa5	F5	340	340	1	16	227	99	96	
227	9	Mi5b5	E5b5	331	331	1	16	227	99	96	
228	9	Re5	D5	327	327	1	16	227	99	96	
229	9	Do5	C5	318	318	1	4	909	95	96	
230	9	Si4b5	B4b5	309	309	1	4	909	50	96	bak 
231	9	Do5	C5	318	318	1	4	909	50	96	yel
232	9	Re5	D5	327	327	1	8	455	99	96	ken
233	9	Si4b5	B4b5	309	309	1	8	455	95	96	
234	9	Si4b5	B4b5	309	309	1	8	455	99	96	siz 
235	9	La4b5	A4b5	300	300	1	8	455	95	96	
236	9	Do5	C5	318	318	1	16	227	99	96	bý
237	9	Si4b5	B4b5	309	309	1	16	227	95	96	
238	9	La4b5	A4b5	300	300	1	4	909	99	96	rak
239	9	La4b5	A4b5	300	300	1	16	227	99	96	
240	9	Sol4	G4	296	296	1	16	227	95	96	
241	9	Sol4	G4	296	296	4	8	1819	95	96	týn  
242	9	Si5b5	B5b5	362	362	1	4	909	95	96	SAZ
243	9	Sol5	G5	349	349	1	4	909	95	96	.
244	9	La5	A5	358	358	1	4	909	95	96	.
245	9	Fa5	F5	340	340	1	4	909	95	96	.
246	9	Sol5	G5	349	349	1	8	455	95	96	.
247	9	La5	A5	358	358	1	8	455	95	96	.
248	9	Do6	C6	371	371	1	16	227	95	96	.
249	9	Si5b5	B5b5	362	362	1	16	227	95	96	.
250	9	La5	A5	358	358	1	16	227	95	96	.
251	9	Do6	C6	371	371	1	16	227	95	96	.
252	9	Si5b5	B5b5	362	362	4	8	1819	95	96	.
253	9	Si5b5	B5b5	362	362	1	4	909	95	96	Öy
254	9	Si5b5	B5b5	362	362	1	8	455	50	96	le
255	9	Si5b5	B5b5	362	362	1	8	455	50	96	si
256	9	Si5b5	B5b5	362	362	3	8	1364	99	96	ne 
257	9	La5	A5	358	358	1	8	455	95	96	
258	9	Sol5	G5	349	349	1	4	909	95	96	yýk
259	9	La5	A5	358	358	1	4	909	95	96	týn 
260	9	Si5b5	B5b5	362	362	4	8	1819	95	96	ki 
261	9	Si5b5	B5b5	362	362	1	8	455	95	96	bü
262	9	Re6	D6	380	380	3	8	1364	101	96	tün 
263	9	Do6	C6	371	371	1	8	455	95	96	i
264	9	Si5b5	B5b5	362	362	3	8	1364	95	96	nanç
265	9	La5	A5	358	358	1	8	455	95	96	la
266	9	Sol5	G5	349	349	1	8	455	99	96	rý
267	9	Fa5#4	F5#4	344	344	1	8	455	99	96	
268	9	Sol5	G5	349	349	1	8	455	95	96	
269	9	La5	A5	358	358	4	8	1819	95	96	mý  
270	9	Re5	D5	327	327	1	4	909	95	96	Öy
271	9	Sol5	G5	349	349	1	8	455	50	96	le
272	9	Sol5	G5	349	349	1	8	455	50	96	si
273	9	La5	A5	358	358	3	8	1364	99	96	ne 
274	9	Do6	C6	371	371	1	8	455	95	96	
275	9	Si5b5	B5b5	362	362	1	8	455	99	96	yýk
276	9	La5	A5	358	358	1	8	455	95	96	
277	9	Sol5	G5	349	349	1	8	455	99	96	týn 
278	9	Fa5#4	F5#4	344	344	1	8	455	95	96	
279	9	Sol5	G5	349	349	4	8	1819	95	96	ki 
280	9	Sol5	G5	349	349	1	8	455	95	96	bü
281	9	La5b5	A5b5	353	353	3	8	1364	101	96	tün 
282	9	Sol5	G5	349	349	1	8	455	95	96	i
283	9	Fa5	F5	340	340	3	8	1364	95	96	nanç
284	9	Sol5	G5	349	349	1	16	227	99	96	la
285	9	Fa5	F5	340	340	1	16	227	95	96	
286	9	Mi5b5	E5b5	331	331	1	16	227	99	96	rý
287	9	Fa5	F5	340	340	1	16	227	99	96	
288	9	Mi5b5	E5b5	331	331	1	8	455	99	96	
289	9	Fa5	F5	340	340	1	8	455	95	96	
290	9	Sol5	G5	349	349	4	8	1819	95	96	mý  
291	9	Si5b5	B5b5	362	362	1	4	909	95	96	SAZ
292	9	Sol5	G5	349	349	1	4	909	95	96	.
293	9	La5b5	A5b5	353	353	1	4	909	95	96	.
294	9	Fa5	F5	340	340	1	4	909	95	96	.
295	9	Sol5	G5	349	349	1	16	227	95	96	.
296	9	Fa5	F5	340	340	1	16	227	95	96	.
297	9	Mi5b5	E5b5	331	331	1	16	227	95	96	.
298	9	Fa5	F5	340	340	1	16	227	95	96	.
299	9	Mi5b5	E5b5	331	331	1	8	455	95	96	.
300	9	Fa5	F5	340	340	1	8	455	95	96	.
301	9	Sol5	G5	349	349	4	8	1819	95	96	.
302	9	Fa5	F5	340	340	1	8	455	95	96	Be
303	9	Sol5	G5	349	349	1	8	455	95	96	ni 
304	9	Sol5	G5	349	349	1	4	909	95	96	sen
305	9	Si5b5	B5b5	362	362	1	8	455	99	96	siz 
306	9	Sol5	G5	349	349	1	4	909	99	96	
307	9	Fa5	F5	340	340	1	8	455	95	96	
308	9	Sol5	G5	349	349	1	16	227	99	96	bý
309	9	Fa5	F5	340	340	1	16	227	95	96	
310	9	Mi5b5	E5b5	331	331	1	16	227	99	96	rak
311	9	Fa5	F5	340	340	1	16	227	99	96	
312	9	Mi5b5	E5b5	331	331	1	8	455	99	96	
313	9	Fa5	F5	340	340	1	8	455	95	96	
314	9	Sol5	G5	349	349	4	8	1819	95	96	týn 
315	9	Sol5	G5	349	349	1	12	303	99	96	of  
316	9	La5b5	A5b5	353	353	1	12	303	99	96	
317	9	Si5b5	B5b5	362	362	1	12	303	99	96	
318	9	Sol5	G5	349	349	2	8	910	99	96	
319	9	Fa5	F5	340	340	1	12	303	99	96	
320	9	Sol5	G5	349	349	1	12	303	99	96	
321	9	La5b5	A5b5	353	353	1	12	303	99	96	
322	9	Fa5	F5	340	340	2	8	910	95	96	
323	9	Sol5	G5	349	349	1	16	227	95	96	SAZ
324	9	Fa5	F5	340	340	1	16	227	95	96	.
325	9	Mi5b5	E5b5	331	331	1	16	227	95	96	.
326	9	Fa5	F5	340	340	1	16	227	95	96	.
327	9	Mi5b5	E5b5	331	331	1	8	455	95	96	.
328	9	Fa5	F5	340	340	1	8	455	95	96	.
329	9	Sol5	G5	349	349	4	8	1819	95	96	.
330	9	Sol5	G5	349	349	1	8	455	95	96	Be
331	9	Sol5	G5	349	349	1	8	455	95	96	ni 
332	9	Sol5	G5	349	349	1	8	455	99	96	ben
333	9	Fa5	F5	340	340	1	8	455	95	96	
334	9	La5b5	A5b5	353	353	1	4	909	99	96	siz 
335	9	Sol5	G5	349	349	1	8	455	99	96	
336	9	Fa5	F5	340	340	1	8	455	95	96	
337	9	Fa5	F5	340	340	1	8	455	95	96	bý
338	9	Mi5b5	E5b5	331	331	1	16	227	99	96	rak
339	9	Re5	D5	327	327	1	16	227	99	96	
340	9	Mi5b5	E5b5	331	331	1	8	455	95	96	
341	9	Fa5	F5	340	340	1	8	455	99	96	týn 
342	9	Re5	D5	327	327	2	8	910	95	96	
343	9	La5b5	A5b5	353	353	1	4	909	99	96	of  
344	9	Sol5	G5	349	349	1	4	909	99	96	
345	9	Fa5	F5	340	340	1	4	909	99	96	
346	9	Mi5b5	E5b5	331	331	1	4	909	99	96	
347	9	Re5	D5	327	327	1	12	303	99	96	
348	9	Mi5b5	E5b5	331	331	1	12	303	99	96	
349	9	Fa5	F5	340	340	1	12	303	99	96	
350	9	Re5	D5	327	327	1	4	909	99	96	
351	9	Fa5	F5	340	340	1	24	152	99	96	
352	9	Mi5b5	E5b5	331	331	1	24	152	99	96	
353	9	Re5	D5	327	327	1	24	152	99	96	
354	9	Mi5b5	E5b5	331	331	1	16	227	99	96	
355	9	Fa5	F5	340	340	1	16	227	99	96	
356	9	Re5	D5	327	327	4	8	1819	95	96	
357	9	Do5	C5	318	318	1	8	455	50	96	Be
358	9	Do5	C5	318	318	1	8	455	50	96	ni 
359	9	Do5	C5	318	318	1	4	909	95	96	sen
360	9	Sol5	G5	349	349	1	4	909	99	96	siz 
361	9	Fa5	F5	340	340	1	8	455	99	96	
362	9	Mi5b5	E5b5	331	331	1	8	455	95	96	
363	10	Re5	D5	327	327	7	64	398	95	96	bý
364	8	Mi5b5	E5b5	331	331	1	64	57	95	96	
365	9	Re5	D5	327	327	1	16	227	99	96	rak
366	9	Do5	C5	318	318	1	16	227	99	96	
367	9	Si4b5	B4b5	309	309	1	8	455	99	96	
368	9	Re5	D5	327	327	1	8	455	95	96	
369	9	Do5	C5	318	318	4	8	1819	95	96	týn  
370	9	Si4b5	B4b5	309	309	1	8	455	50	96	Be
371	9	Si4b5	B4b5	309	309	1	8	455	50	96	ni 
372	9	Do5	C5	318	318	1	4	909	95	96	ben
373	9	Re5	D5	327	327	1	4	909	99	96	siz 
374	9	Do5	C5	318	318	1	8	455	99	96	
375	9	Si4b5	B4b5	309	309	1	8	455	95	96	
376	8	Do5	C5	318	318	1	64	57	95	96	
377	9	Si4b5	B4b5	309	309	1	8	455	95	96	bý
378	9	La4b5	A4b5	300	300	1	4	909	99	96	rak
379	9	La4b5	A4b5	300	300	1	16	227	99	96	
380	9	Sol4	G4	296	296	1	16	227	95	96	
381	9	Sol4	G4	296	296	1	4	909	67	96	týn 
382	9	Mi5b5	E5b5	331	331	1	4	909	99	96	of  
383	9	Re5	D5	327	327	1	4	909	99	96	
384	9	Do5	C5	318	318	1	4	909	99	96	
385	9	Si4b5	B4b5	309	309	1	4	909	99	96	
386	9	Do5	C5	318	318	1	16	227	99	96	
387	9	Si4b5	B4b5	309	309	1	16	227	99	96	
388	9	La4b5	A4b5	300	300	1	16	227	99	96	
389	9	Si4b5	B4b5	309	309	1	16	227	99	96	
390	9	Sol4	G4	296	296	1	2	1818	95	96	
391	9	Si4b5	B4b5	309	309	1	8	455	95	96	Be
392	9	Si4b5	B4b5	309	309	1	8	455	95	96	ni 
393	9	Si4b5	B4b5	309	309	1	4	909	95	96	ben
394	9	Re5	D5	327	327	1	4	909	99	96	siz 
395	9	Do5	C5	318	318	1	8	455	99	96	
396	9	Si4b5	B4b5	309	309	1	8	455	95	96	
397	9	Si4b5	B4b5	309	309	1	16	227	99	96	bý
398	9	La4b5	A4b5	300	300	1	16	227	95	96	
399	10	La4b5	A4b5	300	300	7	64	398	99	96	rak
400	8	Si4b5	B4b5	309	309	1	64	57	99	96	
401	9	La4b5	A4b5	300	300	1	8	455	99	96	
402	9	Sol4	G4	296	296	1	8	455	95	96	
403	9	Sol4	G4	296	296	1	4	909	95	96	týn 
404	9	Mi5b5	E5b5	331	331	1	4	909	99	96	of  
405	9	Re5	D5	327	327	1	4	909	99	96	
406	9	Do5	C5	318	318	1	4	909	99	96	
407	9	Si4b5	B4b5	309	309	1	4	909	99	96	
408	9	Do5	C5	318	318	1	16	227	99	96	
409	9	Si4b5	B4b5	309	309	1	16	227	99	96	
410	9	La4b5	A4b5	300	300	1	16	227	99	96	
411	9	Si4b5	B4b5	309	309	1	16	227	99	96	
412	9	Sol4	G4	296	296	1	2	1818	95	96	
