Sýra	Kod	Nota53	NotaAE	Koma53	KomaAE	Pay	Payda	Ms	LNS	VelOn	Söz-1
1	9	Fa5	F5	340	340	1	8	400	95	96	ARANAÐME
2	9	Sol5	G5	349	349	1	4	800	95	96	.
3	9	La5b5	A5b5	353	353	1	8	400	95	96	.
4	9	Fa5	F5	340	340	1	4	800	95	96	.
5	9	Do6	C6	371	371	3	16	600	95	96	.
6	9	Si5b5	B5b5	362	362	1	16	200	95	96	.
7	9	Si5b5	B5b5	362	362	3	16	600	95	96	.
8	9	La5b5	A5b5	353	353	1	16	200	95	96	.
9	9	La5b5	A5b5	353	353	3	16	600	95	96	.
10	9	Sol5	G5	349	349	1	16	200	95	96	.
11	9	Sol5	G5	349	349	3	16	600	95	96	.
12	9	La5b5	A5b5	353	353	1	16	200	95	96	.
13	9	Si5b5	B5b5	362	362	1	16	200	95	96	.
14	9	Do6	C6	371	371	1	16	200	95	96	.
15	9	Si5b5	B5b5	362	362	1	16	200	95	96	.
16	9	La5b5	A5b5	353	353	1	16	200	95	96	.
17	9	Sol5	G5	349	349	1	4	800	95	96	.
18	9	Sol5	G5	349	349	1	16	200	95	96	.
19	9	La5b5	A5b5	353	353	1	8	400	95	96	.
20	9	Sol5	G5	349	349	1	16	200	95	96	.
21	9	Fa5	F5	340	340	1	4	800	95	96	.
22	9	Fa5	F5	340	340	1	16	200	95	96	.
23	9	Sol5	G5	349	349	1	8	400	95	96	.
24	9	Fa5	F5	340	340	1	16	200	95	96	.
25	9	Mi5b5	E5b5	331	331	1	4	800	95	96	.
26	9	Re5	D5	327	327	1	8	400	95	96	.
27	9	Do5	C5	318	318	1	16	200	95	96	.
28	9	Si4b5	B4b5	309	309	1	16	200	95	96	.
29	9	Sol5	G5	349	349	1	8	400	95	96	.
30	9	Fa5	F5	340	340	1	16	200	95	96	.
31	9	Mi5b5	E5b5	331	331	1	16	200	95	96	.
32	9	Re5	D5	327	327	1	16	200	95	96	.
33	9	Mi5b5	E5b5	331	331	1	16	200	95	96	.
34	9	Re5	D5	327	327	1	16	200	95	96	.
35	9	Mi5b5	E5b5	331	331	1	16	200	95	96	.
36	9	Re5	D5	327	327	1	16	200	95	96	.
37	9	Mi5b5	E5b5	331	331	1	16	200	95	96	.
38	9	Re5	D5	327	327	1	16	200	95	96	.
39	9	Mi5b5	E5b5	331	331	1	16	200	95	96	.
40	9	Re5	D5	327	327	1	8	400	95	96	.
41	9	Do5	C5	318	318	2	8	800	95	96	.
42	9	Mi5b5	E5b5	331	331	1	8	400	95	96	.
43	9	Re5	D5	327	327	1	8	400	95	96	.
44	9	Do5	C5	318	318	2	8	800	95	96	.
45	9	La5b5	A5b5	353	353	1	8	400	95	96	.
46	9	Sol5	G5	349	349	1	8	400	95	96	.
47	9	Fa5	F5	340	340	1	8	400	95	96	.
48	9	Mi5b5	E5b5	331	331	3	16	600	95	96	.
49	9	Re5	D5	327	327	1	16	200	95	96	.
50	9	Do5	C5	318	318	1	8	400	95	96	.
51	9	Re5	D5	327	327	1	8	400	95	96	.
52	9	Si4b5	B4b5	309	309	1	8	400	95	96	.
53	9	Do5	C5	318	318	1	8	400	95	96	.
54	9	Si4b5	B4b5	309	309	1	8	400	95	96	.
55	9	La4b5	A4b5	300	300	1	8	400	95	96	.
56	9	Sol4	G4	296	296	1	8	400	95	96	.
57	9	Fa4	F4	287	287	1	8	400	95	96	.
58	9	Si4b5	B4b5	309	309	1	8	400	95	96	.
59	9	Do5	C5	318	318	1	4	800	95	96	.
60	9	Do5	C5	318	318	1	8	400	95	96	.
61	9	Si4b5	B4b5	309	309	1	12	267	95	96	.
62	9	Do5	C5	318	318	1	12	267	95	96	.
63	9	Re5	D5	327	327	1	12	267	95	96	.
64	9	Mi5b5	E5b5	331	331	1	12	267	95	96	.
65	9	Re5	D5	327	327	1	12	267	95	96	.
66	9	Do5	C5	318	318	1	12	267	95	96	.
67	9	Si4b5	B4b5	309	309	3	16	600	95	96	.
68	9	La4b5	A4b5	300	300	1	16	200	95	96	.
69	9	Si4b5	B4b5	309	309	1	16	200	95	96	.
70	9	La4b5	A4b5	300	300	1	16	200	95	96	.
71	9	La4b5	A4b5	300	300	1	16	200	95	96	.
72	9	Sol4	G4	296	296	1	16	200	95	96	.
73	9	Sol4	G4	296	296	1	4	800	95	96	
74	9	Do5	C5	318	318	1	16	200	95	96	
75	9	Re5	D5	327	327	1	16	200	95	96	
76	9	Mi5b3	E5b4	333	332	1	16	200	95	96	
77	9	Fa5	F5	340	340	1	16	200	95	96	
78	9	Sol5	G5	349	349	1	4	800	95	96	
79	9	Fa5	F5	340	340	1	8	400	95	96	ARANAÐME
80	9	Sol5	G5	349	349	1	4	800	95	96	.
81	9	La5b5	A5b5	353	353	1	8	400	95	96	.
82	9	Fa5	F5	340	340	1	4	800	95	96	.
83	9	Do6	C6	371	371	3	16	600	95	96	.
84	9	Si5b5	B5b5	362	362	1	16	200	95	96	.
85	9	Si5b5	B5b5	362	362	3	16	600	95	96	.
86	9	La5b5	A5b5	353	353	1	16	200	95	96	.
87	9	La5b5	A5b5	353	353	3	16	600	95	96	.
88	9	Sol5	G5	349	349	1	16	200	95	96	.
89	9	Sol5	G5	349	349	3	16	600	95	96	.
90	9	La5b5	A5b5	353	353	1	16	200	95	96	.
91	9	Si5b5	B5b5	362	362	1	16	200	95	96	.
92	9	Do6	C6	371	371	1	16	200	95	96	.
93	9	Si5b5	B5b5	362	362	1	16	200	95	96	.
94	9	La5b5	A5b5	353	353	1	16	200	95	96	.
95	9	Sol5	G5	349	349	1	4	800	95	96	.
96	9	Sol5	G5	349	349	1	16	200	95	96	.
97	9	La5b5	A5b5	353	353	1	8	400	95	96	.
98	9	Sol5	G5	349	349	1	16	200	95	96	.
99	9	Fa5	F5	340	340	1	4	800	95	96	.
100	9	Fa5	F5	340	340	1	16	200	95	96	.
101	9	Sol5	G5	349	349	1	8	400	95	96	.
102	9	Fa5	F5	340	340	1	16	200	95	96	.
103	9	Mi5b5	E5b5	331	331	1	4	800	95	96	.
104	9	Re5	D5	327	327	1	8	400	95	96	.
105	9	Do5	C5	318	318	1	16	200	95	96	.
106	9	Si4b5	B4b5	309	309	1	16	200	95	96	.
107	9	Sol5	G5	349	349	1	8	400	95	96	.
108	9	Fa5	F5	340	340	1	16	200	95	96	.
109	9	Mi5b5	E5b5	331	331	1	16	200	95	96	.
110	9	Re5	D5	327	327	1	16	200	95	96	.
111	9	Mi5b5	E5b5	331	331	1	16	200	95	96	.
112	9	Re5	D5	327	327	1	16	200	95	96	.
113	9	Mi5b5	E5b5	331	331	1	16	200	95	96	.
114	9	Re5	D5	327	327	1	16	200	95	96	.
115	9	Mi5b5	E5b5	331	331	1	16	200	95	96	.
116	9	Re5	D5	327	327	1	16	200	95	96	.
117	9	Mi5b5	E5b5	331	331	1	16	200	95	96	.
118	9	Re5	D5	327	327	1	8	400	95	96	.
119	9	Do5	C5	318	318	2	8	800	95	96	.
120	9	Mi5b5	E5b5	331	331	1	8	400	95	96	.
121	9	Re5	D5	327	327	1	8	400	95	96	.
122	9	Do5	C5	318	318	2	8	800	95	96	.
123	9	La5b5	A5b5	353	353	1	8	400	95	96	.
124	9	Sol5	G5	349	349	1	8	400	95	96	.
125	9	Fa5	F5	340	340	1	8	400	95	96	.
126	9	Mi5b5	E5b5	331	331	3	16	600	95	96	.
127	9	Re5	D5	327	327	1	16	200	95	96	.
128	9	Do5	C5	318	318	1	8	400	95	96	.
129	9	Re5	D5	327	327	1	8	400	95	96	.
130	9	Si4b5	B4b5	309	309	1	8	400	95	96	.
131	9	Do5	C5	318	318	1	8	400	95	96	.
132	9	Si4b5	B4b5	309	309	1	8	400	95	96	.
133	9	La4b5	A4b5	300	300	1	8	400	95	96	.
134	9	Sol4	G4	296	296	1	8	400	95	96	.
135	9	Fa4	F4	287	287	1	8	400	95	96	.
136	9	Si4b5	B4b5	309	309	1	8	400	95	96	.
137	9	Do5	C5	318	318	1	4	800	95	96	.
138	9	Do5	C5	318	318	1	8	400	95	96	.
139	9	Si4b5	B4b5	309	309	1	12	267	95	96	.
140	9	Do5	C5	318	318	1	12	267	95	96	.
141	9	Re5	D5	327	327	1	12	267	95	96	.
142	9	Mi5b5	E5b5	331	331	1	12	267	95	96	.
143	9	Re5	D5	327	327	1	12	267	95	96	.
144	9	Do5	C5	318	318	1	12	267	95	96	.
145	9	Si4b5	B4b5	309	309	3	16	600	95	96	.
146	9	La4b5	A4b5	300	300	1	16	200	95	96	.
147	9	Si4b5	B4b5	309	309	1	16	200	95	96	.
148	9	La4b5	A4b5	300	300	1	16	200	95	96	.
149	9	La4b5	A4b5	300	300	1	16	200	95	96	.
150	9	Sol4	G4	296	296	1	16	200	95	96	.
151	9	Sol4	G4	296	296	3	16	600	95	96	.
152	9	Mi5b5	E5b5	331	331	1	16	200	95	96	.
153	9	Re5	D5	327	327	1	16	200	95	96	.
154	9	Do5	C5	318	318	1	16	200	95	96	.
155	9	Si4b5	B4b5	309	309	1	16	200	95	96	.
156	9	La4b5	A4b5	300	300	1	16	200	95	96	.
157	9	Sol4	G4	296	296	1	4	800	95	96	.
158	9	Sol5	G5	349	349	3	16	600	95	96	.
159	9	La5b5	A5b5	353	353	1	16	200	95	96	.
160	9	Sol5	G5	349	349	1	16	200	95	96	.
161	9	Fa5	F5	340	340	1	16	200	95	96	.
162	9	Mi5b3	E5b4	333	332	1	16	200	95	96	.
163	9	Fa5	F5	340	340	1	16	200	95	96	.
164	9	Sol5	G5	349	349	1	4	800	95	96	.
165	9	Fa5	F5	340	340	1	8	400	95	96	Ko
166	9	Sol5	G5	349	349	1	8	400	95	96	pa
167	9	Sol5	G5	349	349	3	8	1200	99	96	ran 
168	9	Do6	C6	371	371	1	8	400	95	96	
169	9	Do6	C6	371	371	3	16	600	99	96	sî
170	9	Si5b5	B5b5	362	362	1	16	200	99	96	
171	9	Si5b5	B5b5	362	362	3	16	600	99	96	
172	9	La5	A5	358	358	1	16	200	99	96	
173	9	La5	A5	358	358	3	16	600	99	96	
174	9	Sol5	G5	349	349	1	16	200	99	96	
175	9	Sol5	G5	349	349	1	8	400	99	96	
176	9	Si5b5	B5b5	362	362	1	16	200	99	96	
177	9	La5	A5	358	358	1	16	200	99	96	
178	9	Sol5	G5	349	349	1	16	200	99	96	
179	9	Fa5	F5	340	340	1	16	200	99	96	
180	9	Mi5b1	E5b1	335	335	1	16	200	99	96	
181	9	Re5#3	D5#4	330	331	1	16	200	99	96	
182	9	Mi5b1	E5b1	335	335	1	4	800	95	96	
183	9	Sol5	G5	349	349	1	8	400	95	96	ne
184	9	La5	A5	358	358	1	8	400	95	96	mi 
185	9	Sol5	G5	349	349	1	8	400	99	96	að
186	9	Fa5	F5	340	340	1	8	400	99	96	
187	9	Mi5b4	E5b4	332	332	1	8	400	99	96	
188	9	Re5	D5	327	327	1	8	400	95	96	
189	9	Do5	C5	318	318	1	2	1600	99	96	yâr 
190	9	Re5	D5	327	327	1	8	400	99	96	
191	9	Mi5b3	E5b4	333	332	1	8	400	99	96	
192	9	Do5	C5	318	318	1	8	400	95	96	
193	9	Re5	D5	327	327	1	16	200	95	96	SAZ
194	9	Mi5b3	E5b4	333	332	1	16	200	95	96	.
195	9	Fa5	F5	340	340	1	16	200	95	96	.
196	9	Sol5	G5	349	349	1	16	200	95	96	.
197	9	La5	A5	358	358	1	16	200	95	96	.
198	9	Do6	C6	371	371	1	16	200	95	96	.
199	9	Si5b5	B5b5	362	362	1	4	800	95	96	.
200	9	Si5b5	B5b5	362	362	1	8	400	95	96	e
201	9	Si5b5	B5b5	362	362	1	8	400	95	96	li
202	9	Si5b5	B5b5	362	362	3	16	600	99	96	dir 
203	9	La5	A5	358	358	1	16	200	99	96	
204	9	Sol5	G5	349	349	1	8	400	99	96	
205	9	Si5b5	B5b5	362	362	1	8	400	99	96	
206	9	La5	A5	358	358	3	16	600	99	96	
207	9	Sol5	G5	349	349	1	16	200	99	96	
208	9	Fa5	F5	340	340	1	8	400	99	96	
209	9	La5	A5	358	358	1	8	400	99	96	
210	9	Sol5	G5	349	349	1	4	800	99	96	
211	9	Sol5	G5	349	349	1	8	400	99	96	
212	9	Si5b5	B5b5	362	362	1	16	200	99	96	
213	9	La5	A5	358	358	1	16	200	99	96	
214	9	Sol5	G5	349	349	1	16	200	99	96	
215	9	Fa5	F5	340	340	1	16	200	99	96	
216	9	Mi5b2	E5b1	334	335	1	16	200	99	96	
217	9	Re5	D5	327	327	1	16	200	99	96	
218	9	Do5	C5	318	318	1	4	800	95	96	
219	9	Mi5b2	E5b1	334	335	1	8	400	95	96	e
220	9	Fa5	F5	340	340	1	8	400	95	96	li
221	9	Sol5	G5	349	349	1	2	1600	95	96	dir  
222	9	Sol5	G5	349	349	1	8	400	95	96	SAZ
223	9	La5b5	A5b5	353	353	1	16	200	95	96	.
224	9	Si5b5	B5b5	362	362	1	16	200	95	96	.
225	9	La5b5	A5b5	353	353	1	16	200	95	96	.
226	9	Sol5	G5	349	349	1	16	200	95	96	.
227	9	Fa5	F5	340	340	1	8	400	95	96	.
228	9	Mi5b2	E5b1	334	335	1	8	400	95	96	.
229	9	Fa5	F5	340	340	1	8	400	95	96	.
230	9	Sol5	G5	349	349	3	32	300	95	96	.
231	9	Fa5	F5	340	340	1	32	100	95	96	.
232	9	Mi5b5	E5b5	331	331	1	16	200	95	96	.
233	9	Re5	D5	327	327	1	16	200	95	96	.
234	9	Do5	C5	318	318	1	16	200	95	96	.
235	9	Re5	D5	327	327	1	16	200	95	96	.
236	9	Mi5b1	E5b1	335	335	1	16	200	95	96	.
237	9	Fa5	F5	340	340	1	16	200	95	96	.
238	9	Sol5	G5	349	349	1	8	400	95	96	.
239	9	Fa5	F5	340	340	1	4	800	95	96	Dost_
240	9	Sol5	G5	349	349	1	8	400	95	96	e
241	9	Sol5	G5	349	349	1	2	1600	95	96	lin
242	9	Sol5	G5	349	349	1	8	400	99	96	den 
243	9	La5b5	A5b5	353	353	1	16	200	99	96	
244	9	Sol5	G5	349	349	1	16	200	99	96	
245	9	Fa5	F5	340	340	1	4	800	99	96	
246	9	Fa5	F5	340	340	1	8	400	99	96	
247	9	Mi5b5	E5b5	331	331	1	8	400	99	96	
248	9	Fa5	F5	340	340	1	8	400	99	96	
249	9	Sol5	G5	349	349	1	16	200	99	96	
250	9	Fa5	F5	340	340	1	16	200	99	96	
251	9	Mi5b5	E5b5	331	331	1	8	400	99	96	
252	9	Re5	D5	327	327	1	8	400	99	96	
253	9	Do5	C5	318	318	1	8	400	99	96	
254	9	Si4b5	B4b5	309	309	1	8	400	95	96	
255	9	Do5	C5	318	318	1	8	400	95	96	yü
256	9	Re5	D5	327	327	1	8	400	95	96	re
257	9	Mi5b5	E5b5	331	331	1	8	400	99	96	ðim 
258	9	Re5	D5	327	327	1	16	200	99	96	
259	9	Do5	C5	318	318	1	16	200	99	96	
260	9	Si4b5	B4b5	309	309	1	8	400	99	96	
261	9	La4b5	A4b5	300	300	1	16	200	99	96	
262	9	Sol4	G4	296	296	1	16	200	95	96	
263	9	Do5	C5	318	318	1	2	1600	99	96	yâ
264	9	Si4b5	B4b5	309	309	1	8	400	99	96	
265	9	La4b3	A4b4	302	301	1	8	400	99	96	
266	9	Si4b5	B4b5	309	309	1	16	200	99	96	
267	9	Do5	C5	318	318	1	16	200	99	96	
268	9	Re5	D5	327	327	1	16	200	99	96	
269	9	Mi5b5	E5b5	331	331	1	16	200	99	96	
270	9	Re5	D5	327	327	1	16	200	99	96	
271	9	Do5	C5	318	318	1	16	200	99	96	
272	9	Si4b5	B4b5	309	309	1	16	200	99	96	
273	9	La4b5	A4b5	300	300	1	16	200	99	96	
274	9	Sol4	G4	296	296	1	4	800	95	96	
275	9	Do5	C5	318	318	1	8	400	95	96	re
276	9	Re5	D5	327	327	1	8	400	95	96	li
277	9	Re5	D5	327	327	3	16	600	99	96	dir 
278	9	Do5	C5	318	318	1	16	200	99	96	
279	9	Si4b5	B4b5	309	309	1	8	400	99	96	
280	9	Re5	D5	327	327	1	8	400	95	96	
281	9	Do5	C5	318	318	1	2	1600	99	96	yâ
282	9	Si4b5	B4b5	309	309	1	4	800	99	96	
283	9	Si4b5	B4b5	309	309	1	8	400	99	96	
284	9	La4b5	A4b5	300	300	1	4	800	99	96	
285	9	Sol4	G4	296	296	1	16	200	99	96	
286	9	Fa4	F4	287	287	1	16	200	99	96	
287	9	Fa4	F4	287	287	1	8	400	99	96	
288	9	Sol4	G4	296	296	1	16	200	99	96	
289	9	La4b5	A4b5	300	300	1	16	200	95	96	
290	9	Si4b5	B4b5	309	309	1	8	400	95	96	re
291	9	La4b5	A4b5	300	300	1	16	200	99	96	li
292	9	Sol4	G4	296	296	1	16	200	95	96	
293	9	Sol4	G4	296	296	1	2	1600	95	96	dir  
294	9	Sol5	G5	349	349	1	8	400	95	96	SAZ
295	9	La5b5	A5b5	353	353	1	16	200	95	96	.
296	9	Si5b5	B5b5	362	362	1	16	200	95	96	.
297	9	La5b5	A5b5	353	353	1	16	200	95	96	.
298	9	Sol5	G5	349	349	1	16	200	95	96	.
299	9	Fa5	F5	340	340	1	8	400	95	96	.
300	9	Mi5b3	E5b4	333	332	1	8	400	95	96	.
301	9	Fa5	F5	340	340	1	8	400	95	96	.
302	9	Sol5	G5	349	349	3	32	300	95	96	.
303	9	Fa5	F5	340	340	1	32	100	95	96	.
304	9	Mi5b5	E5b5	331	331	1	16	200	95	96	.
305	9	Re5	D5	327	327	1	16	200	95	96	.
306	9	Do5	C5	318	318	1	16	200	95	96	.
307	9	Re5	D5	327	327	1	16	200	95	96	.
308	9	Mi5b1	E5b1	335	335	1	16	200	95	96	.
309	9	Fa5	F5	340	340	1	16	200	95	96	.
310	9	Sol5	G5	349	349	1	8	400	95	96	.
311	9	Fa5	F5	340	340	1	4	800	95	96	Dost_
312	9	Sol5	G5	349	349	1	8	400	95	96	e
313	9	Sol5	G5	349	349	1	2	1600	95	96	lin
314	9	Sol5	G5	349	349	1	8	400	99	96	den 
315	9	La5b5	A5b5	353	353	1	16	200	99	96	
316	9	Sol5	G5	349	349	1	16	200	99	96	
317	9	Fa5	F5	340	340	1	4	800	99	96	
318	9	Fa5	F5	340	340	1	8	400	99	96	
319	9	Mi5b5	E5b5	331	331	1	8	400	99	96	
320	9	Fa5	F5	340	340	1	8	400	99	96	
321	9	Sol5	G5	349	349	1	16	200	99	96	
322	9	Fa5	F5	340	340	1	16	200	99	96	
323	9	Mi5b5	E5b5	331	331	1	8	400	99	96	
324	9	Re5	D5	327	327	1	8	400	99	96	
325	9	Do5	C5	318	318	1	8	400	99	96	
326	9	Si4b5	B4b5	309	309	1	8	400	95	96	
327	9	Do5	C5	318	318	1	8	400	95	96	yü
328	9	Re5	D5	327	327	1	8	400	95	96	re
329	9	Mi5b5	E5b5	331	331	1	8	400	99	96	ðim 
330	9	Re5	D5	327	327	1	16	200	99	96	
331	9	Do5	C5	318	318	1	16	200	99	96	
332	9	Si4b5	B4b5	309	309	1	8	400	99	96	
333	9	La4b5	A4b5	300	300	1	16	200	99	96	
334	9	Sol4	G4	296	296	1	16	200	95	96	
335	9	Do5	C5	318	318	1	2	1600	99	96	yâ
336	9	Si4b5	B4b5	309	309	1	8	400	99	96	
337	9	La4b3	A4b4	302	301	1	8	400	99	96	
338	9	Si4b5	B4b5	309	309	1	16	200	99	96	
339	9	Do5	C5	318	318	1	16	200	99	96	
340	9	Re5	D5	327	327	1	16	200	99	96	
341	9	Mi5b5	E5b5	331	331	1	16	200	99	96	
342	9	Re5	D5	327	327	1	16	200	99	96	
343	9	Do5	C5	318	318	1	16	200	99	96	
344	9	Si4b5	B4b5	309	309	1	16	200	99	96	
345	9	La4b5	A4b5	300	300	1	16	200	99	96	
346	9	Sol4	G4	296	296	1	4	800	95	96	
347	9	Do5	C5	318	318	1	8	400	95	96	re
348	9	Re5	D5	327	327	1	8	400	95	96	li
349	9	Re5	D5	327	327	3	16	600	99	96	dir 
350	9	Do5	C5	318	318	1	16	200	99	96	
351	9	Si4b5	B4b5	309	309	1	8	400	99	96	
352	9	Re5	D5	327	327	1	8	400	95	96	
353	9	Do5	C5	318	318	1	2	1600	99	96	yâ
354	9	Si4b5	B4b5	309	309	1	4	800	99	96	
355	12	Si4b5	B4b5	309	309	1	8	400	99	96	
356	9	La4b5	A4b5	300	300	1	4	800	99	96	
357	9	Sol4	G4	296	296	1	16	200	99	96	
358	9	Fa4	F4	287	287	1	16	200	99	96	
359	9	Fa4	F4	287	287	1	8	400	99	96	
360	9	Sol4	G4	296	296	1	16	200	99	96	
361	9	La4b5	A4b5	300	300	1	16	200	95	96	
362	9	Si4b5	B4b5	309	309	1	8	400	95	96	re
363	9	La4b5	A4b5	300	300	1	16	200	99	96	li
364	9	Sol4	G4	296	296	1	16	200	95	96	
365	9	Sol4	G4	296	296	1	2	1600	95	96	dir  
366	9	La5	A5	358	358	1	8	400	95	96	SAZ
367	9	Si5b5	B5b5	362	362	1	4	800	95	96	.
368	9	La5	A5	358	358	1	8	400	95	96	.
369	9	Re6	D6	380	380	1	8	400	95	96	.
370	9	Do6	C6	371	371	1	16	200	95	96	.
371	9	Si5b5	B5b5	362	362	1	16	200	95	96	.
372	9	Si5b5	B5b5	362	362	1	16	200	95	96	.
373	9	Si5b5	B5b5	362	362	1	16	200	95	96	.
374	9	La5	A5	358	358	1	16	200	95	96	.
375	9	Sol5	G5	349	349	1	16	200	95	96	.
376	9	Fa5	F5	340	340	1	16	200	95	96	.
377	9	Sol5	G5	349	349	1	16	200	95	96	.
378	9	La5	A5	358	358	1	16	200	95	96	.
379	9	Do6	C6	371	371	1	16	200	95	96	.
380	9	Si5b5	B5b5	362	362	1	8	400	95	96	.
381	9	Sol5	G5	349	349	1	4	800	95	96	Yâ
382	9	La5	A5	358	358	1	8	400	95	96	re
383	9	Si5b5	B5b5	362	362	1	2	1600	95	96	me 
384	9	Re6	D6	380	380	3	16	600	99	96	yâ
385	9	Do6	C6	371	371	1	16	200	99	96	
386	9	Si5b5	B5b5	362	362	1	4	800	99	96	
387	9	La5	A5	358	358	1	4	800	99	96	
388	9	Si5b5	B5b5	362	362	1	16	200	99	96	
389	9	La5	A5	358	358	1	16	200	99	96	
390	9	Si5b5	B5b5	362	362	1	16	200	99	96	
391	9	Do6	C6	371	371	1	16	200	99	96	
392	9	La5	A5	358	358	1	8	400	99	96	
393	9	Sol5	G5	349	349	1	8	400	99	96	
394	9	Sol5	G5	349	349	1	4	800	95	96	
395	9	La5	A5	358	358	1	8	400	95	96	re 
396	9	Si5b5	B5b5	362	362	1	8	400	95	96	a
397	9	La5	A5	358	358	3	16	600	99	96	çan 
398	9	Sol5	G5	349	349	1	16	200	99	96	
399	9	Fa5	F5	340	340	1	8	400	99	96	
400	9	La5	A5	358	358	1	8	400	95	96	
401	9	Sol5	G5	349	349	3	16	600	99	96	yâr 
402	9	Fa5	F5	340	340	1	16	200	99	96	
403	9	Mi5b2	E5b1	334	335	1	8	400	99	96	
404	9	Sol5	G5	349	349	1	8	400	99	96	
405	9	Fa5	F5	340	340	1	8	400	99	96	
406	10	Sol5	G5	349	349	7	64	350	99	96	
407	8	La5	A5	358	358	1	64	50	99	96	
408	9	Sol5	G5	349	349	1	8	400	99	96	
409	9	Fa5	F5	340	340	1	4	800	99	96	
410	9	Mi5b1	E5b1	335	335	1	16	200	99	96	
411	9	Re5#3	D5#4	330	331	1	16	200	99	96	
412	9	Mi5b1	E5b1	335	335	1	4	800	95	96	
413	9	Do6	C6	371	371	1	8	400	95	96	e
414	9	Re6	D6	380	380	1	8	400	95	96	li
415	9	Re6	D6	380	380	3	8	1200	99	96	dir 
416	9	Re6	D6	380	380	1	16	200	99	96	
417	9	Do6	C6	371	371	1	16	200	99	96	
418	9	Do6	C6	371	371	3	16	600	99	96	
419	9	Si5b5	B5b5	362	362	1	16	200	99	96	
420	9	Si5b5	B5b5	362	362	3	16	600	99	96	
421	9	La5	A5	358	358	1	16	200	99	96	
422	9	La5	A5	358	358	3	16	600	99	96	
423	9	Sol5	G5	349	349	1	16	200	99	96	
424	9	Sol5	G5	349	349	1	8	400	99	96	
425	9	Si5b5	B5b5	362	362	1	16	200	99	96	
426	9	La5	A5	358	358	1	16	200	99	96	
427	9	Sol5	G5	349	349	1	16	200	99	96	
428	9	Fa5	F5	340	340	1	16	200	99	96	
429	9	Mi5b2	E5b1	334	335	1	16	200	99	96	
430	9	Re5	D5	327	327	1	16	200	99	96	
431	9	Do5	C5	318	318	1	4	800	95	96	
432	9	Mi5b2	E5b1	334	335	1	8	400	95	96	e
433	9	Fa5	F5	340	340	1	8	400	95	96	li
434	9	Sol5	G5	349	349	1	2	1600	95	96	dir  
435	9	Sol5	G5	349	349	1	8	400	95	96	SAZ
436	9	La5b5	A5b5	353	353	1	16	200	95	96	.
437	9	Si5b5	B5b5	362	362	1	16	200	95	96	.
438	9	La5b5	A5b5	353	353	1	16	200	95	96	.
439	9	Sol5	G5	349	349	1	16	200	95	96	.
440	9	Fa5	F5	340	340	1	8	400	95	96	.
441	9	Mi5b2	E5b1	334	335	1	8	400	95	96	.
442	9	Fa5	F5	340	340	1	8	400	95	96	.
443	9	Sol5	G5	349	349	3	32	300	95	96	.
444	9	Fa5	F5	340	340	1	32	100	95	96	.
445	9	Mi5b5	E5b5	331	331	1	16	200	95	96	.
446	9	Re5	D5	327	327	1	16	200	95	96	.
447	9	Do5	C5	318	318	1	16	200	95	96	.
448	9	Re5	D5	327	327	1	16	200	95	96	.
449	9	Mi5b1	E5b1	335	335	1	16	200	95	96	.
450	9	Fa5	F5	340	340	1	16	200	95	96	.
451	9	Sol5	G5	349	349	1	8	400	95	96	.
452	9	Fa5	F5	340	340	1	4	800	95	96	Dost_
453	9	Sol5	G5	349	349	1	8	400	95	96	e
454	9	Sol5	G5	349	349	1	2	1600	95	96	lin
455	9	Sol5	G5	349	349	1	8	400	99	96	den 
456	9	La5b5	A5b5	353	353	1	16	200	99	96	
457	9	Sol5	G5	349	349	1	16	200	99	96	
458	9	Fa5	F5	340	340	1	4	800	99	96	
459	9	Fa5	F5	340	340	1	8	400	99	96	
460	9	Mi5b5	E5b5	331	331	1	8	400	99	96	
461	9	Fa5	F5	340	340	1	8	400	99	96	
462	9	Sol5	G5	349	349	1	16	200	99	96	
463	9	Fa5	F5	340	340	1	16	200	99	96	
464	9	Mi5b5	E5b5	331	331	1	8	400	99	96	
465	9	Re5	D5	327	327	1	8	400	99	96	
466	9	Do5	C5	318	318	1	8	400	99	96	
467	9	Si4b5	B4b5	309	309	1	8	400	95	96	
468	9	Do5	C5	318	318	1	8	400	95	96	yü
469	9	Re5	D5	327	327	1	8	400	95	96	re
470	9	Mi5b5	E5b5	331	331	1	8	400	99	96	ðim 
471	9	Re5	D5	327	327	1	16	200	99	96	
472	9	Do5	C5	318	318	1	16	200	99	96	
473	9	Si4b5	B4b5	309	309	1	8	400	99	96	
474	9	La4b5	A4b5	300	300	1	16	200	99	96	
475	9	Sol4	G4	296	296	1	16	200	95	96	
476	9	Do5	C5	318	318	1	2	1600	99	96	yâ
477	9	Si4b5	B4b5	309	309	1	8	400	99	96	
478	9	La4b3	A4b4	302	301	1	8	400	99	96	
479	9	Si4b5	B4b5	309	309	1	16	200	99	96	
480	9	Do5	C5	318	318	1	16	200	99	96	
481	9	Re5	D5	327	327	1	16	200	99	96	
482	9	Mi5b5	E5b5	331	331	1	16	200	99	96	
483	9	Re5	D5	327	327	1	16	200	99	96	
484	9	Do5	C5	318	318	1	16	200	99	96	
485	9	Si4b5	B4b5	309	309	1	16	200	99	96	
486	9	La4b5	A4b5	300	300	1	16	200	99	96	
487	9	Sol4	G4	296	296	1	4	800	95	96	
488	9	Do5	C5	318	318	1	8	400	95	96	re
489	9	Re5	D5	327	327	1	8	400	95	96	li
490	9	Re5	D5	327	327	3	16	600	99	96	dir 
491	9	Do5	C5	318	318	1	16	200	99	96	
492	9	Si4b5	B4b5	309	309	1	8	400	99	96	
493	9	Re5	D5	327	327	1	8	400	95	96	
494	9	Do5	C5	318	318	1	2	1600	99	96	yâ
495	9	Si4b5	B4b5	309	309	1	4	800	99	96	
496	9	Si4b5	B4b5	309	309	1	8	400	99	96	
497	9	La4b5	A4b5	300	300	1	4	800	99	96	
498	9	Sol4	G4	296	296	1	16	200	99	96	
499	9	Fa4	F4	287	287	1	16	200	99	96	
500	9	Fa4	F4	287	287	1	8	400	99	96	
501	9	Sol4	G4	296	296	1	16	200	99	96	
502	9	La4b5	A4b5	300	300	1	16	200	95	96	
503	9	Si4b5	B4b5	309	309	1	8	400	95	96	re
504	9	La4b5	A4b5	300	300	1	16	200	99	96	li
505	9	Sol4	G4	296	296	1	16	200	95	96	
506	9	Sol4	G4	296	296	1	2	1600	95	96	dir  
507	9	Sol5	G5	349	349	1	8	400	95	96	SAZ
508	9	La5b5	A5b5	353	353	1	16	200	95	96	.
509	9	Si5b5	B5b5	362	362	1	16	200	95	96	.
510	9	La5b5	A5b5	353	353	1	16	200	95	96	.
511	9	Sol5	G5	349	349	1	16	200	95	96	.
512	9	Fa5	F5	340	340	1	8	400	95	96	.
513	9	Mi5b3	E5b4	333	332	1	8	400	95	96	.
514	9	Fa5	F5	340	340	1	8	400	95	96	.
515	9	Sol5	G5	349	349	3	32	300	95	96	.
516	9	Fa5	F5	340	340	1	32	100	95	96	.
517	9	Mi5b5	E5b5	331	331	1	16	200	95	96	.
518	9	Re5	D5	327	327	1	16	200	95	96	.
519	9	Do5	C5	318	318	1	16	200	95	96	.
520	9	Re5	D5	327	327	1	16	200	95	96	.
521	9	Mi5b1	E5b1	335	335	1	16	200	95	96	.
522	9	Fa5	F5	340	340	1	16	200	95	96	.
523	9	Sol5	G5	349	349	1	8	400	95	96	.
524	9	Fa5	F5	340	340	1	4	800	95	96	Dost_
525	9	Sol5	G5	349	349	1	8	400	95	96	e
526	9	Sol5	G5	349	349	1	2	1600	95	96	lin
527	9	Sol5	G5	349	349	1	8	400	99	96	den 
528	9	La5b5	A5b5	353	353	1	16	200	99	96	
529	9	Sol5	G5	349	349	1	16	200	99	96	
530	9	Fa5	F5	340	340	1	4	800	99	96	
531	9	Fa5	F5	340	340	1	8	400	99	96	
532	9	Mi5b5	E5b5	331	331	1	8	400	99	96	
533	9	Fa5	F5	340	340	1	8	400	99	96	
534	9	Sol5	G5	349	349	1	16	200	99	96	
535	9	Fa5	F5	340	340	1	16	200	99	96	
536	9	Mi5b5	E5b5	331	331	1	8	400	99	96	
537	9	Re5	D5	327	327	1	8	400	99	96	
538	9	Do5	C5	318	318	1	8	400	99	96	
539	9	Si4b5	B4b5	309	309	1	8	400	95	96	
540	9	Do5	C5	318	318	1	8	400	95	96	yü
541	9	Re5	D5	327	327	1	8	400	95	96	re
542	9	Mi5b5	E5b5	331	331	1	8	400	99	96	ðim 
543	9	Re5	D5	327	327	1	16	200	99	96	
544	9	Do5	C5	318	318	1	16	200	99	96	
545	9	Si4b5	B4b5	309	309	1	8	400	99	96	
546	9	La4b5	A4b5	300	300	1	16	200	99	96	
547	9	Sol4	G4	296	296	1	16	200	95	96	
548	9	Do5	C5	318	318	1	2	1600	99	96	yâ
549	9	Si4b5	B4b5	309	309	1	8	400	99	96	
550	9	La4b3	A4b4	302	301	1	8	400	99	96	
551	9	Si4b5	B4b5	309	309	1	16	200	99	96	
552	9	Do5	C5	318	318	1	16	200	99	96	
553	9	Re5	D5	327	327	1	16	200	99	96	
554	9	Mi5b5	E5b5	331	331	1	16	200	99	96	
555	9	Re5	D5	327	327	1	16	200	99	96	
556	9	Do5	C5	318	318	1	16	200	99	96	
557	9	Si4b5	B4b5	309	309	1	16	200	99	96	
558	9	La4b5	A4b5	300	300	1	16	200	99	96	
559	9	Sol4	G4	296	296	1	4	800	95	96	
560	9	Do5	C5	318	318	1	8	400	95	96	re
561	9	Re5	D5	327	327	1	8	400	95	96	li
562	9	Re5	D5	327	327	3	16	600	99	96	dir 
563	9	Do5	C5	318	318	1	16	200	99	96	
564	9	Si4b5	B4b5	309	309	1	8	400	99	96	
565	9	Re5	D5	327	327	1	8	400	95	96	
566	9	Do5	C5	318	318	1	2	1600	99	96	yâ
567	9	Si4b5	B4b5	309	309	1	4	800	99	96	
568	9	Si4b5	B4b5	309	309	1	8	400	99	96	
569	9	La4b5	A4b5	300	300	1	4	800	99	96	
570	9	Sol4	G4	296	296	1	16	200	99	96	KARAR
571	9	Fa4	F4	287	287	1	16	200	99	96	
572	9	Fa4	F4	287	287	1	8	400	99	96	
573	9	Sol4	G4	296	296	1	16	200	99	96	
574	9	La4b5	A4b5	300	300	1	16	200	95	96	
575	9	Si4b5	B4b5	309	309	1	8	400	95	96	re
576	9	La4b5	A4b5	300	300	1	16	200	99	96	li
577	9	Sol4	G4	296	296	1	16	200	95	96	
578	9	Sol4	G4	296	296	5	4	4000	95	96	dir  
