Sira	Kod	Nota53	NotaAE	Koma53	KomaAE	Pay	Payda	Ms	LNS	Bas	Soz1	Offset
1	9	Sol5	G5	349	349	1	4	833	95	96	ARANAĞME	0.111111111111
2	9	Mi5b5	E5b5	331	331	3	32	312	95	96	.	0.152777777778
3	9	Re5	D5	327	327	1	32	104	95	96	.	0.166666666667
4	9	Do5	C5	318	318	1	8	417	95	96	.	0.222222222222
5	9	Re5	D5	327	327	1	4	833	95	96	.	0.333333333333
6	9	Si4b5	B4b5	309	309	3	32	312	95	96	.	0.375
7	9	La4b5	A4b5	300	300	1	32	104	95	96	.	0.388888888889
8	9	Sol4	G4	296	296	1	8	417	95	96	.	0.444444444444
9	9	Do5	C5	318	318	1	4	833	95	96	.	0.555555555556
10	9	Si4b5	B4b5	309	309	1	16	208	95	96	.	0.583333333333
11	9	La4b5	A4b5	300	300	1	16	208	95	96	.	0.611111111111
12	9	La4b5	A4b5	300	300	1	16	208	95	96	.	0.638888888889
13	9	Sol4	G4	296	296	1	16	208	95	96	.	0.666666666667
14	9	Sol4	G4	296	296	1	4	833	95	96	.	0.777777777778
15	9	Sol5	G5	349	349	1	16	208	95	96	.	0.805555555556
16	9	Fa5	F5	340	340	1	16	208	95	96	.	0.833333333333
17	9	Mi5b1	E5b1	335	335	1	16	208	95	96	.	0.861111111111
18	9	Sol5	G5	349	349	1	16	208	95	96	.	0.888888888889
19	9	Fa5	F5	340	340	1	4	833	95	96	.	1.0
20	9	Mi5b2	E5b1	334	335	1	8	417	95	96	.	1.05555555556
21	9	Fa5	F5	340	340	1	4	833	95	96	.	1.16666666667
22	9	Fa5	F5	340	340	1	16	208	95	96	.	1.19444444444
23	9	Mi5b2	E5b1	334	335	1	16	208	95	96	.	1.22222222222
24	9	Mi5b2	E5b1	334	335	1	8	417	95	96	.	1.27777777778
25	9	Re5	D5	327	327	1	8	417	95	96	.	1.33333333333
26	9	Si5b5	B5b5	362	362	1	16	208	95	96	.	1.36111111111
27	9	La5	A5	358	358	1	16	208	95	96	.	1.38888888889
28	9	Sol5	G5	349	349	1	8	417	95	96	.	1.44444444444
29	9	Fa5	F5	340	340	3	16	625	95	96	.	1.52777777778
30	9	Mi5b2	E5b1	334	335	1	16	208	95	96	.	1.55555555556
31	9	Fa5	F5	340	340	1	16	208	95	96	.	1.58333333333
32	9	Mi5b2	E5b1	334	335	1	16	208	95	96	.	1.61111111111
33	9	Mi5b2	E5b1	334	335	1	16	208	95	96	.	1.63888888889
34	9	Re5	D5	327	327	1	16	208	95	96	.	1.66666666667
35	9	Re5	D5	327	327	1	4	833	95	96	.	1.77777777778
36	9	Do5	C5	318	318	1	16	208	95	96	.	1.80555555556
37	9	Re5	D5	327	327	1	16	208	95	96	.	1.83333333333
38	9	Mi5b2	E5b1	334	335	1	16	208	95	96	.	1.86111111111
39	9	Fa5	F5	340	340	1	16	208	95	96	.	1.88888888889
40	9	Sol5	G5	349	349	1	4	833	95	96	.	2.0
41	9	Do5	C5	318	318	1	16	208	95	96	.	2.02777777778
42	9	Re5	D5	327	327	1	16	208	95	96	.	2.05555555556
43	9	Mi5b2	E5b1	334	335	1	16	208	95	96	.	2.08333333333
44	9	Fa5	F5	340	340	1	16	208	95	96	.	2.11111111111
45	9	Sol5	G5	349	349	1	16	208	95	96	.	2.13888888889
46	9	Fa5	F5	340	340	1	16	208	95	96	.	2.16666666667
47	9	Sol5	G5	349	349	1	8	417	95	96	.	2.22222222222
48	9	Si4b5	B4b5	309	309	1	16	208	95	96	.	2.25
49	9	Do5	C5	318	318	1	16	208	95	96	.	2.27777777778
50	9	Re5	D5	327	327	1	16	208	95	96	.	2.30555555556
51	9	Mi5b2	E5b1	334	335	1	16	208	95	96	.	2.33333333333
52	9	Fa5	F5	340	340	1	16	208	95	96	.	2.36111111111
53	9	Mi5b2	E5b1	334	335	1	16	208	95	96	.	2.38888888889
54	9	Fa5	F5	340	340	1	8	417	50	96	.	2.44444444444
55	9	Re5	D5	327	327	1	8	417	95	96	.	2.5
56	9	Mi5b5	E5b5	331	331	1	16	208	95	96	.	2.52777777778
57	9	Re5	D5	327	327	1	16	208	95	96	.	2.55555555556
58	9	Mi5b5	E5b5	331	331	1	8	417	95	96	.	2.61111111111
59	9	Sol5	G5	349	349	1	8	417	95	96	.	2.66666666667
60	9	Fa5	F5	340	340	1	8	417	95	96	.	2.72222222222
61	9	Mi5b5	E5b5	331	331	1	8	417	95	96	.	2.77777777778
62	9	Re5	D5	327	327	1	8	417	95	96	.	2.83333333333
63	9	Do5	C5	318	318	1	8	417	95	96	.	2.88888888889
64	9	Si4b5	B4b5	309	309	1	8	417	95	96	.	2.94444444444
65	9	La4b5	A4b5	300	300	1	8	417	95	96	.	3.0
66	9	Sol4	G4	296	296	1	16	208	95	96	.	3.02777777778
67	9	La4b5	A4b5	300	300	1	16	208	95	96	.	3.05555555556
68	9	Sol4	G4	296	296	1	16	208	95	96	.	3.08333333333
69	9	La4b5	A4b5	300	300	1	16	208	95	96	.	3.11111111111
70	9	Sol4	G4	296	296	1	16	208	95	96	.	3.13888888889
71	9	La4b5	A4b5	300	300	1	16	208	95	96	.	3.16666666667
72	9	Sol4	G4	296	296	1	16	208	95	96	.	3.19444444444
73	9	Fa4	F4	287	287	1	16	208	95	96	.	3.22222222222
74	9	Re5	D5	327	327	1	24	139	95	96	.	3.24074074074
75	9	Mi5b5	E5b5	331	331	1	24	139	95	96	.	3.25925925926
76	9	Fa5	F5	340	340	1	24	139	95	96	.	3.27777777778
77	9	Sol5	G5	349	349	1	8	417	95	96	.	3.33333333333
78	9	Fa5	F5	340	340	1	24	139	95	96	.	3.35185185185
79	9	Mi5b5	E5b5	331	331	1	24	139	95	96	.	3.37037037037
80	9	Re5	D5	327	327	1	24	139	95	96	.	3.38888888889
81	9	Do5	C5	318	318	1	8	417	95	96	.	3.44444444444
82	9	Si4b5	B4b5	309	309	3	16	625	95	96	.	3.52777777778
83	9	La4b5	A4b5	300	300	1	16	208	95	96	.	3.55555555556
84	9	Si4b5	B4b5	309	309	1	16	208	95	96	.	3.58333333333
85	9	La4b5	A4b5	300	300	1	16	208	95	96	.	3.61111111111
86	9	La4b5	A4b5	300	300	1	16	208	95	96	.	3.63888888889
87	9	Sol4	G4	296	296	1	16	208	95	96	.	3.66666666667
88	9	Sol4	G4	296	296	1	4	833	95	96	.	3.77777777778
89	9	Do5	C5	318	318	1	16	208	95	96	.	3.80555555556
90	9	Re5	D5	327	327	1	16	208	95	96	.	3.83333333333
91	9	Mi5b2	E5b1	334	335	1	16	208	95	96	.	3.86111111111
92	9	Fa5	F5	340	340	1	16	208	95	96	.	3.88888888889
93	9	Sol5	G5	349	349	1	4	833	95	96	.	4.0
94	9	Sol5	G5	349	349	1	4	833	95	96	ARANAĞME	4.11111111111
95	9	Mi5b5	E5b5	331	331	3	32	312	95	96	.	4.15277777778
96	9	Re5	D5	327	327	1	32	104	95	96	.	4.16666666667
97	9	Do5	C5	318	318	1	8	417	95	96	.	4.22222222222
98	9	Re5	D5	327	327	1	4	833	95	96	.	4.33333333333
99	9	Si4b5	B4b5	309	309	3	32	312	95	96	.	4.375
100	9	La4b5	A4b5	300	300	1	32	104	95	96	.	4.38888888889
101	9	Sol4	G4	296	296	1	8	417	95	96	.	4.44444444444
102	9	Do5	C5	318	318	1	4	833	95	96	.	4.55555555556
103	9	Si4b5	B4b5	309	309	1	16	208	95	96	.	4.58333333333
104	9	La4b5	A4b5	300	300	1	16	208	95	96	.	4.61111111111
105	9	La4b5	A4b5	300	300	1	16	208	95	96	.	4.63888888889
106	9	Sol4	G4	296	296	1	16	208	95	96	.	4.66666666667
107	9	Sol4	G4	296	296	1	4	833	95	96	.	4.77777777778
108	9	Sol5	G5	349	349	1	16	208	95	96	.	4.80555555556
109	9	Fa5	F5	340	340	1	16	208	95	96	.	4.83333333333
110	9	Mi5b1	E5b1	335	335	1	16	208	95	96	.	4.86111111111
111	9	Sol5	G5	349	349	1	16	208	95	96	.	4.88888888889
112	9	Fa5	F5	340	340	1	4	833	95	96	.	5.0
113	9	Mi5b2	E5b1	334	335	1	8	417	95	96	.	5.05555555556
114	9	Fa5	F5	340	340	1	4	833	95	96	.	5.16666666667
115	9	Fa5	F5	340	340	1	16	208	95	96	.	5.19444444444
116	9	Mi5b2	E5b1	334	335	1	16	208	95	96	.	5.22222222222
117	9	Mi5b2	E5b1	334	335	1	8	417	95	96	.	5.27777777778
118	9	Re5	D5	327	327	1	8	417	95	96	.	5.33333333333
119	9	Si5b5	B5b5	362	362	1	16	208	95	96	.	5.36111111111
120	9	La5	A5	358	358	1	16	208	95	96	.	5.38888888889
121	9	Sol5	G5	349	349	1	8	417	95	96	.	5.44444444444
122	9	Fa5	F5	340	340	3	16	625	95	96	.	5.52777777778
123	9	Mi5b2	E5b1	334	335	1	16	208	95	96	.	5.55555555556
124	9	Fa5	F5	340	340	1	16	208	95	96	.	5.58333333333
125	9	Mi5b2	E5b1	334	335	1	16	208	95	96	.	5.61111111111
126	9	Mi5b2	E5b1	334	335	1	16	208	95	96	.	5.63888888889
127	9	Re5	D5	327	327	1	16	208	95	96	.	5.66666666667
128	9	Re5	D5	327	327	1	4	833	95	96	.	5.77777777778
129	9	Do5	C5	318	318	1	16	208	95	96	.	5.80555555556
130	9	Re5	D5	327	327	1	16	208	95	96	.	5.83333333333
131	9	Mi5b2	E5b1	334	335	1	16	208	95	96	.	5.86111111111
132	9	Fa5	F5	340	340	1	16	208	95	96	.	5.88888888889
133	9	Sol5	G5	349	349	1	4	833	95	96	.	6.0
134	9	Do5	C5	318	318	1	16	208	95	96	.	6.02777777778
135	9	Re5	D5	327	327	1	16	208	95	96	.	6.05555555556
136	9	Mi5b2	E5b1	334	335	1	16	208	95	96	.	6.08333333333
137	9	Fa5	F5	340	340	1	16	208	95	96	.	6.11111111111
138	9	Sol5	G5	349	349	1	16	208	95	96	.	6.13888888889
139	9	Fa5	F5	340	340	1	16	208	95	96	.	6.16666666667
140	9	Sol5	G5	349	349	1	8	417	95	96	.	6.22222222222
141	9	Si4b5	B4b5	309	309	1	16	208	95	96	.	6.25
142	9	Do5	C5	318	318	1	16	208	95	96	.	6.27777777778
143	9	Re5	D5	327	327	1	16	208	95	96	.	6.30555555556
144	9	Mi5b2	E5b1	334	335	1	16	208	95	96	.	6.33333333333
145	9	Fa5	F5	340	340	1	16	208	95	96	.	6.36111111111
146	9	Mi5b2	E5b1	334	335	1	16	208	95	96	.	6.38888888889
147	9	Fa5	F5	340	340	1	8	417	50	96	.	6.44444444444
148	9	Re5	D5	327	327	1	8	417	95	96	.	6.5
149	9	Mi5b5	E5b5	331	331	1	16	208	95	96	.	6.52777777778
150	9	Re5	D5	327	327	1	16	208	95	96	.	6.55555555556
151	9	Mi5b5	E5b5	331	331	1	8	417	95	96	.	6.61111111111
152	9	Sol5	G5	349	349	1	8	417	95	96	.	6.66666666667
153	9	Fa5	F5	340	340	1	8	417	95	96	.	6.72222222222
154	9	Mi5b5	E5b5	331	331	1	8	417	95	96	.	6.77777777778
155	9	Re5	D5	327	327	1	8	417	95	96	.	6.83333333333
156	9	Do5	C5	318	318	1	8	417	95	96	.	6.88888888889
157	9	Si4b5	B4b5	309	309	1	8	417	95	96	.	6.94444444444
158	9	La4b5	A4b5	300	300	1	8	417	95	96	.	7.0
159	9	Sol4	G4	296	296	1	16	208	95	96	.	7.02777777778
160	9	La4b5	A4b5	300	300	1	16	208	95	96	.	7.05555555556
161	9	Sol4	G4	296	296	1	16	208	95	96	.	7.08333333333
162	9	La4b5	A4b5	300	300	1	16	208	95	96	.	7.11111111111
163	9	Sol4	G4	296	296	1	16	208	95	96	.	7.13888888889
164	9	La4b5	A4b5	300	300	1	16	208	95	96	.	7.16666666667
165	9	Sol4	G4	296	296	1	16	208	95	96	.	7.19444444444
166	9	Fa4	F4	287	287	1	16	208	95	96	.	7.22222222222
167	9	Re5	D5	327	327	1	24	139	95	96	.	7.24074074074
168	9	Mi5b5	E5b5	331	331	1	24	139	95	96	.	7.25925925926
169	9	Fa5	F5	340	340	1	24	139	95	96	.	7.27777777778
170	9	Sol5	G5	349	349	1	8	417	95	96	.	7.33333333333
171	9	Fa5	F5	340	340	1	24	139	95	96	.	7.35185185185
172	9	Mi5b5	E5b5	331	331	1	24	139	95	96	.	7.37037037037
173	9	Re5	D5	327	327	1	24	139	95	96	.	7.38888888889
174	9	Do5	C5	318	318	1	8	417	95	96	.	7.44444444444
175	9	Si4b5	B4b5	309	309	3	16	625	95	96	.	7.52777777778
176	9	La4b5	A4b5	300	300	1	16	208	95	96	.	7.55555555556
177	9	Si4b5	B4b5	309	309	1	16	208	95	96	.	7.58333333333
178	9	La4b5	A4b5	300	300	1	16	208	95	96	.	7.61111111111
179	9	La4b5	A4b5	300	300	1	16	208	95	96	.	7.63888888889
180	9	Sol4	G4	296	296	1	16	208	95	96	.	7.66666666667
181	9	Sol4	G4	296	296	3	8	1250	95	96	.	7.83333333333
182	9	Fa4	F4	287	287	1	8	417	95	96	.	7.88888888889
183	9	Mi5b2	E5b1	334	335	1	8	417	95	96	.	7.94444444444
184	9	Fa5	F5	340	340	1	8	417	95	96	.	8.0
185	9	Sol5	G5	349	349	1	2	1667	95	96		8.22222222222
186	9	Es	Es	-1	-1	1	8	417	100	0		8.27777777778
187	9	Fa5	F5	340	340	1	4	833	95	96	Ehl_	8.38888888889
188	9	Sol5	G5	349	349	1	8	417	95	96	i 	8.44444444444
189	9	Sol5	G5	349	349	1	2	1667	95	96	aş	8.66666666667
190	9	Sol5	G5	349	349	3	16	625	99	96	kın 	8.75
191	9	La5	A5	358	358	1	16	208	99	96		8.77777777778
192	9	Fa5	F5	340	340	3	16	625	99	96		8.86111111111
193	9	Sol5	G5	349	349	1	16	208	99	96		8.88888888889
194	9	Mi5b3	E5b4	333	332	1	8	417	99	96		8.94444444444
195	9	Re5	D5	327	327	1	16	208	99	96		8.97222222222
196	9	Mi5b3	E5b4	333	332	1	16	208	99	96		9.0
197	9	Fa5	F5	340	340	1	8	417	99	96		9.05555555556
198	9	Sol5	G5	349	349	1	16	208	99	96		9.08333333333
199	9	Fa5	F5	340	340	1	16	208	99	96		9.11111111111
200	9	Mi5b1	E5b1	335	335	1	16	208	99	96		9.13888888889
201	9	Re5	D5	327	327	1	16	208	99	96		9.16666666667
202	9	Do5	C5	318	318	1	8	417	95	96		9.22222222222
203	9	Es	Es	-1	-1	1	8	417	100	0		9.27777777778
204	9	Si5b5	B5b5	362	362	1	4	833	95	96	neş	9.38888888889
205	9	Si5b5	B5b5	362	362	1	16	208	99	96	ve	9.41666666667
206	9	La5	A5	358	358	1	16	208	95	96		9.44444444444
207	9	La5	A5	358	358	3	16	625	99	96	gâ	9.52777777778
208	9	Sol5	G5	349	349	1	16	208	99	96		9.55555555556
209	9	Sol5	G5	349	349	1	16	208	99	96		9.58333333333
210	9	Fa5	F5	340	340	1	16	208	99	96		9.61111111111
211	9	La5	A5	358	358	1	16	208	99	96		9.63888888889
212	9	Sol5	G5	349	349	1	16	208	95	96		9.66666666667
213	9	Sol5	G5	349	349	3	8	1250	99	96	hı 	9.83333333333
214	9	Fa5	F5	340	340	1	8	417	99	96		9.88888888889
215	9	Sol5	G5	349	349	1	8	417	99	96		9.94444444444
216	9	La5	A5	358	358	1	16	208	99	96		9.97222222222
217	9	Sol5	G5	349	349	1	16	208	99	96		10.0
218	9	Sol5	G5	349	349	1	2	1667	95	96		10.2222222222
219	9	Es	Es	-1	-1	1	8	417	100	0		10.2777777778
220	9	La5b4	A5b4	354	354	1	16	208	99	96	kû	10.3055555556
221	9	Sol5	G5	349	349	1	16	208	99	96		10.3333333333
222	9	Fa5	F5	340	340	1	8	417	95	96		10.3888888889
223	9	Sol5	G5	349	349	1	8	417	95	96	şe_	10.4444444444
224	9	La5b4	A5b4	354	354	1	8	417	99	96	i 	10.5
225	9	Sol5	G5	349	349	1	8	417	99	96		10.5555555556
226	9	Si5b1	B5b1	366	366	1	8	417	99	96		10.6111111111
227	9	La5b4	A5b4	354	354	1	16	208	99	96		10.6388888889
228	9	Sol5	G5	349	349	1	16	208	95	96		10.6666666667
229	9	Sol5	G5	349	349	3	8	1250	99	96	mey	10.8333333333
230	9	Sol5	G5	349	349	1	16	208	99	96		10.8611111111
231	9	Fa5	F5	340	340	1	16	208	99	96		10.8888888889
232	9	Fa5	F5	340	340	3	16	625	99	96		10.9722222222
233	9	Mi5b3	E5b4	333	332	1	16	208	99	96		11.0
234	9	Mi5b3	E5b4	333	332	1	16	208	99	96		11.0277777778
235	9	Re5	D5	327	327	1	16	208	99	96		11.0555555556
236	9	Mi5b3	E5b4	333	332	1	16	208	99	96		11.0833333333
237	9	Fa5	F5	340	340	1	16	208	99	96		11.1111111111
238	9	Sol5	G5	349	349	1	16	208	99	96		11.1388888889
239	9	Fa5	F5	340	340	1	16	208	99	96		11.1666666667
240	9	Mi5b3	E5b4	333	332	1	16	208	99	96		11.1944444444
241	9	Re5	D5	327	327	1	16	208	99	96		11.2222222222
242	9	Do5	C5	318	318	1	8	417	95	96		11.2777777778
243	9	Re5	D5	327	327	1	16	208	99	96	ha	11.3055555556
244	9	Mi5b2	E5b1	334	335	1	16	208	99	96		11.3333333333
245	9	Fa5	F5	340	340	1	8	417	99	96		11.3888888889
246	9	Sol5	G5	349	349	1	8	417	99	96		11.4444444444
247	9	La5b4	A5b4	354	354	1	8	417	99	96		11.5
248	9	Sol5	G5	349	349	1	16	208	99	96		11.5277777778
249	9	Fa5	F5	340	340	1	16	208	99	96		11.5555555556
250	9	Si5b1	B5b1	366	366	1	8	417	99	96		11.6111111111
251	9	La5b4	A5b4	354	354	1	16	208	95	96		11.6388888889
252	9	Sol5	G5	349	349	1	16	208	95	96	ne	11.6666666667
253	9	Sol5	G5	349	349	3	8	1250	95	96	dir  	11.8333333333
254	9	Sol5	G5	349	349	1	16	208	95	96	SAZ	11.8611111111
255	9	La5b4	A5b4	354	354	1	16	208	95	96	.	11.8888888889
256	9	Sol5	G5	349	349	1	16	208	95	96	.	11.9166666667
257	9	Fa5	F5	340	340	1	16	208	95	96	.	11.9444444444
258	9	Mi5b2	E5b1	334	335	1	16	208	95	96	.	11.9722222222
259	9	Fa5	F5	340	340	1	16	208	95	96	.	12.0
260	9	Sol5	G5	349	349	3	16	625	95	96	.	12.0833333333
261	9	La5b5	A5b5	353	353	1	16	208	95	96	.	12.1111111111
262	9	Sol5	G5	349	349	1	16	208	95	96	.	12.1388888889
263	9	Si5b1	B5b1	366	366	1	16	208	95	96	.	12.1666666667
264	9	La5b5	A5b5	353	353	1	8	417	95	96	.	12.2222222222
265	9	Es	Es	-1	-1	1	8	417	100	0		12.2777777778
266	9	La5b5	A5b5	353	353	1	4	833	95	96	Sâ	12.3888888889
267	9	La5b5	A5b5	353	353	1	8	417	95	96	ki	12.4444444444
268	9	La5b5	A5b5	353	353	3	16	625	99	96	yâ 	12.5277777778
269	9	Sol5	G5	349	349	1	16	208	99	96		12.5555555556
270	9	Fa5	F5	340	340	1	8	417	99	96		12.6111111111
271	9	Sol5	G5	349	349	1	8	417	95	96		12.6666666667
272	9	Mi5b5	E5b5	331	331	3	16	625	99	96	uş	12.75
273	9	Do6	C6	371	371	1	16	208	99	96		12.7777777778
274	9	Si5b5	B5b5	362	362	1	8	417	99	96		12.8333333333
275	9	La5b5	A5b5	353	353	1	8	417	99	96		12.8888888889
276	9	Sol5	G5	349	349	1	8	417	99	96		12.9444444444
277	9	Fa5	F5	340	340	1	8	417	99	96		13.0
278	9	Fa5	F5	340	340	1	8	417	99	96		13.0555555556
279	9	Sol5	G5	349	349	1	16	208	99	96		13.0833333333
280	9	Fa5	F5	340	340	1	16	208	99	96		13.1111111111
281	9	Mi5b5	E5b5	331	331	1	16	208	99	96		13.1388888889
282	9	Re5	D5	327	327	1	16	208	99	96		13.1666666667
283	9	Mi5b5	E5b5	331	331	1	4	833	95	96		13.2777777778
284	9	Fa5	F5	340	340	1	16	208	99	96	şâ	13.3055555556
285	9	Mi5b5	E5b5	331	331	1	16	208	99	96		13.3333333333
286	9	Re5	D5	327	327	1	8	417	95	96		13.3888888889
287	9	Mi5b5	E5b5	331	331	1	8	417	95	96	kı 	13.4444444444
288	9	Fa5	F5	340	340	3	16	625	99	96	dil	13.5277777778
289	9	La5b5	A5b5	353	353	1	16	208	99	96		13.5555555556
290	9	Sol5	G5	349	349	1	16	208	99	96		13.5833333333
291	9	Fa5	F5	340	340	1	16	208	99	96		13.6111111111
292	9	Mi5b5	E5b5	331	331	1	16	208	99	96		13.6388888889
293	9	Re5	D5	327	327	1	16	208	95	96		13.6666666667
294	9	Re5	D5	327	327	3	8	1250	99	96	şâd 	13.8333333333
295	9	Do5	C5	318	318	1	8	417	99	96		13.8888888889
296	9	Re5	D5	327	327	3	32	312	99	96		13.9305555556
297	9	Fa5	F5	340	340	1	32	104	99	96		13.9444444444
298	9	Mi5b5	E5b5	331	331	1	16	208	99	96		13.9722222222
299	9	Re5	D5	327	327	1	16	208	99	96		14.0
300	9	Re5	D5	327	327	1	16	208	99	96		14.0277777778
301	9	Mi5b5	E5b5	331	331	1	16	208	99	96		14.0555555556
302	9	Fa5	F5	340	340	1	16	208	99	96		14.0833333333
303	9	Sol5	G5	349	349	1	16	208	99	96		14.1111111111
304	9	Sol5	G5	349	349	1	16	208	99	96		14.1388888889
305	9	Fa5	F5	340	340	1	16	208	99	96		14.1666666667
306	9	Mi5b5	E5b5	331	331	1	16	208	99	96		14.1944444444
307	9	Re5	D5	327	327	1	16	208	99	96		14.2222222222
308	9	Do5	C5	318	318	1	8	417	95	96		14.2777777778
309	9	Re5	D5	327	327	1	16	208	99	96	ey	14.3055555556
310	9	Do5	C5	318	318	1	16	208	99	96		14.3333333333
311	9	Si4b5	B4b5	309	309	1	8	417	95	96		14.3888888889
312	9	Do5	C5	318	318	1	8	417	95	96	le	14.4444444444
313	9	Re5	D5	327	327	1	8	417	99	96	yen 	14.5
314	9	Mi5b5	E5b5	331	331	1	8	417	99	96		14.5555555556
315	9	Fa5	F5	340	340	1	8	417	99	96		14.6111111111
316	9	Sol5	G5	349	349	1	8	417	95	96		14.6666666667
317	9	Fa5	F5	340	340	1	8	417	99	96	pey	14.7222222222
318	9	Sol5	G5	349	349	1	16	208	99	96		14.75
319	9	Fa5	F5	340	340	1	16	208	99	96		14.7777777778
320	9	Fa5	F5	340	340	1	16	208	99	96		14.8055555556
321	9	Mi5b5	E5b5	331	331	1	16	208	99	96		14.8333333333
322	9	Mi5b5	E5b5	331	331	1	16	208	99	96		14.8611111111
323	9	Re5	D5	327	327	1	16	208	99	96		14.8888888889
324	9	Re5	D5	327	327	1	16	208	99	96		14.9166666667
325	9	Do5	C5	318	318	1	16	208	99	96		14.9444444444
326	9	Do5	C5	318	318	1	16	208	99	96		14.9722222222
327	9	Si4b5	B4b5	309	309	1	16	208	95	96		15.0
328	9	Do5	C5	318	318	1	8	417	99	96		15.0555555556
329	9	Re5	D5	327	327	1	16	208	99	96		15.0833333333
330	9	Do5	C5	318	318	1	16	208	99	96		15.1111111111
331	9	Si4b5	B4b5	309	309	1	16	208	99	96		15.1388888889
332	9	La4b5	A4b5	300	300	1	16	208	99	96		15.1666666667
333	9	Sol4	G4	296	296	1	16	208	99	96		15.1944444444
334	9	Fa4	F4	287	287	1	16	208	99	96		15.2222222222
335	9	Sol4	G4	296	296	1	8	417	95	96		15.2777777778
336	9	Mi5b5	E5b5	331	331	1	4	833	99	96	mâ	15.3888888889
337	9	Re5	D5	327	327	1	16	208	99	96		15.4166666667
338	9	Do5	C5	318	318	1	16	208	99	96		15.4444444444
339	9	Si4b5	B4b5	309	309	1	8	417	99	96		15.5
340	9	Do5	C5	318	318	1	16	208	99	96		15.5277777778
341	9	Si4b5	B4b5	309	309	1	16	208	99	96		15.5555555556
342	9	Si4b5	B4b5	309	309	1	16	208	99	96		15.5833333333
343	9	La4b5	A4b5	300	300	1	16	208	99	96		15.6111111111
344	9	La4b5	A4b5	300	300	1	16	208	95	96		15.6388888889
345	9	Sol4	G4	296	296	1	16	208	95	96	ne	15.6666666667
346	9	Sol4	G4	296	296	3	8	1250	95	96	dir  	15.8333333333
347	9	Sol5	G5	349	349	1	16	208	95	96	SAZ	15.8611111111
348	9	La5b5	A5b5	353	353	1	16	208	95	96	.	15.8888888889
349	9	Sol5	G5	349	349	1	16	208	95	96	.	15.9166666667
350	9	Fa5	F5	340	340	1	16	208	95	96	.	15.9444444444
351	9	Mi5b2	E5b1	334	335	1	16	208	95	96	.	15.9722222222
352	9	Fa5	F5	340	340	1	16	208	95	96	.	16.0
353	9	Sol5	G5	349	349	3	16	625	95	96	.	16.0833333333
354	9	La5b5	A5b5	353	353	1	16	208	95	96	.	16.1111111111
355	9	Sol5	G5	349	349	1	16	208	95	96	.	16.1388888889
356	9	Si5b1	B5b1	366	366	1	16	208	95	96	.	16.1666666667
357	9	La5b5	A5b5	353	353	1	8	417	95	96	.	16.2222222222
358	9	Es	Es	-1	-1	1	8	417	100	0		16.2777777778
359	9	La5b5	A5b5	353	353	1	4	833	95	96	Sâ	16.3888888889
360	9	La5b5	A5b5	353	353	1	8	417	95	96	ki	16.4444444444
361	9	La5b5	A5b5	353	353	3	16	625	99	96	yâ 	16.5277777778
362	9	Sol5	G5	349	349	1	16	208	99	96		16.5555555556
363	9	Fa5	F5	340	340	1	8	417	99	96		16.6111111111
364	9	Sol5	G5	349	349	1	8	417	95	96		16.6666666667
365	9	Mi5b5	E5b5	331	331	3	16	625	99	96	uş	16.75
366	9	Do6	C6	371	371	1	16	208	99	96		16.7777777778
367	9	Si5b5	B5b5	362	362	1	8	417	99	96		16.8333333333
368	9	La5b5	A5b5	353	353	1	8	417	99	96		16.8888888889
369	9	Sol5	G5	349	349	1	8	417	99	96		16.9444444444
370	9	Fa5	F5	340	340	1	8	417	99	96		17.0
371	9	Fa5	F5	340	340	1	8	417	99	96		17.0555555556
372	9	Sol5	G5	349	349	1	16	208	99	96		17.0833333333
373	9	Fa5	F5	340	340	1	16	208	99	96		17.1111111111
374	9	Mi5b5	E5b5	331	331	1	16	208	99	96		17.1388888889
375	9	Re5	D5	327	327	1	16	208	99	96		17.1666666667
376	9	Mi5b5	E5b5	331	331	1	4	833	95	96		17.2777777778
377	9	Fa5	F5	340	340	1	16	208	99	96	şâ	17.3055555556
378	9	Mi5b5	E5b5	331	331	1	16	208	99	96		17.3333333333
379	9	Re5	D5	327	327	1	8	417	95	96		17.3888888889
380	9	Mi5b5	E5b5	331	331	1	8	417	95	96	kı 	17.4444444444
381	9	Fa5	F5	340	340	3	16	625	99	96	dil	17.5277777778
382	9	La5b5	A5b5	353	353	1	16	208	99	96		17.5555555556
383	9	Sol5	G5	349	349	1	16	208	99	96		17.5833333333
384	9	Fa5	F5	340	340	1	16	208	99	96		17.6111111111
385	9	Mi5b5	E5b5	331	331	1	16	208	99	96		17.6388888889
386	9	Re5	D5	327	327	1	16	208	95	96		17.6666666667
387	9	Re5	D5	327	327	3	8	1250	99	96	şâd 	17.8333333333
388	9	Do5	C5	318	318	1	8	417	99	96		17.8888888889
389	9	Re5	D5	327	327	3	32	312	99	96		17.9305555556
390	9	Fa5	F5	340	340	1	32	104	99	96		17.9444444444
391	9	Mi5b5	E5b5	331	331	1	16	208	99	96		17.9722222222
392	9	Re5	D5	327	327	1	16	208	99	96		18.0
393	9	Re5	D5	327	327	1	16	208	99	96		18.0277777778
394	9	Mi5b5	E5b5	331	331	1	16	208	99	96		18.0555555556
395	9	Fa5	F5	340	340	1	16	208	99	96		18.0833333333
396	9	Sol5	G5	349	349	1	16	208	99	96		18.1111111111
397	9	Sol5	G5	349	349	1	16	208	99	96		18.1388888889
398	9	Fa5	F5	340	340	1	16	208	99	96		18.1666666667
399	9	Mi5b5	E5b5	331	331	1	16	208	99	96		18.1944444444
400	9	Re5	D5	327	327	1	16	208	99	96		18.2222222222
401	9	Do5	C5	318	318	1	8	417	95	96		18.2777777778
402	9	Re5	D5	327	327	1	16	208	99	96	ey	18.3055555556
403	9	Do5	C5	318	318	1	16	208	99	96		18.3333333333
404	9	Si4b5	B4b5	309	309	1	8	417	95	96		18.3888888889
405	9	Do5	C5	318	318	1	8	417	95	96	le	18.4444444444
406	9	Re5	D5	327	327	1	8	417	99	96	yen 	18.5
407	9	Mi5b5	E5b5	331	331	1	8	417	99	96		18.5555555556
408	9	Fa5	F5	340	340	1	8	417	99	96		18.6111111111
409	9	Sol5	G5	349	349	1	8	417	95	96		18.6666666667
410	9	Fa5	F5	340	340	1	8	417	99	96	pey	18.7222222222
411	9	Sol5	G5	349	349	1	16	208	99	96		18.75
412	9	Fa5	F5	340	340	1	16	208	99	96		18.7777777778
413	9	Fa5	F5	340	340	1	16	208	99	96		18.8055555556
414	9	Mi5b5	E5b5	331	331	1	16	208	99	96		18.8333333333
415	9	Mi5b5	E5b5	331	331	1	16	208	99	96		18.8611111111
416	9	Re5	D5	327	327	1	16	208	99	96		18.8888888889
417	9	Re5	D5	327	327	1	16	208	99	96		18.9166666667
418	9	Do5	C5	318	318	1	16	208	99	96		18.9444444444
419	9	Do5	C5	318	318	1	16	208	99	96		18.9722222222
420	9	Si4b5	B4b5	309	309	1	16	208	95	96		19.0
421	9	Do5	C5	318	318	1	8	417	99	96		19.0555555556
422	9	Re5	D5	327	327	1	16	208	99	96		19.0833333333
423	9	Do5	C5	318	318	1	16	208	99	96		19.1111111111
424	9	Si4b5	B4b5	309	309	1	16	208	99	96		19.1388888889
425	9	La4b5	A4b5	300	300	1	16	208	99	96		19.1666666667
426	9	Sol4	G4	296	296	1	16	208	99	96		19.1944444444
427	9	Fa4	F4	287	287	1	16	208	99	96		19.2222222222
428	9	Sol4	G4	296	296	1	8	417	95	96		19.2777777778
429	9	Mi5b5	E5b5	331	331	1	4	833	99	96	mâ	19.3888888889
430	9	Re5	D5	327	327	1	16	208	99	96		19.4166666667
431	9	Do5	C5	318	318	1	16	208	99	96		19.4444444444
432	9	Si4b5	B4b5	309	309	1	8	417	99	96		19.5
433	9	Do5	C5	318	318	1	16	208	99	96		19.5277777778
434	9	Si4b5	B4b5	309	309	1	16	208	99	96		19.5555555556
435	9	Si4b5	B4b5	309	309	1	16	208	99	96		19.5833333333
436	9	La4b5	A4b5	300	300	1	16	208	99	96		19.6111111111
437	9	La4b5	A4b5	300	300	1	16	208	95	96		19.6388888889
438	9	Sol4	G4	296	296	1	16	208	95	96	ne	19.6666666667
439	9	Sol4	G4	296	296	3	8	1250	95	96	dir  	19.8333333333
440	9	Re5	D5	327	327	1	16	208	95	96	SAZ	19.8611111111
441	9	Mi5b5	E5b5	331	331	1	16	208	95	96	.	19.8888888889
442	9	Re5	D5	327	327	1	16	208	95	96	.	19.9166666667
443	9	Do5#4	C5#4	322	322	1	16	208	95	96	.	19.9444444444
444	9	Si4b5	B4b5	309	309	1	16	208	95	96	.	19.9722222222
445	9	Do5#4	C5#4	322	322	1	16	208	95	96	.	20.0
446	9	Re5	D5	327	327	3	16	625	95	96	.	20.0833333333
447	9	Mi5b4	E5b4	332	332	1	16	208	95	96	.	20.1111111111
448	9	Re5	D5	327	327	1	16	208	95	96	.	20.1388888889
449	9	Do5#4	C5#4	322	322	1	16	208	95	96	.	20.1666666667
450	9	Re5	D5	327	327	1	8	417	95	96	.	20.2222222222
451	9	Es	Es	-1	-1	1	8	417	100	0		20.2777777778
452	9	Do5#4	C5#4	322	322	1	4	833	95	96	Güft_	20.3888888889
453	9	Re5	D5	327	327	1	8	417	95	96	ü 	20.4444444444
454	9	Mi5b4	E5b4	332	332	3	16	625	99	96	gûy_	20.5277777778
455	9	Re5	D5	327	327	1	16	208	99	96		20.5555555556
456	9	Fa5#4	F5#4	344	344	1	8	417	99	96		20.6111111111
457	9	Mi5b4	E5b4	332	332	1	16	208	99	96		20.6388888889
458	9	Re5	D5	327	327	1	16	208	95	96		20.6666666667
459	9	Sol5	G5	349	349	1	2	1667	99	96	i 	20.8888888889
460	9	La5	A5	358	358	1	4	833	99	96		21.0
461	9	Si5b5	B5b5	362	362	1	16	208	99	96		21.0277777778
462	9	La5	A5	358	358	1	16	208	99	96		21.0555555556
463	9	Sol5	G5	349	349	1	16	208	99	96		21.0833333333
464	9	Fa5#4	F5#4	344	344	1	16	208	99	96		21.1111111111
465	9	Mi5b4	E5b4	332	332	1	16	208	99	96		21.1388888889
466	9	Re5	D5	327	327	1	16	208	99	96		21.1666666667
467	9	Do5	C5	318	318	1	16	208	99	96		21.1944444444
468	9	Si4b1	B4b1	313	313	1	16	208	99	96		21.2222222222
469	9	Do5	C5	318	318	1	8	417	95	96		21.2777777778
470	9	Mi5b4	E5b4	332	332	1	4	833	95	96	â	21.3888888889
471	9	Mi5b4	E5b4	332	332	1	16	208	99	96	le	21.4166666667
472	9	Re5	D5	327	327	1	16	208	95	96		21.4444444444
473	9	Re5	D5	327	327	3	16	625	99	96	me 	21.5277777778
474	9	Do5	C5	318	318	1	16	208	99	96		21.5555555556
475	9	Do5	C5	318	318	3	16	625	99	96		21.6388888889
476	9	Si4b5	B4b5	309	309	1	16	208	95	96		21.6666666667
477	9	Si4b5	B4b5	309	309	3	16	625	99	96	al	21.75
478	9	La4b4	A4b4	301	301	1	16	208	99	96		21.7777777778
479	9	Sol4	G4	296	296	3	16	625	99	96		21.8611111111
480	9	Mi5b4	E5b4	332	332	1	16	208	99	96		21.8888888889
481	9	Re5	D5	327	327	1	16	208	99	96		21.9166666667
482	9	Do5	C5	318	318	1	16	208	99	96		21.9444444444
483	9	Si4b5	B4b5	309	309	1	16	208	99	96		21.9722222222
484	9	La4b4	A4b4	301	301	1	16	208	99	96		22.0
485	9	Sol4	G4	296	296	3	16	625	99	96		22.0833333333
486	9	Do5	C5	318	318	1	16	208	99	96		22.1111111111
487	9	Si4b1	B4b1	313	313	1	16	208	99	96		22.1388888889
488	9	Do5	C5	318	318	1	16	208	99	96		22.1666666667
489	9	Re5	D5	327	327	1	4	833	95	96		22.2777777778
490	9	Re5	D5	327	327	1	16	208	99	96	dan	22.3055555556
491	9	Do5	C5	318	318	1	16	208	99	96		22.3333333333
492	9	Si4b1	B4b1	313	313	1	8	417	95	96		22.3888888889
493	9	Do5	C5	318	318	1	8	417	95	96	ma 	22.4444444444
494	9	Re5	D5	327	327	1	8	417	99	96	hep 	22.5
495	9	Mi5b2	E5b1	334	335	1	8	417	99	96		22.5555555556
496	9	Fa5	F5	340	340	1	8	417	99	96		22.6111111111
497	9	Sol5	G5	349	349	1	8	417	95	96		22.6666666667
498	9	Sol5	G5	349	349	3	16	625	99	96	ef	22.75
499	9	Fa5	F5	340	340	1	16	208	99	96		22.7777777778
500	9	Fa5	F5	340	340	3	16	625	99	96		22.8611111111
501	9	Mi5b2	E5b1	334	335	1	16	208	99	96		22.8888888889
502	9	Mi5b2	E5b1	334	335	1	8	417	99	96		22.9444444444
503	9	Re5	D5	327	327	1	16	208	99	96		22.9722222222
504	9	Mi5b2	E5b1	334	335	1	16	208	99	96		23.0
505	9	Fa5	F5	340	340	1	8	417	99	96		23.0555555556
506	9	Sol5	G5	349	349	1	16	208	99	96		23.0833333333
507	9	Fa5	F5	340	340	1	16	208	99	96		23.1111111111
508	9	Mi5b2	E5b1	334	335	1	16	208	99	96		23.1388888889
509	9	Re5	D5	327	327	1	16	208	99	96		23.1666666667
510	9	Do5	C5	318	318	1	4	833	95	96		23.2777777778
511	9	Re5	D5	327	327	1	16	208	99	96	sa	23.3055555556
512	9	Mi5b2	E5b1	334	335	1	16	208	99	96		23.3333333333
513	9	Fa5	F5	340	340	1	8	417	99	96		23.3888888889
514	9	Sol5	G5	349	349	1	8	417	99	96		23.4444444444
515	9	La5b4	A5b4	354	354	1	8	417	99	96		23.5
516	9	Sol5	G5	349	349	1	16	208	99	96		23.5277777778
517	9	Fa5	F5	340	340	1	16	208	99	96		23.5555555556
518	9	Si5b1	B5b1	366	366	1	8	417	99	96		23.6111111111
519	9	La5b4	A5b4	354	354	1	16	208	95	96		23.6388888889
520	9	Sol5	G5	349	349	1	16	208	95	96	ne	23.6666666667
521	9	Sol5	G5	349	349	3	8	1250	95	96	dir  	23.8333333333
522	9	Sol5	G5	349	349	1	16	208	95	96	SAZ	23.8611111111
523	9	La5b4	A5b4	354	354	1	16	208	95	96	.	23.8888888889
524	9	Sol5	G5	349	349	1	16	208	95	96	.	23.9166666667
525	9	Fa5	F5	340	340	1	16	208	95	96	.	23.9444444444
526	9	Mi5b2	E5b1	334	335	1	16	208	95	96	.	23.9722222222
527	9	Fa5	F5	340	340	1	16	208	95	96	.	24.0
528	9	Sol5	G5	349	349	3	16	625	95	96	.	24.0833333333
529	9	La5b5	A5b5	353	353	1	16	208	95	96	.	24.1111111111
530	9	Sol5	G5	349	349	1	16	208	95	96	.	24.1388888889
531	9	Si5b1	B5b1	366	366	1	16	208	95	96	.	24.1666666667
532	9	La5b5	A5b5	353	353	1	8	417	95	96	.	24.2222222222
533	9	Es	Es	-1	-1	1	8	417	100	0		24.2777777778
534	9	La5b5	A5b5	353	353	1	4	833	95	96	Sâ	24.3888888889
535	9	La5b5	A5b5	353	353	1	8	417	95	96	ki	24.4444444444
536	9	La5b5	A5b5	353	353	3	16	625	99	96	yâ 	24.5277777778
537	9	Sol5	G5	349	349	1	16	208	99	96		24.5555555556
538	9	Fa5	F5	340	340	1	8	417	99	96		24.6111111111
539	9	Sol5	G5	349	349	1	8	417	95	96		24.6666666667
540	9	Mi5b5	E5b5	331	331	3	16	625	99	96	uş	24.75
541	9	Do6	C6	371	371	1	16	208	99	96		24.7777777778
542	9	Si5b5	B5b5	362	362	1	8	417	99	96		24.8333333333
543	9	La5b5	A5b5	353	353	1	8	417	99	96		24.8888888889
544	9	Sol5	G5	349	349	1	8	417	99	96		24.9444444444
545	9	Fa5	F5	340	340	1	8	417	99	96		25.0
546	9	Fa5	F5	340	340	1	8	417	99	96		25.0555555556
547	9	Sol5	G5	349	349	1	16	208	99	96		25.0833333333
548	9	Fa5	F5	340	340	1	16	208	99	96		25.1111111111
549	9	Mi5b5	E5b5	331	331	1	16	208	99	96		25.1388888889
550	9	Re5	D5	327	327	1	16	208	99	96		25.1666666667
551	9	Mi5b5	E5b5	331	331	1	4	833	95	96		25.2777777778
552	9	Fa5	F5	340	340	1	16	208	99	96	şâ	25.3055555556
553	9	Mi5b5	E5b5	331	331	1	16	208	99	96		25.3333333333
554	9	Re5	D5	327	327	1	8	417	95	96		25.3888888889
555	9	Mi5b5	E5b5	331	331	1	8	417	95	96	kı 	25.4444444444
556	9	Fa5	F5	340	340	3	16	625	99	96	dil	25.5277777778
557	9	La5b5	A5b5	353	353	1	16	208	99	96		25.5555555556
558	9	Sol5	G5	349	349	1	16	208	99	96		25.5833333333
559	9	Fa5	F5	340	340	1	16	208	99	96		25.6111111111
560	9	Mi5b5	E5b5	331	331	1	16	208	99	96		25.6388888889
561	9	Re5	D5	327	327	1	16	208	95	96		25.6666666667
562	9	Re5	D5	327	327	3	8	1250	99	96	şâd 	25.8333333333
563	9	Do5	C5	318	318	1	8	417	99	96		25.8888888889
564	9	Re5	D5	327	327	3	32	312	99	96		25.9305555556
565	9	Fa5	F5	340	340	1	32	104	99	96		25.9444444444
566	9	Mi5b5	E5b5	331	331	1	16	208	99	96		25.9722222222
567	9	Re5	D5	327	327	1	16	208	99	96		26.0
568	9	Re5	D5	327	327	1	16	208	99	96		26.0277777778
569	9	Mi5b5	E5b5	331	331	1	16	208	99	96		26.0555555556
570	9	Fa5	F5	340	340	1	16	208	99	96		26.0833333333
571	9	Sol5	G5	349	349	1	16	208	99	96		26.1111111111
572	9	Sol5	G5	349	349	1	16	208	99	96		26.1388888889
573	9	Fa5	F5	340	340	1	16	208	99	96		26.1666666667
574	9	Mi5b5	E5b5	331	331	1	16	208	99	96		26.1944444444
575	9	Re5	D5	327	327	1	16	208	99	96		26.2222222222
576	9	Do5	C5	318	318	1	8	417	95	96		26.2777777778
577	9	Re5	D5	327	327	1	16	208	99	96	ey	26.3055555556
578	9	Do5	C5	318	318	1	16	208	99	96		26.3333333333
579	9	Si4b5	B4b5	309	309	1	8	417	95	96		26.3888888889
580	9	Do5	C5	318	318	1	8	417	95	96	le	26.4444444444
581	9	Re5	D5	327	327	1	8	417	99	96	yen 	26.5
582	9	Mi5b5	E5b5	331	331	1	8	417	99	96		26.5555555556
583	9	Fa5	F5	340	340	1	8	417	99	96		26.6111111111
584	9	Sol5	G5	349	349	1	8	417	95	96		26.6666666667
585	9	Fa5	F5	340	340	1	8	417	99	96	pey	26.7222222222
586	9	Sol5	G5	349	349	1	16	208	99	96		26.75
587	9	Fa5	F5	340	340	1	16	208	99	96		26.7777777778
588	9	Fa5	F5	340	340	1	16	208	99	96		26.8055555556
589	9	Mi5b5	E5b5	331	331	1	16	208	99	96		26.8333333333
590	9	Mi5b5	E5b5	331	331	1	16	208	99	96		26.8611111111
591	9	Re5	D5	327	327	1	16	208	99	96		26.8888888889
592	9	Re5	D5	327	327	1	16	208	99	96		26.9166666667
593	9	Do5	C5	318	318	1	16	208	99	96		26.9444444444
594	9	Do5	C5	318	318	1	16	208	99	96		26.9722222222
595	9	Si4b5	B4b5	309	309	1	16	208	95	96		27.0
596	9	Do5	C5	318	318	1	8	417	99	96		27.0555555556
597	9	Re5	D5	327	327	1	16	208	99	96		27.0833333333
598	9	Do5	C5	318	318	1	16	208	99	96		27.1111111111
599	9	Si4b5	B4b5	309	309	1	16	208	99	96		27.1388888889
600	9	La4b5	A4b5	300	300	1	16	208	99	96		27.1666666667
601	9	Sol4	G4	296	296	1	16	208	99	96		27.1944444444
602	9	Fa4	F4	287	287	1	16	208	99	96		27.2222222222
603	9	Sol4	G4	296	296	1	8	417	95	96		27.2777777778
604	9	Mi5b5	E5b5	331	331	1	4	833	99	96	mâ	27.3888888889
605	9	Re5	D5	327	327	1	16	208	99	96		27.4166666667
606	9	Do5	C5	318	318	1	16	208	99	96		27.4444444444
607	9	Si4b5	B4b5	309	309	1	8	417	99	96		27.5
608	9	Do5	C5	318	318	1	16	208	99	96		27.5277777778
609	9	Si4b5	B4b5	309	309	1	16	208	99	96		27.5555555556
610	9	Si4b5	B4b5	309	309	1	16	208	99	96		27.5833333333
611	9	La4b5	A4b5	300	300	1	16	208	99	96		27.6111111111
612	9	La4b5	A4b5	300	300	1	16	208	95	96		27.6388888889
613	9	Sol4	G4	296	296	1	16	208	95	96	ne	27.6666666667
614	9	Sol4	G4	296	296	3	8	1250	95	96	dir  	27.8333333333
