Sira	Kod	Nota53	NotaAE	Koma53	KomaAE	Pay	Payda	Ms	LNS	Bas	Soz1	Offset
1	9	Sol5	G5	349	349	1	24	167	95	96	ARANAĞME	0.0666666666667
2	9	La5b5	A5b5	353	353	1	24	167	95	96	.	0.133333333333
3	9	Si5b5	B5b5	362	362	1	24	167	95	96	.	0.2
4	9	La5b5	A5b5	353	353	1	24	167	95	96	.	0.266666666667
5	9	Sol5	G5	349	349	1	24	167	95	96	.	0.333333333333
6	9	Fa5	F5	340	340	1	24	167	95	96	.	0.4
7	9	Sol5	G5	349	349	1	4	1000	95	96	.	0.8
8	9	Re5	D5	327	327	1	8	500	95	96	.	1.0
9	9	Re5	D5	327	327	1	24	167	95	96	.	1.06666666667
10	9	Mi5b5	E5b5	331	331	1	24	167	95	96	.	1.13333333333
11	9	Fa5	F5	340	340	1	24	167	95	96	.	1.2
12	9	Mi5b5	E5b5	331	331	1	24	167	95	96	.	1.26666666667
13	9	Re5	D5	327	327	1	24	167	95	96	.	1.33333333333
14	9	Do5	C5	318	318	1	24	167	95	96	.	1.4
15	9	Re5	D5	327	327	1	4	1000	95	96	.	1.8
16	9	Si4b5	B4b5	309	309	1	16	250	95	96	.	1.9
17	9	La4b5	A4b5	300	300	1	16	250	95	96	.	2.0
18	10	Sol4	G4	296	296	1	16	250	95	96	.	2.1
19	8	La4b5	A4b5	300	300	0	0	0	95	96	.	2.1
20	9	Sol4	G4	296	296	1	32	125	95	96	.	2.15
21	9	Fa4	F4	287	287	1	32	125	95	96	.	2.2
22	9	Sol4	G4	296	296	1	16	250	95	96	.	2.3
23	9	La4b5	A4b5	300	300	1	16	250	95	96	.	2.4
24	10	Si4b5	B4b5	309	309	1	16	250	95	96	.	2.5
25	8	Do5	C5	318	318	0	0	0	95	96	.	2.5
26	9	Si4b5	B4b5	309	309	1	32	125	95	96	.	2.55
27	9	La4b5	A4b5	300	300	1	32	125	95	96	.	2.6
28	9	Si4b5	B4b5	309	309	1	16	250	95	96	.	2.7
29	9	Do5	C5	318	318	1	16	250	95	96	.	2.8
30	9	Re5	D5	327	327	1	16	250	95	96	.	2.9
31	9	Mi5b2	E5b1	334	335	1	16	250	95	96	.	3.0
32	10	Fa5	F5	340	340	1	16	250	95	96	.	3.1
33	8	Sol5	G5	349	349	0	0	0	95	96	.	3.1
34	9	Fa5	F5	340	340	1	32	125	95	96	.	3.15
35	9	Mi5b2	E5b1	334	335	1	32	125	95	96	.	3.2
36	9	Fa5	F5	340	340	1	8	500	95	96	.	3.4
37	9	Sol5	G5	349	349	1	4	1000	95	96	.	3.8
38	9	Sol5	G5	349	349	1	16	250	95	96	.	3.9
39	9	Do6	C6	371	371	1	16	250	95	96	.	4.0
40	9	Si5b5	B5b5	362	362	1	16	250	95	96	.	4.1
41	9	La5b5	A5b5	353	353	1	16	250	95	96	.	4.2
42	9	Sol5	G5	349	349	1	16	250	95	96	.	4.3
43	9	Fa5	F5	340	340	1	16	250	95	96	.	4.4
44	9	Mi5b5	E5b5	331	331	3	32	375	95	96	.	4.55
45	9	Re5	D5	327	327	1	32	125	95	96	.	4.6
46	9	Do5	C5	318	318	1	16	250	95	96	.	4.7
47	9	Mi5b5	E5b5	331	331	1	16	250	95	96	.	4.8
48	9	Re5	D5	327	327	1	16	250	95	96	.	4.9
49	9	Do5	C5	318	318	1	16	250	95	96	.	5.0
50	9	Si4b5	B4b5	309	309	1	24	167	95	96	.	5.06666666667
51	9	Do5	C5	318	318	1	24	167	95	96	.	5.13333333333
52	9	Si4b5	B4b5	309	309	1	24	167	95	96	.	5.2
53	9	La4b5	A4b5	300	300	1	24	167	95	96	.	5.26666666667
54	9	Sol4	G4	296	296	1	24	167	95	96	.	5.33333333333
55	9	Fa4	F4	287	287	1	24	167	95	96	.	5.4
56	9	Sol4	G4	296	296	1	24	167	95	96	.	5.46666666667
57	9	La4b5	A4b5	300	300	1	24	167	95	96	.	5.53333333333
58	9	Si4b5	B4b5	309	309	1	24	167	95	96	.	5.6
59	9	Do5	C5	318	318	1	24	167	95	96	.	5.66666666667
60	9	Re5	D5	327	327	1	24	167	95	96	.	5.73333333333
61	9	Mi5b2	E5b1	334	335	1	24	167	95	96	.	5.8
62	9	Fa5	F5	340	340	1	16	250	95	96	.	5.9
63	9	Sol5	G5	349	349	1	16	250	95	96	.	6.0
64	9	Sol5	G5	349	349	1	24	167	95	96	ARANAĞME	6.06666666667
65	9	La5b5	A5b5	353	353	1	24	167	95	96	.	6.13333333333
66	9	Si5b5	B5b5	362	362	1	24	167	95	96	.	6.2
67	9	La5b5	A5b5	353	353	1	24	167	95	96	.	6.26666666667
68	9	Sol5	G5	349	349	1	24	167	95	96	.	6.33333333333
69	9	Fa5	F5	340	340	1	24	167	95	96	.	6.4
70	9	Sol5	G5	349	349	1	4	1000	95	96	.	6.8
71	9	Re5	D5	327	327	1	8	500	95	96	.	7.0
72	9	Re5	D5	327	327	1	24	167	95	96	.	7.06666666667
73	9	Mi5b5	E5b5	331	331	1	24	167	95	96	.	7.13333333333
74	9	Fa5	F5	340	340	1	24	167	95	96	.	7.2
75	9	Mi5b5	E5b5	331	331	1	24	167	95	96	.	7.26666666667
76	9	Re5	D5	327	327	1	24	167	95	96	.	7.33333333333
77	9	Do5	C5	318	318	1	24	167	95	96	.	7.4
78	9	Re5	D5	327	327	1	4	1000	95	96	.	7.8
79	9	Si4b5	B4b5	309	309	1	16	250	95	96	.	7.9
80	9	La4b5	A4b5	300	300	1	16	250	95	96	.	8.0
81	10	Sol4	G4	296	296	1	16	250	95	96	.	8.1
82	8	La4b5	A4b5	300	300	0	0	0	95	96	.	8.1
83	9	Sol4	G4	296	296	1	32	125	95	96	.	8.15
84	9	Fa4	F4	287	287	1	32	125	95	96	.	8.2
85	9	Sol4	G4	296	296	1	16	250	95	96	.	8.3
86	9	La4b5	A4b5	300	300	1	16	250	95	96	.	8.4
87	10	Si4b5	B4b5	309	309	1	16	250	95	96	.	8.5
88	8	Do5	C5	318	318	0	0	0	95	96	.	8.5
89	9	Si4b5	B4b5	309	309	1	32	125	95	96	.	8.55
90	9	La4b5	A4b5	300	300	1	32	125	95	96	.	8.6
91	9	Si4b5	B4b5	309	309	1	16	250	95	96	.	8.7
92	9	Do5	C5	318	318	1	16	250	95	96	.	8.8
93	9	Re5	D5	327	327	1	16	250	95	96	.	8.9
94	9	Mi5b2	E5b1	334	335	1	16	250	95	96	.	9.0
95	10	Fa5	F5	340	340	1	16	250	95	96	.	9.1
96	8	Sol5	G5	349	349	0	0	0	95	96	.	9.1
97	9	Fa5	F5	340	340	1	32	125	95	96	.	9.15
98	9	Mi5b2	E5b1	334	335	1	32	125	95	96	.	9.2
99	9	Fa5	F5	340	340	1	8	500	95	96	.	9.4
100	9	Sol5	G5	349	349	1	4	1000	95	96	.	9.8
101	9	Sol5	G5	349	349	1	16	250	95	96	.	9.9
102	9	Do6	C6	371	371	1	16	250	95	96	.	10.0
103	9	Si5b5	B5b5	362	362	1	16	250	95	96	.	10.1
104	9	La5b5	A5b5	353	353	1	16	250	95	96	.	10.2
105	9	Sol5	G5	349	349	1	16	250	95	96	.	10.3
106	9	Fa5	F5	340	340	1	16	250	95	96	.	10.4
107	9	Mi5b5	E5b5	331	331	3	32	375	95	96	.	10.55
108	9	Re5	D5	327	327	1	32	125	95	96	.	10.6
109	9	Do5	C5	318	318	1	16	250	95	96	.	10.7
110	9	Mi5b5	E5b5	331	331	1	16	250	95	96	.	10.8
111	9	Re5	D5	327	327	1	16	250	95	96	.	10.9
112	9	Do5	C5	318	318	1	16	250	95	96	.	11.0
113	9	Si4b5	B4b5	309	309	1	24	167	95	96	.	11.0666666667
114	9	Do5	C5	318	318	1	24	167	95	96	.	11.1333333333
115	9	Si4b5	B4b5	309	309	1	24	167	95	96	.	11.2
116	9	La4b5	A4b5	300	300	1	24	167	95	96	.	11.2666666667
117	9	Sol4	G4	296	296	1	24	167	95	96	.	11.3333333333
118	9	Fa4	F4	287	287	1	24	167	95	96	.	11.4
119	9	Sol4	G4	296	296	1	4	1000	95	96	.	11.8
120	9	Es	Es	-1	-1	1	8	500	100	0		12.0
