Sira	Kod	Nota53	NotaAE	Koma53	KomaAE	Pay	Payda	Ms	LNS	Bas	Soz1	Offset
1	51			0	0	9	8	0	20	0	Aksak	0.0
2	9	Sol4	G4	296	296	3	16	536	95	96	ARANAĞME	0.166666666667
3	9	La4b5	A4b5	300	300	1	16	179	95	96	.	0.222222222222
4	9	Si4b5	B4b5	309	309	1	8	357	95	96	.	0.333333333333
5	9	Do5	C5	318	318	1	8	357	95	96	.	0.444444444444
6	9	Re5	D5	327	327	1	8	357	95	96	.	0.555555555556
7	9	Mi5b2	E5b1	334	335	1	8	357	95	96	.	0.666666666667
8	9	Fa5	F5	340	340	1	8	357	95	96	.	0.777777777778
9	9	Mi5b2	E5b1	334	335	1	8	357	95	96	.	0.888888888889
10	9	Fa5	F5	340	340	1	8	357	95	96	.	1.0
11	9	Sol5	G5	349	349	1	2	1428	95	96	.	1.44444444444
12	9	Sol5	G5	349	349	1	16	179	95	96	.	1.5
13	9	Fa5	F5	340	340	1	16	179	95	96	.	1.55555555556
14	9	Sol5	G5	349	349	1	16	179	95	96	.	1.61111111111
15	9	La5	A5	358	358	1	16	179	95	96	.	1.66666666667
16	9	Fa5	F5	340	340	1	8	357	95	96	.	1.77777777778
17	9	Mi5b3	E5b4	333	332	1	8	357	95	96	.	1.88888888889
18	9	Re5	D5	327	327	1	8	357	95	96	.	2.0
19	9	Do5	C5	318	318	1	8	357	95	96	.	2.11111111111
20	9	Si5b5	B5b5	362	362	1	16	179	95	96	.	2.16666666667
21	9	La5	A5	358	358	1	16	179	95	96	.	2.22222222222
22	9	Sol5	G5	349	349	1	8	357	95	96	.	2.33333333333
23	9	La5	A5	358	358	1	8	357	95	96	.	2.44444444444
24	9	Fa5	F5	340	340	1	8	357	95	96	.	2.55555555556
25	9	Mi5b3	E5b4	333	332	1	8	357	95	96	.	2.66666666667
26	9	Sol5	G5	349	349	1	16	179	95	96	.	2.72222222222
27	9	Fa5	F5	340	340	1	16	179	95	96	.	2.77777777778
28	9	Mi5b4	E5b4	332	332	1	8	357	95	96	.	2.88888888889
29	9	Mi5b4	E5b4	332	332	1	16	179	95	96	.	2.94444444444
30	11	Re5	D5	327	327	1	16	179	95	96	.	3.0
31	9	Re5	D5	327	327	3	8	1071	95	96	.	3.33333333333
32	9	Do5	C5	318	318	1	8	357	95	96	.	3.44444444444
33	10	Re5	D5	327	327	1	8	357	95	96	.	3.55555555556
34	8	Fa5	F5	340	340	0	0	0	95	64	.	3.55555555556
35	9	Mi5b5	E5b5	331	331	1	16	179	95	96	.	3.61111111111
36	11	Re5	D5	327	327	1	16	179	95	96	.	3.66666666667
37	9	Re5	D5	327	327	1	4	714	95	96	.	3.88888888889
38	9	Es	Es	-1	-1	1	8	357	100	0	.	4.0
39	9	Do5	C5	318	318	3	16	536	95	96	.	4.16666666667
40	9	Re5	D5	327	327	1	16	179	95	96	.	4.22222222222
41	9	Mi5b3	E5b4	333	332	1	8	357	95	96	.	4.33333333333
42	9	Fa5	F5	340	340	1	8	357	95	96	.	4.44444444444
43	9	Sol5	G5	349	349	1	8	357	95	96	.	4.55555555556
44	9	Fa5	F5	340	340	1	8	357	95	96	.	4.66666666667
45	9	La5b5	A5b5	353	353	1	8	357	95	96	.	4.77777777778
46	9	Sol5	G5	349	349	1	8	357	95	96	.	4.88888888889
47	9	Fa5	F5	340	340	1	8	357	95	96	.	5.0
48	9	Mi5b5	E5b5	331	331	3	16	536	95	96	.	5.16666666667
49	9	Re5	D5	327	327	1	16	179	95	96	.	5.22222222222
50	9	Re5	D5	327	327	3	16	536	95	96	.	5.38888888889
51	9	Do5	C5	318	318	1	16	179	95	96	.	5.44444444444
52	10	Do5	C5	318	318	1	8	357	95	96	.	5.55555555556
53	8	Mi5b5	E5b5	331	331	0	0	0	95	64	.	5.55555555556
54	9	Re5	D5	327	327	1	16	179	95	96	.	5.61111111111
55	11	Do5	C5	318	318	1	16	179	95	96	.	5.66666666667
56	9	Do5	C5	318	318	1	4	714	95	96	.	5.88888888889
57	9	Es	Es	-1	-1	1	8	357	100	0	.	6.0
58	9	Si4b5	B4b5	309	309	3	16	536	95	96	.	6.16666666667
59	9	Re5	D5	327	327	1	16	179	95	96	.	6.22222222222
60	9	Do5	C5	318	318	1	8	357	95	96	.	6.33333333333
61	9	Re5	D5	327	327	1	8	357	95	96	.	6.44444444444
62	9	Si4b5	B4b5	309	309	1	8	357	95	96	.	6.55555555556
63	9	Do5	C5	318	318	1	8	357	95	96	.	6.66666666667
64	9	Do5	C5	318	318	1	16	179	95	96	.	6.72222222222
65	9	Si4b5	B4b5	309	309	1	16	179	95	96	.	6.77777777778
66	9	La4b5	A4b5	300	300	1	8	357	95	96	.	6.88888888889
67	9	La4b5	A4b5	300	300	1	16	179	95	96	.	6.94444444444
68	11	Sol4	G4	296	296	1	16	179	95	96	.	7.0
69	9	Sol4	G4	296	296	3	8	1071	95	96	.	7.33333333333
70	9	Re5	D5	327	327	1	16	179	95	96	.	7.38888888889
71	9	Mi5b5	E5b5	331	331	1	16	179	95	96	.	7.44444444444
72	9	Re5	D5	327	327	1	16	179	95	96	.	7.5
73	9	Do5	C5	318	318	1	16	179	95	96	.	7.55555555556
74	9	Si4b5	B4b5	309	309	1	16	179	95	96	.	7.61111111111
75	9	La4b5	A4b5	300	300	1	16	179	95	96	.	7.66666666667
76	9	Sol4	G4	296	296	1	4	714	95	96	.	7.88888888889
77	9	Es	Es	-1	-1	1	8	357	100	0		8.0
78	9	Sol4	G4	296	296	3	16	536	95	96	ARANAĞME	8.16666666667
79	9	La4b5	A4b5	300	300	1	16	179	95	96	.	8.22222222222
80	9	Si4b5	B4b5	309	309	1	8	357	95	96	.	8.33333333333
81	9	Do5	C5	318	318	1	8	357	95	96	.	8.44444444444
82	9	Re5	D5	327	327	1	8	357	95	96	.	8.55555555556
83	9	Mi5b2	E5b1	334	335	1	8	357	95	96	.	8.66666666667
84	9	Fa5	F5	340	340	1	8	357	95	96	.	8.77777777778
85	9	Mi5b2	E5b1	334	335	1	8	357	95	96	.	8.88888888889
86	9	Fa5	F5	340	340	1	8	357	95	96	.	9.0
87	9	Sol5	G5	349	349	1	2	1428	95	96	.	9.44444444444
88	9	Sol5	G5	349	349	1	16	179	95	96	.	9.5
89	9	Fa5	F5	340	340	1	16	179	95	96	.	9.55555555556
90	9	Sol5	G5	349	349	1	16	179	95	96	.	9.61111111111
91	9	La5	A5	358	358	1	16	179	95	96	.	9.66666666667
92	9	Fa5	F5	340	340	1	8	357	95	96	.	9.77777777778
93	9	Mi5b3	E5b4	333	332	1	8	357	95	96	.	9.88888888889
94	9	Re5	D5	327	327	1	8	357	95	96	.	10.0
95	9	Do5	C5	318	318	1	8	357	95	96	.	10.1111111111
96	9	Si5b5	B5b5	362	362	1	16	179	95	96	.	10.1666666667
97	9	La5	A5	358	358	1	16	179	95	96	.	10.2222222222
98	9	Sol5	G5	349	349	1	8	357	95	96	.	10.3333333333
99	9	La5	A5	358	358	1	8	357	95	96	.	10.4444444444
100	9	Fa5	F5	340	340	1	8	357	95	96	.	10.5555555556
101	9	Mi5b3	E5b4	333	332	1	8	357	95	96	.	10.6666666667
102	9	Sol5	G5	349	349	1	16	179	95	96	.	10.7222222222
103	9	Fa5	F5	340	340	1	16	179	95	96	.	10.7777777778
104	9	Mi5b4	E5b4	332	332	1	8	357	95	96	.	10.8888888889
105	9	Mi5b4	E5b4	332	332	1	16	179	95	96	.	10.9444444444
106	11	Re5	D5	327	327	1	16	179	95	96	.	11.0
107	9	Re5	D5	327	327	3	8	1071	95	96	.	11.3333333333
108	9	Do5	C5	318	318	1	8	357	95	96	.	11.4444444444
109	10	Re5	D5	327	327	1	8	357	95	96	.	11.5555555556
110	8	Fa5	F5	340	340	0	0	0	95	64	.	11.5555555556
111	9	Mi5b5	E5b5	331	331	1	16	179	95	96	.	11.6111111111
112	11	Re5	D5	327	327	1	16	179	95	96	.	11.6666666667
113	9	Re5	D5	327	327	1	4	714	95	96	.	11.8888888889
114	9	Es	Es	-1	-1	1	8	357	100	0	.	12.0
115	9	Do5	C5	318	318	3	16	536	95	96	.	12.1666666667
116	9	Re5	D5	327	327	1	16	179	95	96	.	12.2222222222
117	9	Mi5b3	E5b4	333	332	1	8	357	95	96	.	12.3333333333
118	9	Fa5	F5	340	340	1	8	357	95	96	.	12.4444444444
119	9	Sol5	G5	349	349	1	8	357	95	96	.	12.5555555556
120	9	Fa5	F5	340	340	1	8	357	95	96	.	12.6666666667
121	9	La5b5	A5b5	353	353	1	8	357	95	96	.	12.7777777778
122	9	Sol5	G5	349	349	1	8	357	95	96	.	12.8888888889
123	9	Fa5	F5	340	340	1	8	357	95	96	.	13.0
124	9	Mi5b5	E5b5	331	331	3	16	536	95	96	.	13.1666666667
125	9	Re5	D5	327	327	1	16	179	95	96	.	13.2222222222
126	9	Re5	D5	327	327	3	16	536	95	96	.	13.3888888889
127	9	Do5	C5	318	318	1	16	179	95	96	.	13.4444444444
128	10	Do5	C5	318	318	1	8	357	95	96	.	13.5555555556
129	8	Mi5b5	E5b5	331	331	0	0	0	95	64	.	13.5555555556
130	9	Re5	D5	327	327	1	16	179	95	96	.	13.6111111111
131	11	Do5	C5	318	318	1	16	179	95	96	.	13.6666666667
132	9	Do5	C5	318	318	1	4	714	95	96	.	13.8888888889
133	9	Es	Es	-1	-1	1	8	357	100	0	.	14.0
134	9	Si4b5	B4b5	309	309	3	16	536	95	96	.	14.1666666667
135	9	Re5	D5	327	327	1	16	179	95	96	.	14.2222222222
136	9	Do5	C5	318	318	1	8	357	95	96	.	14.3333333333
137	9	Re5	D5	327	327	1	8	357	95	96	.	14.4444444444
138	9	Si4b5	B4b5	309	309	1	8	357	95	96	.	14.5555555556
139	9	Do5	C5	318	318	1	8	357	95	96	.	14.6666666667
140	9	Do5	C5	318	318	1	16	179	95	96	.	14.7222222222
141	9	Si4b5	B4b5	309	309	1	16	179	95	96	.	14.7777777778
142	9	La4b5	A4b5	300	300	1	8	357	95	96	.	14.8888888889
143	9	La4b5	A4b5	300	300	1	16	179	95	96	.	14.9444444444
144	11	Sol4	G4	296	296	1	16	179	95	96	.	15.0
145	9	Sol4	G4	296	296	3	8	1071	95	96	.	15.3333333333
146	9	Re5	D5	327	327	1	16	179	95	96	.	15.3888888889
147	9	Mi5b5	E5b5	331	331	1	16	179	95	96	.	15.4444444444
148	9	Re5	D5	327	327	1	16	179	95	96	.	15.5
149	9	Do5	C5	318	318	1	16	179	95	96	.	15.5555555556
150	9	Si4b5	B4b5	309	309	1	16	179	95	96	.	15.6111111111
151	9	La4b5	A4b5	300	300	1	16	179	95	96	.	15.6666666667
152	9	Sol4	G4	296	296	1	4	714	95	96	.	15.8888888889
153	9	Es	Es	-1	-1	1	8	357	100	0		16.0
154	1	Sol4	G4	296	296	1	4	714	95	96	.	16.2222222222
155	9	Sol5	G5	349	349	1	8	357	95	96	Gi	16.3333333333
156	9	La5b4	A5b4	354	354	1	8	357	95	96	de	16.4444444444
157	9	Sol5	G5	349	349	1	8	357	99	96	lim 	16.5555555556
158	9	Fa5#4	F5#4	344	344	1	8	357	99	96		16.6666666667
159	9	Mi5b4	E5b4	332	332	1	4	714	99	96		16.8888888889
160	9	Fa5#4	F5#4	344	344	1	8	357	95	96		17.0
161	9	Sol5	G5	349	349	3	8	1071	99	96	Gök	17.3333333333
162	9	Fa5#4	F5#4	344	344	1	8	357	99	96		17.4444444444
163	10	Sol5	G5	349	349	1	8	357	99	96		17.5555555556
164	8	Si5b5	B5b5	362	362	0	0	0	99	64		17.5555555556
165	9	La5b4	A5b4	354	354	1	16	179	99	96		17.6111111111
166	11	Sol5	G5	349	349	1	16	179	99	96		17.6666666667
167	9	Sol5	G5	349	349	3	8	1071	100	96		18.0
168	9	Sol5	G5	349	349	2	8	714	95	96		18.2222222222
169	9	Sol5	G5	349	349	1	8	357	95	96	su	18.3333333333
170	9	La5b4	A5b4	354	354	1	8	357	95	96	ya 	18.4444444444
171	9	Sol5	G5	349	349	1	8	357	99	96	bir 	18.5555555556
172	9	Fa5#4	F5#4	344	344	1	8	357	99	96		18.6666666667
173	9	Mi5b5	E5b5	331	331	1	4	714	99	96		18.8888888889
174	9	Mi5b5	E5b5	331	331	1	16	179	99	96		18.9444444444
175	11	Re5	D5	327	327	1	16	179	95	96		19.0
176	9	Re5	D5	327	327	3	8	1071	99	96	â	19.3333333333
177	9	Do5	C5	318	318	1	8	357	99	96		19.4444444444
178	10	Re5	D5	327	327	1	8	357	99	96		19.5555555556
179	8	Fa5#4	F5#4	344	344	0	0	0	99	64		19.5555555556
180	9	Mi5b5	E5b5	331	331	1	16	179	99	96		19.6111111111
181	11	Re5	D5	327	327	1	16	179	99	96		19.6666666667
182	9	Re5	D5	327	327	3	8	1071	99	96		20.0
183	9	Re5	D5	327	327	3	16	536	99	96		20.1666666667
184	9	Do5	C5	318	318	1	16	179	95	96		20.2222222222
185	9	Si4b1	B4b1	313	313	1	8	357	95	96	lem_	20.3333333333
186	9	Do5	C5	318	318	1	8	357	95	96	i 	20.4444444444
187	9	Re5	D5	327	327	1	8	357	99	96	âb 	20.5555555556
188	9	Mi5b4	E5b4	332	332	1	8	357	99	96		20.6666666667
189	9	Fa5#4	F5#4	344	344	1	8	357	99	96		20.7777777778
190	9	Sol5	G5	349	349	1	8	357	99	96		20.8888888889
191	9	La5b4	A5b4	354	354	1	8	357	95	96		21.0
192	9	Si5b1	B5b1	366	366	3	16	536	99	96	ey	21.1666666667
193	9	La5b4	A5b4	354	354	1	16	179	95	96		21.2222222222
194	10	La5b4	A5b4	354	354	1	8	357	95	96	le	21.3333333333
195	8	Si5b1	B5b1	366	366	0	0	0	95	64		21.3333333333
196	9	La5b4	A5b4	354	354	1	16	179	99	96	ye	21.3888888889
197	9	Sol5	G5	349	349	1	16	179	95	96		21.4444444444
198	9	Sol5	G5	349	349	1	4	714	95	96	lim  	21.6666666667
199	9	Fa5#4	F5#4	344	344	1	16	179	95	96	SAZ	21.7222222222
200	9	Mi5b4	E5b4	332	332	1	16	179	95	96	.	21.7777777778
201	9	Re5	D5	327	327	1	16	179	95	96	.	21.8333333333
202	9	Do5	C5	318	318	1	16	179	95	96	.	21.8888888889
203	9	Si4b1	B4b1	313	313	1	16	179	95	96	.	21.9444444444
204	9	La4b4	A4b4	301	301	1	16	179	95	96	.	22.0
205	1	Sol4	G4	296	296	1	4	714	95	96	.	22.2222222222
206	9	Sol5	G5	349	349	1	8	357	95	96	Gi	22.3333333333
207	9	La5b4	A5b4	354	354	1	8	357	95	96	de	22.4444444444
208	9	Sol5	G5	349	349	1	8	357	99	96	lim 	22.5555555556
209	9	Fa5#4	F5#4	344	344	1	8	357	99	96		22.6666666667
210	9	Mi5b4	E5b4	332	332	1	4	714	99	96		22.8888888889
211	9	Fa5#4	F5#4	344	344	1	8	357	95	96		23.0
212	9	Sol5	G5	349	349	3	8	1071	99	96	Gök	23.3333333333
213	9	Fa5#4	F5#4	344	344	1	8	357	99	96		23.4444444444
214	10	Sol5	G5	349	349	1	8	357	99	96		23.5555555556
215	8	Si5b5	B5b5	362	362	0	0	0	99	64		23.5555555556
216	9	La5b4	A5b4	354	354	1	16	179	99	96		23.6111111111
217	11	Sol5	G5	349	349	1	16	179	99	96		23.6666666667
218	9	Sol5	G5	349	349	3	8	1071	100	96		24.0
219	9	Sol5	G5	349	349	2	8	714	95	96		24.2222222222
220	9	Sol5	G5	349	349	1	8	357	95	96	su	24.3333333333
221	9	La5b4	A5b4	354	354	1	8	357	95	96	ya 	24.4444444444
222	9	Sol5	G5	349	349	1	8	357	99	96	bir 	24.5555555556
223	9	Fa5#4	F5#4	344	344	1	8	357	99	96		24.6666666667
224	9	Mi5b5	E5b5	331	331	1	4	714	99	96		24.8888888889
225	9	Mi5b5	E5b5	331	331	1	16	179	99	96		24.9444444444
226	11	Re5	D5	327	327	1	16	179	95	96		25.0
227	9	Re5	D5	327	327	3	8	1071	99	96	â	25.3333333333
228	9	Do5	C5	318	318	1	8	357	99	96		25.4444444444
229	10	Re5	D5	327	327	1	8	357	99	96		25.5555555556
230	8	Fa5#4	F5#4	344	344	0	0	0	99	64		25.5555555556
231	9	Mi5b5	E5b5	331	331	1	16	179	99	96		25.6111111111
232	11	Re5	D5	327	327	1	16	179	99	96		25.6666666667
233	9	Re5	D5	327	327	3	8	1071	99	96		26.0
234	9	Re5	D5	327	327	3	16	536	99	96		26.1666666667
235	9	Do5	C5	318	318	1	16	179	95	96		26.2222222222
236	9	Si4b1	B4b1	313	313	1	8	357	95	96	lem_	26.3333333333
237	9	Do5	C5	318	318	1	8	357	95	96	i 	26.4444444444
238	9	Re5	D5	327	327	1	8	357	99	96	âb 	26.5555555556
239	9	Mi5b4	E5b4	332	332	1	8	357	99	96		26.6666666667
240	9	Fa5#4	F5#4	344	344	1	8	357	99	96		26.7777777778
241	9	Sol5	G5	349	349	1	8	357	99	96		26.8888888889
242	9	La5b4	A5b4	354	354	1	8	357	95	96		27.0
243	9	Si5b1	B5b1	366	366	3	16	536	99	96	ey	27.1666666667
244	9	La5b4	A5b4	354	354	1	16	179	95	96		27.2222222222
245	10	La5b4	A5b4	354	354	1	8	357	99	96	le	27.3333333333
246	8	Si5b1	B5b1	366	366	0	0	0	95	64		27.3333333333
247	9	La5b4	A5b4	354	354	1	16	179	99	96	ye	27.3888888889
248	11	Sol5	G5	349	349	1	16	179	95	96		27.4444444444
249	9	Sol5	G5	349	349	1	4	714	95	96	lim  	27.6666666667
250	9	Sol5	G5	349	349	1	16	179	95	96	SAZ	27.7222222222
251	9	La5b2	A5b1	356	357	1	16	179	95	96	.	27.7777777778
252	9	Sol5	G5	349	349	1	16	179	95	96	.	27.8333333333
253	9	Fa5	F5	340	340	1	16	179	95	96	.	27.8888888889
254	9	Mi5b2	E5b1	334	335	1	16	179	95	96	.	27.9444444444
255	9	Fa5	F5	340	340	1	16	179	95	96	.	28.0
256	9	Sol5	G5	349	349	1	8	357	95	96	.	28.1111111111
257	9	Sol5	G5	349	349	1	4	714	95	96	Ol 	28.3333333333
258	9	Do6	C6	371	371	1	8	357	95	96	ka	28.4444444444
259	9	Si5b5	B5b5	362	362	1	8	357	99	96	deh	28.5555555556
260	9	La5b5	A5b5	353	353	1	8	357	99	96		28.6666666667
261	9	Sol5	G5	349	349	1	8	357	99	96		28.7777777778
262	9	Fa5	F5	340	340	1	8	357	99	96		28.8888888889
263	9	Mi5b5	E5b5	331	331	1	8	357	95	96		29.0
264	10	Fa5	F5	340	340	1	8	357	99	96	kâr 	29.1111111111
265	8	La5b5	A5b5	353	353	0	0	0	99	64		29.1111111111
266	9	Sol5	G5	349	349	1	16	179	99	96		29.1666666667
267	9	Fa5	F5	340	340	1	16	179	95	96		29.2222222222
268	9	Fa5	F5	340	340	1	16	179	99	96	gü	29.2777777778
269	9	Mi5b5	E5b5	331	331	1	16	179	95	96		29.3333333333
270	9	Mi5b5	E5b5	331	331	1	16	179	95	96	ze	29.3888888889
271	9	Re5	D5	327	327	1	16	179	95	96		29.4444444444
272	9	Mi5b5	E5b5	331	331	5	8	1786	95	96	li 	30.0
273	9	Re5	D5	327	327	1	8	357	99	96	yâr 	30.1111111111
274	9	Mi5b5	E5b5	331	331	3	8	1071	99	96		30.4444444444
275	9	Mi5b5	E5b5	331	331	3	16	536	99	96		30.6111111111
276	9	Re5	D5	327	327	1	16	179	99	96		30.6666666667
277	9	Sol5	G5	349	349	1	16	179	99	96		30.7222222222
278	9	Fa5	F5	340	340	1	16	179	99	96		30.7777777778
279	9	Mi5b5	E5b5	331	331	1	16	179	99	96		30.8333333333
280	9	Re5	D5	327	327	1	16	179	99	96		30.8888888889
281	9	Do5	C5	318	318	1	8	357	95	96		31.0
282	9	Re5	D5	327	327	3	16	536	99	96	yâr 	31.1666666667
283	9	Do5	C5	318	318	1	16	179	95	96		31.2222222222
284	9	Fa5	F5	340	340	1	8	357	95	96	o	31.3333333333
285	9	Mi5b5	E5b5	331	331	1	16	179	99	96	la	31.3888888889
286	11	Re5	D5	327	327	1	16	179	95	96		31.4444444444
287	9	Re5	D5	327	327	1	4	714	99	96	rak 	31.6666666667
288	9	Mi5b2	E5b1	334	335	1	8	357	99	96		31.7777777778
289	9	Fa5	F5	340	340	1	8	357	99	96		31.8888888889
290	9	Sol5	G5	349	349	1	8	357	95	96		32.0
291	9	Fa5	F5	340	340	1	16	179	99	96	pey	32.0555555556
292	9	Mi5b5	E5b5	331	331	1	16	179	99	96		32.1111111111
293	9	Re5	D5	327	327	1	16	179	99	96		32.1666666667
294	9	Do5	C5	318	318	1	16	179	99	96		32.2222222222
295	9	Si4b5	B4b5	309	309	1	8	357	99	96		32.3333333333
296	9	Do5	C5	318	318	1	8	357	99	96		32.4444444444
297	9	Si4b5	B4b5	309	309	1	8	357	99	96		32.5555555556
298	9	La4b5	A4b5	300	300	1	8	357	99	96		32.6666666667
299	9	Sol4	G4	296	296	1	8	357	99	96		32.7777777778
300	9	La4b5	A4b5	300	300	1	8	357	99	96		32.8888888889
301	9	Do5	C5	318	318	1	8	357	95	96		33.0
302	9	Si4b5	B4b5	309	309	3	16	536	95	96		33.1666666667
303	9	La4b5	A4b5	300	300	1	16	179	95	96		33.2222222222
304	11	La4b5	A4b5	300	300	1	8	357	95	96	le	33.3333333333
305	9	La4b5	A4b5	300	300	1	16	179	99	96	ye	33.3888888889
306	11	Sol4	G4	296	296	1	16	179	95	96		33.4444444444
307	9	Sol4	G4	296	296	1	4	714	95	96	lim  	33.6666666667
308	9	Sol5	G5	349	349	1	16	179	95	96	SAZ	33.7222222222
309	9	La5b5	A5b5	353	353	1	16	179	95	96	.	33.7777777778
310	9	Sol5	G5	349	349	1	16	179	95	96	.	33.8333333333
311	9	Fa5	F5	340	340	1	16	179	95	96	.	33.8888888889
312	9	Mi5b2	E5b1	334	335	1	16	179	95	96	.	33.9444444444
313	9	Fa5	F5	340	340	1	16	179	95	96	.	34.0
314	9	Sol5	G5	349	349	1	8	357	95	96	.	34.1111111111
315	9	Sol5	G5	349	349	1	4	714	95	96	Ol 	34.3333333333
316	9	Do6	C6	371	371	1	8	357	95	96	ka	34.4444444444
317	9	Si5b5	B5b5	362	362	1	8	357	99	96	deh	34.5555555556
318	9	La5b5	A5b5	353	353	1	8	357	99	96		34.6666666667
319	9	Sol5	G5	349	349	1	8	357	99	96		34.7777777778
320	9	Fa5	F5	340	340	1	8	357	99	96		34.8888888889
321	9	Mi5b5	E5b5	331	331	1	8	357	95	96		35.0
322	10	Fa5	F5	340	340	1	8	357	99	96	kâr 	35.1111111111
323	8	La5b5	A5b5	353	353	0	0	0	99	64		35.1111111111
324	9	Sol5	G5	349	349	1	16	179	99	96		35.1666666667
325	9	Fa5	F5	340	340	1	16	179	95	96		35.2222222222
326	9	Fa5	F5	340	340	1	16	179	99	96	gü	35.2777777778
327	9	Mi5b5	E5b5	331	331	1	16	179	95	96		35.3333333333
328	9	Mi5b5	E5b5	331	331	1	16	179	95	96	ze	35.3888888889
329	9	Re5	D5	327	327	1	16	179	95	96		35.4444444444
330	9	Mi5b5	E5b5	331	331	5	8	1786	95	96	li 	36.0
331	9	Re5	D5	327	327	1	8	357	99	96	yâr 	36.1111111111
332	9	Mi5b5	E5b5	331	331	3	8	1071	99	96		36.4444444444
333	9	Mi5b5	E5b5	331	331	3	16	536	99	96		36.6111111111
334	9	Re5	D5	327	327	1	16	179	99	96		36.6666666667
335	9	Sol5	G5	349	349	1	16	179	99	96		36.7222222222
336	9	Fa5	F5	340	340	1	16	179	99	96		36.7777777778
337	9	Mi5b5	E5b5	331	331	1	16	179	99	96		36.8333333333
338	9	Re5	D5	327	327	1	16	179	99	96		36.8888888889
339	9	Do5	C5	318	318	1	8	357	95	96		37.0
340	9	Re5	D5	327	327	3	16	536	99	96	yâr 	37.1666666667
341	9	Do5	C5	318	318	1	16	179	95	96		37.2222222222
342	9	Fa5	F5	340	340	1	8	357	95	96	o	37.3333333333
343	9	Mi5b5	E5b5	331	331	1	16	179	99	96	la	37.3888888889
344	11	Re5	D5	327	327	1	16	179	95	96		37.4444444444
345	9	Re5	D5	327	327	1	4	714	99	96	rak 	37.6666666667
346	9	Mi5b2	E5b1	334	335	1	8	357	99	96		37.7777777778
347	9	Fa5	F5	340	340	1	8	357	99	96		37.8888888889
348	9	Sol5	G5	349	349	1	8	357	95	96		38.0
349	9	Fa5	F5	340	340	1	16	179	99	96	pey	38.0555555556
350	9	Mi5b5	E5b5	331	331	1	16	179	99	96		38.1111111111
351	9	Re5	D5	327	327	1	16	179	99	96		38.1666666667
352	9	Do5	C5	318	318	1	16	179	99	96		38.2222222222
353	9	Si4b5	B4b5	309	309	1	8	357	99	96		38.3333333333
354	9	Do5	C5	318	318	1	8	357	99	96		38.4444444444
355	9	Si4b5	B4b5	309	309	1	8	357	99	96		38.5555555556
356	9	La4b5	A4b5	300	300	1	8	357	99	96		38.6666666667
357	9	Sol4	G4	296	296	1	8	357	99	96		38.7777777778
358	9	La4b5	A4b5	300	300	1	8	357	99	96		38.8888888889
359	9	Do5	C5	318	318	1	8	357	95	96		39.0
360	9	Si4b5	B4b5	309	309	3	16	536	95	96		39.1666666667
361	9	La4b5	A4b5	300	300	1	16	179	95	96		39.2222222222
362	11	La4b5	A4b5	300	300	1	8	357	95	96	le	39.3333333333
363	9	La4b5	A4b5	300	300	1	16	179	99	96	ye	39.3888888889
364	11	Sol4	G4	296	296	1	16	179	95	96		39.4444444444
365	9	Sol4	G4	296	296	1	4	714	95	96	lim  	39.6666666667
366	9	Si5b5	B5b5	362	362	1	4	714	95	96	SAZ	39.8888888889
367	9	La5	A5	358	358	1	16	179	95	96	.	39.9444444444
368	9	Do6	C6	371	371	1	16	179	95	96	.	40.0
369	9	Si5b5	B5b5	362	362	1	4	714	95	96	.	40.2222222222
370	9	La5	A5	358	358	1	8	357	95	96	Bi	40.3333333333
371	9	Si5b5	B5b5	362	362	1	8	357	95	96	ze 	40.4444444444
372	9	Si5b5	B5b5	362	362	1	4	714	99	96	bu 	40.6666666667
373	9	La5	A5	358	358	1	8	357	99	96		40.7777777778
374	9	Sol5	G5	349	349	1	8	357	99	96		40.8888888889
375	9	La5	A5	358	358	1	8	357	95	96		41.0
376	9	Sol5	G5	349	349	3	16	536	99	96	tâ	41.1666666667
377	9	Fa5#4	F5#4	344	344	1	16	179	95	96		41.2222222222
378	9	Mi5b4	E5b4	332	332	1	8	357	95	96	li	41.3333333333
379	9	Fa5#4	F5#4	344	344	1	8	357	95	96	hi	41.4444444444
380	9	Sol5	G5	349	349	1	2	1429	95	96	miz 	41.8888888889
381	9	Es	Es	-1	-1	1	8	357	100	0		42.0
382	9	Fa5#4	F5#4	344	344	1	8	357	99	96	ol	42.1111111111
383	9	Sol5	G5	349	349	1	8	357	95	96		42.2222222222
384	10	La5b4	A5b4	354	354	1	8	357	99	96	ma	42.3333333333
385	8	Si5b5	B5b5	362	362	0	0	0	95	64		42.3333333333
386	9	La5b4	A5b4	354	354	1	16	179	99	96	dı 	42.3888888889
387	11	Sol5	G5	349	349	1	16	179	95	96		42.4444444444
388	9	Sol5	G5	349	349	1	2	1429	95	96	yâr 	42.8888888889
389	9	Es	Es	-1	-1	1	8	357	100	0		43.0
390	9	Fa5#4	F5#4	344	344	1	2	1429	99	96	yâr 	43.4444444444
391	9	Fa5#4	F5#4	344	344	1	8	357	99	96		43.5555555556
392	9	Sol5	G5	349	349	1	8	357	99	96		43.6666666667
393	9	Sol5	G5	349	349	1	16	179	99	96		43.7222222222
394	9	Fa5#4	F5#4	344	344	1	16	179	99	96		43.7777777778
395	9	Mi5b4	E5b4	332	332	1	16	179	99	96		43.8333333333
396	9	Re5	D5	327	327	1	16	179	99	96		43.8888888889
397	9	Mi5b4	E5b4	332	332	1	8	357	95	96		44.0
398	9	Sol5	G5	349	349	1	8	357	99	96	yâr 	44.1111111111
399	9	La5b5	A5b5	353	353	3	8	1071	99	96		44.4444444444
400	9	La5b5	A5b5	353	353	1	8	357	99	96		44.5555555556
401	9	Sol5	G5	349	349	1	8	357	99	96		44.6666666667
402	9	Sol5	G5	349	349	1	8	357	99	96		44.7777777778
403	9	La5b5	A5b5	353	353	1	8	357	99	96		44.8888888889
404	9	Do6	C6	371	371	1	8	357	95	96		45.0
405	9	Si5b2	B5b1	365	366	3	16	536	99	96	ney	45.1666666667
406	9	La5b4	A5b4	354	354	1	16	179	95	96		45.2222222222
407	11	La5b4	A5b4	354	354	1	8	357	95	96	le	45.3333333333
408	9	La5b4	A5b4	354	354	1	16	179	99	96	ye	45.3888888889
409	11	Sol5	G5	349	349	1	16	179	95	96		45.4444444444
410	9	Sol5	G5	349	349	1	4	714	95	96	lim  	45.6666666667
411	9	Si5b5	B5b5	362	362	1	4	714	95	96	SAZ	45.8888888889
412	9	La5	A5	358	358	1	16	179	95	96	.	45.9444444444
413	9	Do6	C6	371	371	1	16	179	95	96	.	46.0
414	9	Si5b5	B5b5	362	362	1	4	714	95	96	.	46.2222222222
415	9	La5	A5	358	358	1	8	357	95	96	Bi	46.3333333333
416	9	Si5b5	B5b5	362	362	1	8	357	95	96	ze 	46.4444444444
417	9	Si5b5	B5b5	362	362	1	4	714	99	96	bu 	46.6666666667
418	9	La5	A5	358	358	1	8	357	99	96		46.7777777778
419	9	Sol5	G5	349	349	1	8	357	99	96		46.8888888889
420	9	La5	A5	358	358	1	8	357	95	96		47.0
421	9	Sol5	G5	349	349	3	16	536	99	96	tâ	47.1666666667
422	9	Fa5#4	F5#4	344	344	1	16	179	95	96		47.2222222222
423	9	Mi5b4	E5b4	332	332	1	8	357	95	96	li	47.3333333333
424	9	Fa5#4	F5#4	344	344	1	8	357	95	96	hi	47.4444444444
425	9	Sol5	G5	349	349	1	2	1429	95	96	miz 	47.8888888889
426	9	Es	Es	-1	-1	1	8	357	100	0		48.0
427	9	Fa5#4	F5#4	344	344	1	8	357	99	96	ol	48.1111111111
428	9	Sol5	G5	349	349	1	8	357	95	96		48.2222222222
429	10	La5b4	A5b4	354	354	1	8	357	99	96	ma	48.3333333333
430	8	Si5b5	B5b5	362	362	0	0	0	95	64		48.3333333333
431	9	La5b4	A5b4	354	354	1	16	179	99	96	dı 	48.3888888889
432	11	Sol5	G5	349	349	1	16	179	95	96		48.4444444444
433	9	Sol5	G5	349	349	1	2	1429	95	96	yâr 	48.8888888889
434	9	Es	Es	-1	-1	1	8	357	100	0		49.0
435	9	Fa5#4	F5#4	344	344	1	2	1429	99	96	yâr 	49.4444444444
436	9	Fa5#4	F5#4	344	344	1	8	357	99	96		49.5555555556
437	9	Sol5	G5	349	349	1	8	357	99	96		49.6666666667
438	9	Sol5	G5	349	349	1	16	179	99	96		49.7222222222
439	9	Fa5#4	F5#4	344	344	1	16	179	99	96		49.7777777778
440	9	Mi5b4	E5b4	332	332	1	16	179	99	96		49.8333333333
441	9	Re5	D5	327	327	1	16	179	99	96		49.8888888889
442	9	Mi5b4	E5b4	332	332	1	8	357	95	96		50.0
443	9	Sol5	G5	349	349	1	8	357	99	96	yâr 	50.1111111111
444	9	La5b5	A5b5	353	353	3	8	1071	99	96		50.4444444444
445	9	La5b5	A5b5	353	353	1	8	357	99	96		50.5555555556
446	9	Sol5	G5	349	349	1	8	357	99	96		50.6666666667
447	9	Sol5	G5	349	349	1	8	357	99	96		50.7777777778
448	9	La5b5	A5b5	353	353	1	8	357	99	96		50.8888888889
449	9	Do6	C6	371	371	1	8	357	95	96		51.0
450	9	Si5b2	B5b1	365	366	3	16	536	99	96	ney	51.1666666667
451	9	La5b4	A5b4	354	354	1	16	179	95	96		51.2222222222
452	11	La5b4	A5b4	354	354	1	8	357	95	96	le	51.3333333333
453	9	La5b4	A5b4	354	354	1	16	179	99	96	ye	51.3888888889
454	11	Sol5	G5	349	349	1	16	179	95	96		51.4444444444
455	9	Sol5	G5	349	349	1	4	714	95	96	lim  	51.6666666667
456	9	Sol5	G5	349	349	1	16	179	95	96	SAZ	51.7222222222
457	9	La5b4	A5b4	354	354	1	16	179	95	96	.	51.7777777778
458	9	Sol5	G5	349	349	1	16	179	95	96	.	51.8333333333
459	9	Fa5	F5	340	340	1	16	179	95	96	.	51.8888888889
460	9	Mi5b2	E5b1	334	335	1	16	179	95	96	.	51.9444444444
461	9	Fa5	F5	340	340	1	16	179	95	96	.	52.0
462	9	Sol5	G5	349	349	1	8	357	95	96	.	52.1111111111
463	9	Sol5	G5	349	349	1	4	714	95	96	Ol 	52.3333333333
464	9	Do6	C6	371	371	1	8	357	95	96	ka	52.4444444444
465	9	Si5b5	B5b5	362	362	1	8	357	99	96	deh	52.5555555556
466	9	La5b5	A5b5	353	353	1	8	357	99	96		52.6666666667
467	9	Sol5	G5	349	349	1	8	357	99	96		52.7777777778
468	9	Fa5	F5	340	340	1	8	357	99	96		52.8888888889
469	9	Mi5b5	E5b5	331	331	1	8	357	95	96		53.0
470	10	Fa5	F5	340	340	1	8	357	99	96	kâr 	53.1111111111
471	8	La5b5	A5b5	353	353	0	0	0	99	64		53.1111111111
472	9	Sol5	G5	349	349	1	16	179	99	96		53.1666666667
473	9	Fa5	F5	340	340	1	16	179	95	96		53.2222222222
474	9	Fa5	F5	340	340	1	16	179	99	96	gü	53.2777777778
475	9	Mi5b5	E5b5	331	331	1	16	179	95	96		53.3333333333
476	9	Mi5b5	E5b5	331	331	1	16	179	95	96	ze	53.3888888889
477	9	Re5	D5	327	327	1	16	179	95	96		53.4444444444
478	9	Mi5b5	E5b5	331	331	5	8	1786	95	96	li 	54.0
479	9	Re5	D5	327	327	1	8	357	99	96	yâr 	54.1111111111
480	9	Mi5b5	E5b5	331	331	3	8	1071	99	96		54.4444444444
481	9	Mi5b5	E5b5	331	331	3	16	536	99	96		54.6111111111
482	9	Re5	D5	327	327	1	16	179	99	96		54.6666666667
483	9	Sol5	G5	349	349	1	16	179	99	96		54.7222222222
484	9	Fa5	F5	340	340	1	16	179	99	96		54.7777777778
485	9	Mi5b5	E5b5	331	331	1	16	179	99	96		54.8333333333
486	9	Re5	D5	327	327	1	16	179	99	96		54.8888888889
487	9	Do5	C5	318	318	1	8	357	95	96		55.0
488	9	Re5	D5	327	327	3	16	536	99	96	yâr 	55.1666666667
489	9	Do5	C5	318	318	1	16	179	95	96		55.2222222222
490	9	Fa5	F5	340	340	1	8	357	95	96	o	55.3333333333
491	9	Mi5b5	E5b5	331	331	1	16	179	99	96	la	55.3888888889
492	11	Re5	D5	327	327	1	16	179	95	96		55.4444444444
493	9	Re5	D5	327	327	1	4	714	99	96	rak 	55.6666666667
494	9	Mi5b2	E5b1	334	335	1	8	357	99	96		55.7777777778
495	9	Fa5	F5	340	340	1	8	357	99	96		55.8888888889
496	9	Sol5	G5	349	349	1	8	357	95	96		56.0
497	9	Fa5	F5	340	340	1	16	179	99	96	pey	56.0555555556
498	9	Mi5b5	E5b5	331	331	1	16	179	99	96		56.1111111111
499	9	Re5	D5	327	327	1	16	179	99	96		56.1666666667
500	9	Do5	C5	318	318	1	16	179	99	96		56.2222222222
501	9	Si4b5	B4b5	309	309	1	8	357	99	96		56.3333333333
502	9	Do5	C5	318	318	1	8	357	99	96		56.4444444444
503	9	Si4b5	B4b5	309	309	1	8	357	99	96		56.5555555556
504	9	La4b5	A4b5	300	300	1	8	357	99	96		56.6666666667
505	9	Sol4	G4	296	296	1	8	357	99	96		56.7777777778
506	9	La4b5	A4b5	300	300	1	8	357	99	96		56.8888888889
507	9	Do5	C5	318	318	1	8	357	95	96		57.0
508	9	Si4b5	B4b5	309	309	3	16	536	95	96		57.1666666667
509	9	La4b5	A4b5	300	300	1	16	179	95	96		57.2222222222
510	11	La4b5	A4b5	300	300	1	8	357	95	96	le	57.3333333333
511	9	La4b5	A4b5	300	300	1	16	179	99	96	ye	57.3888888889
512	11	Sol4	G4	296	296	1	16	179	95	96		57.4444444444
513	9	Sol4	G4	296	296	1	4	714	95	96	lim  	57.6666666667
514	9	Sol5	G5	349	349	1	16	179	95	96	SAZ	57.7222222222
515	9	La5b5	A5b5	353	353	1	16	179	95	96	.	57.7777777778
516	9	Sol5	G5	349	349	1	16	179	95	96	.	57.8333333333
517	9	Fa5	F5	340	340	1	16	179	95	96	.	57.8888888889
518	9	Mi5b2	E5b1	334	335	1	16	179	95	96	.	57.9444444444
519	9	Fa5	F5	340	340	1	16	179	95	96	.	58.0
520	9	Sol5	G5	349	349	1	8	357	95	96	.	58.1111111111
521	9	Sol5	G5	349	349	1	4	714	95	96	Ol 	58.3333333333
522	9	Do6	C6	371	371	1	8	357	95	96	ka	58.4444444444
523	9	Si5b5	B5b5	362	362	1	8	357	99	96	deh	58.5555555556
524	9	La5b5	A5b5	353	353	1	8	357	99	96		58.6666666667
525	9	Sol5	G5	349	349	1	8	357	99	96		58.7777777778
526	9	Fa5	F5	340	340	1	8	357	99	96		58.8888888889
527	9	Mi5b5	E5b5	331	331	1	8	357	95	96		59.0
528	10	Fa5	F5	340	340	1	8	357	99	96	kâr 	59.1111111111
529	8	La5b5	A5b5	353	353	0	0	0	99	64		59.1111111111
530	9	Sol5	G5	349	349	1	16	179	99	96		59.1666666667
531	9	Fa5	F5	340	340	1	16	179	95	96		59.2222222222
532	9	Fa5	F5	340	340	1	16	179	99	96	gü	59.2777777778
533	9	Mi5b5	E5b5	331	331	1	16	179	95	96		59.3333333333
534	9	Mi5b5	E5b5	331	331	1	16	179	95	96	ze	59.3888888889
535	9	Re5	D5	327	327	1	16	179	95	96		59.4444444444
536	9	Mi5b5	E5b5	331	331	5	8	1786	95	96	li 	60.0
537	9	Re5	D5	327	327	1	8	357	99	96	yâr 	60.1111111111
538	9	Mi5b5	E5b5	331	331	3	8	1071	99	96		60.4444444444
539	9	Mi5b5	E5b5	331	331	3	16	536	99	96		60.6111111111
540	9	Re5	D5	327	327	1	16	179	99	96		60.6666666667
541	9	Sol5	G5	349	349	1	16	179	99	96		60.7222222222
542	9	Fa5	F5	340	340	1	16	179	99	96		60.7777777778
543	9	Mi5b5	E5b5	331	331	1	16	179	99	96		60.8333333333
544	9	Re5	D5	327	327	1	16	179	99	96		60.8888888889
545	9	Do5	C5	318	318	1	8	357	95	96		61.0
546	9	Re5	D5	327	327	3	16	536	99	96	yâr 	61.1666666667
547	9	Do5	C5	318	318	1	16	179	95	96		61.2222222222
548	9	Fa5	F5	340	340	1	8	357	95	96	o	61.3333333333
549	9	Mi5b5	E5b5	331	331	1	16	179	99	96	la	61.3888888889
550	11	Re5	D5	327	327	1	16	179	95	96		61.4444444444
551	9	Re5	D5	327	327	1	4	714	99	96	rak 	61.6666666667
552	9	Mi5b2	E5b1	334	335	1	8	357	99	96		61.7777777778
553	9	Fa5	F5	340	340	1	8	357	99	96		61.8888888889
554	9	Sol5	G5	349	349	1	8	357	95	96		62.0
555	9	Fa5	F5	340	340	1	16	179	99	96	pey	62.0555555556
556	9	Mi5b5	E5b5	331	331	1	16	179	99	96		62.1111111111
557	9	Re5	D5	327	327	1	16	179	99	96		62.1666666667
558	9	Do5	C5	318	318	1	16	179	99	96		62.2222222222
559	9	Si4b5	B4b5	309	309	1	8	357	99	96		62.3333333333
560	9	Do5	C5	318	318	1	8	357	99	96		62.4444444444
561	9	Si4b5	B4b5	309	309	1	8	357	99	96		62.5555555556
562	9	La4b5	A4b5	300	300	1	8	357	99	96		62.6666666667
563	9	Sol4	G4	296	296	1	8	357	99	96		62.7777777778
564	9	La4b5	A4b5	300	300	1	8	357	99	96		62.8888888889
565	9	Do5	C5	318	318	1	8	357	95	96		63.0
566	9	Si4b5	B4b5	309	309	3	16	536	95	96		63.1666666667
567	9	La4b5	A4b5	300	300	1	16	179	95	96		63.2222222222
568	11	La4b5	A4b5	300	300	1	8	357	95	96	le	63.3333333333
569	9	La4b5	A4b5	300	300	1	16	179	99	96	ye	63.3888888889
570	11	Sol4	G4	296	296	1	16	179	95	96		63.4444444444
571	9	Sol4	G4	296	296	1	4	714	95	96	lim  	63.6666666667
