Sira	Kod	Nota53	NotaAE	Koma53	KomaAE	Pay	Payda	Ms	LNS	Bas	Soz1	Offset
1	51			0	0	10	8	0	28	0	Curcuna	0.0
2	9	Sol5	G5	349	349	3	8	1250	95	96	ARANAĞME	0.3
3	9	La5b5	A5b5	353	353	1	16	208	95	96	.	0.35
4	9	Sol5	G5	349	349	1	16	208	95	96	.	0.4
5	9	Fa5	F5	340	340	1	8	417	95	96	.	0.5
6	9	Mi5b2	E5b1	334	335	1	8	417	95	96	.	0.6
7	9	Fa5	F5	340	340	1	8	417	95	96	.	0.7
8	9	Sol5	G5	349	349	1	4	833	95	96	.	0.9
9	9	Es	Es	-1	-1	1	8	417	101	0	.	1.0
10	9	Fa5	F5	340	340	1	8	417	95	96	.	1.1
11	9	Mi5b5	E5b5	331	331	1	8	417	95	96	.	1.2
12	9	Re5	D5	327	327	1	8	417	95	96	.	1.3
13	9	Do5	C5	318	318	1	8	417	95	96	.	1.4
14	9	Re5	D5	327	327	1	8	417	95	96	.	1.5
15	9	Si4b5	B4b5	309	309	1	8	417	95	96	.	1.6
16	9	Do5	C5	318	318	1	16	208	95	96	.	1.65
17	9	La4b5	A4b5	300	300	1	16	208	95	96	.	1.7
18	9	Sol4	G4	296	296	1	4	833	95	96	.	1.9
19	9	Es	Es	-1	-1	1	8	417	100	0		2.0
20	9	Sol5	G5	349	349	3	8	1250	95	96	ARANAĞME	2.3
21	9	La5b5	A5b5	353	353	1	16	208	95	96	.	2.35
22	9	Sol5	G5	349	349	1	16	208	95	96	.	2.4
23	9	Fa5	F5	340	340	1	8	417	95	96	.	2.5
24	9	Mi5b2	E5b1	334	335	1	8	417	95	96	.	2.6
25	9	Fa5	F5	340	340	1	8	417	95	96	.	2.7
26	9	Sol5	G5	349	349	1	4	833	95	96	.	2.9
27	9	Es	Es	-1	-1	1	8	417	101	0	.	3.0
28	9	Fa5	F5	340	340	1	8	417	95	96	.	3.1
29	9	Mi5b5	E5b5	331	331	1	8	417	95	96	.	3.2
30	9	Re5	D5	327	327	1	8	417	95	96	.	3.3
31	9	Do5	C5	318	318	1	8	417	95	96	.	3.4
32	9	Re5	D5	327	327	1	8	417	95	96	.	3.5
33	9	Si4b5	B4b5	309	309	1	8	417	95	96	.	3.6
34	9	Do5	C5	318	318	1	16	208	95	96	.	3.65
35	9	La4b5	A4b5	300	300	1	16	208	95	96	.	3.7
36	9	Sol4	G4	296	296	1	4	833	95	96	.	3.9
37	9	Es	Es	-1	-1	1	8	417	100	0		4.0
38	9	Sol5	G5	349	349	3	8	1250	95	96	Ey 	4.3
39	9	La5b5	A5b5	353	353	1	16	208	99	96	be	4.35
40	9	Sol5	G5	349	349	1	16	208	99	96		4.4
41	9	Fa5	F5	340	340	1	8	417	95	96		4.5
42	9	Mi5b2	E5b1	334	335	1	8	417	99	96	nim 	4.6
43	9	Fa5	F5	340	340	1	8	417	95	96		4.7
44	9	Sol5	G5	349	349	1	4	833	95	96	bah	4.9
45	9	Es	Es	-1	-1	1	8	417	100	0		5.0
46	9	La5	A5	358	358	1	4	833	95	96	ti	5.2
47	9	Fa5	F5	340	340	1	8	417	99	96	yâ	5.3
48	9	Mi5b2	E5b1	334	335	1	8	417	99	96		5.4
49	9	Re5	D5	327	327	1	8	417	95	96		5.5
50	9	Re5	D5	327	327	1	4	833	95	96	rım 	5.7
51	9	Es	Es	-1	-1	1	4	833	100	0		5.9
52	9	Es	Es	-1	-1	1	8	417	100	0		6.0
53	9	Si5b5	B5b5	362	362	3	8	1250	95	96	gön	6.3
54	9	Si5b5	B5b5	362	362	1	8	417	99	96	lüm	6.4
55	9	La5	A5	358	358	1	8	417	95	96		6.5
56	9	La5b1	A5b1	357	357	1	8	417	99	96	de 	6.6
57	9	Sol5	G5	349	349	1	8	417	95	96		6.7
58	9	Si5b1	B5b1	366	366	1	8	417	99	96	tah	6.8
59	9	Do6	C6	371	371	1	8	417	99	96		6.9
60	9	Re6	D6	380	380	1	8	417	95	96		7.0
61	9	Do6	C6	371	371	1	8	417	99	96	tı 	7.1
62	9	Si5b1	B5b1	366	366	1	8	417	99	96		7.2
63	9	La5b4	A5b4	354	354	1	8	417	95	96		7.3
64	9	La5b4	A5b4	354	354	1	8	417	99	96	yâ	7.4
65	9	Sol5	G5	349	349	1	8	417	95	96		7.5
66	9	Sol5	G5	349	349	1	4	833	95	96	rim  	7.7
67	9	Es	Es	-1	-1	1	4	833	100	0		7.9
68	9	Es	Es	-1	-1	1	8	417	100	0		8.0
69	9	Sol5	G5	349	349	3	8	1250	95	96	Ey 	8.3
70	9	La5b5	A5b5	353	353	1	16	208	99	96	be	8.35
71	9	Sol5	G5	349	349	1	16	208	99	96		8.4
72	9	Fa5	F5	340	340	1	8	417	95	96		8.5
73	9	Mi5b2	E5b1	334	335	1	8	417	99	96	nim 	8.6
74	9	Fa5	F5	340	340	1	8	417	95	96		8.7
75	9	Sol5	G5	349	349	1	4	833	95	96	bah	8.9
76	9	Es	Es	-1	-1	1	8	417	100	0		9.0
77	9	La5	A5	358	358	1	4	833	95	96	ti	9.2
78	9	Fa5	F5	340	340	1	8	417	99	96	yâ	9.3
79	9	Mi5b2	E5b1	334	335	1	8	417	99	96		9.4
80	9	Re5	D5	327	327	1	8	417	95	96		9.5
81	9	Re5	D5	327	327	1	4	833	95	96	rım 	9.7
82	9	Es	Es	-1	-1	1	4	833	100	0		9.9
83	9	Es	Es	-1	-1	1	8	417	100	0		10.0
84	9	Si5b5	B5b5	362	362	3	8	1250	95	96	gön	10.3
85	9	Si5b5	B5b5	362	362	1	8	417	99	96	lüm	10.4
86	9	La5	A5	358	358	1	8	417	95	96		10.5
87	9	La5b1	A5b1	357	357	1	8	417	99	96	de 	10.6
88	9	Sol5	G5	349	349	1	8	417	95	96		10.7
89	9	Si5b1	B5b1	366	366	1	8	417	99	96	tah	10.8
90	9	Do6	C6	371	371	1	8	417	99	96		10.9
91	9	Re6	D6	380	380	1	8	417	95	96		11.0
92	9	Do6	C6	371	371	1	8	417	99	96	tı 	11.1
93	9	Si5b1	B5b1	366	366	1	8	417	99	96		11.2
94	9	La5b4	A5b4	354	354	1	8	417	95	96		11.3
95	9	La5b4	A5b4	354	354	1	8	417	99	96	yâ	11.4
96	9	Sol5	G5	349	349	1	8	417	95	96		11.5
97	9	Sol5	G5	349	349	1	4	833	95	96	rim  	11.7
98	9	Es	Es	-1	-1	1	4	833	100	0		11.9
99	9	Es	Es	-1	-1	1	8	417	100	0		12.0
100	9	Do5	C5	318	318	3	8	1250	95	96	Yü	12.3
101	9	Sol5	G5	349	349	3	16	625	99	96	zün	12.45
102	9	Mi5b5	E5b5	331	331	1	16	208	95	96		12.5
103	9	Re5	D5	327	327	1	8	417	99	96	de 	12.6
104	9	Mi5b5	E5b5	331	331	1	8	417	95	96		12.7
105	9	Sol5	G5	349	349	1	8	417	99	96	göz 	12.8
106	9	Fa5	F5	340	340	1	4	833	67	96		13.0
107	9	Mi5b5	E5b5	331	331	3	16	625	99	96	i	13.15
108	9	Re5	D5	327	327	1	16	208	99	96		13.2
109	9	Do5	C5	318	318	1	8	417	95	96		13.3
110	9	Si4b5	B4b5	309	309	1	8	417	99	96	zi 	13.4
111	9	Re5	D5	327	327	1	8	417	95	96		13.5
112	9	Do5	C5	318	318	1	8	417	99	96	var 	13.6
113	9	Re5	D5	327	327	1	8	417	99	96		13.7
114	9	Si4b5	B4b5	309	309	1	8	417	99	96		13.8
115	9	La4b5	A4b5	300	300	1	8	417	99	96		13.9
116	9	Sol4	G4	296	296	1	8	417	95	96		14.0
117	9	Re5	D5	327	327	3	8	1250	95	96	sa	14.3
118	9	Mi5b5	E5b5	331	331	1	16	208	99	96	na 	14.35
119	9	Re5	D5	327	327	1	16	208	99	96		14.4
120	9	Do5	C5	318	318	1	8	417	95	96		14.5
121	9	Si4b5	B4b5	309	309	1	8	417	99	96	kim 	14.6
122	9	La4b5	A4b5	300	300	1	8	417	95	96		14.7
123	9	Sol4	G4	296	296	1	8	417	99	96	bak	14.8
124	9	La4b5	A4b5	300	300	1	8	417	99	96		14.9
125	9	Si4b5	B4b5	309	309	1	8	417	95	96		15.0
126	9	Mi5b5	E5b5	331	331	1	8	417	99	96	tı 	15.1
127	9	Re5	D5	327	327	1	8	417	99	96		15.2
128	9	Do5	C5	318	318	1	8	417	95	96		15.3
129	9	Si4b5	B4b5	309	309	1	8	417	99	96	yâ	15.4
130	9	La4b5	A4b5	300	300	1	8	417	95	96		15.5
131	9	Sol4	G4	296	296	1	4	833	95	96	rim  	15.7
132	9	Sol5	G5	349	349	1	4	833	95	96	SAZ	15.9
133	9	Es	Es	-1	-1	1	8	417	100	0		16.0
134	9	Do5	C5	318	318	3	8	1250	95	96	Yü	16.3
135	9	Sol5	G5	349	349	3	16	625	99	96	zün	16.45
136	9	Mi5b5	E5b5	331	331	1	16	208	95	96		16.5
137	9	Re5	D5	327	327	1	8	417	99	96	de 	16.6
138	9	Mi5b5	E5b5	331	331	1	8	417	95	96		16.7
139	9	Sol5	G5	349	349	1	8	417	99	96	göz 	16.8
140	9	Fa5	F5	340	340	1	4	833	67	96		17.0
141	9	Mi5b5	E5b5	331	331	3	16	625	99	96	i	17.15
142	9	Re5	D5	327	327	1	16	208	99	96		17.2
143	9	Do5	C5	318	318	1	8	417	95	96		17.3
144	9	Si4b5	B4b5	309	309	1	8	417	99	96	zi 	17.4
145	9	Re5	D5	327	327	1	8	417	95	96		17.5
146	9	Do5	C5	318	318	1	8	417	99	96	var 	17.6
147	9	Re5	D5	327	327	1	8	417	99	96		17.7
148	9	Si4b5	B4b5	309	309	1	8	417	99	96		17.8
149	9	La4b5	A4b5	300	300	1	8	417	99	96		17.9
150	9	Sol4	G4	296	296	1	8	417	95	96		18.0
151	9	Re5	D5	327	327	3	8	1250	95	96	sa	18.3
152	9	Mi5b5	E5b5	331	331	1	16	208	99	96	na 	18.35
153	9	Re5	D5	327	327	1	16	208	99	96		18.4
154	9	Do5	C5	318	318	1	8	417	95	96		18.5
155	9	Si4b5	B4b5	309	309	1	8	417	99	96	kim 	18.6
156	9	La4b5	A4b5	300	300	1	8	417	95	96		18.7
157	9	Sol4	G4	296	296	1	8	417	99	96	bak	18.8
158	9	La4b5	A4b5	300	300	1	8	417	99	96		18.9
159	9	Si4b5	B4b5	309	309	1	8	417	95	96		19.0
160	9	Mi5b5	E5b5	331	331	1	8	417	99	96	tı 	19.1
161	9	Re5	D5	327	327	1	8	417	99	96		19.2
162	9	Do5	C5	318	318	1	8	417	95	96		19.3
163	9	Si4b5	B4b5	309	309	1	8	417	99	96	yâ	19.4
164	9	La4b5	A4b5	300	300	1	8	417	95	96		19.5
165	9	Sol4	G4	296	296	1	4	833	95	96	rim  	19.7
166	9	Si5b5	B5b5	362	362	3	8	1250	95	96	SAZ	20.0
167	9	Si5b5	B5b5	362	362	3	8	1250	95	96	Kal	20.3
168	9	Si5b5	B5b5	362	362	1	8	417	99	96	bin	20.4
169	9	La5	A5	358	358	1	8	417	95	96		20.5
170	9	Si5b5	B5b5	362	362	1	16	208	99	96	de 	20.55
171	9	La5	A5	358	358	1	16	208	99	96		20.6
172	9	Si5b5	B5b5	362	362	1	16	208	99	96		20.65
173	9	Do6	C6	371	371	1	16	208	95	96		20.7
174	9	Re6	D6	380	380	3	8	1250	95	96	aşk 	21.0
175	9	Do6	C6	371	371	1	8	417	99	96	i	21.1
176	9	Si5b5	B5b5	362	362	1	8	417	99	96		21.2
177	9	La5b1	A5b1	357	357	1	8	417	95	96		21.3
178	9	Sol5	G5	349	349	1	8	417	99	96	zi 	21.4
179	9	Si5b5	B5b5	362	362	1	8	417	95	96		21.5
180	9	La5b1	A5b1	357	357	1	8	417	99	96	var 	21.6
181	9	Sol5	G5	349	349	1	8	417	99	96		21.7
182	9	Fa5	F5	340	340	3	16	625	99	96		21.85
183	9	Mi5b1	E5b1	335	335	1	16	208	99	96		21.9
184	9	Re5	D5	327	327	1	8	417	95	96		22.0
185	9	Mi5b1	E5b1	335	335	1	8	417	99	96	se	22.1
186	9	Fa5	F5	340	340	1	8	417	99	96		22.2
187	9	Sol5	G5	349	349	1	8	417	95	96		22.3
188	9	Do6	C6	371	371	1	8	417	99	96	ni 	22.4
189	9	Si5b1	B5b1	366	366	1	8	417	95	96		22.5
190	9	La5b4	A5b4	354	354	1	8	417	99	96	kim 	22.6
191	9	Sol5	G5	349	349	1	8	417	95	96		22.7
192	9	Fa5	F5	340	340	1	8	417	99	96	yak	22.8
193	9	Mi5b1	E5b1	335	335	1	8	417	99	96		22.9
194	9	Fa5	F5	340	340	1	8	417	95	96		23.0
195	9	Sol5	G5	349	349	1	8	417	99	96	tı 	23.1
196	9	La5	A5	358	358	1	8	417	99	96		23.2
197	9	Fa5	F5	340	340	1	8	417	95	96		23.3
198	9	Mi5b1	E5b1	335	335	1	8	417	99	96	yâ	23.4
199	9	Re5	D5	327	327	1	8	417	95	96		23.5
200	9	Re5	D5	327	327	1	4	833	95	96	rim  	23.7
201	9	Si5b5	B5b5	362	362	3	8	1250	95	96	SAZ	24.0
202	9	Si5b5	B5b5	362	362	3	8	1250	95	96	Kal	24.3
203	9	Si5b5	B5b5	362	362	1	8	417	99	96	bin	24.4
204	9	La5	A5	358	358	1	8	417	95	96		24.5
205	9	Si5b5	B5b5	362	362	1	16	208	99	96	de 	24.55
206	9	La5	A5	358	358	1	16	208	99	96		24.6
207	9	Si5b5	B5b5	362	362	1	16	208	99	96		24.65
208	9	Do6	C6	371	371	1	16	208	95	96		24.7
209	9	Re6	D6	380	380	3	8	1250	95	96	aşk 	25.0
210	9	Do6	C6	371	371	1	8	417	99	96	i	25.1
211	9	Si5b5	B5b5	362	362	1	8	417	99	96		25.2
212	9	La5b1	A5b1	357	357	1	8	417	95	96		25.3
213	9	Sol5	G5	349	349	1	8	417	99	96	zi 	25.4
214	9	Si5b5	B5b5	362	362	1	8	417	95	96		25.5
215	9	La5b1	A5b1	357	357	1	8	417	99	96	var 	25.6
216	9	Sol5	G5	349	349	1	8	417	99	96		25.7
217	9	Fa5	F5	340	340	3	16	625	99	96		25.85
218	9	Mi5b1	E5b1	335	335	1	16	208	99	96		25.9
219	9	Re5	D5	327	327	1	8	417	95	96		26.0
220	9	Mi5b1	E5b1	335	335	1	8	417	99	96	se	26.1
221	9	Fa5	F5	340	340	1	8	417	99	96		26.2
222	9	Sol5	G5	349	349	1	8	417	95	96		26.3
223	9	Do6	C6	371	371	1	8	417	99	96	ni 	26.4
224	9	Si5b1	B5b1	366	366	1	8	417	95	96		26.5
225	9	La5b4	A5b4	354	354	1	8	417	99	96	kim 	26.6
226	9	Sol5	G5	349	349	1	8	417	95	96		26.7
227	9	Fa5	F5	340	340	1	8	417	99	96	yak	26.8
228	9	Mi5b1	E5b1	335	335	1	8	417	99	96		26.9
229	9	Fa5	F5	340	340	1	8	417	95	96		27.0
230	9	Sol5	G5	349	349	1	8	417	99	96	tı 	27.1
231	9	La5	A5	358	358	1	8	417	99	96		27.2
232	9	Fa5	F5	340	340	1	8	417	95	96		27.3
233	9	Mi5b1	E5b1	335	335	1	8	417	99	96	yâ	27.4
234	9	Re5	D5	327	327	1	8	417	95	96		27.5
235	9	Re5	D5	327	327	1	4	833	95	96	rim  	27.7
236	9	Do5	C5	318	318	1	16	208	95	96	SAZ	27.75
237	9	Re5	D5	327	327	1	16	208	95	96	.	27.8
238	9	Mi5b1	E5b1	335	335	1	16	208	95	96	.	27.85
239	9	Fa5	F5	340	340	1	16	208	95	96	.	27.9
240	9	Sol5	G5	349	349	1	8	417	95	96	.	28.0
241	9	Do5	C5	318	318	3	8	1250	95	96	Yü	28.3
242	9	Sol5	G5	349	349	3	16	625	99	96	zün	28.45
243	9	Mi5b5	E5b5	331	331	1	16	208	95	96		28.5
244	9	Re5	D5	327	327	1	8	417	99	96	de 	28.6
245	9	Mi5b5	E5b5	331	331	1	8	417	95	96		28.7
246	9	Sol5	G5	349	349	1	8	417	99	96	göz 	28.8
247	9	Fa5	F5	340	340	1	4	833	67	96		29.0
248	9	Mi5b5	E5b5	331	331	3	16	625	99	96	i	29.15
249	9	Re5	D5	327	327	1	16	208	99	96		29.2
250	9	Do5	C5	318	318	1	8	417	95	96		29.3
251	9	Si4b5	B4b5	309	309	1	8	417	99	96	zi 	29.4
252	9	Re5	D5	327	327	1	8	417	95	96		29.5
253	9	Do5	C5	318	318	1	8	417	99	96	var 	29.6
254	9	Re5	D5	327	327	1	8	417	99	96		29.7
255	9	Si4b5	B4b5	309	309	1	8	417	99	96		29.8
256	9	La4b5	A4b5	300	300	1	8	417	99	96		29.9
257	9	Sol4	G4	296	296	1	8	417	95	96		30.0
258	9	Re5	D5	327	327	3	8	1250	95	96	sa	30.3
259	9	Mi5b5	E5b5	331	331	1	16	208	99	96	na 	30.35
260	9	Re5	D5	327	327	1	16	208	99	96		30.4
261	9	Do5	C5	318	318	1	8	417	95	96		30.5
262	9	Si4b5	B4b5	309	309	1	8	417	99	96	kim 	30.6
263	9	La4b5	A4b5	300	300	1	8	417	95	96		30.7
264	9	Sol4	G4	296	296	1	8	417	99	96	bak	30.8
265	9	La4b5	A4b5	300	300	1	8	417	99	96		30.9
266	9	Si4b5	B4b5	309	309	1	8	417	95	96		31.0
267	9	Mi5b5	E5b5	331	331	1	8	417	99	96	tı 	31.1
268	9	Re5	D5	327	327	1	8	417	99	96		31.2
269	9	Do5	C5	318	318	1	8	417	95	96		31.3
270	9	Si4b5	B4b5	309	309	1	8	417	99	96	yâ	31.4
271	9	La4b5	A4b5	300	300	1	8	417	95	96		31.5
272	9	Sol4	G4	296	296	1	4	833	95	96	rim  	31.7
273	9	Sol5	G5	349	349	1	4	833	95	96	SAZ	31.9
274	9	Es	Es	-1	-1	1	8	417	100	0		32.0
275	9	Do5	C5	318	318	3	8	1250	95	96	Yü	32.3
276	9	Sol5	G5	349	349	3	16	625	99	96	zün	32.45
277	9	Mi5b5	E5b5	331	331	1	16	208	95	96		32.5
278	9	Re5	D5	327	327	1	8	417	99	96	de 	32.6
279	9	Mi5b5	E5b5	331	331	1	8	417	95	96		32.7
280	9	Sol5	G5	349	349	1	8	417	99	96	göz 	32.8
281	9	Fa5	F5	340	340	1	4	833	67	96		33.0
282	9	Mi5b5	E5b5	331	331	3	16	625	99	96	i	33.15
283	9	Re5	D5	327	327	1	16	208	99	96		33.2
284	9	Do5	C5	318	318	1	8	417	95	96		33.3
285	9	Si4b5	B4b5	309	309	1	8	417	99	96	zi 	33.4
286	9	Re5	D5	327	327	1	8	417	95	96		33.5
287	9	Do5	C5	318	318	1	8	417	99	96	var 	33.6
288	9	Re5	D5	327	327	1	8	417	99	96		33.7
289	9	Si4b5	B4b5	309	309	1	8	417	99	96		33.8
290	9	La4b5	A4b5	300	300	1	8	417	99	96		33.9
291	9	Sol4	G4	296	296	1	8	417	95	96		34.0
292	9	Re5	D5	327	327	3	8	1250	95	96	sa	34.3
293	9	Mi5b5	E5b5	331	331	1	16	208	99	96	na 	34.35
294	9	Re5	D5	327	327	1	16	208	99	96		34.4
295	9	Do5	C5	318	318	1	8	417	95	96		34.5
296	9	Si4b5	B4b5	309	309	1	8	417	99	96	kim 	34.6
297	9	La4b5	A4b5	300	300	1	8	417	95	96		34.7
298	9	Sol4	G4	296	296	1	8	417	99	96	bak	34.8
299	9	La4b5	A4b5	300	300	1	8	417	99	96		34.9
300	9	Si4b5	B4b5	309	309	1	8	417	95	96		35.0
301	9	Mi5b5	E5b5	331	331	1	8	417	99	96	tı 	35.1
302	9	Re5	D5	327	327	1	8	417	99	96		35.2
303	9	Do5	C5	318	318	1	8	417	95	96		35.3
304	9	Si4b5	B4b5	309	309	1	8	417	99	96	yâ	35.4
305	9	La4b5	A4b5	300	300	1	8	417	95	96		35.5
306	9	Sol4	G4	296	296	1	4	833	95	96	rim  	35.7
