Sira	Kod	Nota53	NotaAE	Koma53	KomaAE	Pay	Payda	Ms	LNS	Bas	Soz1	Offset
1	51			0	0	6	4	0	11	0	Senginsemâî	0.0
2	9	Re5	D5	327	327	1	8	455	95	96	ARANAĞME	0.0833333333333
3	9	Mi5	E5	336	336	1	16	227	95	96	.	0.125
4	9	Fa5#5	F5#5	345	345	1	16	227	95	96	.	0.166666666667
5	9	Sol5	G5	349	349	1	16	227	95	96	.	0.208333333333
6	9	Sol5	G5	349	349	1	32	114	95	96	.	0.229166666667
7	9	Fa5#5	F5#5	345	345	1	32	114	95	96	.	0.25
8	9	Sol5	G5	349	349	1	16	227	95	96	.	0.291666666667
9	9	Mi5	E5	336	336	1	16	227	95	96	.	0.333333333333
10	9	Re5	D5	327	327	1	16	227	95	96	.	0.375
11	9	Si4	B4	314	314	1	16	227	95	96	.	0.416666666667
12	9	Do5	C5	318	318	1	16	227	95	96	.	0.458333333333
13	9	Mi5	E5	336	336	1	16	227	95	96	.	0.5
14	9	Re5	D5	327	327	1	16	227	95	96	.	0.541666666667
15	9	Si4	B4	314	314	1	16	227	95	96	.	0.583333333333
16	9	Do5	C5	318	318	1	16	227	95	96	.	0.625
17	9	La4	A4	305	305	1	16	227	95	96	.	0.666666666667
18	9	Sol4	G4	296	296	3	8	1364	95	96	.	0.916666666667
19	9	Es	Es	-1	-1	1	8	455	100	0	.	1.0
20	9	Re5	D5	327	327	1	8	455	95	96	.	1.08333333333
21	9	Mi5	E5	336	336	1	16	227	95	96	.	1.125
22	9	Fa5#5	F5#5	345	345	1	16	227	95	96	.	1.16666666667
23	9	Sol5	G5	349	349	1	16	227	95	96	.	1.20833333333
24	9	Sol5	G5	349	349	1	32	114	95	96	.	1.22916666667
25	9	Fa5#5	F5#5	345	345	1	32	114	95	96	.	1.25
26	9	Sol5	G5	349	349	1	16	227	95	96	.	1.29166666667
27	9	Mi5	E5	336	336	1	16	227	95	96	.	1.33333333333
28	9	Re5	D5	327	327	1	16	227	95	96	.	1.375
29	9	Si4	B4	314	314	1	16	227	95	96	.	1.41666666667
30	9	La4	A4	305	305	1	16	227	95	96	.	1.45833333333
31	9	Fa4#5	F4#5	292	292	1	16	227	95	96	.	1.5
32	9	Sol4	G4	296	296	1	16	227	95	96	.	1.54166666667
33	9	Si4	B4	314	314	1	16	227	95	96	.	1.58333333333
34	9	Re5	D5	327	327	1	16	227	95	96	.	1.625
35	9	Sol5	G5	349	349	1	16	227	95	96	.	1.66666666667
36	9	Si5	B5	367	367	3	8	1364	95	96	.	1.91666666667
37	9	Es	Es	-1	-1	1	8	455	100	0	.	2.0
38	9	La5	A5	358	358	3	16	682	95	96	.	2.125
39	9	Si5	B5	367	367	1	16	227	95	96	.	2.16666666667
40	9	Do6	C6	371	371	3	16	682	95	96	.	2.29166666667
41	9	Si5	B5	367	367	1	16	227	95	96	.	2.33333333333
42	9	La5	A5	358	358	3	16	682	95	96	.	2.45833333333
43	9	Sol5	G5	349	349	1	16	227	95	96	.	2.5
44	9	Fa5#5	F5#5	345	345	1	8	455	95	96	.	2.58333333333
45	9	Sol5	G5	349	349	1	24	152	95	96	.	2.61111111111
46	9	Fa5#5	F5#5	345	345	1	24	152	95	96	.	2.63888888889
47	9	Sol5	G5	349	349	1	24	152	95	66	.	2.66666666667
48	9	Mi5	E5	336	336	3	8	1364	95	114	.	2.91666666667
49	9	Re5	D5	327	327	1	8	455	95	66	.	3.0
50	9	Sol5	G5	349	349	3	8	1364	95	114	.	3.25
51	9	Mi5	E5	336	336	1	8	455	95	96	.	3.33333333333
52	9	Re5	D5	327	327	1	24	152	95	96	.	3.36111111111
53	9	Mi5	E5	336	336	1	24	152	95	96	.	3.38888888889
54	9	Re5	D5	327	327	1	24	152	95	96	.	3.41666666667
55	9	Do5	C5	318	318	1	24	152	95	96	.	3.44444444444
56	9	Re5	D5	327	327	1	24	152	95	96	.	3.47222222222
57	9	Do5	C5	318	318	1	24	152	95	96	.	3.5
58	9	Si4	B4	314	314	1	24	152	95	96	.	3.52777777778
59	9	Do5	C5	318	318	1	24	152	95	96	.	3.55555555556
60	9	Si4	B4	314	314	1	24	152	95	96	.	3.58333333333
61	9	La4	A4	305	305	1	24	152	95	96	.	3.61111111111
62	9	Si4	B4	314	314	1	24	152	95	96	.	3.63888888889
63	9	La4	A4	305	305	1	24	152	95	96	.	3.66666666667
64	9	Sol4	G4	296	296	3	8	1364	95	96	.	3.91666666667
65	9	Es	Es	-1	-1	1	8	455	100	0		4.0
66	9	Re5	D5	327	327	1	8	455	95	96	ARANAĞME	4.08333333333
67	9	Mi5	E5	336	336	1	16	227	95	96	.	4.125
68	9	Fa5#5	F5#5	345	345	1	16	227	95	96	.	4.16666666667
69	9	Sol5	G5	349	349	1	16	227	95	96	.	4.20833333333
70	9	Sol5	G5	349	349	1	32	114	95	96	.	4.22916666667
71	9	Fa5#5	F5#5	345	345	1	32	114	95	96	.	4.25
72	9	Sol5	G5	349	349	1	16	227	95	96	.	4.29166666667
73	9	Mi5	E5	336	336	1	16	227	95	96	.	4.33333333333
74	9	Re5	D5	327	327	1	16	227	95	96	.	4.375
75	9	Si4	B4	314	314	1	16	227	95	96	.	4.41666666667
76	9	Do5	C5	318	318	1	16	227	95	96	.	4.45833333333
77	9	Mi5	E5	336	336	1	16	227	95	96	.	4.5
78	9	Re5	D5	327	327	1	16	227	95	96	.	4.54166666667
79	9	Si4	B4	314	314	1	16	227	95	96	.	4.58333333333
80	9	Do5	C5	318	318	1	16	227	95	96	.	4.625
81	9	La4	A4	305	305	1	16	227	95	96	.	4.66666666667
82	9	Sol4	G4	296	296	3	8	1364	95	96	.	4.91666666667
83	9	Es	Es	-1	-1	1	8	455	100	0	.	5.0
84	9	Re5	D5	327	327	1	8	455	95	96	.	5.08333333333
85	9	Mi5	E5	336	336	1	16	227	95	96	.	5.125
86	9	Fa5#5	F5#5	345	345	1	16	227	95	96	.	5.16666666667
87	9	Sol5	G5	349	349	1	16	227	95	96	.	5.20833333333
88	9	Sol5	G5	349	349	1	32	114	95	96	.	5.22916666667
89	9	Fa5#5	F5#5	345	345	1	32	114	95	96	.	5.25
90	9	Sol5	G5	349	349	1	16	227	95	96	.	5.29166666667
91	9	Mi5	E5	336	336	1	16	227	95	96	.	5.33333333333
92	9	Re5	D5	327	327	1	16	227	95	96	.	5.375
93	9	Si4	B4	314	314	1	16	227	95	96	.	5.41666666667
94	9	La4	A4	305	305	1	16	227	95	96	.	5.45833333333
95	9	Fa4#5	F4#5	292	292	1	16	227	95	96	.	5.5
96	9	Sol4	G4	296	296	1	16	227	95	96	.	5.54166666667
97	9	Si4	B4	314	314	1	16	227	95	96	.	5.58333333333
98	9	Re5	D5	327	327	1	16	227	95	96	.	5.625
99	9	Sol5	G5	349	349	1	16	227	95	96	.	5.66666666667
100	9	Si5	B5	367	367	3	8	1364	95	96	.	5.91666666667
101	9	Es	Es	-1	-1	1	8	455	100	0	.	6.0
102	9	La5	A5	358	358	3	16	682	95	96	.	6.125
103	9	Si5	B5	367	367	1	16	227	95	96	.	6.16666666667
104	9	Do6	C6	371	371	3	16	682	95	96	.	6.29166666667
105	9	Si5	B5	367	367	1	16	227	95	96	.	6.33333333333
106	9	La5	A5	358	358	3	16	682	95	96	.	6.45833333333
107	9	Sol5	G5	349	349	1	16	227	95	96	.	6.5
108	9	Fa5#5	F5#5	345	345	1	8	455	95	96	.	6.58333333333
109	9	Sol5	G5	349	349	1	24	152	95	96	.	6.61111111111
110	9	Fa5#5	F5#5	345	345	1	24	152	95	96	.	6.63888888889
111	9	Sol5	G5	349	349	1	24	152	95	66	.	6.66666666667
112	9	Mi5	E5	336	336	3	8	1364	95	114	.	6.91666666667
113	9	Re5	D5	327	327	1	8	455	95	66	.	7.0
114	9	Sol5	G5	349	349	3	8	1364	95	114	.	7.25
115	9	Mi5	E5	336	336	1	8	455	95	96	.	7.33333333333
116	9	Re5	D5	327	327	1	24	152	95	96	.	7.36111111111
117	9	Mi5	E5	336	336	1	24	152	95	96	.	7.38888888889
118	9	Re5	D5	327	327	1	24	152	95	96	.	7.41666666667
119	9	Do5	C5	318	318	1	24	152	95	96	.	7.44444444444
120	9	Re5	D5	327	327	1	24	152	95	96	.	7.47222222222
121	9	Do5	C5	318	318	1	24	152	95	96	.	7.5
122	9	Si4	B4	314	314	1	24	152	95	96	.	7.52777777778
123	9	Do5	C5	318	318	1	24	152	95	96	.	7.55555555556
124	9	Si4	B4	314	314	1	24	152	95	96	.	7.58333333333
125	9	La4	A4	305	305	1	24	152	95	96	.	7.61111111111
126	9	Si4	B4	314	314	1	24	152	95	96	.	7.63888888889
127	9	La4	A4	305	305	1	24	152	95	96	.	7.66666666667
128	9	Sol4	G4	296	296	3	8	1364	95	66	.	7.91666666667
129	9	Es	Es	-1	-1	1	8	455	100	68		8.0
130	9	Sol5	G5	349	349	1	8	455	99	69	Hâ	8.08333333333
131	9	Fa5#5	F5#5	345	345	1	16	227	99	70		8.125
132	9	Mi5	E5	336	336	1	16	227	95	72		8.16666666667
133	9	Re5	D5	327	327	1	8	455	99	74	lâ 	8.25
134	9	Mi5	E5	336	336	1	16	227	99	75		8.29166666667
135	9	Fa5#5	F5#5	345	345	1	16	227	95	76		8.33333333333
136	9	Sol5	G5	349	349	1	8	455	99	78	ka	8.41666666667
137	9	La5	A5	358	358	1	8	455	95	96		8.5
138	9	Si5	B5	367	367	1	24	152	99	96	na	8.52777777778
139	9	La5	A5	358	358	1	24	152	99	96		8.55555555556
140	9	Si5	B5	367	367	1	24	152	99	96		8.58333333333
141	9	Do6	C6	371	371	1	24	152	99	96		8.61111111111
142	9	Si5	B5	367	367	1	24	152	99	96		8.63888888889
143	9	La5	A5	358	358	1	24	152	95	96		8.66666666667
144	9	Sol5	G5	349	349	3	8	1364	95	96	yan 	8.91666666667
145	9	Es	Es	-1	-1	1	8	455	100	0		9.0
146	9	Sol5	G5	349	349	1	16	227	99	96	kal	9.04166666667
147	8	Si5	B5	367	367	0	0	0	99	96		9.04166666667
148	9	La5	A5	358	358	1	32	114	99	96		9.0625
149	9	Sol5	G5	349	349	1	32	114	99	96		9.08333333333
150	9	Fa5	F5	340	340	1	32	114	99	96		9.10416666667
151	9	Mi5	E5	336	336	1	32	114	99	96		9.125
152	9	Re5	D5	327	327	1	16	227	95	96		9.16666666667
153	9	Do5	C5	318	318	1	16	227	99	96	bi	9.20833333333
154	9	Si4	B4	314	314	1	32	114	99	96		9.22916666667
155	9	La4	A4	305	305	1	32	114	99	96		9.25
156	9	Si4	B4	314	314	1	16	227	99	96		9.29166666667
157	9	Do5	C5	318	318	1	16	227	95	96		9.33333333333
158	9	Re5	D5	327	327	1	16	227	99	96	mi 	9.375
159	9	Mi5	E5	336	336	1	16	227	99	96		9.41666666667
160	9	Fa5	F5	340	340	1	16	227	99	96		9.45833333333
161	9	Mi5	E5	336	336	1	16	227	99	96		9.5
162	9	Re5	D5	327	327	1	16	227	99	96		9.54166666667
163	9	Do5	C5	318	318	1	16	227	99	96		9.58333333333
164	9	Si4	B4	314	314	1	16	227	99	96		9.625
165	9	La4	A4	305	305	1	16	227	95	96		9.66666666667
166	9	Sol4	G4	296	296	3	8	1364	95	96	aşk 	9.91666666667
167	9	Es	Es	-1	-1	1	8	455	100	0		10.0
168	9	Re5	D5	327	327	1	8	455	99	96	a	10.0833333333
169	9	Sol5	G5	349	349	1	4	909	99	96		10.25
170	8	Sol5	G5	349	349	0	0	0	99	96		10.25
171	9	Fa5#4	F5#4	344	344	1	16	227	99	96		10.2916666667
172	9	Mi5	E5	336	336	1	16	227	95	96		10.3333333333
173	9	Re5	D5	327	327	1	4	909	95	96	te	10.5
174	9	Si5	B5	367	367	1	4	909	95	96	şi 	10.6666666667
175	9	La5	A5	358	358	1	4	909	99	96	dağ	10.8333333333
176	9	La5	A5	358	358	1	16	227	99	96		10.875
177	9	Do6	C6	371	371	1	16	227	99	96		10.9166666667
178	9	Si5	B5	367	367	1	16	227	99	96		10.9583333333
179	9	La5	A5	358	358	1	16	227	95	96		11.0
180	9	Sol5	G5	349	349	3	8	1364	95	96	lar  	11.25
181	9	Fa5	F5	340	340	1	16	227	95	96	SAZ	11.2916666667
182	9	Mi5	E5	336	336	1	16	227	95	96	.	11.3333333333
183	9	Re5	D5	327	327	1	8	455	95	96	.	11.4166666667
184	8	Mi5	E5	336	336	0	0	0	95	96	.	11.4166666667
185	9	Re5	D5	327	327	1	16	227	95	96	.	11.4583333333
186	9	Do5	C5	318	318	1	16	227	95	96	.	11.5
187	9	Si4	B4	314	314	1	24	152	95	96	.	11.5277777778
188	9	La4	A4	305	305	1	24	152	95	96	.	11.5555555556
189	9	Si4	B4	314	314	1	24	152	95	96	.	11.5833333333
190	9	Do5	C5	318	318	1	16	227	95	96	.	11.625
191	9	La4	A4	305	305	1	16	227	95	96	.	11.6666666667
192	9	Sol4	G4	296	296	3	8	1364	95	66	.	11.9166666667
193	9	Es	Es	-1	-1	1	8	455	100	68		12.0
194	9	Sol5	G5	349	349	1	8	455	99	69	Hâ	12.0833333333
195	9	Fa5#5	F5#5	345	345	1	16	227	99	70		12.125
196	9	Mi5	E5	336	336	1	16	227	95	72		12.1666666667
197	9	Re5	D5	327	327	1	8	455	99	74	lâ 	12.25
198	9	Mi5	E5	336	336	1	16	227	99	75		12.2916666667
199	9	Fa5#5	F5#5	345	345	1	16	227	95	76		12.3333333333
200	9	Sol5	G5	349	349	1	8	455	99	78	ka	12.4166666667
201	9	La5	A5	358	358	1	8	455	95	96		12.5
202	9	Si5	B5	367	367	1	24	152	99	96	na	12.5277777778
203	9	La5	A5	358	358	1	24	152	99	96		12.5555555556
204	9	Si5	B5	367	367	1	24	152	99	96		12.5833333333
205	9	Do6	C6	371	371	1	24	152	99	96		12.6111111111
206	9	Si5	B5	367	367	1	24	152	99	96		12.6388888889
207	9	La5	A5	358	358	1	24	152	95	96		12.6666666667
208	9	Sol5	G5	349	349	3	8	1364	95	96	yan 	12.9166666667
209	9	Es	Es	-1	-1	1	8	455	100	0		13.0
210	9	Sol5	G5	349	349	1	16	227	99	96	kal	13.0416666667
211	8	Si5	B5	367	367	0	0	0	99	96		13.0416666667
212	9	La5	A5	358	358	1	32	114	99	96		13.0625
213	9	Sol5	G5	349	349	1	32	114	99	96		13.0833333333
214	9	Fa5	F5	340	340	1	32	114	99	96		13.1041666667
215	9	Mi5	E5	336	336	1	32	114	99	96		13.125
216	9	Re5	D5	327	327	1	16	227	95	96		13.1666666667
217	9	Do5	C5	318	318	1	16	227	99	96	bi	13.2083333333
218	9	Si4	B4	314	314	1	32	114	99	96		13.2291666667
219	9	La4	A4	305	305	1	32	114	99	96		13.25
220	9	Si4	B4	314	314	1	16	227	99	96		13.2916666667
221	9	Do5	C5	318	318	1	16	227	95	96		13.3333333333
222	9	Re5	D5	327	327	1	16	227	99	96	mi 	13.375
223	9	Mi5	E5	336	336	1	16	227	99	96		13.4166666667
224	9	Fa5	F5	340	340	1	16	227	99	96		13.4583333333
225	9	Mi5	E5	336	336	1	16	227	99	96		13.5
226	9	Re5	D5	327	327	1	16	227	99	96		13.5416666667
227	9	Do5	C5	318	318	1	16	227	99	96		13.5833333333
228	9	Si4	B4	314	314	1	16	227	99	96		13.625
229	9	La4	A4	305	305	1	16	227	95	96		13.6666666667
230	9	Sol4	G4	296	296	3	8	1364	95	96	aşk 	13.9166666667
231	9	Es	Es	-1	-1	1	8	455	100	0		14.0
232	9	Re5	D5	327	327	1	8	455	99	96	a	14.0833333333
233	9	Sol5	G5	349	349	1	4	909	99	96		14.25
234	8	Sol5	G5	349	349	0	0	0	99	96		14.25
235	9	Fa5#4	F5#4	344	344	1	16	227	99	96		14.2916666667
236	9	Mi5	E5	336	336	1	16	227	95	96		14.3333333333
237	9	Re5	D5	327	327	1	4	909	95	96	te	14.5
238	9	Si5	B5	367	367	1	4	909	95	96	şi 	14.6666666667
239	9	La5	A5	358	358	1	4	909	99	96	dağ	14.8333333333
240	9	La5	A5	358	358	1	16	227	99	96		14.875
241	9	Do6	C6	371	371	1	16	227	99	96		14.9166666667
242	9	Si5	B5	367	367	1	16	227	99	96		14.9583333333
243	9	La5	A5	358	358	1	16	227	95	96		15.0
244	9	Sol5	G5	349	349	3	8	1364	95	96	lar  	15.25
245	9	Fa5	F5	340	340	1	16	227	95	96	SAZ	15.2916666667
246	9	Mi5	E5	336	336	1	16	227	95	96	.	15.3333333333
247	9	Re5	D5	327	327	1	4	909	95	66	.	15.5
248	9	Mi5	E5	336	336	1	8	455	95	71	.	15.5833333333
249	9	Fa5#5	F5#5	345	345	1	8	455	95	76	.	15.6666666667
250	9	Sol5	G5	349	349	3	8	1364	95	80	.	15.9166666667
251	9	Es	Es	-1	-1	1	8	455	100	85		16.0
252	9	Re5	D5	327	327	1	4	909	95	90	Üm	16.1666666667
253	9	Sol5	G5	349	349	3	16	682	99	95	mî	16.2916666667
254	9	La5	A5	358	358	1	16	227	95	100		16.3333333333
255	9	Si5	B5	367	367	3	16	682	99	104	di 	16.4583333333
256	9	La5	A5	358	358	1	16	227	95	109		16.5
257	9	Sol5	G5	349	349	1	16	227	99	114	kı	16.5416666667
258	8	La5	A5	358	358	0	0	0	99	96		16.5416666667
259	9	Sol5	G5	349	349	1	32	114	99	96		16.5625
260	9	Fa5#5	F5#5	345	345	1	32	114	99	96		16.5833333333
261	9	Sol5	G5	349	349	1	16	227	99	96		16.625
262	9	Mi5	E5	336	336	1	16	227	95	96		16.6666666667
263	9	Re5	D5	327	327	1	2	1818	95	96	rıl	17.0
264	9	Re5	D5	327	327	1	8	455	99	96	mış 	17.0833333333
265	9	Mi5	E5	336	336	1	8	455	99	96		17.1666666667
266	9	Fa5	F5	340	340	1	8	455	99	96		17.25
267	9	Mi5	E5	336	336	1	8	455	50	96		17.3333333333
268	9	Re5	D5	327	327	1	8	455	99	96	be	17.4166666667
269	9	Do5	C5	318	318	1	8	455	95	96		17.5
270	9	Si4b1	B4b1	313	313	1	8	455	99	96	ni 	17.5833333333
271	9	La4	A4	305	305	1	8	455	95	96		17.6666666667
272	9	Re5	D5	327	327	3	8	1364	99	96	â	17.9166666667
273	9	Mi5	E5	336	336	1	16	227	99	96		17.9583333333
274	9	Fa5#5	F5#5	345	345	1	16	227	95	96		18.0
275	12	Sol5	G5	349	349	3	8	1364	99	96	ti	18.25
276	9	Fa5	F5	340	340	1	16	227	99	96		18.2916666667
277	9	Mi5	E5	336	336	1	16	227	95	96		18.3333333333
278	9	Re5	D5	327	327	3	16	682	99	96	ye 	18.4583333333
279	9	Do5	C5	318	318	1	16	227	95	96		18.5
280	9	Si4	B4	314	314	1	4	909	95	96	ne 	18.6666666667
281	9	La4	A4	305	305	3	16	682	99	96	bağ	18.7916666667
282	9	Si4	B4	314	314	1	16	227	99	96		18.8333333333
283	9	Do5	C5	318	318	1	16	227	99	96		18.875
284	8	Re5	D5	327	327	0	0	0	99	96		18.875
285	9	Do5	C5	318	318	1	32	114	99	96		18.8958333333
286	9	Si4	B4	314	314	1	32	114	99	96		18.9166666667
287	9	Do5	C5	318	318	1	16	227	99	96		18.9583333333
288	9	La4	A4	305	305	1	16	227	95	96		19.0
289	9	Sol4	G4	296	296	1	4	909	99	96	lar  	19.1666666667
290	9	Sol4	G4	296	296	1	16	227	95	96		19.2083333333
291	9	Sol5	G5	349	349	1	16	227	95	96	SAZ	19.25
292	9	Fa5	F5	340	340	1	16	227	95	96	.	19.2916666667
293	9	Mi5	E5	336	336	1	16	227	95	96	.	19.3333333333
294	9	Re5	D5	327	327	1	4	909	95	66	.	19.5
295	9	Mi5	E5	336	336	1	8	455	95	71	.	19.5833333333
296	9	Fa5#5	F5#5	345	345	1	8	455	95	76	.	19.6666666667
297	9	Sol5	G5	349	349	3	8	1364	95	80	.	19.9166666667
298	9	Es	Es	-1	-1	1	8	455	100	85		20.0
299	9	Re5	D5	327	327	1	4	909	95	90	Üm	20.1666666667
300	9	Sol5	G5	349	349	3	16	682	99	95	mî	20.2916666667
301	9	La5	A5	358	358	1	16	227	95	100		20.3333333333
302	9	Si5	B5	367	367	3	16	682	99	104	di 	20.4583333333
303	9	La5	A5	358	358	1	16	227	95	109		20.5
304	9	Sol5	G5	349	349	1	16	227	99	114	kı	20.5416666667
305	8	La5	A5	358	358	0	0	0	99	96		20.5416666667
306	9	Sol5	G5	349	349	1	32	114	99	96		20.5625
307	9	Fa5#5	F5#5	345	345	1	32	114	99	96		20.5833333333
308	9	Sol5	G5	349	349	1	16	227	99	96		20.625
309	9	Mi5	E5	336	336	1	16	227	95	96		20.6666666667
310	9	Re5	D5	327	327	1	2	1818	95	96	rıl	21.0
311	9	Re5	D5	327	327	1	8	455	99	96	mış 	21.0833333333
312	9	Mi5	E5	336	336	1	8	455	99	96		21.1666666667
313	9	Fa5	F5	340	340	1	8	455	99	96		21.25
314	9	Mi5	E5	336	336	1	8	455	50	96		21.3333333333
315	9	Re5	D5	327	327	1	8	455	99	96	be	21.4166666667
316	9	Do5	C5	318	318	1	8	455	95	96		21.5
317	9	Si4b1	B4b1	313	313	1	8	455	99	96	ni 	21.5833333333
318	9	La4	A4	305	305	1	8	455	95	96		21.6666666667
319	9	Re5	D5	327	327	3	8	1364	99	96	â	21.9166666667
320	9	Mi5	E5	336	336	1	16	227	99	96		21.9583333333
321	9	Fa5#5	F5#5	345	345	1	16	227	95	96		22.0
322	12	Sol5	G5	349	349	3	8	1364	99	96	ti	22.25
323	9	Fa5	F5	340	340	1	16	227	99	96		22.2916666667
324	9	Mi5	E5	336	336	1	16	227	95	96		22.3333333333
325	9	Re5	D5	327	327	3	16	682	99	96	ye 	22.4583333333
326	9	Do5	C5	318	318	1	16	227	95	96		22.5
327	9	Si4	B4	314	314	1	4	909	95	96	ne 	22.6666666667
328	9	La4	A4	305	305	3	16	682	99	96	bağ	22.7916666667
329	9	Si4	B4	314	314	1	16	227	99	96		22.8333333333
330	9	Do5	C5	318	318	1	16	227	99	96		22.875
331	8	Re5	D5	327	327	0	0	0	99	96		22.875
332	9	Do5	C5	318	318	1	32	114	99	96		22.8958333333
333	9	Si4	B4	314	314	1	32	114	99	96		22.9166666667
334	9	Do5	C5	318	318	1	16	227	99	96		22.9583333333
335	9	La4	A4	305	305	1	16	227	95	96		23.0
336	9	Sol4	G4	296	296	1	2	1818	95	96	lar  	23.3333333333
337	9	Si5	B5	367	367	1	4	909	95	96	SAZ	23.5
338	9	La5#3	A5#4	361	362	1	16	227	95	96	.	23.5416666667
339	9	Si5	B5	367	367	1	16	227	95	96	.	23.5833333333
340	9	Do6	C6	371	371	1	16	227	95	96	.	23.625
341	9	Si5	B5	367	367	1	16	227	95	96	.	23.6666666667
342	1	Si5	B5	367	367	1	24	152	95	96	.	23.6944444444
343	1	La5#3	A5#4	361	362	1	24	152	95	96	.	23.7222222222
344	1	Sol5	G5	349	349	1	24	152	95	96	.	23.75
345	1	Fa5#5	F5#5	345	345	1	24	152	95	96	.	23.7777777778
346	1	Mi5	E5	336	336	1	24	152	95	96	.	23.8055555556
347	1	Re5#4	D5#4	331	331	1	24	152	95	96	.	23.8333333333
348	1	Do6	C6	371	371	1	24	152	95	96	.	23.8611111111
349	1	Si5	B5	367	367	1	24	152	95	96	.	23.8888888889
350	1	La5#3	A5#4	361	362	1	24	152	95	96	.	23.9166666667
351	9	Si5	B5	367	367	1	8	455	95	96	.	24.0
352	9	Si5	B5	367	367	3	16	682	99	96	Gön	24.125
353	9	La5#3	A5#4	361	362	1	16	227	95	96		24.1666666667
354	9	Sol5	G5	349	349	3	16	682	99	96	lüm	24.2916666667
355	9	Fa5#5	F5#5	345	345	1	16	227	95	96		24.3333333333
356	9	Sol5	G5	349	349	3	32	341	99	96	de	24.3958333333
357	9	Fa5#5	F5#5	345	345	1	32	114	99	96		24.4166666667
358	9	Mi5	E5	336	336	1	16	227	99	96		24.4583333333
359	9	Re5#4	D5#4	331	331	1	16	227	95	96		24.5
360	9	Mi5	E5	336	336	1	16	227	99	96	ki 	24.5416666667
361	9	Fa5#5	F5#5	345	345	1	16	227	99	96		24.5833333333
362	9	Sol5	G5	349	349	1	16	227	99	96		24.625
363	9	La5#3	A5#4	361	362	1	16	227	95	96		24.6666666667
364	9	Si5	B5	367	367	3	8	1364	99	84	ök	24.9166666667
365	9	La5#3	A5#4	361	362	1	8	455	95	84		25.0
366	12	Sol5	G5	349	349	3	8	1364	99	84	süz	25.25
367	9	Fa5#5	F5#5	345	345	1	8	455	95	84		25.3333333333
368	9	Mi5	E5	336	336	1	8	455	99	84	lü	25.4166666667
369	9	Re5#4	D5#4	331	331	1	8	455	95	84		25.5
370	9	Mi5	E5	336	336	1	8	455	99	84	ğe 	25.5833333333
371	8	La5	A5	358	358	0	0	0	99	84		25.5833333333
372	9	Sol5	G5	349	349	1	16	227	99	84		25.625
373	9	Fa5#5	F5#5	345	345	1	16	227	95	84		25.6666666667
374	9	Fa5#5	F5#5	345	345	3	8	1364	99	96	hat	25.9166666667
375	9	Mi5	E5	336	336	1	8	455	95	66		26.0
376	9	Mi5	E5	336	336	1	24	152	99	68	tâ 	26.0277777778
377	9	Mi5	E5	336	336	1	24	152	99	69		26.0555555556
378	9	Re5	D5	327	327	1	24	152	99	71		26.0833333333
379	9	Re5	D5	327	327	1	4	909	99	73		26.25
380	9	Mi5	E5	336	336	1	16	227	99	75		26.2916666667
381	9	Fa5#5	F5#5	345	345	1	16	227	95	76		26.3333333333
382	9	Sol5	G5	349	349	1	16	227	99	78	gü	26.375
383	8	La5	A5	358	358	0	0	0	99	96		26.375
384	9	Sol5	G5	349	349	1	32	114	99	96		26.3958333333
385	9	Fa5#5	F5#5	345	345	1	32	114	99	96		26.4166666667
386	9	Sol5	G5	349	349	1	16	227	99	66		26.4583333333
387	9	Mi5	E5	336	336	1	16	227	95	78		26.5
388	9	Re5	D5	327	327	1	8	455	99	90	len 	26.5833333333
389	9	Si5	B5	367	367	1	8	455	95	102		26.6666666667
390	9	La5	A5	358	358	1	4	909	99	114	ağ	26.8333333333
391	9	La5	A5	358	358	1	16	227	99	96		26.875
392	9	Do6	C6	371	371	1	16	227	99	96		26.9166666667
393	9	Si5	B5	367	367	1	16	227	99	96		26.9583333333
394	9	La5	A5	358	358	1	16	227	95	96		27.0
395	9	Sol5	G5	349	349	1	2	1818	95	84	lar  	27.3333333333
396	9	Si5	B5	367	367	1	4	909	95	96	SAZ	27.5
397	9	La5#3	A5#4	361	362	1	16	227	95	96	.	27.5416666667
398	9	Si5	B5	367	367	1	16	227	95	96	.	27.5833333333
399	9	Do6	C6	371	371	1	16	227	95	96	.	27.625
400	9	Si5	B5	367	367	1	16	227	95	96	.	27.6666666667
401	1	Si5	B5	367	367	1	24	152	95	96	.	27.6944444444
402	1	La5#3	A5#4	361	362	1	24	152	95	96	.	27.7222222222
403	1	Sol5	G5	349	349	1	24	152	95	96	.	27.75
404	1	Fa5#5	F5#5	345	345	1	24	152	95	96	.	27.7777777778
405	1	Mi5	E5	336	336	1	24	152	95	96	.	27.8055555556
406	1	Re5#4	D5#4	331	331	1	24	152	95	96	.	27.8333333333
407	1	Do6	C6	371	371	1	24	152	95	96	.	27.8611111111
408	1	Si5	B5	367	367	1	24	152	95	96	.	27.8888888889
409	1	La5#3	A5#4	361	362	1	24	152	95	96	.	27.9166666667
410	9	Si5	B5	367	367	1	8	455	95	96	.	28.0
411	9	Si5	B5	367	367	3	16	682	99	96	Gön	28.125
412	9	La5#3	A5#4	361	362	1	16	227	95	96		28.1666666667
413	9	Sol5	G5	349	349	3	16	682	99	96	lüm	28.2916666667
414	9	Fa5#5	F5#5	345	345	1	16	227	95	96		28.3333333333
415	9	Sol5	G5	349	349	3	32	341	99	96	de	28.3958333333
416	9	Fa5#5	F5#5	345	345	1	32	114	99	96		28.4166666667
417	9	Mi5	E5	336	336	1	16	227	99	96		28.4583333333
418	9	Re5#4	D5#4	331	331	1	16	227	95	96		28.5
419	9	Mi5	E5	336	336	1	16	227	99	96	ki 	28.5416666667
420	9	Fa5#5	F5#5	345	345	1	16	227	99	96		28.5833333333
421	9	Sol5	G5	349	349	1	16	227	99	96		28.625
422	9	La5#3	A5#4	361	362	1	16	227	95	96		28.6666666667
423	9	Si5	B5	367	367	3	8	1364	99	84	ök	28.9166666667
424	9	La5#3	A5#4	361	362	1	8	455	95	84		29.0
425	12	Sol5	G5	349	349	3	8	1364	99	84	süz	29.25
426	9	Fa5#5	F5#5	345	345	1	8	455	95	84		29.3333333333
427	9	Mi5	E5	336	336	1	8	455	99	84	lü	29.4166666667
428	9	Re5#4	D5#4	331	331	1	8	455	95	84		29.5
429	9	Mi5	E5	336	336	1	8	455	99	84	ğe 	29.5833333333
430	8	La5	A5	358	358	0	0	0	99	84		29.5833333333
431	9	Sol5	G5	349	349	1	16	227	99	84		29.625
432	9	Fa5#5	F5#5	345	345	1	16	227	95	84		29.6666666667
433	9	Fa5#5	F5#5	345	345	3	8	1364	99	96	hat	29.9166666667
434	9	Mi5	E5	336	336	1	8	455	95	66		30.0
435	9	Mi5	E5	336	336	1	24	152	99	68	tâ 	30.0277777778
436	9	Mi5	E5	336	336	1	24	152	99	69		30.0555555556
437	9	Re5	D5	327	327	1	24	152	99	71		30.0833333333
438	9	Re5	D5	327	327	1	4	909	99	73		30.25
439	9	Mi5	E5	336	336	1	16	227	99	75		30.2916666667
440	9	Fa5#5	F5#5	345	345	1	16	227	95	76		30.3333333333
441	9	Sol5	G5	349	349	1	16	227	99	78	gü	30.375
442	8	La5	A5	358	358	0	0	0	99	96		30.375
443	9	Sol5	G5	349	349	1	32	114	99	96		30.3958333333
444	9	Fa5#5	F5#5	345	345	1	32	114	99	96		30.4166666667
445	9	Sol5	G5	349	349	1	16	227	99	66		30.4583333333
446	9	Mi5	E5	336	336	1	16	227	95	78		30.5
447	9	Re5	D5	327	327	1	8	455	99	90	len 	30.5833333333
448	9	Si5	B5	367	367	1	8	455	95	102		30.6666666667
449	9	La5	A5	358	358	1	4	909	99	114	ağ	30.8333333333
450	9	La5	A5	358	358	1	16	227	99	96		30.875
451	9	Do6	C6	371	371	1	16	227	99	96		30.9166666667
452	9	Si5	B5	367	367	1	16	227	99	96		30.9583333333
453	9	La5	A5	358	358	1	16	227	95	96		31.0
454	9	Sol5	G5	349	349	3	8	1364	95	84	lar  	31.25
455	9	Fa5	F5	340	340	1	16	227	95	96	SAZ	31.2916666667
456	9	Mi5	E5	336	336	1	16	227	95	96	.	31.3333333333
457	9	Re5	D5	327	327	1	4	909	95	66	.	31.5
458	9	Mi5	E5	336	336	1	8	455	95	71	.	31.5833333333
459	9	Fa5#5	F5#5	345	345	1	8	455	95	76	.	31.6666666667
460	9	Sol5	G5	349	349	3	8	1364	95	80	.	31.9166666667
461	9	Es	Es	-1	-1	1	8	455	100	85		32.0
462	9	Re5	D5	327	327	1	4	909	95	90	Üm	32.1666666667
463	9	Sol5	G5	349	349	3	16	682	99	95	mî	32.2916666667
464	9	La5	A5	358	358	1	16	227	95	100		32.3333333333
465	9	Si5	B5	367	367	3	16	682	99	104	di 	32.4583333333
466	9	La5	A5	358	358	1	16	227	95	109		32.5
467	9	Sol5	G5	349	349	1	16	227	99	114	kı	32.5416666667
468	8	La5	A5	358	358	0	0	0	99	96		32.5416666667
469	9	Sol5	G5	349	349	1	32	114	99	96		32.5625
470	9	Fa5#5	F5#5	345	345	1	32	114	99	96		32.5833333333
471	9	Sol5	G5	349	349	1	16	227	99	96		32.625
472	9	Mi5	E5	336	336	1	16	227	95	96		32.6666666667
473	9	Re5	D5	327	327	1	2	1818	95	96	rıl	33.0
474	9	Re5	D5	327	327	1	8	455	99	96	mış 	33.0833333333
475	9	Mi5	E5	336	336	1	8	455	99	96		33.1666666667
476	9	Fa5	F5	340	340	1	8	455	99	96		33.25
477	9	Mi5	E5	336	336	1	8	455	50	96		33.3333333333
478	9	Re5	D5	327	327	1	8	455	99	96	be	33.4166666667
479	9	Do5	C5	318	318	1	8	455	95	96		33.5
480	9	Si4b1	B4b1	313	313	1	8	455	99	96	ni 	33.5833333333
481	9	La4	A4	305	305	1	8	455	95	96		33.6666666667
482	9	Re5	D5	327	327	3	8	1364	99	96	â	33.9166666667
483	9	Mi5	E5	336	336	1	16	227	99	96		33.9583333333
484	9	Fa5#5	F5#5	345	345	1	16	227	95	96		34.0
485	12	Sol5	G5	349	349	3	8	1364	99	96	ti	34.25
486	9	Fa5	F5	340	340	1	16	227	99	96		34.2916666667
487	9	Mi5	E5	336	336	1	16	227	95	96		34.3333333333
488	9	Re5	D5	327	327	3	16	682	99	96	ye 	34.4583333333
489	9	Do5	C5	318	318	1	16	227	95	96		34.5
490	9	Si4	B4	314	314	1	4	909	95	96	ne 	34.6666666667
491	9	La4	A4	305	305	3	16	682	99	96	bağ	34.7916666667
492	9	Si4	B4	314	314	1	16	227	99	96		34.8333333333
493	9	Do5	C5	318	318	1	16	227	99	96		34.875
494	8	Re5	D5	327	327	0	0	0	99	96		34.875
495	9	Do5	C5	318	318	1	32	114	99	96		34.8958333333
496	9	Si4	B4	314	314	1	32	114	99	96		34.9166666667
497	9	Do5	C5	318	318	1	16	227	99	96		34.9583333333
498	9	La4	A4	305	305	1	16	227	95	96		35.0
499	9	Sol4	G4	296	296	1	4	909	99	96	lar  	35.1666666667
500	9	Sol4	G4	296	296	1	16	227	95	96		35.2083333333
501	9	Sol5	G5	349	349	1	16	227	95	96	SAZ	35.25
502	9	Fa5	F5	340	340	1	16	227	95	96	.	35.2916666667
503	9	Mi5	E5	336	336	1	16	227	95	96	.	35.3333333333
504	9	Re5	D5	327	327	1	4	909	95	66	.	35.5
505	9	Mi5	E5	336	336	1	8	455	95	71	.	35.5833333333
506	9	Fa5#5	F5#5	345	345	1	8	455	95	76	.	35.6666666667
507	9	Sol5	G5	349	349	3	8	1364	95	80	.	35.9166666667
508	9	Es	Es	-1	-1	1	8	455	100	85		36.0
509	9	Re5	D5	327	327	1	4	909	95	90	Üm	36.1666666667
510	9	Sol5	G5	349	349	3	16	682	99	95	mî	36.2916666667
511	9	La5	A5	358	358	1	16	227	95	100		36.3333333333
512	9	Si5	B5	367	367	3	16	682	99	104	di 	36.4583333333
513	9	La5	A5	358	358	1	16	227	95	109		36.5
514	9	Sol5	G5	349	349	1	16	227	99	114	kı	36.5416666667
515	8	La5	A5	358	358	0	0	0	99	96		36.5416666667
516	9	Sol5	G5	349	349	1	32	114	99	96		36.5625
517	9	Fa5#5	F5#5	345	345	1	32	114	99	96		36.5833333333
518	9	Sol5	G5	349	349	1	16	227	99	96		36.625
519	9	Mi5	E5	336	336	1	16	227	95	96		36.6666666667
520	9	Re5	D5	327	327	1	2	1818	95	96	rıl	37.0
521	9	Re5	D5	327	327	1	8	455	99	96	mış 	37.0833333333
522	9	Mi5	E5	336	336	1	8	455	99	96		37.1666666667
523	9	Fa5	F5	340	340	1	8	455	99	96		37.25
524	9	Mi5	E5	336	336	1	8	455	50	96		37.3333333333
525	9	Re5	D5	327	327	1	8	455	99	96	be	37.4166666667
526	9	Do5	C5	318	318	1	8	455	95	96		37.5
527	9	Si4b1	B4b1	313	313	1	8	455	99	96	ni 	37.5833333333
528	9	La4	A4	305	305	1	8	455	95	96		37.6666666667
529	9	Re5	D5	327	327	3	8	1364	99	96	â	37.9166666667
530	9	Mi5	E5	336	336	1	16	227	99	96		37.9583333333
531	9	Fa5#5	F5#5	345	345	1	16	227	95	96		38.0
532	12	Sol5	G5	349	349	3	8	1364	99	96	ti	38.25
533	9	Fa5	F5	340	340	1	16	227	99	96		38.2916666667
534	9	Mi5	E5	336	336	1	16	227	95	96		38.3333333333
535	9	Re5	D5	327	327	3	16	682	99	96	ye 	38.4583333333
536	9	Do5	C5	318	318	1	16	227	95	96		38.5
537	9	Si4	B4	314	314	1	4	909	95	96	ne 	38.6666666667
538	9	La4	A4	305	305	3	16	682	99	96	bağ	38.7916666667
539	9	Si4	B4	314	314	1	16	227	99	96		38.8333333333
540	9	Do5	C5	318	318	1	16	227	99	96		38.875
541	8	Re5	D5	327	327	0	0	0	99	96		38.875
542	9	Do5	C5	318	318	1	32	114	99	96		38.8958333333
543	9	Si4	B4	314	314	1	32	114	99	96		38.9166666667
544	9	Do5	C5	318	318	1	16	227	99	96		38.9583333333
545	9	La4	A4	305	305	1	16	227	95	96		39.0
546	9	Sol4	G4	296	296	1	4	909	99	96		39.1666666667
547	9	Sol4	G4	296	296	1	16	227	95	96	KARAR	39.2083333333
548	9	Sol5	G5	349	349	1	16	227	95	96		39.25
549	9	Fa5#5	F5#5	345	345	1	16	227	95	96		39.2916666667
550	9	Mi5	E5	336	336	1	16	227	95	96		39.3333333333
551	9	Re5	D5	327	327	3	16	682	95	96		39.4583333333
552	9	Do5	C5	318	318	1	16	227	95	96		39.5
553	9	Si4	B4	314	314	1	24	152	95	96		39.5277777778
554	9	La4	A4	305	305	1	24	152	95	96		39.5555555556
555	9	Si4	B4	314	314	1	24	152	95	96		39.5833333333
556	9	Do5	C5	318	318	1	16	227	95	96		39.625
557	9	La4	A4	305	305	1	16	227	95	96		39.6666666667
558	9	Sol4	G4	296	296	3	8	1364	95	96		39.9166666667
559	9	Es	Es	-1	-1	1	8	455	100	0		40.0
