Sira	Kod	Nota53	NotaAE	Koma53	KomaAE	Pay	Payda	Ms	LNS	Bas	Soz1	Offset
1	51			0	0	28	4	0	60	0	Devr-i Kebîr	0.0
2	9	Sol5	G5	349	349	3	16	625	95	96	Ta	0.0267857142857
3	9	Fa5#5	F5#5	345	345	1	16	208	95	96		0.0357142857143
4	9	Mi5	E5	336	336	1	8	417	95	96		0.0535714285714
5	9	Fa5#5	F5#5	345	345	1	8	417	95	96		0.0714285714286
6	9	Sol5	G5	349	349	1	2	1667	95	96		0.142857142857
7	9	Fa5#5	F5#5	345	345	1	8	417	95	96		0.160714285714
8	9	Sol5	G5	349	349	1	8	417	95	96		0.178571428571
9	9	La5	A5	358	358	1	8	417	95	96		0.196428571429
10	9	Si5	B5	367	367	1	8	417	95	96	be	0.214285714286
11	9	Sol5	G5	349	349	1	8	417	95	96	key	0.232142857143
12	9	Do6	C6	371	371	1	8	417	95	96		0.25
13	9	Si5	B5	367	367	1	8	417	95	96		0.267857142857
14	9	La5	A5	358	358	1	8	417	95	96		0.285714285714
15	9	Sol5	G5	349	349	1	8	417	95	96		0.303571428571
16	9	Fa5#5	F5#5	345	345	1	8	417	95	96		0.321428571429
17	9	Mi5	E5	336	336	1	8	417	95	96		0.339285714286
18	9	Sol5	G5	349	349	1	8	417	95	96		0.357142857143
19	9	Fa5#5	F5#5	345	345	1	4	833	95	96	si	0.392857142857
20	9	Sol5	G5	349	349	1	8	417	95	96		0.410714285714
21	9	Fa5#5	F5#5	345	345	1	8	417	95	96		0.428571428571
22	9	Mi5	E5	336	336	1	8	417	95	96		0.446428571429
23	9	Fa5#5	F5#5	345	345	1	8	417	95	96		0.464285714286
24	9	Sol5	G5	349	349	1	4	833	95	96		0.5
25	9	Sol5	G5	349	349	1	8	417	95	96	nem	0.517857142857
26	9	Es	Es	-1	-1	1	8	417	100	0		0.535714285714
27	9	Mi5	E5	336	336	1	8	417	95	96		0.553571428571
28	9	Fa5#5	F5#5	345	345	1	8	417	95	96		0.571428571429
29	9	Sol5	G5	349	349	1	8	417	95	96		0.589285714286
30	9	La5	A5	358	358	1	8	417	95	96		0.607142857143
31	9	Sol5	G5	349	349	1	8	417	95	96		0.625
32	9	Fa5#5	F5#5	345	345	1	8	417	95	96		0.642857142857
33	9	Fa5#5	F5#5	345	345	1	8	417	95	96		0.660714285714
34	9	Mi5	E5	336	336	1	4	833	95	96		0.696428571429
35	9	Sol5	G5	349	349	1	8	417	95	96	de	0.714285714286
36	9	Fa5#5	F5#5	345	345	1	8	417	95	96	ca	0.732142857143
37	9	Sol5	G5	349	349	1	8	417	95	96		0.75
38	9	Fa5#5	F5#5	345	345	1	8	417	95	96		0.767857142857
39	9	Mi5	E5	336	336	1	8	417	95	96		0.785714285714
40	9	Re5	D5	327	327	1	4	833	95	96		0.821428571429
41	9	Sol5	G5	349	349	1	8	417	95	96		0.839285714286
42	9	Fa5	F5	340	340	1	16	208	95	96		0.848214285714
43	9	Mi5	E5	336	336	1	16	208	95	96		0.857142857143
44	9	Re5	D5	327	327	1	8	417	95	96	et	0.875
45	9	Do5#4	C5#4	322	322	1	16	208	95	96		0.883928571429
46	9	Si4	B4	314	314	1	16	208	95	96		0.892857142857
47	9	Do5#4	C5#4	322	322	1	8	417	95	96		0.910714285714
48	9	Re5	D5	327	327	1	8	417	95	96		0.928571428571
49	9	Do5#4	C5#4	322	322	3	8	1250	95	96		0.982142857143
50	9	Re5	D5	327	327	1	8	417	95	96		1.0
51	9	Si4	B4	314	314	1	4	833	95	96		1.03571428571
52	9	Do5#4	C5#4	322	322	1	8	417	95	96	mek	1.05357142857
53	9	Re5	D5	327	327	1	16	208	95	96		1.0625
54	9	Mi5	E5	336	336	1	16	208	95	96		1.07142857143
55	9	Re5	D5	327	327	1	8	417	95	96		1.08928571429
56	9	Mi5	E5	336	336	1	16	208	95	96		1.09821428571
57	9	Fa5	F5	340	340	1	16	208	95	96		1.10714285714
58	9	Mi5	E5	336	336	1	16	208	95	96		1.11607142857
59	9	Re5	D5	327	327	1	16	208	95	96		1.125
60	9	Do5#4	C5#4	322	322	1	8	417	95	96		1.14285714286
61	9	Do5#4	C5#4	322	322	1	8	417	95	96		1.16071428571
62	9	Si4	B4	314	314	1	4	833	95	96		1.19642857143
63	9	Re5	D5	327	327	1	8	417	95	96	ce	1.21428571429
64	9	Do5#4	C5#4	322	322	1	8	417	95	96	fa	1.23214285714
65	9	Re5	D5	327	327	1	8	417	95	96		1.25
66	9	Do5#4	C5#4	322	322	1	8	417	95	96		1.26785714286
67	9	Si4	B4	314	314	1	8	417	95	96		1.28571428571
68	9	La4	A4	305	305	3	8	1250	95	96		1.33928571429
69	9	Do5	C5	318	318	1	8	417	95	96		1.35714285714
70	9	Si4	B4	314	314	1	8	417	95	96	vü	1.375
71	9	La4	A4	305	305	1	8	417	95	96		1.39285714286
72	9	Sol4	G4	296	296	1	8	417	95	96		1.41071428571
73	9	Fa4#5	F4#5	292	292	1	8	417	95	96		1.42857142857
74	9	Sol4	G4	296	296	1	2	1667	95	96		1.5
75	9	Es	Es	-1	-1	1	4	833	100	0		1.53571428571
76	9	Mi5	E5	336	336	1	8	417	95	96	ki	1.55357142857
77	9	Fa5#5	F5#5	345	345	1	8	417	95	96		1.57142857143
78	9	Sol5	G5	349	349	1	8	417	95	96		1.58928571429
79	9	La5	A5	358	358	1	8	417	95	96		1.60714285714
80	9	Sol5	G5	349	349	1	8	417	95	96		1.625
81	9	Fa5#5	F5#5	345	345	1	8	417	95	96		1.64285714286
82	9	Sol5	G5	349	349	1	4	833	95	96		1.67857142857
83	9	La5	A5	358	358	1	4	833	95	96	ne	1.71428571429
84	9	La5	A5	358	358	1	8	417	95	96		1.73214285714
85	9	Sol5	G5	349	349	1	4	833	95	96	ye	1.76785714286
86	9	Fa5#5	F5#5	345	345	1	8	417	95	96		1.78571428571
87	9	Mi5	E5	336	336	1	8	417	95	96		1.80357142857
88	9	Fa5#5	F5#5	345	345	1	8	417	95	96		1.82142857143
89	9	Sol5	G5	349	349	1	8	417	95	96		1.83928571429
90	9	La5	A5	358	358	1	16	208	95	96		1.84821428571
91	9	Si5	B5	367	367	1	16	208	95	96		1.85714285714
92	9	La5	A5	358	358	1	8	417	95	96	vay	1.875
93	9	Sol5	G5	349	349	1	8	417	95	96		1.89285714286
94	9	Fa5#5	F5#5	345	345	1	8	417	95	96		1.91071428571
95	9	La5	A5	358	358	1	16	208	95	96		1.91964285714
96	9	Sol5	G5	349	349	1	16	208	95	96		1.92857142857
97	9	Sol5	G5	349	349	3	8	1250	95	96		1.98214285714
98	9	Es	Es	-1	-1	1	8	417	100	0		2.0
99	9	Sol5	G5	349	349	3	16	625	95	96	Ta	2.02678571429
100	9	Fa5#5	F5#5	345	345	1	16	208	95	96		2.03571428571
101	9	Mi5	E5	336	336	1	8	417	95	96	dir	2.05357142857
102	9	Fa5#5	F5#5	345	345	1	8	417	95	96		2.07142857143
103	9	Sol5	G5	349	349	1	2	1667	95	96	ten	2.14285714286
104	9	Sol5	G5	349	349	1	4	833	95	96	nen	2.17857142857
105	9	La5	A5	358	358	1	4	833	95	96	dir	2.21428571429
106	9	La5	A5	358	358	1	8	417	95	96	ten	2.23214285714
107	9	Sol5	G5	349	349	1	8	417	95	96		2.25
108	9	Fa5#5	F5#5	345	345	1	8	417	95	96		2.26785714286
109	9	Mi5	E5	336	336	1	8	417	95	96		2.28571428571
110	9	Re5	D5	327	327	1	4	833	95	96	til	2.32142857143
111	9	Si5	B5	367	367	1	4	833	95	96	lil	2.35714285714
112	9	La5	A5	358	358	1	8	417	95	96	len	2.375
113	9	Sol5	G5	349	349	1	8	417	95	96		2.39285714286
114	9	Fa5#5	F5#5	345	345	1	8	417	95	96		2.41071428571
115	9	La5	A5	358	358	1	16	208	95	96		2.41964285714
116	9	Sol5	G5	349	349	1	16	208	95	96		2.42857142857
117	9	Sol5	G5	349	349	1	2	1667	95	96		2.5
118	9	Es	Es	-1	-1	1	4	833	100	0		2.53571428571
119	9	Mi5	E5	336	336	1	8	417	95	96	ye	2.55357142857
120	9	Fa5#5	F5#5	345	345	1	8	417	95	96	le	2.57142857143
121	9	Sol5	G5	349	349	3	8	1250	95	96	lel	2.625
122	9	Fa5#5	F5#5	345	345	1	8	417	95	96		2.64285714286
123	9	La5	A5	358	358	1	16	208	95	96	lel	2.65178571429
124	9	Sol5	G5	349	349	1	16	208	95	96		2.66071428571
125	9	Fa5#5	F5#5	345	345	1	16	208	95	96		2.66964285714
126	9	Mi5	E5	336	336	1	16	208	95	96		2.67857142857
127	9	Re5	D5	327	327	3	16	625	95	96		2.70535714286
128	9	Do5	C5	318	318	1	16	208	95	96		2.71428571429
129	9	Sol5	G5	349	349	3	16	625	95	96	lel	2.74107142857
130	9	Fa5	F5	340	340	1	16	208	95	96		2.75
131	9	Fa5	F5	340	340	3	16	625	95	96	lel	2.77678571429
132	9	Mi5	E5	336	336	1	16	208	95	96		2.78571428571
133	9	Mi5	E5	336	336	1	8	417	95	96	le	2.80357142857
134	9	Mi5	E5	336	336	1	16	208	95	96	le	2.8125
135	9	Re5	D5	327	327	1	16	208	95	96		2.82142857143
136	9	Es	Es	-1	-1	1	8	417	100	0		2.83928571429
137	9	Mi5	E5	336	336	1	8	417	95	96	le	2.85714285714
138	9	Re5	D5	327	327	1	8	417	95	96		2.875
139	9	Do5	C5	318	318	1	8	417	95	96	le	2.89285714286
140	9	Si4b1	B4b1	313	313	1	8	417	95	96	lel	2.91071428571
141	9	Si4b1	B4b1	313	313	1	16	208	95	96		2.91964285714
142	9	La4#4	A4#4	309	309	1	16	208	95	96		2.92857142857
143	9	Si4b1	B4b1	313	313	1	2	1667	95	96	li	3.0
144	51			0	0	10	4	0	31	0		3.0
145	9	Do5	C5	318	318	1	4	714	95	96	Ah	3.1
146	9	Si4b1	B4b1	313	313	1	8	357	95	96		3.15
147	9	La4#4	A4#4	309	309	1	8	357	95	96		3.2
148	9	Sol4	G4	296	296	1	4	714	95	96	at	3.3
149	9	Si4b1	B4b1	313	313	1	2	1429	95	96	ma	3.5
150	9	La4#4	A4#4	309	309	1	8	357	95	96	be	3.55
151	9	Si4b1	B4b1	313	313	1	8	357	95	96		3.6
152	9	Do5	C5	318	318	1	8	357	95	96		3.65
153	9	Re5	D5	327	327	1	8	357	95	96		3.7
154	9	Mi5	E5	336	336	1	8	357	95	96	ni	3.75
155	9	Re5	D5	327	327	1	8	357	95	96		3.8
156	9	Do5	C5	318	318	1	8	357	95	96		3.85
157	9	Si4b1	B4b1	313	313	1	8	357	95	96		3.9
158	9	La4#4	A4#4	309	309	1	8	357	95	96		3.95
159	9	Si4b1	B4b1	313	313	1	8	357	95	96		4.0
160	9	Re5	D5	327	327	1	8	357	95	96		4.05
161	9	Do5	C5	318	318	1	8	357	95	96		4.1
162	9	Si4b1	B4b1	313	313	1	8	357	95	96		4.15
163	9	La4#4	A4#4	309	309	1	8	357	95	96		4.2
164	9	Sol4	G4	296	296	1	4	714	95	96	yak	4.3
165	9	Si4b1	B4b1	313	313	1	2	1429	95	96	ma	4.5
166	9	La4#4	A4#4	309	309	1	8	357	95	96	be	4.55
167	9	Si4b1	B4b1	313	313	1	8	357	95	96		4.6
168	9	Do5	C5	318	318	1	8	357	95	96		4.65
169	9	Re5	D5	327	327	1	8	357	95	96		4.7
170	9	Mi5	E5	336	336	1	8	357	95	96	ni	4.75
171	9	Re5	D5	327	327	1	8	357	95	96		4.8
172	9	Do5	C5	318	318	1	8	357	95	96		4.85
173	9	Si4b1	B4b1	313	313	1	8	357	95	96		4.9
174	9	Do5	C5	318	318	1	8	357	95	96		4.95
175	9	Si4b1	B4b1	313	313	1	16	179	95	96		4.975
176	9	La4	A4	305	305	1	16	179	95	96		5.0
177	9	La4	A4	305	305	1	2	1429	95	96		5.2
178	9	Sol4	G4	296	296	1	4	714	95	96	sev	5.3
179	9	La4	A4	305	305	1	4	714	95	96	dim	5.4
180	9	Si4	B4	314	314	1	8	357	95	96		5.45
181	9	La4	A4	305	305	1	8	357	95	96		5.5
182	9	La4	A4	305	305	1	8	357	95	96	se	5.55
183	9	Sol4	G4	296	296	1	8	357	95	96		5.6
184	9	Sol4	G4	296	296	1	8	357	95	96	ni	5.65
185	9	Fa4#4	F4#4	291	291	1	8	357	95	96		5.7
186	9	Fa4#4	F4#4	291	291	3	16	536	95	96	vay	5.775
187	9	Mi4	E4	283	283	1	16	179	95	96		5.8
188	9	Re4	D4	274	274	1	4	714	95	96		5.9
189	9	Do5	C5	318	318	1	8	357	95	96	ah	5.95
190	9	Si4b1	B4b1	313	313	1	16	179	95	96		5.975
191	9	La4#4	A4#4	309	309	1	16	179	95	96		6.0
192	9	Si4b1	B4b1	313	313	3	8	1071	95	96		6.15
193	9	La4#4	A4#4	309	309	1	8	357	95	96		6.2
194	9	Sol4	G4	296	296	1	4	714	95	96	et	6.3
195	9	Si4b1	B4b1	313	313	1	2	1429	95	96	me	6.5
196	9	La4#4	A4#4	309	309	1	8	357	95	96	be	6.55
197	9	Si4b1	B4b1	313	313	1	8	357	95	96		6.6
198	9	Do5	C5	318	318	1	8	357	95	96		6.65
199	9	Re5	D5	327	327	1	8	357	95	96		6.7
200	9	Mi5	E5	336	336	1	8	357	95	96	ni	6.75
201	9	Re5	D5	327	327	1	8	357	95	96		6.8
202	9	Do5	C5	318	318	1	8	357	95	96		6.85
203	9	Si4b1	B4b1	313	313	1	8	357	95	96		6.9
204	9	La4#4	A4#4	309	309	1	8	357	95	96		6.95
205	9	Si4b1	B4b1	313	313	1	8	357	95	96		7.0
206	9	Re5	D5	327	327	1	8	357	95	96		7.05
207	9	Do5	C5	318	318	1	8	357	95	96		7.1
208	9	Si4b1	B4b1	313	313	1	8	357	95	96		7.15
209	9	La4#4	A4#4	309	309	1	8	357	95	96		7.2
210	9	Sol4	G4	296	296	1	4	714	95	96	yak	7.3
211	9	Si4b1	B4b1	313	313	1	2	1429	95	96	ma	7.5
212	9	La4#4	A4#4	309	309	1	8	357	95	96	be	7.55
213	9	Si4b1	B4b1	313	313	1	8	357	95	96		7.6
214	9	Do5	C5	318	318	1	8	357	95	96		7.65
215	9	Re5	D5	327	327	1	8	357	95	96		7.7
216	9	Mi5	E5	336	336	1	8	357	95	96	ni	7.75
217	9	Re5	D5	327	327	1	8	357	95	96		7.8
218	9	Do5	C5	318	318	1	8	357	95	96		7.85
219	9	Si4b1	B4b1	313	313	1	8	357	95	96		7.9
220	9	Do5	C5	318	318	1	8	357	95	96		7.95
221	9	Si4b1	B4b1	313	313	1	16	179	95	96		7.975
222	9	La4	A4	305	305	1	16	179	95	96		8.0
223	9	La4	A4	305	305	1	2	1429	95	96		8.2
224	9	Sol4	G4	296	296	1	4	714	95	96	sev	8.3
225	9	La4	A4	305	305	1	4	714	95	96	dim	8.4
226	9	Si4b1	B4b1	313	313	1	8	357	95	96		8.45
227	9	La4	A4	305	305	1	8	357	95	96		8.5
228	9	La4	A4	305	305	1	8	357	95	96	se	8.55
229	9	Sol4	G4	296	296	1	8	357	95	96		8.6
230	9	Sol4	G4	296	296	1	8	357	95	96	ni	8.65
231	9	Fa4#4	F4#4	291	291	1	8	357	95	96		8.7
232	9	Fa4#4	F4#4	291	291	3	16	536	95	96	vay	8.775
233	9	Mi4	E4	283	283	1	16	179	95	96		8.8
234	9	Re4	D4	274	274	3	8	1071	95	96		8.95
235	9	Es	Es	-1	-1	1	8	357	100	0		9.0
236	9	Re5	D5	327	327	3	8	1071	95	96	Ah	9.15
237	9	Do5#4	C5#4	322	322	1	8	357	95	96		9.2
238	9	Si4	B4	314	314	1	8	357	95	96	çeş	9.25
239	9	Do5#4	C5#4	322	322	1	8	357	95	96		9.3
240	9	Re5	D5	327	327	1	2	1429	95	96		9.5
241	9	Re5	D5	327	327	1	4	714	95	96	mi	9.6
242	9	La5	A5	358	358	1	4	714	95	96	ne	9.7
243	9	La5	A5	358	358	1	8	357	95	96	hay	9.75
244	9	Sol5	G5	349	349	1	4	714	95	96		9.85
245	9	Fa5	F5	340	340	1	8	357	95	96		9.9
246	9	Fa5	F5	340	340	1	8	357	95	96		9.95
247	9	Mi5	E5	336	336	1	8	357	95	96		10.0
248	9	Mi5	E5	336	336	1	8	357	95	96		10.05
249	9	Re5	D5	327	327	1	8	357	95	96		10.1
250	9	Re5	D5	327	327	1	8	357	95	96		10.15
251	9	Do5	C5	318	318	1	8	357	95	96		10.2
252	9	Si4b1	B4b1	313	313	1	4	714	95	96	ra	10.3
253	9	Mi5b4	E5b4	332	332	1	8	357	95	96	nım	10.35
254	9	Re5	D5	327	327	1	8	357	95	96		10.4
255	9	Fa5#4	F5#4	344	344	1	8	357	95	96		10.45
256	9	Mi5b4	E5b4	332	332	1	16	179	95	96		10.475
257	9	Re5	D5	327	327	1	16	179	95	96		10.5
258	9	Re5	D5	327	327	3	16	536	95	96	gel	10.575
259	9	Do5	C5	318	318	1	16	179	95	96		10.6
260	9	Do5	C5	318	318	1	8	357	95	96	gel	10.65
261	9	Do5	C5	318	318	1	16	179	95	96	a	10.675
262	9	Si4b1	B4b1	313	313	1	16	179	95	96		10.7
263	9	Si4b1	B4b1	313	313	1	2	1429	95	96	man	10.9
264	9	Es	Es	-1	-1	1	4	714	100	0		11.0
265	51			0	0	28	4	0	60	0		11.0
266	9	Sol5	G5	349	349	1	4	769	95	96	Et	11.0357142857
267	9	Mi5	E5	336	336	1	8	385	95	96		11.0535714286
268	9	Fa5#5	F5#5	345	345	1	8	385	95	96		11.0714285714
269	9	Sol5	G5	349	349	1	8	385	95	96	mek	11.0892857143
270	9	La5	A5	358	358	1	8	385	95	96		11.1071428571
271	9	Sol5	G5	349	349	1	8	385	95	96		11.125
272	9	Fa5#5	F5#5	345	345	1	4	770	95	96		11.1607142857
273	9	Mi5	E5	336	336	1	4	769	95	96		11.1964285714
274	9	Sol5	G5	349	349	1	8	385	95	96	ce	11.2142857143
275	9	Fa5#5	F5#5	345	345	1	8	385	95	96	fa	11.2321428571
276	9	Sol5	G5	349	349	1	8	385	95	96		11.25
277	9	Fa5#5	F5#5	345	345	1	8	385	95	96		11.2678571429
278	9	Mi5	E5	336	336	1	8	385	95	96		11.2857142857
279	9	Re5	D5	327	327	3	8	1154	95	96		11.3392857143
280	9	La5	A5	358	358	1	8	385	95	96		11.3571428571
281	9	La5	A5	358	358	1	8	385	95	96	vü	11.375
282	9	Sol5	G5	349	349	1	4	769	95	96		11.4107142857
283	9	Fa5	F5	340	340	1	8	385	95	96		11.4285714286
284	9	Fa5	F5	340	340	1	8	385	95	96		11.4464285714
285	9	Mi5	E5	336	336	1	8	385	95	96		11.4642857143
286	9	Mi5	E5	336	336	1	8	385	95	96		11.4821428571
287	9	Re5	D5	327	327	1	8	385	95	96		11.5
288	9	Re5	D5	327	327	1	8	385	95	96		11.5178571429
289	9	Do5	C5	318	318	1	8	385	95	96		11.5357142857
290	9	Re5	D5	327	327	1	8	385	95	96	ki	11.5535714286
291	9	Mi5	E5	336	336	1	8	385	95	96		11.5714285714
292	9	Fa5	F5	340	340	1	8	385	95	96		11.5892857143
293	9	Mi5	E5	336	336	1	8	385	95	96		11.6071428571
294	9	Re5	D5	327	327	1	8	385	95	96		11.625
295	9	Do5	C5	318	318	1	8	385	95	96		11.6428571429
296	9	Si4	B4	314	314	1	8	385	95	96		11.6607142857
297	9	La4	A4	305	305	1	4	769	95	96		11.6964285714
298	9	Do5	C5	318	318	1	8	385	95	96	ne	11.7142857143
299	9	Si4	B4	314	314	1	8	385	95	96	ye	11.7321428571
300	9	Do5	C5	318	318	1	8	385	95	96		11.75
301	9	Si4	B4	314	314	1	8	385	95	96		11.7678571429
302	9	La4	A4	305	305	1	8	385	95	96		11.7857142857
303	9	Sol4	G4	296	296	1	4	769	95	96		11.8214285714
304	9	Si4	B4	314	314	1	8	385	95	96		11.8392857143
305	9	La4	A4	305	305	1	8	385	95	96		11.8571428571
306	9	La4	A4	305	305	1	8	385	95	96	vay	11.875
307	9	Sol4	G4	296	296	1	8	385	95	96		11.8928571429
308	9	Fa4#5	F4#5	292	292	1	8	385	95	96		11.9107142857
309	9	La4	A4	305	305	1	16	192	95	96		11.9196428571
310	9	Sol4	G4	296	296	1	16	192	95	96		11.9285714286
311	9	Sol4	G4	296	296	3	8	1154	95	96		11.9821428571
312	9	Es	Es	-1	-1	1	8	385	100	0		12.0
313	9	Sol5	G5	349	349	3	16	625	95	96	Ta	12.0267857143
314	9	Fa5#5	F5#5	345	345	1	16	208	95	96		12.0357142857
315	9	Mi5	E5	336	336	1	8	417	95	96		12.0535714286
316	9	Fa5#5	F5#5	345	345	1	8	417	95	96		12.0714285714
317	9	Sol5	G5	349	349	1	2	1667	95	96		12.1428571429
318	9	Fa5#5	F5#5	345	345	1	8	417	95	96		12.1607142857
319	9	Sol5	G5	349	349	1	8	417	95	96		12.1785714286
320	9	La5	A5	358	358	1	8	417	95	96		12.1964285714
321	9	Si5	B5	367	367	1	8	417	95	96	be	12.2142857143
322	9	Sol5	G5	349	349	1	8	417	95	96	key	12.2321428571
323	9	Do6	C6	371	371	1	8	417	95	96		12.25
324	9	Si5	B5	367	367	1	8	417	95	96		12.2678571429
325	9	La5	A5	358	358	1	8	417	95	96		12.2857142857
326	9	Sol5	G5	349	349	1	8	417	95	96		12.3035714286
327	9	Fa5#5	F5#5	345	345	1	8	417	95	96		12.3214285714
328	9	Mi5	E5	336	336	1	8	417	95	96		12.3392857143
329	9	Sol5	G5	349	349	1	8	417	95	96		12.3571428571
330	9	Fa5#5	F5#5	345	345	1	4	833	95	96	si	12.3928571429
331	9	Sol5	G5	349	349	1	8	417	95	96		12.4107142857
332	9	Fa5#5	F5#5	345	345	1	8	417	95	96		12.4285714286
333	9	Mi5	E5	336	336	1	8	417	95	96		12.4464285714
334	9	Fa5#5	F5#5	345	345	1	8	417	95	96		12.4642857143
335	9	Sol5	G5	349	349	1	4	833	95	96		12.5
336	9	Sol5	G5	349	349	1	8	417	95	96	nem	12.5178571429
337	9	Es	Es	-1	-1	1	8	417	100	0		12.5357142857
338	9	Mi5	E5	336	336	1	8	417	95	96		12.5535714286
339	9	Fa5#5	F5#5	345	345	1	8	417	95	96		12.5714285714
340	9	Sol5	G5	349	349	1	8	417	95	96		12.5892857143
341	9	La5	A5	358	358	1	8	417	95	96		12.6071428571
342	9	Sol5	G5	349	349	1	8	417	95	96		12.625
343	9	Fa5#5	F5#5	345	345	1	8	417	95	96		12.6428571429
344	9	Fa5#5	F5#5	345	345	1	8	417	95	96		12.6607142857
345	9	Mi5	E5	336	336	1	4	833	95	96		12.6964285714
346	9	Sol5	G5	349	349	1	8	417	95	96	de	12.7142857143
347	9	Fa5#5	F5#5	345	345	1	8	417	95	96	ca	12.7321428571
348	9	Sol5	G5	349	349	1	8	417	95	96		12.75
349	9	Fa5#5	F5#5	345	345	1	8	417	95	96		12.7678571429
350	9	Mi5	E5	336	336	1	8	417	95	96		12.7857142857
351	9	Re5	D5	327	327	1	4	833	95	96		12.8214285714
352	9	Sol5	G5	349	349	1	8	417	95	96		12.8392857143
353	9	Fa5	F5	340	340	1	16	208	95	96		12.8482142857
354	9	Mi5	E5	336	336	1	16	208	95	96		12.8571428571
355	9	Re5	D5	327	327	1	8	417	95	96	et	12.875
356	9	Do5#4	C5#4	322	322	1	16	208	95	96		12.8839285714
357	9	Si4	B4	314	314	1	16	208	95	96		12.8928571429
358	9	Do5#4	C5#4	322	322	1	8	417	95	96		12.9107142857
359	9	Re5	D5	327	327	1	8	417	95	96		12.9285714286
360	9	Do5#4	C5#4	322	322	3	8	1250	95	96		12.9821428571
361	9	Re5	D5	327	327	1	8	417	95	96		13.0
362	9	Si4	B4	314	314	1	4	833	95	96		13.0357142857
363	9	Do5#4	C5#4	322	322	1	8	417	95	96	mek	13.0535714286
364	9	Re5	D5	327	327	1	16	208	95	96		13.0625
365	9	Mi5	E5	336	336	1	16	208	95	96		13.0714285714
366	9	Re5	D5	327	327	1	8	417	95	96		13.0892857143
367	9	Mi5	E5	336	336	1	16	208	95	96		13.0982142857
368	9	Fa5	F5	340	340	1	16	208	95	96		13.1071428571
369	9	Mi5	E5	336	336	1	16	208	95	96		13.1160714286
370	9	Re5	D5	327	327	1	16	208	95	96		13.125
371	9	Do5#4	C5#4	322	322	1	8	417	95	96		13.1428571429
372	9	Do5#4	C5#4	322	322	1	8	417	95	96		13.1607142857
373	9	Si4	B4	314	314	1	4	833	95	96		13.1964285714
374	9	Re5	D5	327	327	1	8	417	95	96	ce	13.2142857143
375	9	Do5#4	C5#4	322	322	1	8	417	95	96	fa	13.2321428571
376	9	Re5	D5	327	327	1	8	417	95	96		13.25
377	9	Do5#4	C5#4	322	322	1	8	417	95	96		13.2678571429
378	9	Si4	B4	314	314	1	8	417	95	96		13.2857142857
379	9	La4	A4	305	305	3	8	1250	95	96		13.3392857143
380	9	Do5	C5	318	318	1	8	417	95	96		13.3571428571
381	9	Si4	B4	314	314	1	8	417	95	96	vü	13.375
382	9	La4	A4	305	305	1	8	417	95	96		13.3928571429
383	9	Sol4	G4	296	296	1	8	417	95	96		13.4107142857
384	9	Fa4#5	F4#5	292	292	1	8	417	95	96		13.4285714286
385	9	Sol4	G4	296	296	1	2	1667	95	96		13.5
386	9	Es	Es	-1	-1	1	4	833	100	0		13.5357142857
387	9	Mi5	E5	336	336	1	8	417	95	96	ki	13.5535714286
388	9	Fa5#5	F5#5	345	345	1	8	417	95	96		13.5714285714
389	9	Sol5	G5	349	349	1	8	417	95	96		13.5892857143
390	9	La5	A5	358	358	1	8	417	95	96		13.6071428571
391	9	Sol5	G5	349	349	1	8	417	95	96		13.625
392	9	Fa5#5	F5#5	345	345	1	8	417	95	96		13.6428571429
393	9	Sol5	G5	349	349	1	4	833	95	96		13.6785714286
394	9	La5	A5	358	358	1	4	833	95	96	ne	13.7142857143
395	9	La5	A5	358	358	1	8	417	95	96		13.7321428571
396	9	Sol5	G5	349	349	1	4	833	95	96	ye	13.7678571429
397	9	Fa5#5	F5#5	345	345	1	8	417	95	96		13.7857142857
398	9	Mi5	E5	336	336	1	8	417	95	96		13.8035714286
399	9	Fa5#5	F5#5	345	345	1	8	417	95	96		13.8214285714
400	9	Sol5	G5	349	349	1	8	417	95	96		13.8392857143
401	9	La5	A5	358	358	1	16	208	95	96		13.8482142857
402	9	Si5	B5	367	367	1	16	208	95	96		13.8571428571
403	9	La5	A5	358	358	1	8	417	95	96	vay	13.875
404	9	Sol5	G5	349	349	1	8	417	95	96		13.8928571429
405	9	Fa5#5	F5#5	345	345	1	8	417	95	96		13.9107142857
406	9	La5	A5	358	358	1	16	208	95	96		13.9196428571
407	9	Sol5	G5	349	349	1	16	208	95	96		13.9285714286
408	9	Sol5	G5	349	349	3	8	1250	95	96		13.9821428571
409	9	Es	Es	-1	-1	1	8	417	100	0		14.0
410	9	Sol5	G5	349	349	3	16	625	95	96	Ta	14.0267857143
411	9	Fa5#5	F5#5	345	345	1	16	208	95	96		14.0357142857
412	9	Mi5	E5	336	336	1	8	417	95	96	dir	14.0535714286
413	9	Fa5#5	F5#5	345	345	1	8	417	95	96		14.0714285714
414	9	Sol5	G5	349	349	1	2	1667	95	96	ten	14.1428571429
415	9	Sol5	G5	349	349	1	4	833	95	96	nen	14.1785714286
416	9	La5	A5	358	358	1	4	833	95	96	dir	14.2142857143
417	9	La5	A5	358	358	1	8	417	95	96	ten	14.2321428571
418	9	Sol5	G5	349	349	1	8	417	95	96		14.25
419	9	Fa5#5	F5#5	345	345	1	8	417	95	96		14.2678571429
420	9	Mi5	E5	336	336	1	8	417	95	96		14.2857142857
421	9	Re5	D5	327	327	1	4	833	95	96	til	14.3214285714
422	9	Si5	B5	367	367	1	4	833	95	96	lil	14.3571428571
423	9	La5	A5	358	358	1	8	417	95	96	len	14.375
424	9	Sol5	G5	349	349	1	8	417	95	96		14.3928571429
425	9	Fa5#5	F5#5	345	345	1	8	417	95	96		14.4107142857
426	9	La5	A5	358	358	1	16	208	95	96		14.4196428571
427	9	Sol5	G5	349	349	1	16	208	95	96		14.4285714286
428	9	Sol5	G5	349	349	1	2	1667	95	96		14.5
429	9	Es	Es	-1	-1	1	4	833	100	0		14.5357142857
430	9	Mi5	E5	336	336	1	8	417	95	96	ye	14.5535714286
431	9	Fa5#5	F5#5	345	345	1	8	417	95	96	le	14.5714285714
432	9	Sol5	G5	349	349	3	8	1250	95	96	lel	14.625
433	9	Fa5#5	F5#5	345	345	1	8	417	95	96		14.6428571429
434	9	La5	A5	358	358	1	16	208	95	96	lel	14.6517857143
435	9	Sol5	G5	349	349	1	16	208	95	96		14.6607142857
436	9	Fa5#5	F5#5	345	345	1	16	208	95	96		14.6696428571
437	9	Mi5	E5	336	336	1	16	208	95	96		14.6785714286
438	9	Re5	D5	327	327	3	16	625	95	96		14.7053571429
439	9	Do5	C5	318	318	1	16	208	95	96		14.7142857143
440	9	Sol5	G5	349	349	3	16	625	95	96	lel	14.7410714286
441	9	Fa5	F5	340	340	1	16	208	95	96		14.75
442	9	Fa5	F5	340	340	3	16	625	95	96	lel	14.7767857143
443	9	Mi5	E5	336	336	1	16	208	95	96		14.7857142857
444	9	Mi5	E5	336	336	1	8	417	95	96	le	14.8035714286
445	9	Mi5	E5	336	336	1	16	208	95	96	le	14.8125
446	9	Re5	D5	327	327	1	16	208	95	96		14.8214285714
447	9	Es	Es	-1	-1	1	8	417	100	0		14.8392857143
448	9	Mi5	E5	336	336	1	8	417	95	96	le	14.8571428571
449	9	Re5	D5	327	327	1	8	417	95	96		14.875
450	9	Do5	C5	318	318	1	8	417	95	96	le	14.8928571429
451	9	Si4b1	B4b1	313	313	1	8	417	95	96	lel	14.9107142857
452	9	Si4b1	B4b1	313	313	1	16	208	95	96		14.9196428571
453	9	La4#4	A4#4	309	309	1	16	208	95	96		14.9285714286
454	9	Si4b1	B4b1	313	313	1	2	1667	95	96	li	15.0
455	51			0	0	10	4	0	31	0		15.0
456	9	Do5	C5	318	318	1	4	714	95	96	Ah	15.1
457	9	Si4b1	B4b1	313	313	1	8	357	95	96		15.15
458	9	La4#4	A4#4	309	309	1	8	357	95	96		15.2
459	9	Sol4	G4	296	296	1	4	714	95	96	at	15.3
460	9	Si4b1	B4b1	313	313	1	2	1429	95	96	ma	15.5
461	9	La4#4	A4#4	309	309	1	8	357	95	96	be	15.55
462	9	Si4b1	B4b1	313	313	1	8	357	95	96		15.6
463	9	Do5	C5	318	318	1	8	357	95	96		15.65
464	9	Re5	D5	327	327	1	8	357	95	96		15.7
465	9	Mi5	E5	336	336	1	8	357	95	96	ni	15.75
466	9	Re5	D5	327	327	1	8	357	95	96		15.8
467	9	Do5	C5	318	318	1	8	357	95	96		15.85
468	9	Si4b1	B4b1	313	313	1	8	357	95	96		15.9
469	9	La4#4	A4#4	309	309	1	8	357	95	96		15.95
470	9	Si4b1	B4b1	313	313	1	8	357	95	96		16.0
471	9	Re5	D5	327	327	1	8	357	95	96		16.05
472	9	Do5	C5	318	318	1	8	357	95	96		16.1
473	9	Si4b1	B4b1	313	313	1	8	357	95	96		16.15
474	9	La4#4	A4#4	309	309	1	8	357	95	96		16.2
475	9	Sol4	G4	296	296	1	4	714	95	96	yak	16.3
476	9	Si4b1	B4b1	313	313	1	2	1429	95	96	ma	16.5
477	9	La4#4	A4#4	309	309	1	8	357	95	96	be	16.55
478	9	Si4b1	B4b1	313	313	1	8	357	95	96		16.6
479	9	Do5	C5	318	318	1	8	357	95	96		16.65
480	9	Re5	D5	327	327	1	8	357	95	96		16.7
481	9	Mi5	E5	336	336	1	8	357	95	96	ni	16.75
482	9	Re5	D5	327	327	1	8	357	95	96		16.8
483	9	Do5	C5	318	318	1	8	357	95	96		16.85
484	9	Si4b1	B4b1	313	313	1	8	357	95	96		16.9
485	9	Do5	C5	318	318	1	8	357	95	96		16.95
486	9	Si4b1	B4b1	313	313	1	16	179	95	96		16.975
487	9	La4	A4	305	305	1	16	179	95	96		17.0
488	9	La4	A4	305	305	1	2	1429	95	96		17.2
489	9	Sol4	G4	296	296	1	4	714	95	96	sev	17.3
490	9	La4	A4	305	305	1	4	714	95	96	dim	17.4
491	9	Si4	B4	314	314	1	8	357	95	96		17.45
492	9	La4	A4	305	305	1	8	357	95	96		17.5
493	9	La4	A4	305	305	1	8	357	95	96	se	17.55
494	9	Sol4	G4	296	296	1	8	357	95	96		17.6
495	9	Sol4	G4	296	296	1	8	357	95	96	ni	17.65
496	9	Fa4#4	F4#4	291	291	1	8	357	95	96		17.7
497	9	Fa4#4	F4#4	291	291	3	16	536	95	96	vay	17.775
498	9	Mi4	E4	283	283	1	16	179	95	96		17.8
499	9	Re4	D4	274	274	1	4	714	95	96		17.9
500	9	Do5	C5	318	318	1	8	357	95	96	ah	17.95
501	9	Si4b1	B4b1	313	313	1	16	179	95	96		17.975
502	9	La4#4	A4#4	309	309	1	16	179	95	96		18.0
503	9	Si4b1	B4b1	313	313	3	8	1071	95	96		18.15
504	9	La4#4	A4#4	309	309	1	8	357	95	96		18.2
505	9	Sol4	G4	296	296	1	4	714	95	96	et	18.3
506	9	Si4b1	B4b1	313	313	1	2	1429	95	96	me	18.5
507	9	La4#4	A4#4	309	309	1	8	357	95	96	be	18.55
508	9	Si4b1	B4b1	313	313	1	8	357	95	96		18.6
509	9	Do5	C5	318	318	1	8	357	95	96		18.65
510	9	Re5	D5	327	327	1	8	357	95	96		18.7
511	9	Mi5	E5	336	336	1	8	357	95	96	ni	18.75
512	9	Re5	D5	327	327	1	8	357	95	96		18.8
513	9	Do5	C5	318	318	1	8	357	95	96		18.85
514	9	Si4b1	B4b1	313	313	1	8	357	95	96		18.9
515	9	La4#4	A4#4	309	309	1	8	357	95	96		18.95
516	9	Si4b1	B4b1	313	313	1	8	357	95	96		19.0
517	9	Re5	D5	327	327	1	8	357	95	96		19.05
518	9	Do5	C5	318	318	1	8	357	95	96		19.1
519	9	Si4b1	B4b1	313	313	1	8	357	95	96		19.15
520	9	La4#4	A4#4	309	309	1	8	357	95	96		19.2
521	9	Sol4	G4	296	296	1	4	714	95	96	yak	19.3
522	9	Si4b1	B4b1	313	313	1	2	1429	95	96	ma	19.5
523	9	La4#4	A4#4	309	309	1	8	357	95	96	be	19.55
524	9	Si4b1	B4b1	313	313	1	8	357	95	96		19.6
525	9	Do5	C5	318	318	1	8	357	95	96		19.65
526	9	Re5	D5	327	327	1	8	357	95	96		19.7
527	9	Mi5	E5	336	336	1	8	357	95	96	ni	19.75
528	9	Re5	D5	327	327	1	8	357	95	96		19.8
529	9	Do5	C5	318	318	1	8	357	95	96		19.85
530	9	Si4b1	B4b1	313	313	1	8	357	95	96		19.9
531	9	Do5	C5	318	318	1	8	357	95	96		19.95
532	9	Si4b1	B4b1	313	313	1	16	179	95	96		19.975
533	9	La4	A4	305	305	1	16	179	95	96		20.0
534	9	La4	A4	305	305	1	2	1429	95	96		20.2
535	9	Sol4	G4	296	296	1	4	714	95	96	sev	20.3
536	9	La4	A4	305	305	1	4	714	95	96	dim	20.4
537	9	Si4b1	B4b1	313	313	1	8	357	95	96		20.45
538	9	La4	A4	305	305	1	8	357	95	96		20.5
539	9	La4	A4	305	305	1	8	357	95	96	se	20.55
540	9	Sol4	G4	296	296	1	8	357	95	96		20.6
541	9	Sol4	G4	296	296	1	8	357	95	96	ni	20.65
542	9	Fa4#4	F4#4	291	291	1	8	357	95	96		20.7
543	9	Fa4#4	F4#4	291	291	3	16	536	95	96	vay	20.775
544	9	Mi4	E4	283	283	1	16	179	95	96		20.8
545	9	Re4	D4	274	274	3	8	1071	95	96		20.95
546	9	Es	Es	-1	-1	1	8	357	100	0		21.0
547	9	Re5	D5	327	327	3	8	1071	95	96	Ah	21.15
548	9	Do5#4	C5#4	322	322	1	8	357	95	96		21.2
549	9	Si4	B4	314	314	1	8	357	95	96	çeş	21.25
550	9	Do5#4	C5#4	322	322	1	8	357	95	96		21.3
551	9	Re5	D5	327	327	1	2	1429	95	96		21.5
552	9	Re5	D5	327	327	1	4	714	95	96	mi	21.6
553	9	La5	A5	358	358	1	4	714	95	96	ne	21.7
554	9	La5	A5	358	358	1	8	357	95	96	hay	21.75
555	9	Sol5	G5	349	349	1	4	714	95	96		21.85
556	9	Fa5	F5	340	340	1	8	357	95	96		21.9
557	9	Fa5	F5	340	340	1	8	357	95	96		21.95
558	9	Mi5	E5	336	336	1	8	357	95	96		22.0
559	9	Mi5	E5	336	336	1	8	357	95	96		22.05
560	9	Re5	D5	327	327	1	8	357	95	96		22.1
561	9	Re5	D5	327	327	1	8	357	95	96		22.15
562	9	Do5	C5	318	318	1	8	357	95	96		22.2
563	9	Si4b1	B4b1	313	313	1	4	714	95	96	ra	22.3
564	9	Mi5b4	E5b4	332	332	1	8	357	95	96	nım	22.35
565	9	Re5	D5	327	327	1	8	357	95	96		22.4
566	9	Fa5#4	F5#4	344	344	1	8	357	95	96		22.45
567	9	Mi5b4	E5b4	332	332	1	16	179	95	96		22.475
568	9	Re5	D5	327	327	1	16	179	95	96		22.5
569	9	Re5	D5	327	327	3	16	536	95	96	gel	22.575
570	9	Do5	C5	318	318	1	16	179	95	96		22.6
571	9	Do5	C5	318	318	1	8	357	95	96	gel	22.65
572	9	Do5	C5	318	318	1	16	179	95	96	a	22.675
573	9	Si4b1	B4b1	313	313	1	16	179	95	96		22.7
574	9	Si4b1	B4b1	313	313	1	2	1429	95	96	man	22.9
575	9	Es	Es	-1	-1	1	4	714	100	0		23.0
576	51			0	0	28	4	0	60	0		23.0
577	9	Sol5	G5	349	349	1	4	769	95	96	Et	23.0357142857
578	9	Mi5	E5	336	336	1	8	385	95	96		23.0535714286
579	9	Fa5#5	F5#5	345	345	1	8	385	95	96		23.0714285714
580	9	Sol5	G5	349	349	1	8	385	95	96	mek	23.0892857143
581	9	La5	A5	358	358	1	8	385	95	96		23.1071428571
582	9	Sol5	G5	349	349	1	8	385	95	96		23.125
583	9	Fa5#5	F5#5	345	345	1	4	770	95	96		23.1607142857
584	9	Mi5	E5	336	336	1	4	769	95	96		23.1964285714
585	9	Sol5	G5	349	349	1	8	385	95	96	ce	23.2142857143
586	9	Fa5#5	F5#5	345	345	1	8	385	95	96	fa	23.2321428571
587	9	Sol5	G5	349	349	1	8	385	95	96		23.25
588	9	Fa5#5	F5#5	345	345	1	8	385	95	96		23.2678571429
589	9	Mi5	E5	336	336	1	8	385	95	96		23.2857142857
590	9	Re5	D5	327	327	3	8	1154	95	96		23.3392857143
591	9	La5	A5	358	358	1	8	385	95	96		23.3571428571
592	9	La5	A5	358	358	1	8	385	95	96	vü	23.375
593	9	Sol5	G5	349	349	1	4	769	95	96		23.4107142857
594	9	Fa5	F5	340	340	1	8	385	95	96		23.4285714286
595	9	Fa5	F5	340	340	1	8	385	95	96		23.4464285714
596	9	Mi5	E5	336	336	1	8	385	95	96		23.4642857143
597	9	Mi5	E5	336	336	1	8	385	95	96		23.4821428571
598	9	Re5	D5	327	327	1	8	385	95	96		23.5
599	9	Re5	D5	327	327	1	8	385	95	96		23.5178571429
600	9	Do5	C5	318	318	1	8	385	95	96		23.5357142857
601	9	Re5	D5	327	327	1	8	385	95	96	ki	23.5535714286
602	9	Mi5	E5	336	336	1	8	385	95	96		23.5714285714
603	9	Fa5	F5	340	340	1	8	385	95	96		23.5892857143
604	9	Mi5	E5	336	336	1	8	385	95	96		23.6071428571
605	9	Re5	D5	327	327	1	8	385	95	96		23.625
606	9	Do5	C5	318	318	1	8	385	95	96		23.6428571429
607	9	Si4	B4	314	314	1	8	385	95	96		23.6607142857
608	9	La4	A4	305	305	1	4	769	95	96		23.6964285714
609	9	Do5	C5	318	318	1	8	385	95	96	ne	23.7142857143
610	9	Si4	B4	314	314	1	8	385	95	96	ye	23.7321428571
611	9	Do5	C5	318	318	1	8	385	95	96		23.75
612	9	Si4	B4	314	314	1	8	385	95	96		23.7678571429
613	9	La4	A4	305	305	1	8	385	95	96		23.7857142857
614	9	Sol4	G4	296	296	1	4	769	95	96		23.8214285714
615	9	Si4	B4	314	314	1	8	385	95	96		23.8392857143
616	9	La4	A4	305	305	1	8	385	95	96		23.8571428571
617	9	La4	A4	305	305	1	8	385	95	96	vay	23.875
618	9	Sol4	G4	296	296	1	8	385	95	96		23.8928571429
619	9	Fa4#5	F4#5	292	292	1	8	385	95	96		23.9107142857
620	9	La4	A4	305	305	1	16	192	95	96		23.9196428571
621	9	Sol4	G4	296	296	1	16	192	95	96		23.9285714286
622	9	Sol4	G4	296	296	3	8	1154	95	96		23.9821428571
623	9	Es	Es	-1	-1	1	8	385	100	0		24.0
624	9	Sol4	G4	296	296	1	4	769	95	96	Ken	24.0357142857
625	9	La4	A4	305	305	1	8	385	95	96		24.0535714286
626	9	Si4	B4	314	314	1	8	385	95	96		24.0714285714
627	9	Do5	C5	318	318	1	2	1538	95	96		24.1428571429
628	9	Es	Es	-1	-1	1	8	385	100	0		24.1607142857
629	9	Do5	C5	318	318	1	4	769	95	96	ken	24.1964285714
630	9	Do5	C5	318	318	1	8	385	95	96	din	24.2142857143
631	9	Re5	D5	327	327	1	8	385	95	96	et	24.2321428571
632	9	Mi5	E5	336	336	1	4	769	95	96		24.2678571429
633	9	Re5	D5	327	327	1	8	385	95	96		24.2857142857
634	9	Do5	C5	318	318	1	4	769	95	96		24.3214285714
635	9	Mi5	E5	336	336	1	4	769	95	96		24.3571428571
636	9	Re5	D5	327	327	1	8	385	95	96	mez	24.375
637	9	Do5	C5	318	318	1	8	385	95	96		24.3928571429
638	9	Si4	B4	314	314	1	8	385	95	96		24.4107142857
639	9	Re5	D5	327	327	1	16	192	95	96		24.4196428571
640	9	Do5	C5	318	318	1	16	192	95	96		24.4285714286
641	9	Do5	C5	318	318	1	2	1538	95	96		24.5
642	9	Do5	C5	318	318	1	4	769	95	96		24.5357142857
643	9	Mi5	E5	336	336	1	4	769	95	96	sin	24.5714285714
644	9	Re5	D5	327	327	1	8	385	95	96		24.5892857143
645	9	Do5	C5	318	318	1	4	769	95	96		24.625
646	9	Si4	B4	314	314	1	8	385	95	96		24.6428571429
647	9	Si4	B4	314	314	1	8	385	95	96		24.6607142857
648	9	La4	A4	305	305	1	4	769	95	96		24.6964285714
649	9	Si4	B4	314	314	1	8	385	95	96	te	24.7142857143
650	9	La4	A4	305	305	1	8	385	95	96	ham	24.7321428571
651	9	Si4	B4	314	314	1	4	769	95	96		24.7678571429
652	9	La4	A4	305	305	1	8	385	95	96		24.7857142857
653	9	Sol4	G4	296	296	1	4	769	95	96		24.8214285714
654	9	Si4	B4	314	314	1	4	769	95	96		24.8571428571
655	9	La4	A4	305	305	1	8	385	95	96	mül	24.875
656	9	Sol4	G4	296	296	1	8	385	95	96		24.8928571429
657	9	Fa4#5	F4#5	292	292	1	8	385	95	96		24.9107142857
658	9	La4	A4	305	305	1	16	192	95	96		24.9196428571
659	9	Sol4	G4	296	296	1	16	192	95	96		24.9285714286
660	9	Sol4	G4	296	296	3	8	1154	95	96		24.9821428571
661	9	Es	Es	-1	-1	1	8	385	100	0		25.0
662	9	Sol4	G4	296	296	1	4	769	95	96	hic	25.0357142857
663	9	La4	A4	305	305	1	8	385	95	96		25.0535714286
664	9	Si4	B4	314	314	1	8	385	95	96		25.0714285714
665	9	Do5	C5	318	318	1	2	1538	95	96		25.1428571429
666	9	Es	Es	-1	-1	1	8	385	100	0		25.1607142857
667	9	Do5	C5	318	318	1	4	769	95	96	hic	25.1964285714
668	9	Do5	C5	318	318	1	8	385	95	96	ri	25.2142857143
669	9	Re5	D5	327	327	1	8	385	95	96	ne	25.2321428571
670	9	Mi5	E5	336	336	1	4	769	95	96		25.2678571429
671	9	Re5	D5	327	327	1	8	385	95	96		25.2857142857
672	9	Do5	C5	318	318	1	4	769	95	96		25.3214285714
673	9	Mi5	E5	336	336	1	4	769	95	96		25.3571428571
674	9	Re5	D5	327	327	1	8	385	95	96	a	25.375
675	9	Do5	C5	318	318	1	8	385	95	96		25.3928571429
676	9	Si4	B4	314	314	1	8	385	95	96		25.4107142857
677	9	Re5	D5	327	327	1	16	192	95	96		25.4196428571
678	9	Do5	C5	318	318	1	16	192	95	96		25.4285714286
679	9	Do5	C5	318	318	1	2	1538	95	96		25.5
680	9	Do5	C5	318	318	1	4	769	95	96		25.5357142857
681	9	Mi5	E5	336	336	1	4	769	95	96	şık	25.5714285714
682	9	Re5	D5	327	327	1	8	385	95	96		25.5892857143
683	9	Do5	C5	318	318	1	4	769	95	96		25.625
684	9	Si4	B4	314	314	1	8	385	95	96		25.6428571429
685	9	Si4	B4	314	314	1	8	385	95	96		25.6607142857
686	9	La4	A4	305	305	1	4	769	95	96		25.6964285714
687	9	Si4	B4	314	314	1	8	385	95	96	de	25.7142857143
688	9	La4	A4	305	305	1	8	385	95	96	ğil	25.7321428571
689	9	Si4	B4	314	314	1	4	769	95	96		25.7678571429
690	9	La4	A4	305	305	1	8	385	95	96		25.7857142857
691	9	Sol4	G4	296	296	1	4	769	95	96		25.8214285714
692	9	Si4	B4	314	314	1	4	769	95	96		25.8571428571
693	9	La4	A4	305	305	1	8	385	95	96	vay	25.875
694	9	Sol4	G4	296	296	1	8	385	95	96		25.8928571429
695	9	Fa4#5	F4#5	292	292	1	8	385	95	96		25.9107142857
696	9	La4	A4	305	305	1	16	192	95	96		25.9196428571
697	9	Sol4	G4	296	296	1	16	192	95	96		25.9285714286
698	9	Sol4	G4	296	296	3	8	1154	95	96		25.9821428571
699	9	Es	Es	-1	-1	1	8	385	100	0		26.0
700	9	Sol4	G4	296	296	1	4	769	95	96	Ta	26.0357142857
701	9	La4	A4	305	305	1	8	385	95	96	dir	26.0535714286
702	9	Si4	B4	314	314	1	8	385	95	96		26.0714285714
703	9	Do5	C5	318	318	1	2	1538	95	96	ten	26.1428571429
704	9	Do5	C5	318	318	1	4	769	95	96	nen	26.1785714286
705	9	Mi5	E5	336	336	1	4	769	95	96	dir	26.2142857143
706	9	Re5	D5	327	327	1	8	385	95	96	ten	26.2321428571
707	9	Do5	C5	318	318	1	8	385	95	96		26.25
708	9	Si4	B4	314	314	1	8	385	95	96		26.2678571429
709	9	La4	A4	305	305	1	8	385	95	96		26.2857142857
710	9	Sol4	G4	296	296	1	4	769	95	96	til	26.3214285714
711	9	Do5	C5	318	318	1	4	769	95	96	lil	26.3571428571
712	9	Re5	D5	327	327	1	8	385	95	96	len	26.375
713	9	Do5	C5	318	318	1	8	385	95	96		26.3928571429
714	9	Si4	B4	314	314	1	8	385	95	96		26.4107142857
715	9	Re5	D5	327	327	1	16	192	95	96		26.4196428571
716	9	Do5	C5	318	318	1	16	192	95	96		26.4285714286
717	9	Do5	C5	318	318	3	8	1154	95	96		26.4821428571
718	9	Es	Es	-1	-1	1	8	385	100	0		26.5
719	9	Es	Es	-1	-1	1	4	769	100	0		26.5357142857
720	9	Do5	C5	318	318	1	8	385	95	96	ye	26.5535714286
721	9	Re5	D5	327	327	1	8	385	95	96	le	26.5714285714
722	9	Re5	D5	327	327	1	8	385	95	96	lel	26.5892857143
723	9	Do5	C5	318	318	1	4	769	95	96		26.625
724	9	Si4	B4	314	314	1	8	385	95	96		26.6428571429
725	9	Si4	B4	314	314	1	8	385	95	96		26.6607142857
726	9	La4	A4	305	305	1	4	769	95	96	lel	26.6964285714
727	9	Si4	B4	314	314	1	8	385	95	96		26.7142857143
728	9	La4	A4	305	305	1	8	385	95	96		26.7321428571
729	9	Sol4	G4	296	296	1	8	385	95	96		26.75
730	9	Re5	D5	327	327	1	8	385	95	96	le	26.7678571429
731	9	Do5	C5	318	318	1	8	385	95	96		26.7857142857
732	9	Do5	C5	318	318	1	8	385	95	96	lel	26.8035714286
733	9	Si4	B4	314	314	1	4	769	95	96		26.8392857143
734	9	La4	A4	305	305	1	8	385	95	96	le	26.8571428571
735	9	Es	Es	-1	-1	1	8	385	100	0		26.875
736	9	Si4	B4	314	314	1	8	385	95	96	le	26.8928571429
737	9	La4	A4	305	305	1	8	385	95	96		26.9107142857
738	9	Sol4	G4	296	296	1	8	385	95	96	le	26.9285714286
739	9	Fa4#4	F4#4	291	291	3	16	577	95	96	lel	26.9553571429
740	9	Mi4	E4	283	283	1	16	192	95	96		26.9642857143
741	9	Mi4	E4	283	283	1	4	769	95	96	li	27.0
742	51			0	0	10	4	0	31	0		27.0
743	9	Do5	C5	318	318	1	2	1429	95	96	Ah	27.2
744	9	Sol4	G4	296	296	1	4	714	95	96	at	27.3
745	9	Do5	C5	318	318	3	8	1071	95	96	ma	27.45
746	9	Es	Es	-1	-1	1	8	357	100	0		27.5
747	9	Si4	B4	314	314	1	8	357	95	96	be	27.55
748	9	Do5	C5	318	318	1	8	357	95	96		27.6
749	9	Re5	D5	327	327	1	8	357	95	96		27.65
750	9	Fa5	F5	340	340	1	8	357	95	96		27.7
751	9	Mi5	E5	336	336	1	8	357	95	96	ni	27.75
752	9	Re5	D5	327	327	1	8	357	95	96		27.8
753	9	Do5	C5	318	318	1	8	357	95	96		27.85
754	9	Si4	B4	314	314	1	8	357	95	96		27.9
755	9	La4	A4	305	305	1	8	357	95	96		27.95
756	9	Si4	B4	314	314	1	8	357	95	96		28.0
757	9	Re5	D5	327	327	1	8	357	95	96		28.05
758	9	Do5	C5	318	318	1	8	357	95	96		28.1
759	9	Si4	B4	314	314	1	8	357	95	96		28.15
760	9	La4	A4	305	305	1	8	357	95	96		28.2
761	9	Sol4	G4	296	296	1	4	714	95	96	yak	28.3
762	9	Do5	C5	318	318	1	2	1429	95	96	ma	28.5
763	9	Si4	B4	314	314	1	8	357	95	96	be	28.55
764	9	Do5	C5	318	318	1	8	357	95	96		28.6
765	9	Re5	D5	327	327	1	8	357	95	96		28.65
766	9	Fa5	F5	340	340	1	8	357	95	96		28.7
767	9	Mi5	E5	336	336	1	8	357	95	96	ni	28.75
768	9	Re5	D5	327	327	1	8	357	95	96		28.8
769	9	Do5	C5	318	318	1	8	357	95	96		28.85
770	9	Si4	B4	314	314	1	8	357	95	96		28.9
771	9	Do5	C5	318	318	1	8	357	95	96		28.95
772	9	Si4	B4	314	314	1	16	179	95	96		28.975
773	9	La4	A4	305	305	1	16	179	95	96		29.0
774	9	La4	A4	305	305	1	2	1429	95	96		29.2
775	9	Re5	D5	327	327	1	4	714	95	96	sev	29.3
776	9	Do5	C5	318	318	1	8	357	95	96	dim	29.35
777	9	Si4	B4	314	314	1	4	714	95	96		29.45
778	9	La4	A4	305	305	1	8	357	95	96		29.5
779	9	Sol4	G4	296	296	1	8	357	95	96	se	29.55
780	9	Fa4#5	F4#5	292	292	1	8	357	95	96		29.6
781	9	Sol4	G4	296	296	1	8	357	95	96	ni	29.65
782	9	La4	A4	305	305	1	8	357	95	96		29.7
783	9	Si4	B4	314	314	1	16	179	95	96	vay	29.725
784	9	La4	A4	305	305	1	16	179	95	96		29.75
785	9	Sol4	G4	296	296	1	16	179	95	96		29.775
786	9	Fa4#4	F4#4	291	291	1	16	179	95	96		29.8
787	9	Mi4	E4	283	283	1	4	714	95	96		29.9
788	9	Do5	C5	318	318	1	8	357	95	96	ah	29.95
789	9	Si4b1	B4b1	313	313	1	16	179	95	96		29.975
790	9	La4#4	A4#4	309	309	1	16	179	95	96		30.0
791	9	Si4b1	B4b1	313	313	3	8	1071	95	96		30.15
792	9	La4#4	A4#4	309	309	1	8	357	95	96		30.2
793	9	Sol4	G4	296	296	1	4	714	95	96	at	30.3
794	9	Si4b1	B4b1	313	313	1	2	1429	95	96	ma	30.5
795	9	La4#4	A4#4	309	309	1	8	357	95	96	be	30.55
796	9	Si4b1	B4b1	313	313	1	8	357	95	96		30.6
797	9	Do5	C5	318	318	1	8	357	95	96		30.65
798	9	Re5	D5	327	327	1	8	357	95	96		30.7
799	9	Mi5	E5	336	336	1	8	357	95	96	ni	30.75
800	9	Re5	D5	327	327	1	8	357	95	96		30.8
801	9	Do5	C5	318	318	1	8	357	95	96		30.85
802	9	Si4b1	B4b1	313	313	1	8	357	95	96		30.9
803	9	La4#4	A4#4	309	309	1	8	357	95	96		30.95
804	9	Si4b1	B4b1	313	313	1	8	357	95	96		31.0
805	9	Re5	D5	327	327	1	8	357	95	96		31.05
806	9	Do5	C5	318	318	1	8	357	95	96		31.1
807	9	Si4b1	B4b1	313	313	1	8	357	95	96		31.15
808	9	La4#4	A4#4	309	309	1	8	357	95	96		31.2
809	9	Sol4	G4	296	296	1	4	714	95	96	yak	31.3
810	9	Si4b1	B4b1	313	313	1	2	1429	95	96	ma	31.5
811	9	La4#4	A4#4	309	309	1	8	357	95	96	be	31.55
812	9	Si4b1	B4b1	313	313	1	8	357	95	96		31.6
813	9	Do5	C5	318	318	1	8	357	95	96		31.65
814	9	Re5	D5	327	327	1	8	357	95	96		31.7
815	9	Mi5	E5	336	336	1	8	357	95	96	ni	31.75
816	9	Re5	D5	327	327	1	8	357	95	96		31.8
817	9	Do5	C5	318	318	1	8	357	95	96		31.85
818	9	Si4b1	B4b1	313	313	1	8	357	95	96		31.9
819	9	Do5	C5	318	318	1	8	357	95	96		31.95
820	9	Si4b1	B4b1	313	313	1	16	179	95	96		31.975
821	9	La4	A4	305	305	1	16	179	95	96		32.0
822	9	La4	A4	305	305	1	2	1429	95	96		32.2
823	9	Sol4	G4	296	296	1	4	714	95	96	sev	32.3
824	9	La4	A4	305	305	1	4	714	95	96	dim	32.4
825	9	Si4b1	B4b1	313	313	1	8	357	95	96		32.45
826	9	La4	A4	305	305	1	8	357	95	96		32.5
827	9	La4	A4	305	305	1	8	357	95	96	se	32.55
828	9	Sol4	G4	296	296	1	8	357	95	96		32.6
829	9	Sol4	G4	296	296	1	8	357	95	96	ni	32.65
830	9	Fa4#4	F4#4	291	291	1	8	357	95	96		32.7
831	9	Fa4#4	F4#4	291	291	3	16	536	95	96	vay	32.775
832	9	Mi4	E4	283	283	1	16	179	95	96		32.8
833	9	Re4	D4	274	274	3	8	1071	95	96		32.95
834	9	Es	Es	-1	-1	1	8	357	100	0		33.0
835	9	Re5	D5	327	327	3	8	1071	95	96	Ah	33.15
836	9	Do5#4	C5#4	322	322	1	8	357	95	96		33.2
837	9	Si4	B4	314	314	1	8	357	95	96	çeş	33.25
838	9	Do5#4	C5#4	322	322	1	8	357	95	96		33.3
839	9	Re5	D5	327	327	1	2	1429	95	96		33.5
840	9	Re5	D5	327	327	1	4	714	95	96	mi	33.6
841	9	La5	A5	358	358	1	4	714	95	96	ne	33.7
842	9	La5	A5	358	358	1	8	357	95	96	hay	33.75
843	9	Sol5	G5	349	349	1	4	714	95	96		33.85
844	9	Fa5	F5	340	340	1	8	357	95	96		33.9
845	9	Fa5	F5	340	340	1	8	357	95	96		33.95
846	9	Mi5	E5	336	336	1	8	357	95	96		34.0
847	9	Mi5	E5	336	336	1	8	357	95	96		34.05
848	9	Re5	D5	327	327	1	8	357	95	96		34.1
849	9	Re5	D5	327	327	1	8	357	95	96		34.15
850	9	Do5	C5	318	318	1	8	357	95	96		34.2
851	9	Si4b1	B4b1	313	313	1	4	714	95	96	ra	34.3
852	9	Mi5b4	E5b4	332	332	1	8	357	95	96	nım	34.35
853	9	Re5	D5	327	327	1	8	357	95	96		34.4
854	9	Fa5#4	F5#4	344	344	1	8	357	95	96		34.45
855	9	Mi5b4	E5b4	332	332	1	16	179	95	96		34.475
856	9	Re5	D5	327	327	1	16	179	95	96		34.5
857	9	Re5	D5	327	327	3	16	536	95	96	gel	34.575
858	9	Do5	C5	318	318	1	16	179	95	96		34.6
859	9	Do5	C5	318	318	1	8	357	95	96	gel	34.65
860	9	Do5	C5	318	318	1	16	179	95	96	a	34.675
861	9	Si4b1	B4b1	313	313	1	16	179	95	96		34.7
862	9	Si4b1	B4b1	313	313	1	2	1429	95	96	man	34.9
863	9	Es	Es	-1	-1	1	4	714	100	0		35.0
864	51			0	0	28	4	0	60	0		35.0
865	9	Sol5	G5	349	349	1	4	769	95	96	Hic	35.0357142857
866	9	Mi5	E5	336	336	1	8	385	95	96		35.0535714286
867	9	Fa5#5	F5#5	345	345	1	8	385	95	96		35.0714285714
868	9	Sol5	G5	349	349	1	8	385	95	96		35.0892857143
869	9	La5	A5	358	358	1	8	385	95	96		35.1071428571
870	9	Sol5	G5	349	349	1	8	385	95	96		35.125
871	9	Fa5#5	F5#5	345	345	1	8	385	95	96		35.1428571429
872	9	Fa5#5	F5#5	345	345	1	8	385	95	96		35.1607142857
873	9	Mi5	E5	336	336	1	4	769	95	96	hic	35.1964285714
874	9	Sol5	G5	349	349	1	8	385	95	96	ri	35.2142857143
875	9	Fa5#5	F5#5	345	345	1	8	385	95	96	ne	35.2321428571
876	9	Sol5	G5	349	349	1	8	385	95	96		35.25
877	9	Fa5#5	F5#5	345	345	1	8	385	95	96		35.2678571429
878	9	Mi5	E5	336	336	1	8	385	95	96		35.2857142857
879	9	Re5	D5	327	327	3	8	1154	95	96		35.3392857143
880	9	La5	A5	358	358	1	8	385	95	96		35.3571428571
881	9	La5	A5	358	358	1	8	385	95	96	a	35.375
882	9	Sol5	G5	349	349	1	4	769	95	96		35.4107142857
883	9	Fa5	F5	340	340	1	8	385	95	96		35.4285714286
884	9	Fa5	F5	340	340	1	8	385	95	96		35.4464285714
885	9	Mi5	E5	336	336	1	8	385	95	96		35.4642857143
886	9	Mi5	E5	336	336	1	8	385	95	96		35.4821428571
887	9	Re5	D5	327	327	1	8	385	95	96		35.5
888	9	Re5	D5	327	327	1	8	385	95	96		35.5178571429
889	9	Do5	C5	318	318	1	8	385	95	96		35.5357142857
890	9	Re5	D5	327	327	1	8	385	95	96		35.5535714286
891	9	Mi5	E5	336	336	1	8	385	95	96	şık	35.5714285714
892	9	Fa5	F5	340	340	1	8	385	95	96		35.5892857143
893	9	Mi5	E5	336	336	1	8	385	95	96		35.6071428571
894	9	Re5	D5	327	327	1	8	385	95	96		35.625
895	9	Do5	C5	318	318	1	8	385	95	96		35.6428571429
896	9	Si4	B4	314	314	1	8	385	95	96		35.6607142857
897	9	La4	A4	305	305	1	4	769	95	96		35.6964285714
898	9	Do5	C5	318	318	1	8	385	95	96	de	35.7142857143
899	9	Si4	B4	314	314	1	8	385	95	96	ğil	35.7321428571
900	9	Do5	C5	318	318	1	8	385	95	96		35.75
901	9	Si4	B4	314	314	1	8	385	95	96		35.7678571429
902	9	La4	A4	305	305	1	8	385	95	96		35.7857142857
903	9	Sol4	G4	296	296	1	4	769	95	96		35.8214285714
904	9	Si4	B4	314	314	1	8	385	95	96		35.8392857143
905	9	La4	A4	305	305	1	8	385	95	96		35.8571428571
906	9	La4	A4	305	305	1	8	385	95	96	vay	35.875
907	9	Sol4	G4	296	296	1	8	385	95	96		35.8928571429
908	9	Fa4#5	F4#5	292	292	1	8	385	95	96		35.9107142857
909	9	La4	A4	305	305	1	16	192	95	96		35.9196428571
910	9	Sol4	G4	296	296	1	16	192	95	96		35.9285714286
911	9	Sol4	G4	296	296	3	8	1154	95	96		35.9821428571
912	9	Es	Es	-1	-1	1	8	385	100	0		36.0
