Sira	Kod	Nota53	NotaAE	Koma53	KomaAE	Pay	Payda	Ms	LNS	Bas	Soz1	Offset
1	9	Re5	D5	327	327	1	8	455	95	96	ARANAĞME	0.125
2	9	Sol5	G5	349	349	1	4	909	95	96	.	0.375
3	9	Fa5#5	F5#5	345	345	1	16	227	95	96	.	0.4375
4	9	Sol5	G5	349	349	1	16	227	95	96	.	0.5
5	9	Si5	B5	367	367	1	16	227	95	96	.	0.5625
6	9	La5	A5	358	358	1	16	227	95	96	.	0.625
7	9	Sol5	G5	349	349	1	16	227	95	96	.	0.6875
8	9	Fa5#5	F5#5	345	345	1	16	227	95	96	.	0.75
9	9	Mi5	E5	336	336	1	4	909	95	96	.	1.0
10	9	Re5	D5	327	327	1	16	227	95	96	.	1.0625
11	9	Mi5	E5	336	336	1	16	227	95	96	.	1.125
12	9	Fa5#5	F5#5	345	345	1	4	909	95	96	.	1.375
13	9	Mi5	E5	336	336	1	16	227	95	96	.	1.4375
14	9	Fa5#5	F5#5	345	345	1	16	227	95	96	.	1.5
15	9	La5	A5	358	358	1	16	227	95	96	.	1.5625
16	9	Sol5	G5	349	349	1	16	227	95	96	.	1.625
17	9	Fa5#5	F5#5	345	345	1	16	227	95	96	.	1.6875
18	9	Mi5	E5	336	336	1	16	227	95	96	.	1.75
19	9	Re5	D5	327	327	1	4	909	95	96	.	2.0
20	9	Re5	D5	327	327	1	8	455	95	96	.	2.125
21	9	Si5	B5	367	367	1	4	909	95	96	.	2.375
22	9	La5	A5	358	358	1	16	227	95	96	.	2.4375
23	9	Si5	B5	367	367	1	16	227	95	96	.	2.5
24	9	Do6	C6	371	371	1	16	227	95	96	.	2.5625
25	9	Si5	B5	367	367	1	16	227	95	96	.	2.625
26	9	La5	A5	358	358	1	16	227	95	96	.	2.6875
27	9	Sol5	G5	349	349	1	16	227	95	96	.	2.75
28	9	Fa5#5	F5#5	345	345	1	4	909	95	96	.	3.0
29	9	Si5	B5	367	367	1	8	455	95	96	.	3.125
30	9	La5	A5	358	358	1	16	227	95	96	.	3.1875
31	9	Si5	B5	367	367	1	16	227	95	96	.	3.25
32	9	Do6	C6	371	371	1	8	455	95	96	.	3.375
33	9	Si5	B5	367	367	1	16	227	95	96	.	3.4375
34	9	La5	A5	358	358	1	16	227	95	96	.	3.5
35	9	La5	A5	358	358	1	16	227	95	96	.	3.5625
36	9	Sol5	G5	349	349	1	16	227	95	96	.	3.625
37	9	Sol5	G5	349	349	1	16	227	95	96	.	3.6875
38	9	Fa5#5	F5#5	345	345	1	16	227	95	96	.	3.75
39	9	Sol5	G5	349	349	1	4	909	95	96	.	4.0
40	9	Es	Es	-1	-1	1	8	455	100	0	.	4.125
41	9	La5	A5	358	358	1	4	909	95	96	.	4.375
42	9	Sol5	G5	349	349	1	8	455	95	96	.	4.5
43	9	La5	A5	358	358	1	16	227	95	96	.	4.5625
44	9	Sol5	G5	349	349	1	16	227	95	96	.	4.625
45	9	Fa5	F5	340	340	1	16	227	95	96	.	4.6875
46	9	Mi5	E5	336	336	1	16	227	95	96	.	4.75
47	9	Re5	D5	327	327	1	4	909	95	96	.	5.0
48	9	Es	Es	-1	-1	1	8	455	100	0	.	5.125
49	9	Fa5	F5	340	340	1	4	909	95	96	.	5.375
50	9	Mi5	E5	336	336	1	8	455	95	96	.	5.5
51	9	Fa5	F5	340	340	1	16	227	95	96	.	5.5625
52	9	Mi5	E5	336	336	1	16	227	95	96	.	5.625
53	9	Re5	D5	327	327	1	16	227	95	96	.	5.6875
54	9	Do5	C5	318	318	1	16	227	95	96	.	5.75
55	9	Si4	B4	314	314	1	4	909	95	96	.	6.0
56	9	Es	Es	-1	-1	1	8	455	100	0	.	6.125
57	9	Sol5	G5	349	349	1	4	909	95	96	.	6.375
58	9	Fa5#5	F5#5	345	345	1	16	227	95	96	.	6.4375
59	9	Mi5	E5	336	336	1	16	227	95	96	.	6.5
60	9	Re5	D5	327	327	1	16	227	95	96	.	6.5625
61	9	Do5	C5	318	318	1	16	227	95	96	.	6.625
62	9	Si4	B4	314	314	1	16	227	95	96	.	6.6875
63	9	La4	A4	305	305	1	16	227	95	96	.	6.75
64	9	Sol4	G4	296	296	1	4	909	95	96	.	7.0
65	9	Do5	C5	318	318	1	8	455	95	96	.	7.125
66	9	Si4	B4	314	314	1	8	455	95	96	.	7.25
67	9	La4	A4	305	305	1	8	455	95	96	.	7.375
68	9	Sol4	G4	296	296	1	8	455	95	96	.	7.5
69	9	Fa4#5	F4#5	292	292	1	4	909	95	96	.	7.75
70	9	Si4	B4	314	314	1	8	455	95	96	.	7.875
71	9	La4	A4	305	305	1	16	227	95	96	.	7.9375
72	9	Sol4	G4	296	296	1	16	227	95	96	.	8.0
73	9	Sol4	G4	296	296	3	8	1364	95	96	.	8.375
74	9	Re4	D4	274	274	1	8	455	95	96	.	8.5
75	9	Mi4	E4	283	283	1	8	455	95	96	.	8.625
76	9	Fa4#5	F4#5	292	292	1	8	455	95	96	.	8.75
77	9	Sol4	G4	296	296	1	4	909	95	96	.	9.0
78	9	Re5	D5	327	327	1	8	455	95	96	ARANAĞME	9.125
79	9	Sol5	G5	349	349	1	4	909	95	96	.	9.375
80	9	Fa5#5	F5#5	345	345	1	16	227	95	96	.	9.4375
81	9	Sol5	G5	349	349	1	16	227	95	96	.	9.5
82	9	Si5	B5	367	367	1	16	227	95	96	.	9.5625
83	9	La5	A5	358	358	1	16	227	95	96	.	9.625
84	9	Sol5	G5	349	349	1	16	227	95	96	.	9.6875
85	9	Fa5#5	F5#5	345	345	1	16	227	95	96	.	9.75
86	9	Mi5	E5	336	336	1	4	909	95	96	.	10.0
87	9	Re5	D5	327	327	1	16	227	95	96	.	10.0625
88	9	Mi5	E5	336	336	1	16	227	95	96	.	10.125
89	9	Fa5#5	F5#5	345	345	1	4	909	95	96	.	10.375
90	9	Mi5	E5	336	336	1	16	227	95	96	.	10.4375
91	9	Fa5#5	F5#5	345	345	1	16	227	95	96	.	10.5
92	9	La5	A5	358	358	1	16	227	95	96	.	10.5625
93	9	Sol5	G5	349	349	1	16	227	95	96	.	10.625
94	9	Fa5#5	F5#5	345	345	1	16	227	95	96	.	10.6875
95	9	Mi5	E5	336	336	1	16	227	95	96	.	10.75
96	9	Re5	D5	327	327	1	4	909	95	96	.	11.0
97	9	Re5	D5	327	327	1	8	455	95	96	.	11.125
98	9	Si5	B5	367	367	1	4	909	95	96	.	11.375
99	9	La5	A5	358	358	1	16	227	95	96	.	11.4375
100	9	Si5	B5	367	367	1	16	227	95	96	.	11.5
101	9	Do6	C6	371	371	1	16	227	95	96	.	11.5625
102	9	Si5	B5	367	367	1	16	227	95	96	.	11.625
103	9	La5	A5	358	358	1	16	227	95	96	.	11.6875
104	9	Sol5	G5	349	349	1	16	227	95	96	.	11.75
105	9	Fa5#5	F5#5	345	345	1	4	909	95	96	.	12.0
106	9	Si5	B5	367	367	1	8	455	95	96	.	12.125
107	9	La5	A5	358	358	1	16	227	95	96	.	12.1875
108	9	Si5	B5	367	367	1	16	227	95	96	.	12.25
109	9	Do6	C6	371	371	1	8	455	95	96	.	12.375
110	9	Si5	B5	367	367	1	16	227	95	96	.	12.4375
111	9	La5	A5	358	358	1	16	227	95	96	.	12.5
112	9	La5	A5	358	358	1	16	227	95	96	.	12.5625
113	9	Sol5	G5	349	349	1	16	227	95	96	.	12.625
114	9	Sol5	G5	349	349	1	16	227	95	96	.	12.6875
115	9	Fa5#5	F5#5	345	345	1	16	227	95	96	.	12.75
116	9	Sol5	G5	349	349	1	4	909	95	96	.	13.0
117	9	Es	Es	-1	-1	1	8	455	100	0	.	13.125
118	9	La5	A5	358	358	1	4	909	95	96	.	13.375
119	9	Sol5	G5	349	349	1	8	455	95	96	.	13.5
120	9	La5	A5	358	358	1	16	227	95	96	.	13.5625
121	9	Sol5	G5	349	349	1	16	227	95	96	.	13.625
122	9	Fa5	F5	340	340	1	16	227	95	96	.	13.6875
123	9	Mi5	E5	336	336	1	16	227	95	96	.	13.75
124	9	Re5	D5	327	327	1	4	909	95	96	.	14.0
125	9	Es	Es	-1	-1	1	8	455	100	0	.	14.125
126	9	Fa5	F5	340	340	1	4	909	95	96	.	14.375
127	9	Mi5	E5	336	336	1	8	455	95	96	.	14.5
128	9	Fa5	F5	340	340	1	16	227	95	96	.	14.5625
129	9	Mi5	E5	336	336	1	16	227	95	96	.	14.625
130	9	Re5	D5	327	327	1	16	227	95	96	.	14.6875
131	9	Do5	C5	318	318	1	16	227	95	96	.	14.75
132	9	Si4	B4	314	314	1	4	909	95	96	.	15.0
133	9	Es	Es	-1	-1	1	8	455	100	0	.	15.125
134	9	Sol5	G5	349	349	1	4	909	95	96	.	15.375
135	9	Fa5#5	F5#5	345	345	1	16	227	95	96	.	15.4375
136	9	Mi5	E5	336	336	1	16	227	95	96	.	15.5
137	9	Re5	D5	327	327	1	16	227	95	96	.	15.5625
138	9	Do5	C5	318	318	1	16	227	95	96	.	15.625
139	9	Si4	B4	314	314	1	16	227	95	96	.	15.6875
140	9	La4	A4	305	305	1	16	227	95	96	.	15.75
141	9	Sol4	G4	296	296	1	4	909	95	96	.	16.0
142	9	Do5	C5	318	318	1	8	455	95	96	.	16.125
143	9	Si4	B4	314	314	1	8	455	95	96	.	16.25
144	9	La4	A4	305	305	1	8	455	95	96	.	16.375
145	9	Sol4	G4	296	296	1	8	455	95	96	.	16.5
146	9	Fa4#5	F4#5	292	292	1	4	909	95	96	.	16.75
147	9	Si4	B4	314	314	1	8	455	95	96	.	16.875
148	9	La4	A4	305	305	1	16	227	95	96	.	16.9375
149	9	Sol4	G4	296	296	1	16	227	95	96	.	17.0
150	9	Sol4	G4	296	296	3	8	1364	95	96	.	17.375
151	9	Re4	D4	274	274	1	8	455	95	96	.	17.5
152	9	Mi4	E4	283	283	1	8	455	95	96	.	17.625
153	9	Fa4#5	F4#5	292	292	1	8	455	95	96	.	17.75
154	9	Sol4	G4	296	296	1	4	909	95	96	.	18.0
155	9	Re5	D5	327	327	1	8	455	95	96	Bu 	18.125
156	9	Sol5	G5	349	349	3	8	1364	95	96	son 	18.5
157	9	Fa5#5	F5#5	345	345	1	8	455	99	96	şar	18.625
158	9	Sol5	G5	349	349	1	8	455	95	96		18.75
159	9	La5	A5	358	358	1	8	455	99	96	kım	18.875
160	9	Sol5	G5	349	349	1	8	455	95	96		19.0
161	9	Fa5#5	F5#5	345	345	1	8	455	95	96	da 	19.125
162	9	Sol5	G5	349	349	1	8	455	99	96	sen 	19.25
163	9	Mi5	E5	336	336	1	8	455	99	96		19.375
164	9	Sol5	G5	349	349	1	8	455	95	96		19.5
165	9	Fa5#5	F5#5	345	345	3	16	682	99	96	var	19.6875
166	9	Mi5	E5	336	336	1	16	227	95	96		19.75
167	9	Re5	D5	327	327	1	4	909	95	96	sın  	20.0
168	9	Es	Es	-1	-1	1	8	455	100	0		20.125
169	9	Si5	B5	367	367	1	4	909	95	96	SAZ	20.375
170	9	La5	A5	358	358	1	16	227	95	96	.	20.4375
171	9	Si5	B5	367	367	1	16	227	95	96	.	20.5
172	9	Do6	C6	371	371	3	32	341	95	96	.	20.59375
173	9	Si5	B5	367	367	1	32	114	95	96	.	20.625
174	9	La5	A5	358	358	3	32	341	95	96	.	20.71875
175	9	Sol5	G5	349	349	1	32	114	95	96	.	20.75
176	9	Fa5#5	F5#5	345	345	3	32	341	95	96	.	20.84375
177	9	Mi5	E5	336	336	1	32	114	95	96	.	20.875
178	9	Re5	D5	327	327	1	8	455	95	96	.	21.0
179	9	Si5	B5	367	367	1	4	909	95	96	İlk 	21.25
180	9	Do6	C6	371	371	1	8	455	99	96	şar	21.375
181	9	Si5	B5	367	367	1	8	455	95	96		21.5
182	9	La5	A5	358	358	1	8	455	99	96	kım	21.625
183	9	Sol5	G5	349	349	1	8	455	95	96		21.75
184	9	Fa5#5	F5#5	345	345	1	8	455	95	96	da 	21.875
185	9	Sol5	G5	349	349	1	8	455	95	96	yi	22.0
186	9	La5	A5	358	358	1	2	1819	95	96	ne 	22.5
187	7	Re5	D5	327	327	1	8	455	95	96	SAZ	22.625
188	7	Fa5#5	F5#5	345	345	1	8	455	95	96	.	22.75
189	9	La5	A5	358	358	1	4	909	95	96	.	23.0
190	9	Es	Es	-1	-1	1	8	455	100	0		23.125
191	9	Si5	B5	367	367	1	4	909	99	96	sen 	23.375
192	9	La5	A5	358	358	1	8	455	95	96		23.5
193	9	Si5	B5	367	367	1	8	455	99	96	var	23.625
194	9	La5	A5	358	358	1	16	227	99	96		23.6875
195	9	Sol5	G5	349	349	1	16	227	95	96		23.75
196	9	Sol5	G5	349	349	1	4	909	95	96	dın  	24.0
197	9	Es	Es	-1	-1	1	8	455	100	0		24.125
198	9	La5	A5	358	358	1	4	909	99	96	sen 	24.375
199	9	Sol5	G5	349	349	1	8	455	95	96		24.5
200	9	La5	A5	358	358	1	8	455	99	96	var	24.625
201	9	Sol5	G5	349	349	1	16	227	99	96		24.6875
202	9	Fa5#5	F5#5	345	345	1	16	227	95	96		24.75
203	9	Fa5#5	F5#5	345	345	1	4	909	95	96	dın 	25.0
204	9	Es	Es	-1	-1	1	8	455	100	0		25.125
205	9	Do6	C6	371	371	1	8	455	99	96	sen 	25.25
206	9	Si5	B5	367	367	1	8	455	99	96		25.375
207	9	La5	A5	358	358	1	8	455	95	96		25.5
208	9	Si5	B5	367	367	1	8	455	99	96	var	25.625
209	9	La5	A5	358	358	1	16	227	99	96		25.6875
210	9	Sol5	G5	349	349	1	16	227	99	96		25.75
211	9	La5	A5	358	358	1	8	455	99	96		25.875
212	9	Sol5	G5	349	349	1	16	227	99	96		25.9375
213	9	Fa5#5	F5#5	345	345	1	16	227	95	96		26.0
214	9	Sol5	G5	349	349	3	8	1364	95	96	dın  	26.375
215	9	Fa5#5	F5#5	345	345	1	16	227	95	96	SAZ	26.4375
216	9	Mi5	E5	336	336	1	16	227	95	96	.	26.5
217	9	Re5	D5	327	327	1	8	455	95	96	.	26.625
218	9	Mi5	E5	336	336	1	16	227	95	96	.	26.6875
219	9	Fa5#5	F5#5	345	345	1	16	227	95	96	.	26.75
220	9	Sol5	G5	349	349	1	4	909	95	96	.	27.0
221	9	Es	Es	-1	-1	1	8	455	100	0	.	27.125
222	9	Do6	C6	371	371	1	4	909	95	96	.	27.375
223	9	Si5	B5	367	367	1	8	455	95	96	.	27.5
224	9	Do6	C6	371	371	1	24	152	95	96	.	27.5416666667
225	9	Si5	B5	367	367	1	24	152	95	96	.	27.5833333333
226	9	Do6	C6	371	371	1	24	152	95	96	.	27.625
227	9	Si5	B5	367	367	1	24	152	95	96	.	27.6666666667
228	9	La5	A5	358	358	1	24	152	95	96	.	27.7083333333
229	9	Si5	B5	367	367	1	24	152	95	96	.	27.75
230	9	La5	A5	358	358	1	4	909	95	96	.	28.0
231	9	Es	Es	-1	-1	1	8	455	100	0	.	28.125
232	9	Si5	B5	367	367	1	4	909	95	96	.	28.375
233	9	La5	A5	358	358	1	8	455	95	96	.	28.5
234	9	Si5	B5	367	367	1	24	152	95	96	.	28.5416666667
235	9	La5	A5	358	358	1	24	152	95	96	.	28.5833333333
236	9	Si5	B5	367	367	1	24	152	95	96	.	28.625
237	9	La5	A5	358	358	1	24	152	95	96	.	28.6666666667
238	9	Sol5	G5	349	349	1	24	152	95	96	.	28.7083333333
239	9	La5	A5	358	358	1	24	152	95	96	.	28.75
240	9	Sol5	G5	349	349	1	4	909	95	96	.	29.0
241	9	Es	Es	-1	-1	1	8	455	100	0	.	29.125
242	9	Do6	C6	371	371	1	8	455	95	96	.	29.25
243	9	Si5	B5	367	367	1	8	455	95	96	.	29.375
244	9	La5	A5	358	358	1	8	455	95	96	.	29.5
245	9	Si5	B5	367	367	1	24	152	95	96	.	29.5416666667
246	9	La5	A5	358	358	1	24	152	95	96	.	29.5833333333
247	9	Sol5	G5	349	349	1	24	152	95	96	.	29.625
248	9	La5	A5	358	358	1	24	152	95	96	.	29.6666666667
249	9	Sol5	G5	349	349	1	24	152	95	96	.	29.7083333333
250	9	Fa5#5	F5#5	345	345	1	24	152	95	96	.	29.75
251	9	Sol5	G5	349	349	1	24	152	95	96	.	29.7916666667
252	9	Fa5#5	F5#5	345	345	1	24	152	95	96	.	29.8333333333
253	9	Mi5	E5	336	336	1	24	152	95	96	.	29.875
254	9	Re5	D5	327	327	1	8	455	95	96	.	30.0
255	9	Re5	D5	327	327	1	8	455	95	96	.	30.125
256	9	Sol5	G5	349	349	1	4	909	95	96	.	30.375
257	9	Fa5#5	F5#5	345	345	1	16	227	95	96	.	30.4375
258	9	Mi5	E5	336	336	1	16	227	95	96	.	30.5
259	9	Re5	D5	327	327	1	16	227	95	96	.	30.5625
260	9	Do5	C5	318	318	1	16	227	95	96	.	30.625
261	9	Si4	B4	314	314	1	16	227	95	96	.	30.6875
262	9	La4	A4	305	305	1	16	227	95	96	.	30.75
263	9	Sol4	G4	296	296	1	4	909	95	96	.	31.0
264	9	Re5	D5	327	327	1	8	455	95	96	Bu 	31.125
265	9	Sol5	G5	349	349	3	8	1364	95	96	son 	31.5
266	9	Fa5#5	F5#5	345	345	1	8	455	99	96	şar	31.625
267	9	Sol5	G5	349	349	1	8	455	95	96		31.75
268	9	La5	A5	358	358	1	8	455	99	96	kım	31.875
269	9	Sol5	G5	349	349	1	8	455	95	96		32.0
270	9	Fa5#5	F5#5	345	345	1	8	455	95	96	da 	32.125
271	9	Sol5	G5	349	349	1	8	455	99	96	sen 	32.25
272	9	Mi5	E5	336	336	1	8	455	99	96		32.375
273	9	Sol5	G5	349	349	1	8	455	95	96		32.5
274	9	Fa5#5	F5#5	345	345	3	16	682	99	96	var	32.6875
275	9	Mi5	E5	336	336	1	16	227	95	96		32.75
276	9	Re5	D5	327	327	1	4	909	95	96	sın  	33.0
277	9	Es	Es	-1	-1	1	8	455	100	0		33.125
278	9	Si5	B5	367	367	1	4	909	95	96	SAZ	33.375
279	9	La5	A5	358	358	1	16	227	95	96	.	33.4375
280	9	Si5	B5	367	367	1	16	227	95	96	.	33.5
281	9	Do6	C6	371	371	3	32	341	95	96	.	33.59375
282	9	Si5	B5	367	367	1	32	114	95	96	.	33.625
283	9	La5	A5	358	358	3	32	341	95	96	.	33.71875
284	9	Sol5	G5	349	349	1	32	114	95	96	.	33.75
285	9	Fa5#5	F5#5	345	345	3	32	341	95	96	.	33.84375
286	9	Mi5	E5	336	336	1	32	114	95	96	.	33.875
287	9	Re5	D5	327	327	1	8	455	95	96	.	34.0
288	9	Si5	B5	367	367	1	4	909	95	96	İlk 	34.25
289	9	Do6	C6	371	371	1	8	455	99	96	şar	34.375
290	9	Si5	B5	367	367	1	8	455	95	96		34.5
291	9	La5	A5	358	358	1	8	455	99	96	kım	34.625
292	9	Sol5	G5	349	349	1	8	455	95	96		34.75
293	9	Fa5#5	F5#5	345	345	1	8	455	95	96	da 	34.875
294	9	Sol5	G5	349	349	1	8	455	95	96	yi	35.0
295	9	La5	A5	358	358	1	2	1819	95	96	ne 	35.5
296	7	Re5	D5	327	327	1	8	455	95	96	SAZ	35.625
297	7	Fa5#5	F5#5	345	345	1	8	455	95	96	.	35.75
298	9	La5	A5	358	358	1	4	909	95	96	.	36.0
299	9	Es	Es	-1	-1	1	8	455	100	0		36.125
300	9	Si5	B5	367	367	1	4	909	99	96	sen 	36.375
301	9	La5	A5	358	358	1	8	455	95	96		36.5
302	9	Si5	B5	367	367	1	8	455	99	96	var	36.625
303	9	La5	A5	358	358	1	16	227	99	96		36.6875
304	9	Sol5	G5	349	349	1	16	227	95	96		36.75
305	9	Sol5	G5	349	349	1	4	909	95	96	dın  	37.0
306	9	Es	Es	-1	-1	1	8	455	100	0		37.125
307	9	La5	A5	358	358	1	4	909	99	96	sen 	37.375
308	9	Sol5	G5	349	349	1	8	455	95	96		37.5
309	9	La5	A5	358	358	1	8	455	99	96	var	37.625
310	9	Sol5	G5	349	349	1	16	227	99	96		37.6875
311	9	Fa5#5	F5#5	345	345	1	16	227	95	96		37.75
312	9	Fa5#5	F5#5	345	345	1	4	909	95	96	dın 	38.0
313	9	Es	Es	-1	-1	1	8	455	100	0		38.125
314	9	Do6	C6	371	371	1	8	455	99	96	sen 	38.25
315	9	Si5	B5	367	367	1	8	455	99	96		38.375
316	9	La5	A5	358	358	1	8	455	95	96		38.5
317	9	Si5	B5	367	367	1	8	455	99	96	var	38.625
318	9	La5	A5	358	358	1	16	227	99	96		38.6875
319	9	Sol5	G5	349	349	1	16	227	99	96		38.75
320	9	La5	A5	358	358	1	8	455	99	96		38.875
321	9	Sol5	G5	349	349	1	16	227	99	96		38.9375
322	9	Fa5#5	F5#5	345	345	1	16	227	95	96		39.0
323	9	Sol5	G5	349	349	3	8	1364	95	96	dın  	39.375
324	9	Fa5#5	F5#5	345	345	1	16	227	95	96	SAZ	39.4375
325	9	Mi5	E5	336	336	1	16	227	95	96	.	39.5
326	9	Re5	D5	327	327	1	8	455	95	96	.	39.625
327	9	Mi5	E5	336	336	1	16	227	95	96	.	39.6875
328	9	Fa5#5	F5#5	345	345	1	16	227	95	96	.	39.75
329	9	Sol5	G5	349	349	1	4	909	95	96	.	40.0
330	9	Es	Es	-1	-1	1	8	455	100	0	.	40.125
331	9	Do6	C6	371	371	1	4	909	95	96	.	40.375
332	9	Si5	B5	367	367	1	8	455	95	96	.	40.5
333	9	Do6	C6	371	371	1	24	152	95	96	.	40.5416666667
334	9	Si5	B5	367	367	1	24	152	95	96	.	40.5833333333
335	9	Do6	C6	371	371	1	24	152	95	96	.	40.625
336	9	Si5	B5	367	367	1	24	152	95	96	.	40.6666666667
337	9	La5	A5	358	358	1	24	152	95	96	.	40.7083333333
338	9	Si5	B5	367	367	1	24	152	95	96	.	40.75
339	9	La5	A5	358	358	1	4	909	95	96	.	41.0
340	9	Es	Es	-1	-1	1	8	455	100	0	.	41.125
341	9	Si5	B5	367	367	1	4	909	95	96	.	41.375
342	9	La5	A5	358	358	1	8	455	95	96	.	41.5
343	9	Si5	B5	367	367	1	24	152	95	96	.	41.5416666667
344	9	La5	A5	358	358	1	24	152	95	96	.	41.5833333333
345	9	Si5	B5	367	367	1	24	152	95	96	.	41.625
346	9	La5	A5	358	358	1	24	152	95	96	.	41.6666666667
347	9	Sol5	G5	349	349	1	24	152	95	96	.	41.7083333333
348	9	La5	A5	358	358	1	24	152	95	96	.	41.75
349	9	Sol5	G5	349	349	1	4	909	95	96	.	42.0
350	9	Es	Es	-1	-1	1	8	455	100	0	.	42.125
351	9	Do6	C6	371	371	1	8	455	95	96	.	42.25
352	9	Si5	B5	367	367	1	8	455	95	96	.	42.375
353	9	La5	A5	358	358	1	8	455	95	96	.	42.5
354	9	Si5	B5	367	367	1	24	152	95	96	.	42.5416666667
355	9	La5	A5	358	358	1	24	152	95	96	.	42.5833333333
356	9	Sol5	G5	349	349	1	24	152	95	96	.	42.625
357	9	La5	A5	358	358	1	24	152	95	96	.	42.6666666667
358	9	Sol5	G5	349	349	1	24	152	95	96	.	42.7083333333
359	9	Fa5#5	F5#5	345	345	1	24	152	95	96	.	42.75
360	9	Sol5	G5	349	349	1	24	152	95	96	.	42.7916666667
361	9	Fa5#5	F5#5	345	345	1	24	152	95	96	.	42.8333333333
362	9	Mi5	E5	336	336	1	24	152	95	96	.	42.875
363	9	Re5	D5	327	327	1	8	455	95	96	.	43.0
364	9	Re5	D5	327	327	1	8	455	95	96	.	43.125
365	9	Sol5	G5	349	349	1	4	909	95	96	.	43.375
366	9	Fa5#5	F5#5	345	345	1	16	227	95	96	.	43.4375
367	9	Mi5	E5	336	336	1	16	227	95	96	.	43.5
368	9	Re5	D5	327	327	1	16	227	95	96	.	43.5625
369	9	Mi5	E5	336	336	1	16	227	95	96	.	43.625
370	9	Fa5#5	F5#5	345	345	1	16	227	95	96	.	43.6875
371	9	La5	A5	358	358	1	16	227	95	96	.	43.75
372	9	Sol5	G5	349	349	1	4	909	95	96	.	44.0
373	9	Fa5#5	F5#5	345	345	1	8	455	95	96	Ba	44.125
374	9	Sol5	G5	349	349	3	8	1364	95	96	na 	44.5
375	9	Do6	C6	371	371	1	8	455	99	96	yıl	44.625
376	9	Si5	B5	367	367	1	8	455	95	96		44.75
377	9	La5	A5	358	358	1	8	455	99	96	lar	44.875
378	9	Sol5	G5	349	349	1	8	455	95	96		45.0
379	9	La5	A5	358	358	1	8	455	95	96	ca 	45.125
380	9	Sol5	G5	349	349	1	8	455	99	96	ruh 	45.25
381	9	Fa5	F5	340	340	1	8	455	99	96		45.375
382	9	Mi5	E5	336	336	1	8	455	95	96		45.5
383	9	Fa5	F5	340	340	1	8	455	99	96	ver	45.625
384	9	Mi5	E5	336	336	1	16	227	99	96		45.6875
385	9	Sol5	G5	349	349	1	16	227	95	96		45.75
386	9	Fa5	F5	340	340	1	4	909	95	96	din 	46.0
387	9	Es	Es	-1	-1	1	8	455	99	96		46.125
388	9	La5	A5	358	358	1	4	909	99	96	SAZ	46.375
389	9	La5	A5	358	358	1	16	227	99	96	.	46.4375
390	9	Sol5	G5	349	349	1	16	227	99	96	.	46.5
391	9	La5	A5	358	358	1	16	227	99	96	.	46.5625
392	9	Sol5	G5	349	349	1	16	227	99	96	.	46.625
393	9	Fa5	F5	340	340	1	16	227	99	96	.	46.6875
394	9	Mi5	E5	336	336	1	16	227	99	96	.	46.75
395	9	Fa5	F5	340	340	1	4	909	95	96	.	47.0
396	9	La5	A5	358	358	1	8	455	99	96	il	47.125
397	9	Sol5	G5	349	349	1	8	455	95	96		47.25
398	9	Fa5	F5	340	340	1	8	455	99	96	hâ	47.375
399	9	Mi5	E5	336	336	1	8	455	95	96		47.5
400	9	Re5	D5	327	327	1	8	455	99	96	mın	47.625
401	9	Do5	C5	318	318	1	8	455	95	96		47.75
402	9	Si4	B4	314	314	1	8	455	95	96	la 	47.875
403	9	Do5	C5	318	318	1	8	455	95	96	be	48.0
404	9	Re5	D5	327	327	1	2	1818	99	96	ni 	48.5
405	7	Sol4	G4	296	296	1	8	455	99	96	SAZ	48.625
406	7	Si4	B4	314	314	1	8	455	99	96	.	48.75
407	9	Re5	D5	327	327	1	4	909	95	96	.	49.0
408	9	Mi5	E5	336	336	1	8	455	95	96	ya	49.125
409	9	Mi5	E5	336	336	1	4	909	99	96	şat	49.375
410	9	Re5	D5	327	327	1	8	455	99	96		49.5
411	9	Mi5	E5	336	336	1	16	227	99	96		49.5625
412	9	Re5	D5	327	327	1	16	227	99	96		49.625
413	9	Do5	C5	318	318	1	16	227	99	96		49.6875
414	9	Si4	B4	314	314	1	16	227	95	96		49.75
415	9	Do5	C5	318	318	1	4	909	95	96	tın 	50.0
416	9	Re5	D5	327	327	1	8	455	95	96	ya	50.125
417	9	Re5	D5	327	327	1	4	909	99	96	şat	50.375
418	9	Do5	C5	318	318	1	8	455	99	96		50.5
419	9	Re5	D5	327	327	1	16	227	99	96		50.5625
420	9	Do5	C5	318	318	1	16	227	99	96		50.625
421	9	Si4	B4	314	314	1	16	227	99	96		50.6875
422	9	La4#4	A4#4	309	309	1	16	227	95	96		50.75
423	9	Si4	B4	314	314	1	4	909	95	96	tın 	51.0
424	9	Do5	C5	318	318	1	8	455	95	96	ya	51.125
425	9	Si4	B4	314	314	1	8	455	99	96	şat	51.25
426	9	La4	A4	305	305	1	8	455	99	96		51.375
427	9	Sol4	G4	296	296	1	8	455	99	96		51.5
428	9	Fa4#5	F4#5	292	292	1	4	909	99	96		51.75
429	9	Si4	B4	314	314	1	8	455	99	96		51.875
430	9	La4	A4	305	305	1	16	227	99	96		51.9375
431	9	Sol4	G4	296	296	1	16	227	95	96		52.0
432	9	Sol4	G4	296	296	3	8	1364	95	96	tın  	52.375
433	9	Re5	D5	327	327	1	8	455	95	96	SAZ	52.5
434	9	Mi5	E5	336	336	1	8	455	95	96	.	52.625
435	9	Fa5#5	F5#5	345	345	1	8	455	95	96	.	52.75
436	9	Sol5	G5	349	349	1	4	909	95	96	.	53.0
437	9	Es	Es	-1	-1	1	8	455	100	0	.	53.125
438	9	Do6	C6	371	371	1	4	909	95	96	.	53.375
439	9	Si5	B5	367	367	1	8	455	95	96	.	53.5
440	9	Do6	C6	371	371	1	24	152	95	96	.	53.5416666667
441	9	Si5	B5	367	367	1	24	152	95	96	.	53.5833333333
442	9	Do6	C6	371	371	1	24	152	95	96	.	53.625
443	9	Si5	B5	367	367	1	24	152	95	96	.	53.6666666667
444	9	La5	A5	358	358	1	24	152	95	96	.	53.7083333333
445	9	Si5	B5	367	367	1	24	152	95	96	.	53.75
446	9	La5	A5	358	358	1	4	909	95	96	.	54.0
447	9	Es	Es	-1	-1	1	8	455	100	0	.	54.125
448	9	Si5	B5	367	367	1	4	909	95	96	.	54.375
449	9	La5	A5	358	358	1	8	455	95	96	.	54.5
450	9	Si5	B5	367	367	1	24	152	95	96	.	54.5416666667
451	9	La5	A5	358	358	1	24	152	95	96	.	54.5833333333
452	9	Si5	B5	367	367	1	24	152	95	96	.	54.625
453	9	La5	A5	358	358	1	24	152	95	96	.	54.6666666667
454	9	Sol5	G5	349	349	1	24	152	95	96	.	54.7083333333
455	9	La5	A5	358	358	1	24	152	95	96	.	54.75
456	9	Sol5	G5	349	349	1	4	909	95	96	.	55.0
457	9	Es	Es	-1	-1	1	8	455	100	0	.	55.125
458	9	Do6	C6	371	371	1	8	455	95	96	.	55.25
459	9	Si5	B5	367	367	1	8	455	95	96	.	55.375
460	9	La5	A5	358	358	1	8	455	95	96	.	55.5
461	9	Si5	B5	367	367	1	24	152	95	96	.	55.5416666667
462	9	La5	A5	358	358	1	24	152	95	96	.	55.5833333333
463	9	Sol5	G5	349	349	1	24	152	95	96	.	55.625
464	9	La5	A5	358	358	1	24	152	95	96	.	55.6666666667
465	9	Sol5	G5	349	349	1	24	152	95	96	.	55.7083333333
466	9	Fa5#5	F5#5	345	345	1	24	152	95	96	.	55.75
467	9	Sol5	G5	349	349	1	24	152	95	96	.	55.7916666667
468	9	Fa5#5	F5#5	345	345	1	24	152	95	96	.	55.8333333333
469	9	Mi5	E5	336	336	1	24	152	95	96	.	55.875
470	9	Re5	D5	327	327	1	8	455	95	96	.	56.0
471	9	Re5	D5	327	327	1	8	455	95	96	.	56.125
472	9	Sol5	G5	349	349	1	4	909	95	96	.	56.375
473	9	Fa5#5	F5#5	345	345	1	16	227	95	96	.	56.4375
474	9	Mi5	E5	336	336	1	16	227	95	96	.	56.5
475	9	Re5	D5	327	327	1	16	227	95	96	.	56.5625
476	9	Mi5	E5	336	336	1	16	227	95	96	.	56.625
477	9	Fa5#5	F5#5	345	345	1	16	227	95	96	.	56.6875
478	9	La5	A5	358	358	1	16	227	95	96	.	56.75
479	9	Sol5	G5	349	349	1	4	909	95	96	.	57.0
480	9	Fa5#5	F5#5	345	345	1	8	455	95	96	Ba	57.125
481	9	Sol5	G5	349	349	3	8	1364	95	96	na 	57.5
482	9	Do6	C6	371	371	1	8	455	99	96	yıl	57.625
483	9	Si5	B5	367	367	1	8	455	95	96		57.75
484	9	La5	A5	358	358	1	8	455	99	96	lar	57.875
485	9	Sol5	G5	349	349	1	8	455	95	96		58.0
486	9	La5	A5	358	358	1	8	455	95	96	ca 	58.125
487	9	Sol5	G5	349	349	1	8	455	99	96	ruh 	58.25
488	9	Fa5	F5	340	340	1	8	455	99	96		58.375
489	9	Mi5	E5	336	336	1	8	455	95	96		58.5
490	9	Fa5	F5	340	340	1	8	455	99	96	ver	58.625
491	9	Mi5	E5	336	336	1	16	227	99	96		58.6875
492	9	Sol5	G5	349	349	1	16	227	95	96		58.75
493	9	Fa5	F5	340	340	1	4	909	95	96	din 	59.0
494	9	Es	Es	-1	-1	1	8	455	99	96		59.125
495	9	La5	A5	358	358	1	4	909	99	96	SAZ	59.375
496	9	La5	A5	358	358	1	16	227	99	96	.	59.4375
497	9	Sol5	G5	349	349	1	16	227	99	96	.	59.5
498	9	La5	A5	358	358	1	16	227	99	96	.	59.5625
499	9	Sol5	G5	349	349	1	16	227	99	96	.	59.625
500	9	Fa5	F5	340	340	1	16	227	99	96	.	59.6875
501	9	Mi5	E5	336	336	1	16	227	99	96	.	59.75
502	9	Fa5	F5	340	340	1	4	909	95	96	.	60.0
503	9	La5	A5	358	358	1	8	455	99	96	il	60.125
504	9	Sol5	G5	349	349	1	8	455	95	96		60.25
505	9	Fa5	F5	340	340	1	8	455	99	96	hâ	60.375
506	9	Mi5	E5	336	336	1	8	455	95	96		60.5
507	9	Re5	D5	327	327	1	8	455	99	96	mın	60.625
508	9	Do5	C5	318	318	1	8	455	95	96		60.75
509	9	Si4	B4	314	314	1	8	455	95	96	la 	60.875
510	9	Do5	C5	318	318	1	8	455	95	96	be	61.0
511	9	Re5	D5	327	327	1	2	1818	99	96	ni 	61.5
512	7	Sol4	G4	296	296	1	8	455	99	96	SAZ	61.625
513	7	Si4	B4	314	314	1	8	455	99	96	.	61.75
514	9	Re5	D5	327	327	1	4	909	95	96	.	62.0
515	9	Mi5	E5	336	336	1	8	455	95	96	ya	62.125
516	9	Mi5	E5	336	336	1	4	909	99	96	şat	62.375
517	9	Re5	D5	327	327	1	8	455	99	96		62.5
518	9	Mi5	E5	336	336	1	16	227	99	96		62.5625
519	9	Re5	D5	327	327	1	16	227	99	96		62.625
520	9	Do5	C5	318	318	1	16	227	99	96		62.6875
521	9	Si4	B4	314	314	1	16	227	95	96		62.75
522	9	Do5	C5	318	318	1	4	909	95	96	tın 	63.0
523	9	Re5	D5	327	327	1	8	455	95	96	ya	63.125
524	9	Re5	D5	327	327	1	4	909	99	96	şat	63.375
525	9	Do5	C5	318	318	1	8	455	99	96		63.5
526	9	Re5	D5	327	327	1	16	227	99	96		63.5625
527	9	Do5	C5	318	318	1	16	227	99	96		63.625
528	9	Si4	B4	314	314	1	16	227	99	96		63.6875
529	9	La4#4	A4#4	309	309	1	16	227	95	96		63.75
530	9	Si4	B4	314	314	1	4	909	95	96	tın 	64.0
531	9	Do5	C5	318	318	1	8	455	95	96	ya	64.125
532	9	Si4	B4	314	314	1	8	455	99	96	şat	64.25
533	9	La4	A4	305	305	1	8	455	99	96		64.375
534	9	Sol4	G4	296	296	1	8	455	99	96		64.5
535	9	Fa4#5	F4#5	292	292	1	4	909	99	96		64.75
536	9	Si4	B4	314	314	1	8	455	99	96		64.875
537	9	La4	A4	305	305	1	16	227	99	96		64.9375
538	9	Sol4	G4	296	296	1	16	227	95	96		65.0
539	9	Sol4	G4	296	296	3	8	1364	95	96	tın  	65.375
540	9	Re5	D5	327	327	1	8	455	95	96	SAZ	65.5
541	9	Mi5	E5	336	336	1	8	455	95	96	.	65.625
542	9	Fa5#5	F5#5	345	345	1	8	455	95	96	.	65.75
543	9	Sol5	G5	349	349	1	4	909	95	96	.	66.0
544	9	Es	Es	-1	-1	1	8	455	100	0	.	66.125
545	9	Do6	C6	371	371	1	4	909	95	96	.	66.375
546	9	Si5	B5	367	367	1	8	455	95	96	.	66.5
547	9	Do6	C6	371	371	1	24	152	95	96	.	66.5416666667
548	9	Si5	B5	367	367	1	24	152	95	96	.	66.5833333333
549	9	Do6	C6	371	371	1	24	152	95	96	.	66.625
550	9	Si5	B5	367	367	1	24	152	95	96	.	66.6666666667
551	9	La5	A5	358	358	1	24	152	95	96	.	66.7083333333
552	9	Si5	B5	367	367	1	24	152	95	96	.	66.75
553	9	La5	A5	358	358	1	4	909	95	96	.	67.0
554	9	Es	Es	-1	-1	1	8	455	100	0	.	67.125
555	9	Si5	B5	367	367	1	4	909	95	96	.	67.375
556	9	La5	A5	358	358	1	8	455	95	96	.	67.5
557	9	Si5	B5	367	367	1	24	152	95	96	.	67.5416666667
558	9	La5	A5	358	358	1	24	152	95	96	.	67.5833333333
559	9	Si5	B5	367	367	1	24	152	95	96	.	67.625
560	9	La5	A5	358	358	1	24	152	95	96	.	67.6666666667
561	9	Sol5	G5	349	349	1	24	152	95	96	.	67.7083333333
562	9	La5	A5	358	358	1	24	152	95	96	.	67.75
563	9	Sol5	G5	349	349	1	4	909	95	96	.	68.0
564	9	Es	Es	-1	-1	1	8	455	100	0	.	68.125
565	9	Do6	C6	371	371	1	8	455	95	96	.	68.25
566	9	Si5	B5	367	367	1	8	455	95	96	.	68.375
567	9	La5	A5	358	358	1	8	455	95	96	.	68.5
568	9	Si5	B5	367	367	1	24	152	95	96	.	68.5416666667
569	9	La5	A5	358	358	1	24	152	95	96	.	68.5833333333
570	9	Sol5	G5	349	349	1	24	152	95	96	.	68.625
571	9	La5	A5	358	358	1	24	152	95	96	.	68.6666666667
572	9	Sol5	G5	349	349	1	24	152	95	96	.	68.7083333333
573	9	Fa5#5	F5#5	345	345	1	24	152	95	96	.	68.75
574	9	Sol5	G5	349	349	1	24	152	95	96	.	68.7916666667
575	9	Fa5#5	F5#5	345	345	1	24	152	95	96	.	68.8333333333
576	9	Mi5	E5	336	336	1	24	152	95	96	.	68.875
577	9	Re5	D5	327	327	1	8	455	95	96	.	69.0
578	9	Re5	D5	327	327	1	8	455	95	96	.	69.125
579	9	Sol5	G5	349	349	1	4	909	95	96	.	69.375
580	9	La5#4	A5#4	362	362	1	16	227	95	96	.	69.4375
581	9	Si5b1	B5b1	366	366	1	16	227	95	96	.	69.5
582	9	Do6	C6	371	371	1	16	227	95	96	.	69.5625
583	9	Si5b1	B5b1	366	366	1	16	227	95	96	.	69.625
584	9	La5#4	A5#4	362	362	1	16	227	95	96	.	69.6875
585	9	Do6	C6	371	371	1	16	227	95	96	.	69.75
586	9	Si5b1	B5b1	366	366	1	4	909	95	96	.	70.0
587	9	La5#4	A5#4	362	362	1	8	455	95	96	Sen	70.125
588	9	Si5b1	B5b1	366	366	3	8	1364	95	96	din 	70.5
589	9	Do6	C6	371	371	3	16	682	95	96	gön	70.6875
590	9	Si5b1	B5b1	366	366	1	16	227	95	96	lü	70.75
591	9	La5	A5	358	358	1	4	909	95	96	mün 	71.0
592	9	Sol5#4	G5#4	353	353	1	8	455	99	96	var	71.125
593	9	La5	A5	358	358	1	8	455	99	96		71.25
594	10	Si5	B5	367	367	1	8	455	99	96		71.375
595	8	Do6	C6	371	371	0	0	0	95	96		71.375
596	9	Si5	B5	367	367	1	16	227	99	96	lı	71.4375
597	9	La5	A5	358	358	1	16	227	95	96		71.5
598	9	La5	A5	358	358	1	2	1818	95	96	ğı 	72.0
599	9	Es	Es	-1	-1	1	8	455	100	0		72.125
600	9	Do6	C6	371	371	1	4	909	95	96	SAZ	72.375
601	9	Si5	B5	367	367	1	16	227	95	96	.	72.4375
602	9	La5	A5	358	358	1	16	227	95	96	.	72.5
603	9	La5	A5	358	358	1	24	152	95	96	.	72.5416666667
604	9	Sol5#4	G5#4	353	353	1	24	152	95	96	.	72.5833333333
605	9	La5	A5	358	358	1	24	152	95	96	.	72.625
606	9	Si5	B5	367	367	1	24	152	95	96	.	72.6666666667
607	9	Si5	B5	367	367	1	24	152	95	96	.	72.7083333333
608	9	La5	A5	358	358	1	24	152	95	96	.	72.75
609	9	La5	A5	358	358	1	4	909	95	96	.	73.0
610	9	Es	Es	-1	-1	1	8	455	100	0		73.125
611	9	Do6	C6	371	371	1	8	455	99	96	her 	73.25
612	9	Si5b1	B5b1	366	366	1	8	455	95	96		73.375
613	9	La5#4	A5#4	362	362	1	8	455	95	96	ne	73.5
614	9	Sol5	G5	349	349	1	8	455	99	96	fes	73.625
615	9	Fa5#5	F5#5	345	345	1	8	455	95	96		73.75
616	9	Sol5	G5	349	349	1	8	455	95	96	te 	73.875
617	9	La5#4	A5#4	362	362	1	8	455	95	96	yi	74.0
618	9	Si5b1	B5b1	366	366	1	2	1818	95	96	ne 	74.5
619	7	Sol5	G5	349	349	1	8	455	95	96	SAZ	74.625
620	7	La5#4	A5#4	362	362	1	8	455	95	96	.	74.75
621	9	Si5b1	B5b1	366	366	1	4	909	95	96	.	75.0
622	9	Es	Es	-1	-1	1	8	455	100	0		75.125
623	9	Do6	C6	371	371	1	4	909	99	96	sen 	75.375
624	9	Si5	B5	367	367	1	8	455	95	96		75.5
625	7	Do6	C6	371	371	1	8	455	99	96	var	75.625
626	9	Si5b1	B5b1	366	366	1	16	227	99	96		75.6875
627	9	La5	A5	358	358	1	16	227	95	96		75.75
628	9	La5	A5	358	358	1	4	909	95	96	dın 	76.0
629	9	Es	Es	-1	-1	1	8	455	100	0		76.125
630	9	Si5b1	B5b1	366	366	1	4	909	99	96	sen 	76.375
631	9	La5	A5	358	358	1	8	455	95	96		76.5
632	7	Si5b1	B5b1	366	366	1	8	455	99	96	var	76.625
633	9	La5	A5	358	358	1	16	227	99	96		76.6875
634	9	Sol5	G5	349	349	1	16	227	95	96		76.75
635	9	Sol5	G5	349	349	1	4	909	95	96	dın 	77.0
636	9	Es	Es	-1	-1	1	8	455	100	0		77.125
637	9	Re6	D6	380	380	1	8	455	99	96	sen 	77.25
638	9	Do6	C6	371	371	1	8	455	99	96		77.375
639	9	Si5b1	B5b1	366	366	1	8	455	95	96		77.5
640	9	La5#4	A5#4	362	362	1	8	455	99	96	var	77.625
641	9	Si5b1	B5b1	366	366	1	8	455	99	96		77.75
642	9	Do6	C6	371	371	1	8	455	99	96		77.875
643	8	Re6	D6	380	380	0	0	0	99	96		77.875
644	9	Do6	C6	371	371	1	16	227	99	96		77.9375
645	9	Si5b1	B5b1	366	366	1	16	227	95	96		78.0
646	9	Si5b1	B5b1	366	366	3	8	1364	95	96	dın  	78.375
647	9	Si5b1	B5b1	366	366	1	16	227	95	96	SAZ	78.4375
648	9	La5#4	A5#4	362	362	1	16	227	95	96	.	78.5
649	9	Sol5	G5	349	349	1	16	227	95	96	.	78.5625
650	9	Fa5#5	F5#5	345	345	1	16	227	95	96	.	78.625
651	9	Sol5	G5	349	349	1	16	227	95	96	.	78.6875
652	9	La5#4	A5#4	362	362	1	16	227	95	96	.	78.75
653	9	Si5b1	B5b1	366	366	1	4	909	95	96	.	79.0
654	9	La5#4	A5#4	362	362	1	8	455	95	96	Sen	79.125
655	9	Si5b1	B5b1	366	366	3	8	1364	95	96	din 	79.5
656	9	Do6	C6	371	371	3	16	682	95	96	gön	79.6875
657	9	Si5b1	B5b1	366	366	1	16	227	95	96	lü	79.75
658	9	La5	A5	358	358	1	4	909	95	96	mün 	80.0
659	9	Sol5#4	G5#4	353	353	1	8	455	99	96	var	80.125
660	9	La5	A5	358	358	1	8	455	99	96		80.25
661	10	Si5	B5	367	367	1	8	455	99	96		80.375
662	8	Do6	C6	371	371	0	0	0	95	96		80.375
663	9	Si5	B5	367	367	1	16	227	99	96	lı	80.4375
664	9	La5	A5	358	358	1	16	227	95	96		80.5
665	9	La5	A5	358	358	1	2	1818	95	96	ğı 	81.0
666	9	Es	Es	-1	-1	1	8	455	100	0		81.125
667	9	Do6	C6	371	371	1	4	909	95	96	SAZ	81.375
668	9	Si5	B5	367	367	1	16	227	95	96	.	81.4375
669	9	La5	A5	358	358	1	16	227	95	96	.	81.5
670	9	La5	A5	358	358	1	24	152	95	96	.	81.5416666667
671	9	Sol5#4	G5#4	353	353	1	24	152	95	96	.	81.5833333333
672	9	La5	A5	358	358	1	24	152	95	96	.	81.625
673	9	Si5	B5	367	367	1	24	152	95	96	.	81.6666666667
674	9	Si5	B5	367	367	1	24	152	95	96	.	81.7083333333
675	9	La5	A5	358	358	1	24	152	95	96	.	81.75
676	9	La5	A5	358	358	1	4	909	95	96	.	82.0
677	9	Es	Es	-1	-1	1	8	455	100	0		82.125
678	9	Do6	C6	371	371	1	8	455	99	96	her 	82.25
679	9	Si5b1	B5b1	366	366	1	8	455	95	96		82.375
680	9	La5#4	A5#4	362	362	1	8	455	95	96	ne	82.5
681	9	Sol5	G5	349	349	1	8	455	99	96	fes	82.625
682	9	Fa5#5	F5#5	345	345	1	8	455	95	96		82.75
683	9	Sol5	G5	349	349	1	8	455	95	96	te 	82.875
684	9	La5#4	A5#4	362	362	1	8	455	95	96	yi	83.0
685	9	Si5b1	B5b1	366	366	1	2	1818	95	96	ne 	83.5
686	7	Sol5	G5	349	349	1	8	455	95	96	SAZ	83.625
687	7	La5#4	A5#4	362	362	1	8	455	95	96	.	83.75
688	9	Si5b1	B5b1	366	366	1	4	909	95	96	.	84.0
689	9	Es	Es	-1	-1	1	8	455	100	0		84.125
690	9	Do6	C6	371	371	1	4	909	99	96	sen 	84.375
691	9	Si5	B5	367	367	1	8	455	95	96		84.5
692	7	Do6	C6	371	371	1	8	455	99	96	var	84.625
693	9	Si5b1	B5b1	366	366	1	16	227	99	96		84.6875
694	9	La5	A5	358	358	1	16	227	95	96		84.75
695	9	La5	A5	358	358	1	4	909	95	96	dın 	85.0
696	9	Es	Es	-1	-1	1	8	455	100	0		85.125
697	9	Si5b1	B5b1	366	366	1	4	909	99	96	sen 	85.375
698	9	La5	A5	358	358	1	8	455	95	96		85.5
699	7	Si5b1	B5b1	366	366	1	8	455	99	96	var	85.625
700	9	La5	A5	358	358	1	16	227	99	96		85.6875
701	9	Sol5	G5	349	349	1	16	227	95	96		85.75
702	9	Sol5	G5	349	349	1	4	909	95	96	dın 	86.0
703	9	Es	Es	-1	-1	1	8	455	100	0		86.125
704	9	Do6	C6	371	371	1	8	455	99	96	sen 	86.25
705	9	Si5	B5	367	367	1	8	455	99	96		86.375
706	9	La5	A5	358	358	1	8	455	95	96		86.5
707	9	Sol5	G5	349	349	1	4	909	99	96	var	86.75
708	9	Fa5#5	F5#5	345	345	1	8	455	99	96		86.875
709	8	Si5	B5	367	367	0	0	0	99	96		86.875
710	9	La5	A5	358	358	1	16	227	99	96		86.9375
711	9	Sol5	G5	349	349	1	16	227	95	96		87.0
712	9	Sol5	G5	349	349	3	8	1364	95	96	dın  	87.375
713	9	Fa5#5	F5#5	345	345	1	16	227	95	96	SAZ	87.4375
714	9	Mi5	E5	336	336	1	16	227	95	96	.	87.5
715	9	Re5	D5	327	327	1	8	455	95	96	.	87.625
716	9	Mi5	E5	336	336	1	16	227	95	96	.	87.6875
717	9	Fa5#5	F5#5	345	345	1	16	227	95	96	.	87.75
718	9	Sol5	G5	349	349	1	4	909	95	96	.	88.0
719	9	Es	Es	-1	-1	1	8	455	100	0		88.125
720	9	Do6	C6	371	371	1	4	909	95	96	SAZ	88.375
721	9	Si5	B5	367	367	1	8	455	95	96	.	88.5
722	9	Do6	C6	371	371	1	24	152	95	96	.	88.5416666667
723	9	Si5	B5	367	367	1	24	152	95	96	.	88.5833333333
724	9	Do6	C6	371	371	1	24	152	95	96	.	88.625
725	9	Si5	B5	367	367	1	24	152	95	96	.	88.6666666667
726	9	La5	A5	358	358	1	24	152	95	96	.	88.7083333333
727	9	Si5	B5	367	367	1	24	152	95	96	.	88.75
728	9	La5	A5	358	358	1	4	909	95	96	.	89.0
729	9	Es	Es	-1	-1	1	8	455	100	0	.	89.125
730	9	Si5	B5	367	367	1	4	909	95	96	.	89.375
731	9	La5	A5	358	358	1	8	455	95	96	.	89.5
732	9	Si5	B5	367	367	1	24	152	95	96	.	89.5416666667
733	9	La5	A5	358	358	1	24	152	95	96	.	89.5833333333
734	9	Si5	B5	367	367	1	24	152	95	96	.	89.625
735	9	La5	A5	358	358	1	24	152	95	96	.	89.6666666667
736	9	Sol5	G5	349	349	1	24	152	95	96	.	89.7083333333
737	9	La5	A5	358	358	1	24	152	95	96	.	89.75
738	9	Sol5	G5	349	349	1	4	909	95	96	.	90.0
739	9	Es	Es	-1	-1	1	8	455	100	0	.	90.125
740	9	Do6	C6	371	371	1	8	455	95	96	.	90.25
741	9	Si5	B5	367	367	1	8	455	95	96	.	90.375
742	9	La5	A5	358	358	1	8	455	95	96	.	90.5
743	9	Si5	B5	367	367	1	24	152	95	96	.	90.5416666667
744	9	La5	A5	358	358	1	24	152	95	96	.	90.5833333333
745	9	Sol5	G5	349	349	1	24	152	95	96	.	90.625
746	9	La5	A5	358	358	1	24	152	95	96	.	90.6666666667
747	9	Sol5	G5	349	349	1	24	152	95	96	.	90.7083333333
748	9	Fa5#5	F5#5	345	345	1	24	152	95	96	.	90.75
749	9	Sol5	G5	349	349	1	24	152	95	96	.	90.7916666667
750	9	Fa5#5	F5#5	345	345	1	24	152	95	96	.	90.8333333333
751	9	Mi5	E5	336	336	1	24	152	95	96	.	90.875
752	9	Re5	D5	327	327	1	8	455	95	96	.	91.0
753	9	Re5	D5	327	327	1	8	455	95	96	.	91.125
754	9	Sol5	G5	349	349	1	4	909	95	96	.	91.375
755	9	Fa5#5	F5#5	345	345	1	16	227	95	96	.	91.4375
756	9	Mi5	E5	336	336	1	16	227	95	96	.	91.5
757	9	Re5	D5	327	327	1	16	227	95	96	.	91.5625
758	9	Mi5	E5	336	336	1	16	227	95	96	.	91.625
759	9	Fa5#5	F5#5	345	345	1	16	227	95	96	.	91.6875
760	9	La5	A5	358	358	1	16	227	95	96	.	91.75
761	9	Sol5	G5	349	349	1	4	909	95	96	.	92.0
762	9	Fa5#5	F5#5	345	345	1	8	455	95	96	Ba	92.125
763	9	Sol5	G5	349	349	3	8	1364	95	96	na 	92.5
764	9	Do6	C6	371	371	1	8	455	99	96	yıl	92.625
765	9	Si5	B5	367	367	1	8	455	95	96		92.75
766	9	La5	A5	358	358	1	8	455	99	96	lar	92.875
767	9	Sol5	G5	349	349	1	8	455	95	96		93.0
768	9	La5	A5	358	358	1	8	455	95	96	ca 	93.125
769	9	Sol5	G5	349	349	1	8	455	99	96	ruh 	93.25
770	9	Fa5	F5	340	340	1	8	455	99	96		93.375
771	9	Mi5	E5	336	336	1	8	455	95	96		93.5
772	9	Fa5	F5	340	340	1	8	455	99	96	ver	93.625
773	9	Mi5	E5	336	336	1	16	227	99	96		93.6875
774	9	Sol5	G5	349	349	1	16	227	95	96		93.75
775	9	Fa5	F5	340	340	1	4	909	95	96	din 	94.0
776	9	Es	Es	-1	-1	1	8	455	99	96		94.125
777	9	La5	A5	358	358	1	4	909	99	96	SAZ	94.375
778	9	La5	A5	358	358	1	16	227	99	96	.	94.4375
779	9	Sol5	G5	349	349	1	16	227	99	96	.	94.5
780	9	La5	A5	358	358	1	16	227	99	96	.	94.5625
781	9	Sol5	G5	349	349	1	16	227	99	96	.	94.625
782	9	Fa5	F5	340	340	1	16	227	99	96	.	94.6875
783	9	Mi5	E5	336	336	1	16	227	99	96	.	94.75
784	9	Fa5	F5	340	340	1	4	909	95	96	.	95.0
785	9	La5	A5	358	358	1	8	455	99	96	il	95.125
786	9	Sol5	G5	349	349	1	8	455	95	96		95.25
787	9	Fa5	F5	340	340	1	8	455	99	96	hâ	95.375
788	9	Mi5	E5	336	336	1	8	455	95	96		95.5
789	9	Re5	D5	327	327	1	8	455	99	96	mın	95.625
790	9	Do5	C5	318	318	1	8	455	95	96		95.75
791	9	Si4	B4	314	314	1	8	455	95	96	la 	95.875
792	9	Do5	C5	318	318	1	8	455	95	96	be	96.0
793	9	Re5	D5	327	327	1	2	1818	99	96	ni 	96.5
794	7	Sol4	G4	296	296	1	8	455	99	96	SAZ	96.625
795	7	Si4	B4	314	314	1	8	455	99	96	.	96.75
796	9	Re5	D5	327	327	1	4	909	95	96	.	97.0
797	9	Mi5	E5	336	336	1	8	455	95	96	ya	97.125
798	9	Mi5	E5	336	336	1	4	909	99	96	şat	97.375
799	9	Re5	D5	327	327	1	8	455	99	96		97.5
800	9	Mi5	E5	336	336	1	16	227	99	96		97.5625
801	9	Re5	D5	327	327	1	16	227	99	96		97.625
802	9	Do5	C5	318	318	1	16	227	99	96		97.6875
803	9	Si4	B4	314	314	1	16	227	95	96		97.75
804	9	Do5	C5	318	318	1	4	909	95	96	tın 	98.0
805	9	Re5	D5	327	327	1	8	455	95	96	ya	98.125
806	9	Re5	D5	327	327	1	4	909	99	96	şat	98.375
807	9	Do5	C5	318	318	1	8	455	99	96		98.5
808	9	Re5	D5	327	327	1	16	227	99	96		98.5625
809	9	Do5	C5	318	318	1	16	227	99	96		98.625
810	9	Si4	B4	314	314	1	16	227	99	96		98.6875
811	9	La4#4	A4#4	309	309	1	16	227	95	96		98.75
812	9	Si4	B4	314	314	1	4	909	95	96	tın 	99.0
813	9	Do5	C5	318	318	1	8	455	95	96	ya	99.125
814	9	Si4	B4	314	314	1	8	455	99	96	şat	99.25
815	9	La4	A4	305	305	1	8	455	99	96		99.375
816	9	Sol4	G4	296	296	1	8	455	99	96		99.5
817	9	Fa4#5	F4#5	292	292	1	4	909	99	96		99.75
818	9	Si4	B4	314	314	1	8	455	99	96		99.875
819	9	La4	A4	305	305	1	16	227	99	96		99.9375
820	9	Sol4	G4	296	296	1	16	227	95	96		100.0
821	9	Sol4	G4	296	296	3	8	1364	95	96	tın  	100.375
