Sira	Kod	Nota53	NotaAE	Koma53	KomaAE	Pay	Payda	Ms	LNS	Bas	Soz1	Offset
1	9	Re5	D5	327	327	1	8	227	95	96	ARANAĞME	0.125
2	9	Sol5	G5	349	349	1	4	455	95	96	.	0.375
3	9	Fa5#5	F5#5	345	345	1	8	227	95	96	.	0.5
4	9	Sol5	G5	349	349	1	2	909	95	96	.	1.0
5	9	Es	Es	-1	-1	1	8	227	100	0	.	1.125
6	9	La5	A5	358	358	1	8	227	95	96	.	1.25
7	9	Sol5	G5	349	349	1	8	227	95	96	.	1.375
8	9	Fa5#5	F5#5	345	345	1	8	227	95	96	.	1.5
9	9	Sol5	G5	349	349	1	8	227	95	96	.	1.625
10	9	Fa5#5	F5#5	345	345	1	8	227	95	96	.	1.75
11	9	Mi5	E5	336	336	1	8	227	95	96	.	1.875
12	9	Fa5#5	F5#5	345	345	1	8	227	95	96	.	2.0
13	9	Re5	D5	327	327	3	8	682	95	96	.	2.375
14	9	Do5	C5	318	318	1	16	114	95	96	.	2.4375
15	9	Si4	B4	314	314	1	16	114	95	96	.	2.5
16	9	La4	A4	305	305	1	16	114	95	96	.	2.5625
17	9	Sol4	G4	296	296	1	16	114	95	96	.	2.625
18	9	Fa4#5	F4#5	292	292	1	16	114	95	96	.	2.6875
19	9	Mi4	E4	283	283	1	16	114	95	96	.	2.75
20	9	Re4	D4	274	274	1	4	455	95	96	.	3.0
21	9	Re5	D5	327	327	1	8	227	95	96	.	3.125
22	9	Fa5#5	F5#5	345	345	1	4	455	95	96	.	3.375
23	9	Sol5	G5	349	349	1	8	227	95	96	.	3.5
24	9	La5	A5	358	358	1	2	909	95	96	.	4.0
25	9	Es	Es	-1	-1	1	8	227	100	0	.	4.125
26	9	Do6	C6	371	371	1	8	227	95	96	.	4.25
27	9	Si5	B5	367	367	1	8	227	95	96	.	4.375
28	9	La5	A5	358	358	1	8	227	95	96	.	4.5
29	9	Sol5	G5	349	349	1	8	227	95	96	.	4.625
30	9	Fa5#5	F5#5	345	345	1	8	227	95	96	.	4.75
31	9	Mi5	E5	336	336	1	8	227	95	96	.	4.875
32	9	Fa5#5	F5#5	345	345	1	8	227	95	96	.	5.0
33	9	Sol5	G5	349	349	3	8	682	95	96	.	5.375
34	9	Fa5#5	F5#5	345	345	1	16	114	95	96	.	5.4375
35	9	Mi5	E5	336	336	1	16	114	95	96	.	5.5
36	9	Re5	D5	327	327	1	16	114	95	96	.	5.5625
37	9	Do5	C5	318	318	1	16	114	95	96	.	5.625
38	9	Si4	B4	314	314	1	16	114	95	96	.	5.6875
39	9	La4	A4	305	305	1	16	114	95	96	.	5.75
40	9	Sol4	G4	296	296	1	4	455	95	96	.	6.0
41	9	Re5	D5	327	327	1	8	227	95	96	ARANAĞME	6.125
42	9	Sol5	G5	349	349	1	4	455	95	96	.	6.375
43	9	Fa5#5	F5#5	345	345	1	8	227	95	96	.	6.5
44	9	Sol5	G5	349	349	1	2	909	95	96	.	7.0
45	9	Es	Es	-1	-1	1	8	227	100	0	.	7.125
46	9	La5	A5	358	358	1	8	227	95	96	.	7.25
47	9	Sol5	G5	349	349	1	8	227	95	96	.	7.375
48	9	Fa5#5	F5#5	345	345	1	8	227	95	96	.	7.5
49	9	Sol5	G5	349	349	1	8	227	95	96	.	7.625
50	9	Fa5#5	F5#5	345	345	1	8	227	95	96	.	7.75
51	9	Mi5	E5	336	336	1	8	227	95	96	.	7.875
52	9	Fa5#5	F5#5	345	345	1	8	227	95	96	.	8.0
53	9	Re5	D5	327	327	3	8	682	95	96	.	8.375
54	9	Do5	C5	318	318	1	16	114	95	96	.	8.4375
55	9	Si4	B4	314	314	1	16	114	95	96	.	8.5
56	9	La4	A4	305	305	1	16	114	95	96	.	8.5625
57	9	Sol4	G4	296	296	1	16	114	95	96	.	8.625
58	9	Fa4#5	F4#5	292	292	1	16	114	95	96	.	8.6875
59	9	Mi4	E4	283	283	1	16	114	95	96	.	8.75
60	9	Re4	D4	274	274	1	4	455	95	96	.	9.0
61	9	Re5	D5	327	327	1	8	227	95	96	.	9.125
62	9	Fa5#5	F5#5	345	345	1	4	455	95	96	.	9.375
63	9	Sol5	G5	349	349	1	8	227	95	96	.	9.5
64	9	La5	A5	358	358	1	2	909	95	96	.	10.0
65	9	Es	Es	-1	-1	1	8	227	100	0	.	10.125
66	9	Do6	C6	371	371	1	8	227	95	96	.	10.25
67	9	Si5	B5	367	367	1	8	227	95	96	.	10.375
68	9	La5	A5	358	358	1	8	227	95	96	.	10.5
69	9	Sol5	G5	349	349	1	8	227	95	96	.	10.625
70	9	Fa5#5	F5#5	345	345	1	8	227	95	96	.	10.75
71	9	Mi5	E5	336	336	1	8	227	95	96	.	10.875
72	9	Fa5#5	F5#5	345	345	1	8	227	95	96	.	11.0
73	9	Sol5	G5	349	349	3	8	682	95	96	.	11.375
74	9	Re5	D5	327	327	1	8	227	95	96	.	11.5
75	9	Mi5	E5	336	336	1	8	227	95	96	.	11.625
76	9	Fa5#5	F5#5	345	345	1	8	227	95	96	.	11.75
77	9	Sol5	G5	349	349	1	4	455	95	96	.	12.0
78	9	Es	Es	-1	-1	1	8	227	100	0	.	12.125
79	9	Do6	C6	371	371	1	8	227	95	96	.	12.25
80	9	Si5	B5	367	367	1	8	227	95	96	.	12.375
81	9	La5	A5	358	358	1	8	227	95	96	.	12.5
82	9	Sol5	G5	349	349	1	8	227	95	96	.	12.625
83	9	Fa5#5	F5#5	345	345	1	8	227	95	96	.	12.75
84	9	Mi5	E5	336	336	1	8	227	95	96	.	12.875
85	9	Re5	D5	327	327	1	8	227	95	96	.	13.0
86	9	Do5	C5	318	318	1	8	227	95	96	.	13.125
87	9	Si4	B4	314	314	1	8	227	95	96	.	13.25
88	9	La4	A4	305	305	1	8	227	95	96	.	13.375
89	9	Sol4	G4	296	296	1	8	227	95	96	.	13.5
90	9	Do5	C5	318	318	1	2	909	95	96	.	14.0
91	9	Es	Es	-1	-1	1	8	227	100	0	.	14.125
92	9	Do5	C5	318	318	1	8	227	95	96	.	14.25
93	9	Si4	B4	314	314	1	8	227	95	96	.	14.375
94	9	La4	A4	305	305	1	8	227	95	96	.	14.5
95	9	Si4	B4	314	314	1	8	227	95	96	.	14.625
96	9	La4	A4	305	305	1	8	227	95	96	.	14.75
97	9	Sol4	G4	296	296	1	8	227	95	96	.	14.875
98	9	Fa4#5	F4#5	292	292	1	8	227	95	96	.	15.0
99	9	Sol4	G4	296	296	3	8	682	95	96	.	15.375
100	9	La4	A4	305	305	1	16	114	95	96	.	15.4375
101	9	Si4	B4	314	314	1	16	114	95	96	.	15.5
102	9	Do5	C5	318	318	1	16	114	95	96	.	15.5625
103	9	Re5	D5	327	327	1	16	114	95	96	.	15.625
104	9	Mi5	E5	336	336	1	16	114	95	96	.	15.6875
105	9	Fa5#5	F5#5	345	345	1	16	114	95	96	.	15.75
106	9	Sol5	G5	349	349	1	4	455	95	96	.	16.0
107	9	Es	Es	-1	-1	1	8	227	100	0	.	16.125
108	9	Do6	C6	371	371	1	8	227	95	96	.	16.25
109	9	Si5	B5	367	367	1	8	227	95	96	.	16.375
110	9	La5	A5	358	358	1	8	227	95	96	.	16.5
111	9	Sol5	G5	349	349	1	8	227	95	96	.	16.625
112	9	Fa5#5	F5#5	345	345	1	8	227	95	96	.	16.75
113	9	Mi5	E5	336	336	1	8	227	95	96	.	16.875
114	9	Re5	D5	327	327	1	8	227	95	96	.	17.0
115	9	Do5	C5	318	318	1	8	227	95	96	.	17.125
116	9	Si4	B4	314	314	1	8	227	95	96	.	17.25
117	9	La4	A4	305	305	1	8	227	95	96	.	17.375
118	9	Sol4	G4	296	296	1	8	227	95	96	.	17.5
119	9	Do5	C5	318	318	1	2	909	95	96	.	18.0
120	9	Es	Es	-1	-1	1	8	227	100	0	.	18.125
121	9	Do5	C5	318	318	1	8	227	95	96	.	18.25
122	9	Si4	B4	314	314	1	8	227	95	96	.	18.375
123	9	La4	A4	305	305	1	8	227	95	96	.	18.5
124	9	Si4	B4	314	314	1	8	227	95	96	.	18.625
125	9	La4	A4	305	305	1	8	227	95	96	.	18.75
126	9	Sol4	G4	296	296	1	8	227	95	96	.	18.875
127	9	Fa4#5	F4#5	292	292	1	8	227	95	96	.	19.0
128	9	Sol4	G4	296	296	3	8	682	95	96	.	19.375
129	9	Re4	D4	274	274	1	8	227	95	96	.	19.5
130	9	Mi4	E4	283	283	1	8	227	95	96	.	19.625
131	9	Fa4#5	F4#5	292	292	1	8	227	95	96	.	19.75
132	9	Sol4	G4	296	296	1	4	455	95	96	.	20.0
133	9	Re5	D5	327	327	1	8	227	95	96	Pe	20.125
134	9	Sol5	G5	349	349	1	4	455	95	96	tek 	20.375
135	9	Fa5#5	F5#5	345	345	1	8	227	95	96	pe	20.5
136	9	Sol5	G5	349	349	1	2	909	95	96	tek 	21.0
137	9	Es	Es	-1	-1	1	8	227	100	0		21.125
138	9	La5	A5	358	358	1	8	227	99	96	bal 	21.25
139	9	Sol5	G5	349	349	1	8	227	99	96		21.375
140	9	Fa5#5	F5#5	345	345	1	8	227	99	96		21.5
141	9	Sol5	G5	349	349	1	4	455	95	96		21.75
142	9	Mi5	E5	336	336	1	8	227	95	96	gi	21.875
143	9	Fa5#5	F5#5	345	345	1	8	227	95	96	bi	22.0
144	9	Re5	D5	327	327	3	8	682	95	96	sin  	22.375
145	9	Do5	C5	318	318	1	16	114	95	96	SAZ	22.4375
146	9	Si4	B4	314	314	1	16	114	95	96	.	22.5
147	9	La4	A4	305	305	1	16	114	95	96	.	22.5625
148	9	Sol4	G4	296	296	1	16	114	95	96	.	22.625
149	9	Fa4#5	F4#5	292	292	1	16	114	95	96	.	22.6875
150	9	Mi4	E4	283	283	1	16	114	95	96	.	22.75
151	9	Re4	D4	274	274	1	4	455	95	96	.	23.0
152	9	Re5	D5	327	327	1	8	227	95	96	Çi	23.125
153	9	Fa5#5	F5#5	345	345	1	4	455	95	96	çek 	23.375
154	9	Sol5	G5	349	349	1	8	227	95	96	çi	23.5
155	9	La5	A5	358	358	1	2	909	95	96	çek 	24.0
156	9	Es	Es	-1	-1	1	8	227	100	0		24.125
157	9	Do6	C6	371	371	1	8	227	99	96	dal 	24.25
158	9	Si5	B5	367	367	1	8	227	99	96		24.375
159	9	La5	A5	358	358	1	8	227	99	96		24.5
160	9	Sol5	G5	349	349	1	8	227	99	96		24.625
161	9	Fa5#5	F5#5	345	345	1	8	227	95	96		24.75
162	9	Mi5	E5	336	336	1	8	227	95	96	gi	24.875
163	9	Fa5#5	F5#5	345	345	1	8	227	95	96	bi	25.0
164	9	Sol5	G5	349	349	3	8	682	95	96	sin  	25.375
165	9	Fa5#5	F5#5	345	345	1	16	114	95	96	SAZ	25.4375
166	9	Mi5	E5	336	336	1	16	114	95	96	.	25.5
167	9	Re5	D5	327	327	1	16	114	95	96	.	25.5625
168	9	Do5	C5	318	318	1	16	114	95	96	.	25.625
169	9	Si4	B4	314	314	1	16	114	95	96	.	25.6875
170	9	La4	A4	305	305	1	16	114	95	96	.	25.75
171	9	Sol4	G4	296	296	1	4	455	95	96	.	26.0
172	9	Re5	D5	327	327	1	8	227	95	96	Pe	26.125
173	9	Sol5	G5	349	349	1	4	455	95	96	tek 	26.375
174	9	Fa5#5	F5#5	345	345	1	8	227	95	96	pe	26.5
175	9	Sol5	G5	349	349	1	2	909	95	96	tek 	27.0
176	9	Es	Es	-1	-1	1	8	227	100	0		27.125
177	9	La5	A5	358	358	1	8	227	99	96	bal 	27.25
178	9	Sol5	G5	349	349	1	8	227	99	96		27.375
179	9	Fa5#5	F5#5	345	345	1	8	227	99	96		27.5
180	9	Sol5	G5	349	349	1	4	455	95	96		27.75
181	9	Mi5	E5	336	336	1	8	227	95	96	gi	27.875
182	9	Fa5#5	F5#5	345	345	1	8	227	95	96	bi	28.0
183	9	Re5	D5	327	327	3	8	682	95	96	sin  	28.375
184	9	Do5	C5	318	318	1	16	114	95	96	SAZ	28.4375
185	9	Si4	B4	314	314	1	16	114	95	96	.	28.5
186	9	La4	A4	305	305	1	16	114	95	96	.	28.5625
187	9	Sol4	G4	296	296	1	16	114	95	96	.	28.625
188	9	Fa4#5	F4#5	292	292	1	16	114	95	96	.	28.6875
189	9	Mi4	E4	283	283	1	16	114	95	96	.	28.75
190	9	Re4	D4	274	274	1	4	455	95	96	.	29.0
191	9	Re5	D5	327	327	1	8	227	95	96	Çi	29.125
192	9	Fa5#5	F5#5	345	345	1	4	455	95	96	çek 	29.375
193	9	Sol5	G5	349	349	1	8	227	95	96	çi	29.5
194	9	La5	A5	358	358	1	2	909	95	96	çek 	30.0
195	9	Es	Es	-1	-1	1	8	227	100	0		30.125
196	9	Do6	C6	371	371	1	8	227	99	96	dal 	30.25
197	9	Si5	B5	367	367	1	8	227	99	96		30.375
198	9	La5	A5	358	358	1	8	227	99	96		30.5
199	9	Sol5	G5	349	349	1	8	227	99	96		30.625
200	9	Fa5#5	F5#5	345	345	1	8	227	95	96		30.75
201	9	Mi5	E5	336	336	1	8	227	95	96	gi	30.875
202	9	Fa5#5	F5#5	345	345	1	8	227	95	96	bi	31.0
203	9	Sol5	G5	349	349	3	8	682	95	96	sin  	31.375
204	9	Re5	D5	327	327	1	8	227	95	96	SAZ	31.5
205	9	Mi5	E5	336	336	1	16	114	95	96	.	31.5625
206	9	Re5	D5	327	327	1	16	114	95	96	.	31.625
207	9	Mi5	E5	336	336	1	16	114	95	96	.	31.6875
208	9	Fa5#5	F5#5	345	345	1	16	114	95	96	.	31.75
209	9	Sol5	G5	349	349	1	4	455	95	96	.	32.0
210	9	La5	A5	358	358	1	4	455	50	96	Fin	32.25
211	9	Fa5#5	F5#5	345	345	1	4	455	50	96	can	32.5
212	9	Sol5	G5	349	349	1	4	455	50	96	da	32.75
213	9	Mi5	E5	336	336	1	4	455	50	96	ki 	33.0
214	9	Es	Es	-1	-1	1	8	227	100	0		33.125
215	9	Mi5	E5	336	336	1	4	455	99	96	fal 	33.375
216	9	Re5	D5	327	327	1	8	227	99	96		33.5
217	9	Mi5	E5	336	336	1	4	455	95	96		33.75
218	9	Do5	C5	318	318	1	8	227	95	96	gi	33.875
219	9	Si4	B4	314	314	1	8	227	95	96	bi	34.0
220	9	Do5	C5	318	318	3	8	682	95	96	sin  	34.375
221	9	Si4	B4	314	314	1	8	227	95	96	SAZ	34.5
222	9	Si4	B4	314	314	3	16	341	95	96	.	34.6875
223	9	La4	A4	305	305	1	16	114	95	96	.	34.75
224	9	Sol4	G4	296	296	1	4	455	95	96	.	35.0
225	9	Es	Es	-1	-1	1	8	227	100	0		35.125
226	9	Do5	C5	318	318	1	8	227	95	96	Be	35.25
227	9	Si4	B4	314	314	1	8	227	95	96	nim 	35.375
228	9	La4	A4	305	305	1	8	227	95	96	gü	35.5
229	9	Si4	B4	314	314	1	8	227	95	96	zel 	35.625
230	9	La4	A4	305	305	1	8	227	95	96	pe	35.75
231	9	Sol4	G4	296	296	1	8	227	95	96	ri 	35.875
232	9	Fa4#5	F4#5	292	292	1	8	227	95	96	kı	36.0
233	9	Sol4	G4	296	296	1	8	227	95	96	zım  	36.125
234	9	Do5	C5	318	318	1	8	227	95	96	SAZ	36.25
235	9	Si4	B4	314	314	1	8	227	95	96	.	36.375
236	9	La4	A4	305	305	1	8	227	95	96	.	36.5
237	9	Si4	B4	314	314	1	8	227	95	96	.	36.625
238	9	La4	A4	305	305	1	8	227	95	96	.	36.75
239	9	Sol4	G4	296	296	1	8	227	95	96	.	36.875
240	9	Fa4#5	F4#5	292	292	1	8	227	95	96	.	37.0
241	9	Sol4	G4	296	296	3	8	682	95	96	.	37.375
242	9	La4	A4	305	305	1	16	114	95	96	.	37.4375
243	9	Si4	B4	314	314	1	16	114	95	96	.	37.5
244	9	Do5	C5	318	318	1	16	114	95	96	.	37.5625
245	9	Re5	D5	327	327	1	16	114	95	96	.	37.625
246	9	Mi5	E5	336	336	1	16	114	95	96	.	37.6875
247	9	Fa5#5	F5#5	345	345	1	16	114	95	96	.	37.75
248	9	Sol5	G5	349	349	1	4	455	95	96	.	38.0
249	9	La5	A5	358	358	1	4	455	50	96	Fin	38.25
250	9	Fa5#5	F5#5	345	345	1	4	455	50	96	can	38.5
251	9	Sol5	G5	349	349	1	4	455	50	96	da	38.75
252	9	Mi5	E5	336	336	1	4	455	50	96	ki 	39.0
253	9	Es	Es	-1	-1	1	8	227	100	0		39.125
254	9	Mi5	E5	336	336	1	4	455	99	96	fal 	39.375
255	9	Re5	D5	327	327	1	8	227	99	96		39.5
256	9	Mi5	E5	336	336	1	4	455	95	96		39.75
257	9	Do5	C5	318	318	1	8	227	95	96	gi	39.875
258	9	Si4	B4	314	314	1	8	227	95	96	bi	40.0
259	9	Do5	C5	318	318	3	8	682	95	96	sin  	40.375
260	9	Si4	B4	314	314	1	8	227	95	96	SAZ	40.5
261	9	Si4	B4	314	314	3	16	341	95	96	.	40.6875
262	9	La4	A4	305	305	1	16	114	95	96	.	40.75
263	9	Sol4	G4	296	296	1	4	455	95	96	.	41.0
264	9	Es	Es	-1	-1	1	8	227	100	0		41.125
265	9	Do5	C5	318	318	1	8	227	95	96	Be	41.25
266	9	Si4	B4	314	314	1	8	227	95	96	nim 	41.375
267	9	La4	A4	305	305	1	8	227	95	96	gü	41.5
268	9	Si4	B4	314	314	1	8	227	95	96	zel 	41.625
269	9	La4	A4	305	305	1	8	227	95	96	pe	41.75
270	9	Sol4	G4	296	296	1	8	227	95	96	ri 	41.875
271	9	Fa4#5	F4#5	292	292	1	8	227	95	96	kı	42.0
272	9	Sol4	G4	296	296	1	8	227	95	96	zım  	42.125
273	9	Do5	C5	318	318	1	8	227	95	96	SAZ	42.25
274	9	Si4	B4	314	314	1	8	227	95	96	.	42.375
275	9	La4	A4	305	305	1	8	227	95	96	.	42.5
276	9	Si4	B4	314	314	1	8	227	95	96	.	42.625
277	9	La4	A4	305	305	1	8	227	95	96	.	42.75
278	9	Sol4	G4	296	296	1	8	227	95	96	.	42.875
279	9	Fa4#5	F4#5	292	292	1	8	227	95	96	.	43.0
280	9	Sol4	G4	296	296	3	8	682	95	96	.	43.375
281	9	Re4	D4	274	274	1	8	227	95	96	.	43.5
282	9	Mi4	E4	283	283	1	8	227	95	96	.	43.625
283	9	Fa4#5	F4#5	292	292	1	8	227	95	96	.	43.75
284	9	Sol4	G4	296	296	1	4	455	95	96	.	44.0
285	9	Re5	D5	327	327	1	8	227	95	96	ARANAĞME	44.125
286	9	Sol5	G5	349	349	1	4	455	95	96	.	44.375
287	9	Fa5#5	F5#5	345	345	1	8	227	95	96	.	44.5
288	9	Sol5	G5	349	349	1	2	909	95	96	.	45.0
289	9	Es	Es	-1	-1	1	8	227	100	0	.	45.125
290	9	La5	A5	358	358	1	8	227	95	96	.	45.25
291	9	Sol5	G5	349	349	1	8	227	95	96	.	45.375
292	9	Fa5#5	F5#5	345	345	1	8	227	95	96	.	45.5
293	9	Sol5	G5	349	349	1	8	227	95	96	.	45.625
294	9	Fa5#5	F5#5	345	345	1	8	227	95	96	.	45.75
295	9	Mi5	E5	336	336	1	8	227	95	96	.	45.875
296	9	Fa5#5	F5#5	345	345	1	8	227	95	96	.	46.0
297	9	Re5	D5	327	327	3	8	682	95	96	.	46.375
298	9	Do5	C5	318	318	1	16	114	95	96	.	46.4375
299	9	Si4	B4	314	314	1	16	114	95	96	.	46.5
300	9	La4	A4	305	305	1	16	114	95	96	.	46.5625
301	9	Sol4	G4	296	296	1	16	114	95	96	.	46.625
302	9	Fa4#5	F4#5	292	292	1	16	114	95	96	.	46.6875
303	9	Mi4	E4	283	283	1	16	114	95	96	.	46.75
304	9	Re4	D4	274	274	1	4	455	95	96	.	47.0
305	9	Re5	D5	327	327	1	8	227	95	96	.	47.125
306	9	Fa5#5	F5#5	345	345	1	4	455	95	96	.	47.375
307	9	Sol5	G5	349	349	1	8	227	95	96	.	47.5
308	9	La5	A5	358	358	1	2	909	95	96	.	48.0
309	9	Es	Es	-1	-1	1	8	227	100	0	.	48.125
310	9	Do6	C6	371	371	1	8	227	95	96	.	48.25
311	9	Si5	B5	367	367	1	8	227	95	96	.	48.375
312	9	La5	A5	358	358	1	8	227	95	96	.	48.5
313	9	Sol5	G5	349	349	1	8	227	95	96	.	48.625
314	9	Fa5#5	F5#5	345	345	1	8	227	95	96	.	48.75
315	9	Mi5	E5	336	336	1	8	227	95	96	.	48.875
316	9	Fa5#5	F5#5	345	345	1	8	227	95	96	.	49.0
317	9	Sol5	G5	349	349	3	8	682	95	96	.	49.375
318	9	Fa5#5	F5#5	345	345	1	16	114	95	96	.	49.4375
319	9	Mi5	E5	336	336	1	16	114	95	96	.	49.5
320	9	Re5	D5	327	327	1	16	114	95	96	.	49.5625
321	9	Do5	C5	318	318	1	16	114	95	96	.	49.625
322	9	Si4	B4	314	314	1	16	114	95	96	.	49.6875
323	9	La4	A4	305	305	1	16	114	95	96	.	49.75
324	9	Sol4	G4	296	296	1	4	455	95	96	.	50.0
325	9	Re5	D5	327	327	1	8	227	95	96	ARANAĞME	50.125
326	9	Sol5	G5	349	349	1	4	455	95	96	.	50.375
327	9	Fa5#5	F5#5	345	345	1	8	227	95	96	.	50.5
328	9	Sol5	G5	349	349	1	2	909	95	96	.	51.0
329	9	Es	Es	-1	-1	1	8	227	100	0	.	51.125
330	9	La5	A5	358	358	1	8	227	95	96	.	51.25
331	9	Sol5	G5	349	349	1	8	227	95	96	.	51.375
332	9	Fa5#5	F5#5	345	345	1	8	227	95	96	.	51.5
333	9	Sol5	G5	349	349	1	8	227	95	96	.	51.625
334	9	Fa5#5	F5#5	345	345	1	8	227	95	96	.	51.75
335	9	Mi5	E5	336	336	1	8	227	95	96	.	51.875
336	9	Fa5#5	F5#5	345	345	1	8	227	95	96	.	52.0
337	9	Re5	D5	327	327	3	8	682	95	96	.	52.375
338	9	Do5	C5	318	318	1	16	114	95	96	.	52.4375
339	9	Si4	B4	314	314	1	16	114	95	96	.	52.5
340	9	La4	A4	305	305	1	16	114	95	96	.	52.5625
341	9	Sol4	G4	296	296	1	16	114	95	96	.	52.625
342	9	Fa4#5	F4#5	292	292	1	16	114	95	96	.	52.6875
343	9	Mi4	E4	283	283	1	16	114	95	96	.	52.75
344	9	Re4	D4	274	274	1	4	455	95	96	.	53.0
345	9	Re5	D5	327	327	1	8	227	95	96	.	53.125
346	9	Fa5#5	F5#5	345	345	1	4	455	95	96	.	53.375
347	9	Sol5	G5	349	349	1	8	227	95	96	.	53.5
348	9	La5	A5	358	358	1	2	909	95	96	.	54.0
349	9	Es	Es	-1	-1	1	8	227	100	0	.	54.125
350	9	Do6	C6	371	371	1	8	227	95	96	.	54.25
351	9	Si5	B5	367	367	1	8	227	95	96	.	54.375
352	9	La5	A5	358	358	1	8	227	95	96	.	54.5
353	9	Sol5	G5	349	349	1	8	227	95	96	.	54.625
354	9	Fa5#5	F5#5	345	345	1	8	227	95	96	.	54.75
355	9	Mi5	E5	336	336	1	8	227	95	96	.	54.875
356	9	Fa5#5	F5#5	345	345	1	8	227	95	96	.	55.0
357	9	Sol5	G5	349	349	3	8	682	95	96	.	55.375
358	9	Re5	D5	327	327	1	8	227	95	96	.	55.5
359	9	Mi5	E5	336	336	1	8	227	95	96	.	55.625
360	9	Fa5#5	F5#5	345	345	1	8	227	95	96	.	55.75
361	9	Sol5	G5	349	349	1	4	455	95	96	.	56.0
362	9	Es	Es	-1	-1	1	8	227	100	0	.	56.125
363	9	Do6	C6	371	371	1	8	227	95	96	.	56.25
364	9	Si5	B5	367	367	1	8	227	95	96	.	56.375
365	9	La5	A5	358	358	1	8	227	95	96	.	56.5
366	9	Sol5	G5	349	349	1	8	227	95	96	.	56.625
367	9	Fa5#5	F5#5	345	345	1	8	227	95	96	.	56.75
368	9	Mi5	E5	336	336	1	8	227	95	96	.	56.875
369	9	Re5	D5	327	327	1	8	227	95	96	.	57.0
370	9	Do5	C5	318	318	1	8	227	95	96	.	57.125
371	9	Si4	B4	314	314	1	8	227	95	96	.	57.25
372	9	La4	A4	305	305	1	8	227	95	96	.	57.375
373	9	Sol4	G4	296	296	1	8	227	95	96	.	57.5
374	9	Do5	C5	318	318	1	2	909	95	96	.	58.0
375	9	Es	Es	-1	-1	1	8	227	100	0	.	58.125
376	9	Do5	C5	318	318	1	8	227	95	96	.	58.25
377	9	Si4	B4	314	314	1	8	227	95	96	.	58.375
378	9	La4	A4	305	305	1	8	227	95	96	.	58.5
379	9	Si4	B4	314	314	1	8	227	95	96	.	58.625
380	9	La4	A4	305	305	1	8	227	95	96	.	58.75
381	9	Sol4	G4	296	296	1	8	227	95	96	.	58.875
382	9	Fa4#5	F4#5	292	292	1	8	227	95	96	.	59.0
383	9	Sol4	G4	296	296	3	8	682	95	96	.	59.375
384	9	La4	A4	305	305	1	16	114	95	96	.	59.4375
385	9	Si4	B4	314	314	1	16	114	95	96	.	59.5
386	9	Do5	C5	318	318	1	16	114	95	96	.	59.5625
387	9	Re5	D5	327	327	1	16	114	95	96	.	59.625
388	9	Mi5	E5	336	336	1	16	114	95	96	.	59.6875
389	9	Fa5#5	F5#5	345	345	1	16	114	95	96	.	59.75
390	9	Sol5	G5	349	349	1	4	455	95	96	.	60.0
391	9	Es	Es	-1	-1	1	8	227	100	0	.	60.125
392	9	Do6	C6	371	371	1	8	227	95	96	.	60.25
393	9	Si5	B5	367	367	1	8	227	95	96	.	60.375
394	9	La5	A5	358	358	1	8	227	95	96	.	60.5
395	9	Sol5	G5	349	349	1	8	227	95	96	.	60.625
396	9	Fa5#5	F5#5	345	345	1	8	227	95	96	.	60.75
397	9	Mi5	E5	336	336	1	8	227	95	96	.	60.875
398	9	Re5	D5	327	327	1	8	227	95	96	.	61.0
399	9	Do5	C5	318	318	1	8	227	95	96	.	61.125
400	9	Si4	B4	314	314	1	8	227	95	96	.	61.25
401	9	La4	A4	305	305	1	8	227	95	96	.	61.375
402	9	Sol4	G4	296	296	1	8	227	95	96	.	61.5
403	9	Do5	C5	318	318	1	2	909	95	96	.	62.0
404	9	Es	Es	-1	-1	1	8	227	100	0	.	62.125
405	9	Do5	C5	318	318	1	8	227	95	96	.	62.25
406	9	Si4	B4	314	314	1	8	227	95	96	.	62.375
407	9	La4	A4	305	305	1	8	227	95	96	.	62.5
408	9	Si4	B4	314	314	1	8	227	95	96	.	62.625
409	9	La4	A4	305	305	1	8	227	95	96	.	62.75
410	9	Sol4	G4	296	296	1	8	227	95	96	.	62.875
411	9	Fa4#5	F4#5	292	292	1	8	227	95	96	.	63.0
412	9	Sol4	G4	296	296	3	8	682	95	96	.	63.375
413	9	Re4	D4	274	274	1	8	227	95	96	.	63.5
414	9	Mi4	E4	283	283	1	8	227	95	96	.	63.625
415	9	Fa4#5	F4#5	292	292	1	8	227	95	96	.	63.75
416	9	Sol4	G4	296	296	1	4	455	95	96	.	64.0
417	9	Re5	D5	327	327	1	8	227	95	96	Pe	64.125
418	9	Sol5	G5	349	349	1	4	455	95	96	tek 	64.375
419	9	Fa5#5	F5#5	345	345	1	8	227	95	96	pe	64.5
420	9	Sol5	G5	349	349	1	2	909	95	96	tek 	65.0
421	9	Es	Es	-1	-1	1	8	227	100	0		65.125
422	9	La5	A5	358	358	1	8	227	99	96	bal 	65.25
423	9	Sol5	G5	349	349	1	8	227	99	96		65.375
424	9	Fa5#5	F5#5	345	345	1	8	227	99	96		65.5
425	9	Sol5	G5	349	349	1	4	455	95	96		65.75
426	9	Mi5	E5	336	336	1	8	227	95	96	gi	65.875
427	9	Fa5#5	F5#5	345	345	1	8	227	95	96	bi	66.0
428	9	Re5	D5	327	327	3	8	682	95	96	sin  	66.375
429	9	Do5	C5	318	318	1	16	114	95	96	SAZ	66.4375
430	9	Si4	B4	314	314	1	16	114	95	96	.	66.5
431	9	La4	A4	305	305	1	16	114	95	96	.	66.5625
432	9	Sol4	G4	296	296	1	16	114	95	96	.	66.625
433	9	Fa4#5	F4#5	292	292	1	16	114	95	96	.	66.6875
434	9	Mi4	E4	283	283	1	16	114	95	96	.	66.75
435	9	Re4	D4	274	274	1	4	455	95	96	.	67.0
436	9	Re5	D5	327	327	1	8	227	95	96	Çi	67.125
437	9	Fa5#5	F5#5	345	345	1	4	455	95	96	çek 	67.375
438	9	Sol5	G5	349	349	1	8	227	95	96	çi	67.5
439	9	La5	A5	358	358	1	2	909	95	96	çek 	68.0
440	9	Es	Es	-1	-1	1	8	227	100	0		68.125
441	9	Do6	C6	371	371	1	8	227	99	96	dal 	68.25
442	9	Si5	B5	367	367	1	8	227	99	96		68.375
443	9	La5	A5	358	358	1	8	227	99	96		68.5
444	9	Sol5	G5	349	349	1	8	227	99	96		68.625
445	9	Fa5#5	F5#5	345	345	1	8	227	95	96		68.75
446	9	Mi5	E5	336	336	1	8	227	95	96	gi	68.875
447	9	Fa5#5	F5#5	345	345	1	8	227	95	96	bi	69.0
448	9	Sol5	G5	349	349	3	8	682	95	96	sin  	69.375
449	9	Fa5#5	F5#5	345	345	1	16	114	95	96	SAZ	69.4375
450	9	Mi5	E5	336	336	1	16	114	95	96	.	69.5
451	9	Re5	D5	327	327	1	16	114	95	96	.	69.5625
452	9	Do5	C5	318	318	1	16	114	95	96	.	69.625
453	9	Si4	B4	314	314	1	16	114	95	96	.	69.6875
454	9	La4	A4	305	305	1	16	114	95	96	.	69.75
455	9	Sol4	G4	296	296	1	4	455	95	96	.	70.0
456	9	Re5	D5	327	327	1	8	227	95	96	Pe	70.125
457	9	Sol5	G5	349	349	1	4	455	95	96	tek 	70.375
458	9	Fa5#5	F5#5	345	345	1	8	227	95	96	pe	70.5
459	9	Sol5	G5	349	349	1	2	909	95	96	tek 	71.0
460	9	Es	Es	-1	-1	1	8	227	100	0		71.125
461	9	La5	A5	358	358	1	8	227	99	96	bal 	71.25
462	9	Sol5	G5	349	349	1	8	227	99	96		71.375
463	9	Fa5#5	F5#5	345	345	1	8	227	99	96		71.5
464	9	Sol5	G5	349	349	1	4	455	95	96		71.75
465	9	Mi5	E5	336	336	1	8	227	95	96	gi	71.875
466	9	Fa5#5	F5#5	345	345	1	8	227	95	96	bi	72.0
467	9	Re5	D5	327	327	3	8	682	95	96	sin  	72.375
468	9	Do5	C5	318	318	1	16	114	95	96	SAZ	72.4375
469	9	Si4	B4	314	314	1	16	114	95	96	.	72.5
470	9	La4	A4	305	305	1	16	114	95	96	.	72.5625
471	9	Sol4	G4	296	296	1	16	114	95	96	.	72.625
472	9	Fa4#5	F4#5	292	292	1	16	114	95	96	.	72.6875
473	9	Mi4	E4	283	283	1	16	114	95	96	.	72.75
474	9	Re4	D4	274	274	1	4	455	95	96	.	73.0
475	9	Re5	D5	327	327	1	8	227	95	96	Çi	73.125
476	9	Fa5#5	F5#5	345	345	1	4	455	95	96	çek 	73.375
477	9	Sol5	G5	349	349	1	8	227	95	96	çi	73.5
478	9	La5	A5	358	358	1	2	909	95	96	çek 	74.0
479	9	Es	Es	-1	-1	1	8	227	100	0		74.125
480	9	Do6	C6	371	371	1	8	227	99	96	dal 	74.25
481	9	Si5	B5	367	367	1	8	227	99	96		74.375
482	9	La5	A5	358	358	1	8	227	99	96		74.5
483	9	Sol5	G5	349	349	1	8	227	99	96		74.625
484	9	Fa5#5	F5#5	345	345	1	8	227	95	96		74.75
485	9	Mi5	E5	336	336	1	8	227	95	96	gi	74.875
486	9	Fa5#5	F5#5	345	345	1	8	227	95	96	bi	75.0
487	9	Sol5	G5	349	349	3	8	682	95	96	sin  	75.375
488	9	Re5	D5	327	327	1	8	227	95	96	SAZ	75.5
489	9	Mi5	E5	336	336	1	16	114	95	96	.	75.5625
490	9	Re5	D5	327	327	1	16	114	95	96	.	75.625
491	9	Mi5	E5	336	336	1	16	114	95	96	.	75.6875
492	9	Fa5#5	F5#5	345	345	1	16	114	95	96	.	75.75
493	9	Sol5	G5	349	349	1	4	455	95	96	.	76.0
494	9	La5	A5	358	358	1	4	455	50	96	Fin	76.25
495	9	Fa5#5	F5#5	345	345	1	4	455	50	96	can	76.5
496	9	Sol5	G5	349	349	1	4	455	50	96	da	76.75
497	9	Mi5	E5	336	336	1	4	455	50	96	ki 	77.0
498	9	Es	Es	-1	-1	1	8	227	100	0		77.125
499	9	Mi5	E5	336	336	1	4	455	99	96	fal 	77.375
500	9	Re5	D5	327	327	1	8	227	99	96		77.5
501	9	Mi5	E5	336	336	1	4	455	95	96		77.75
502	9	Do5	C5	318	318	1	8	227	95	96	gi	77.875
503	9	Si4	B4	314	314	1	8	227	95	96	bi	78.0
504	9	Do5	C5	318	318	3	8	682	95	96	sin  	78.375
505	9	Si4	B4	314	314	1	8	227	95	96	SAZ	78.5
506	9	Si4	B4	314	314	3	16	341	95	96	.	78.6875
507	9	La4	A4	305	305	1	16	114	95	96	.	78.75
508	9	Sol4	G4	296	296	1	4	455	95	96	.	79.0
509	9	Es	Es	-1	-1	1	8	227	100	0		79.125
510	9	Do5	C5	318	318	1	8	227	95	96	Be	79.25
511	9	Si4	B4	314	314	1	8	227	95	96	nim 	79.375
512	9	La4	A4	305	305	1	8	227	95	96	gü	79.5
513	9	Si4	B4	314	314	1	8	227	95	96	zel 	79.625
514	9	La4	A4	305	305	1	8	227	95	96	pe	79.75
515	9	Sol4	G4	296	296	1	8	227	95	96	ri 	79.875
516	9	Fa4#5	F4#5	292	292	1	8	227	95	96	kı	80.0
517	9	Sol4	G4	296	296	1	8	227	95	96	zım  	80.125
518	9	Do5	C5	318	318	1	8	227	95	96	SAZ	80.25
519	9	Si4	B4	314	314	1	8	227	95	96	.	80.375
520	9	La4	A4	305	305	1	8	227	95	96	.	80.5
521	9	Si4	B4	314	314	1	8	227	95	96	.	80.625
522	9	La4	A4	305	305	1	8	227	95	96	.	80.75
523	9	Sol4	G4	296	296	1	8	227	95	96	.	80.875
524	9	Fa4#5	F4#5	292	292	1	8	227	95	96	.	81.0
525	9	Sol4	G4	296	296	3	8	682	95	96	.	81.375
526	9	La4	A4	305	305	1	16	114	95	96	.	81.4375
527	9	Si4	B4	314	314	1	16	114	95	96	.	81.5
528	9	Do5	C5	318	318	1	16	114	95	96	.	81.5625
529	9	Re5	D5	327	327	1	16	114	95	96	.	81.625
530	9	Mi5	E5	336	336	1	16	114	95	96	.	81.6875
531	9	Fa5#5	F5#5	345	345	1	16	114	95	96	.	81.75
532	9	Sol5	G5	349	349	1	4	455	95	96	.	82.0
533	9	La5	A5	358	358	1	4	455	50	96	Fin	82.25
534	9	Fa5#5	F5#5	345	345	1	4	455	50	96	can	82.5
535	9	Sol5	G5	349	349	1	4	455	50	96	da	82.75
536	9	Mi5	E5	336	336	1	4	455	50	96	ki 	83.0
537	9	Es	Es	-1	-1	1	8	227	100	0		83.125
538	9	Mi5	E5	336	336	1	4	455	99	96	fal 	83.375
539	9	Re5	D5	327	327	1	8	227	99	96		83.5
540	9	Mi5	E5	336	336	1	4	455	95	96		83.75
541	9	Do5	C5	318	318	1	8	227	95	96	gi	83.875
542	9	Si4	B4	314	314	1	8	227	95	96	bi	84.0
543	9	Do5	C5	318	318	3	8	682	95	96	sin  	84.375
544	9	Si4	B4	314	314	1	8	227	95	96	SAZ	84.5
545	9	Si4	B4	314	314	3	16	341	95	96	.	84.6875
546	9	La4	A4	305	305	1	16	114	95	96	.	84.75
547	9	Sol4	G4	296	296	1	4	455	95	96	.	85.0
548	9	Es	Es	-1	-1	1	8	227	100	0		85.125
549	9	Do5	C5	318	318	1	8	227	95	96	Be	85.25
550	9	Si4	B4	314	314	1	8	227	95	96	nim 	85.375
551	9	La4	A4	305	305	1	8	227	95	96	gü	85.5
552	9	Si4	B4	314	314	1	8	227	95	96	zel 	85.625
553	9	La4	A4	305	305	1	8	227	95	96	pe	85.75
554	9	Sol4	G4	296	296	1	8	227	95	96	ri 	85.875
555	9	Fa4#5	F4#5	292	292	1	8	227	95	96	kı	86.0
556	9	Sol4	G4	296	296	1	8	227	95	96	zım  	86.125
557	9	Do5	C5	318	318	1	8	227	95	96	SAZ	86.25
558	9	Si4	B4	314	314	1	8	227	95	96	.	86.375
559	9	La4	A4	305	305	1	8	227	95	96	.	86.5
560	9	Si4	B4	314	314	1	8	227	95	96	.	86.625
561	9	La4	A4	305	305	1	8	227	95	96	.	86.75
562	9	Sol4	G4	296	296	1	8	227	95	96	.	86.875
563	9	Fa4#5	F4#5	292	292	1	8	227	95	96	.	87.0
564	9	Sol4	G4	296	296	3	8	682	95	96	.	87.375
565	9	Re4	D4	274	274	1	8	227	95	96	.	87.5
566	9	Mi4	E4	283	283	1	8	227	95	96	.	87.625
567	9	Fa4#5	F4#5	292	292	1	8	227	95	96	.	87.75
568	9	Sol4	G4	296	296	1	4	455	95	96	.	88.0
