Sira	Kod	Nota53	NotaAE	Koma53	KomaAE	Pay	Payda	Ms	LNS	Bas	Soz1	Offset
1	51			0	0	4	4	0	6	0	Sofyan	0.0
2	9	Es	Es	-1	-1	1	8	357	100	0		0.125
3	9	Sol5	G5	349	349	1	16	179	95	96	Ka	0.1875
4	9	Sol5	G5	349	349	1	16	179	95	96	le	0.25
5	9	Sol5	G5	349	349	1	8	357	95	96	nin 	0.375
6	9	Sol5	G5	349	349	1	8	357	95	96	be	0.5
7	9	Sol5	G5	349	349	1	8	357	95	96	den	0.625
8	9	Sol5	G5	349	349	1	8	357	95	96	le	0.75
9	8	La5	A5	358	358	0	0	0	95	96		0.75
10	12	Fa5#5	F5#5	345	345	3	16	536	99	96	ri  	0.9375
11	9	Mi5	E5	336	336	1	16	179	95	96		1.0
12	9	Mi5	E5	336	336	1	16	179	99	96	Yâr 	1.0625
13	9	Fa5#5	F5#5	345	345	1	16	179	99	96		1.125
14	9	Sol5	G5	349	349	1	8	357	95	96		1.25
15	9	La5	A5	358	358	1	16	179	99	96	yâr 	1.3125
16	9	Fa5#5	F5#5	345	345	1	32	89	99	96		1.34375
17	9	Sol5	G5	349	349	1	32	89	99	96		1.375
18	9	Fa5#5	F5#5	345	345	1	8	357	95	96		1.5
19	9	Fa5#5	F5#5	345	345	1	16	179	99	96	yâr 	1.5625
20	9	Sol5	G5	349	349	1	16	179	95	96		1.625
21	9	Mi5	E5	336	336	1	16	179	99	96	yan	1.6875
22	9	Fa5	F5	340	340	1	16	179	95	96		1.75
23	9	Re5	D5	327	327	1	16	179	99	96	dım  	1.8125
24	9	Do5	C5	318	318	1	16	179	99	96		1.875
25	9	Re5	D5	327	327	1	16	179	99	96		1.9375
26	9	Mi5	E5	336	336	1	16	179	95	96		2.0
27	10	Mi5	E5	336	336	1	8	357	95	96	Koy	2.125
28	8	Fa5#5	F5#5	345	345	0	0	0	95	96		2.125
29	9	Mi5	E5	336	336	1	16	179	99	96	ve	2.1875
30	9	Do5	C5	318	318	1	16	179	95	96		2.25
31	9	Re5	D5	327	327	1	8	357	95	96	rin 	2.375
32	9	Do5	C5	318	318	1	32	89	99	96	gi	2.40625
33	9	Si4	B4	314	314	1	32	89	99	96		2.4375
34	9	Do5	C5	318	318	1	16	179	95	96		2.5
35	9	La4	A4	305	305	1	8	357	95	96	den	2.625
36	9	Do5	C5	318	318	1	8	357	95	96	le	2.75
37	9	Do5	C5	318	318	1	16	179	99	96	ri  	2.8125
38	9	Si4	B4	314	314	1	32	89	99	96		2.84375
39	9	Do5	C5	318	318	1	32	89	99	96		2.875
40	9	Si4	B4	314	314	1	16	179	99	96		2.9375
41	9	La4	A4	305	305	1	16	179	95	96		3.0
42	9	Sol4	G4	296	296	1	16	179	95	96	Ni	3.0625
43	9	La4	A4	305	305	1	16	179	95	96	na	3.125
44	9	Si4	B4	314	314	1	8	357	95	96	nay 	3.25
45	9	Si4	B4	314	314	1	16	179	99	96	ca	3.3125
46	9	Sol4	G4	296	296	1	16	179	95	96		3.375
47	9	Si4	B4	314	314	1	16	179	99	96	nım 	3.4375
48	9	La4	A4	305	305	1	16	179	95	96		3.5
49	9	La4	A4	305	305	1	16	179	95	96	ni	3.5625
50	9	Sol4	G4	296	296	1	16	179	95	96	na	3.625
51	9	Sol4	G4	296	296	1	8	357	95	96	nay 	3.75
52	9	Sol4	G4	296	296	1	8	357	95	96	nay  	3.875
53	9	Es	Es	-1	-1	1	8	357	100	0		4.0
54	9	Si4	B4	314	314	1	16	179	99	96	Koy	4.0625
55	9	Do5	C5	318	318	1	16	179	95	96		4.125
56	9	Re5	D5	327	327	1	8	357	95	96	ve	4.25
57	9	Re5	D5	327	327	1	8	357	95	96	rin 	4.375
58	9	Do5	C5	318	318	1	32	89	99	96	gi	4.40625
59	9	Si4	B4	314	314	1	32	89	99	96		4.4375
60	9	Do5	C5	318	318	1	16	179	95	96		4.5
61	9	La4	A4	305	305	1	8	357	95	96	den	4.625
62	9	Do5	C5	318	318	1	8	357	95	96	le	4.75
63	9	Do5	C5	318	318	1	16	179	99	96	ri  	4.8125
64	9	Si4	B4	314	314	1	32	89	99	96		4.84375
65	9	Do5	C5	318	318	1	32	89	99	96		4.875
66	9	Si4	B4	314	314	1	16	179	99	96		4.9375
67	9	La4	A4	305	305	1	16	179	95	96		5.0
68	9	Sol4	G4	296	296	1	16	179	95	96	Ni	5.0625
69	9	La4	A4	305	305	1	16	179	95	96	na	5.125
70	9	Si4	B4	314	314	1	8	357	95	96	nay 	5.25
71	9	Si4	B4	314	314	1	16	179	95	96	yâ	5.3125
72	9	Sol4	G4	296	296	1	16	179	99	96	rim 	5.375
73	9	Si4	B4	314	314	1	16	179	95	96		5.4375
74	9	La4	A4	305	305	1	16	179	95	96	de 	5.5
75	9	La4	A4	305	305	1	16	179	95	96	ni	5.5625
76	9	Sol4	G4	296	296	1	16	179	95	96	na	5.625
77	9	Sol4	G4	296	296	1	8	357	95	96	nay 	5.75
78	9	Sol4	G4	296	296	1	4	714	95	96	nay  	6.0
79	9	Es	Es	-1	-1	1	8	357	100	0		6.125
80	9	Sol5	G5	349	349	1	16	179	95	96	İ	6.1875
81	9	Sol5	G5	349	349	1	16	179	95	96	pek 	6.25
82	9	Sol5	G5	349	349	1	8	357	95	96	bü	6.375
83	9	Sol5	G5	349	349	1	8	357	95	96	rük 	6.5
84	9	Sol5	G5	349	349	1	8	357	95	96	bü	6.625
85	9	Sol5	G5	349	349	1	8	357	95	96	rün	6.75
86	8	La5	A5	358	358	0	0	0	95	96		6.75
87	12	Fa5#5	F5#5	345	345	3	16	536	99	96	müş  	6.9375
88	9	Mi5	E5	336	336	1	16	179	95	96		7.0
89	9	Mi5	E5	336	336	1	16	179	99	96	Yâr 	7.0625
90	9	Fa5#5	F5#5	345	345	1	16	179	95	96		7.125
91	9	Sol5	G5	349	349	1	8	357	95	96	yan	7.25
92	9	La5	A5	358	358	1	16	179	99	96	dım 	7.3125
93	9	Fa5#5	F5#5	345	345	1	32	89	99	96		7.34375
94	9	Sol5	G5	349	349	1	32	89	99	96		7.375
95	9	Fa5#5	F5#5	345	345	1	16	179	99	96		7.4375
96	9	Sol5	G5	349	349	1	16	179	95	96		7.5
97	9	Mi5	E5	336	336	1	16	179	95	96	ni	7.5625
98	9	Mi5	E5	336	336	1	16	179	95	96	na	7.625
99	9	Mi5	E5	336	336	1	16	179	99	96	nay 	7.6875
100	9	Fa5	F5	340	340	1	16	179	95	96		7.75
101	9	Re5	D5	327	327	1	16	179	99	96	nay  	7.8125
102	9	Do5	C5	318	318	1	16	179	99	96		7.875
103	9	Re5	D5	327	327	1	8	357	95	96		8.0
104	10	Mi5	E5	336	336	1	8	357	95	96	Nik	8.125
105	8	Fa5#5	F5#5	345	345	0	0	0	95	96		8.125
106	9	Mi5	E5	336	336	1	16	179	99	96	sa	8.1875
107	9	Do5	C5	318	318	1	16	179	95	96		8.25
108	9	Re5	D5	327	327	1	8	357	95	96	rın 	8.375
109	9	Do5	C5	318	318	1	32	89	99	96	fi	8.40625
110	9	Si4	B4	314	314	1	32	89	99	96		8.4375
111	9	Do5	C5	318	318	1	16	179	95	96		8.5
112	9	La4	A4	305	305	1	8	357	95	96	dan	8.625
113	9	Do5	C5	318	318	1	8	357	95	96	la	8.75
114	9	Do5	C5	318	318	1	16	179	99	96	rı  	8.8125
115	9	Si4	B4	314	314	1	32	89	99	96		8.84375
116	9	Do5	C5	318	318	1	32	89	99	96		8.875
117	9	Si4	B4	314	314	1	16	179	99	96		8.9375
118	9	La4	A4	305	305	1	16	179	95	96		9.0
119	9	Sol4	G4	296	296	1	16	179	95	96	Ni	9.0625
120	9	La4	A4	305	305	1	16	179	95	96	na	9.125
121	9	Si4	B4	314	314	1	8	357	95	96	nay 	9.25
122	9	Si4	B4	314	314	1	16	179	99	96	ca	9.3125
123	9	Sol4	G4	296	296	1	16	179	95	96		9.375
124	9	Si4	B4	314	314	1	16	179	99	96	nım 	9.4375
125	9	La4	A4	305	305	1	16	179	95	96		9.5
126	9	La4	A4	305	305	1	16	179	95	96	ni	9.5625
127	9	Sol4	G4	296	296	1	16	179	95	96	na	9.625
128	9	Sol4	G4	296	296	1	8	357	95	96	nay 	9.75
129	9	Sol4	G4	296	296	1	8	357	95	96	nay  	9.875
130	9	Es	Es	-1	-1	1	8	357	100	0		10.0
131	9	Si4	B4	314	314	1	16	179	99	96	Nik	10.0625
132	9	Do5	C5	318	318	1	16	179	95	96		10.125
133	9	Re5	D5	327	327	1	8	357	95	96	sa	10.25
134	9	Re5	D5	327	327	1	8	357	95	96	rın 	10.375
135	9	Do5	C5	318	318	1	32	89	99	96	fi	10.40625
136	9	Si4	B4	314	314	1	32	89	99	96		10.4375
137	9	Do5	C5	318	318	1	16	179	95	96		10.5
138	9	La4	A4	305	305	1	8	357	95	96	dan	10.625
139	9	Do5	C5	318	318	1	8	357	95	96	la	10.75
140	9	Do5	C5	318	318	1	16	179	99	96	rı  	10.8125
141	9	Si4	B4	314	314	1	32	89	99	96		10.84375
142	9	Do5	C5	318	318	1	32	89	99	96		10.875
143	9	Si4	B4	314	314	1	16	179	99	96		10.9375
144	9	La4	A4	305	305	1	16	179	95	96		11.0
145	9	Sol4	G4	296	296	1	16	179	95	96	Ni	11.0625
146	9	La4	A4	305	305	1	16	179	95	96	na	11.125
147	9	Si4	B4	314	314	1	8	357	95	96	nay 	11.25
148	9	Si4	B4	314	314	1	16	179	95	96	yâ	11.3125
149	9	Sol4	G4	296	296	1	16	179	99	96	rim 	11.375
150	9	Si4	B4	314	314	1	16	179	95	96		11.4375
151	9	La4	A4	305	305	1	16	179	95	96	de 	11.5
152	9	La4	A4	305	305	1	16	179	95	96	ni	11.5625
153	9	Sol4	G4	296	296	1	16	179	95	96	na	11.625
154	9	Sol4	G4	296	296	1	8	357	99	96	nay  	11.75
155	9	Sol4	G4	296	296	1	4	714	95	96		12.0
156	9	Si4	B4	314	314	1	16	179	95	96	Hop	12.0625
157	9	Do5	C5	318	318	1	16	179	95	96	pa 	12.125
158	9	Re5	D5	327	327	1	16	179	95	96	ni	12.1875
159	9	Re5	D5	327	327	1	16	179	95	96	na 	12.25
160	9	Re5	D5	327	327	1	16	179	95	96	ni	12.3125
161	9	Re5	D5	327	327	1	16	179	95	96	na	12.375
162	9	Do5	C5	318	318	1	16	179	99	96	nay 	12.4375
163	9	Si4	B4	314	314	1	16	179	95	96		12.5
164	9	La4	A4	305	305	1	16	179	95	96	ni	12.5625
165	9	La4	A4	305	305	1	16	179	95	96	na	12.625
166	9	Do5	C5	318	318	1	8	357	95	96	nay 	12.75
167	9	Do5	C5	318	318	1	16	179	99	96	nay  	12.8125
168	12	Si4	B4	314	314	1	8	357	99	96		12.9375
169	9	La4	A4	305	305	1	16	179	95	96		13.0
170	9	Sol4	G4	296	296	1	16	179	95	96	Ni	13.0625
171	9	La4	A4	305	305	1	16	179	95	96	na	13.125
172	9	Si4	B4	314	314	1	8	357	95	96	nay 	13.25
173	9	Si4	B4	314	314	1	16	179	99	96	ca	13.3125
174	9	Sol4	G4	296	296	1	16	179	95	96		13.375
175	9	Si4	B4	314	314	1	16	179	95	96	nım 	13.4375
176	9	La4	A4	305	305	1	16	179	95	96	da 	13.5
177	9	La4	A4	305	305	1	16	179	95	96	ni	13.5625
178	9	Sol4	G4	296	296	1	16	179	95	96	na	13.625
179	9	Sol4	G4	296	296	1	8	357	95	96	nay 	13.75
180	9	Sol4	G4	296	296	1	4	714	95	96	nay  	14.0
181	9	Si4	B4	314	314	1	16	179	95	96	Hop	14.0625
182	9	Do5	C5	318	318	1	16	179	95	96	pa 	14.125
183	9	Re5	D5	327	327	1	16	179	95	96	ni	14.1875
184	9	Re5	D5	327	327	1	16	179	95	96	na 	14.25
185	9	Re5	D5	327	327	1	16	179	95	96	ni	14.3125
186	9	Re5	D5	327	327	1	16	179	95	96	na	14.375
187	9	Do5	C5	318	318	1	16	179	99	96	nay 	14.4375
188	9	Si4	B4	314	314	1	16	179	95	96		14.5
189	9	La4	A4	305	305	1	16	179	95	96	ni	14.5625
190	9	La4	A4	305	305	1	16	179	95	96	na	14.625
191	9	Do5	C5	318	318	1	8	357	95	96	nay 	14.75
192	9	Do5	C5	318	318	1	16	179	99	96	nay  	14.8125
193	12	Si4	B4	314	314	1	8	357	99	96		14.9375
194	9	La4	A4	305	305	1	16	179	95	96		15.0
195	9	Sol4	G4	296	296	1	16	179	95	96	Ni	15.0625
196	9	La4	A4	305	305	1	16	179	95	96	na	15.125
197	9	Si4	B4	314	314	1	8	357	95	96	nay 	15.25
198	9	Si4	B4	314	314	1	16	179	99	96	ca	15.3125
199	9	Sol4	G4	296	296	1	16	179	95	96		15.375
200	9	Si4	B4	314	314	1	16	179	95	96	nım 	15.4375
201	9	La4	A4	305	305	1	16	179	95	96	da 	15.5
202	9	La4	A4	305	305	1	16	179	95	96	ni	15.5625
203	9	Sol4	G4	296	296	1	16	179	95	96	na	15.625
204	9	Sol4	G4	296	296	1	8	357	95	96	nay 	15.75
205	9	Sol4	G4	296	296	1	4	714	95	96	nay  	16.0
206	9	Es	Es	-1	-1	1	8	357	100	0		16.125
207	9	Sol5	G5	349	349	1	16	179	95	96	Ka	16.1875
208	9	Sol5	G5	349	349	1	16	179	95	96	le	16.25
209	9	Sol5	G5	349	349	1	8	357	95	96	nin 	16.375
210	9	Sol5	G5	349	349	1	8	357	95	96	be	16.5
211	9	Sol5	G5	349	349	1	8	357	95	96	den	16.625
212	9	Sol5	G5	349	349	1	8	357	95	96	le	16.75
213	8	La5	A5	358	358	0	0	0	95	96		16.75
214	12	Fa5#5	F5#5	345	345	3	16	536	99	96	ri  	16.9375
215	9	Mi5	E5	336	336	1	16	179	95	96		17.0
216	9	Mi5	E5	336	336	1	16	179	99	96	Yâr 	17.0625
217	9	Fa5#5	F5#5	345	345	1	16	179	99	96		17.125
218	9	Sol5	G5	349	349	1	8	357	95	96		17.25
219	9	La5	A5	358	358	1	16	179	99	96	yâr 	17.3125
220	9	Fa5#5	F5#5	345	345	1	32	89	99	96		17.34375
221	9	Sol5	G5	349	349	1	32	89	99	96		17.375
222	9	Fa5#5	F5#5	345	345	1	8	357	95	96		17.5
223	9	Fa5#5	F5#5	345	345	1	16	179	99	96	yâr 	17.5625
224	9	Sol5	G5	349	349	1	16	179	95	96		17.625
225	9	Mi5	E5	336	336	1	16	179	99	96	yan	17.6875
226	9	Fa5	F5	340	340	1	16	179	95	96		17.75
227	9	Re5	D5	327	327	1	16	179	99	96	dım  	17.8125
228	9	Do5	C5	318	318	1	16	179	99	96		17.875
229	9	Re5	D5	327	327	1	16	179	99	96		17.9375
230	9	Mi5	E5	336	336	1	16	179	95	96		18.0
231	10	Mi5	E5	336	336	1	8	357	95	96	Koy	18.125
232	8	Fa5#5	F5#5	345	345	0	0	0	95	96		18.125
233	9	Mi5	E5	336	336	1	16	179	99	96	ve	18.1875
234	9	Do5	C5	318	318	1	16	179	95	96		18.25
235	9	Re5	D5	327	327	1	8	357	95	96	rin 	18.375
236	9	Do5	C5	318	318	1	32	89	99	96	gi	18.40625
237	9	Si4	B4	314	314	1	32	89	99	96		18.4375
238	9	Do5	C5	318	318	1	16	179	95	96		18.5
239	9	La4	A4	305	305	1	8	357	95	96	den	18.625
240	9	Do5	C5	318	318	1	8	357	95	96	le	18.75
241	9	Do5	C5	318	318	1	16	179	99	96	ri  	18.8125
242	9	Si4	B4	314	314	1	32	89	99	96		18.84375
243	9	Do5	C5	318	318	1	32	89	99	96		18.875
244	9	Si4	B4	314	314	1	16	179	99	96		18.9375
245	9	La4	A4	305	305	1	16	179	95	96		19.0
246	9	Sol4	G4	296	296	1	16	179	95	96	Ni	19.0625
247	9	La4	A4	305	305	1	16	179	95	96	na	19.125
248	9	Si4	B4	314	314	1	8	357	95	96	nay 	19.25
249	9	Si4	B4	314	314	1	16	179	99	96	ca	19.3125
250	9	Sol4	G4	296	296	1	16	179	95	96		19.375
251	9	Si4	B4	314	314	1	16	179	99	96	nım 	19.4375
252	9	La4	A4	305	305	1	16	179	95	96		19.5
253	9	La4	A4	305	305	1	16	179	95	96	ni	19.5625
254	9	Sol4	G4	296	296	1	16	179	95	96	na	19.625
255	9	Sol4	G4	296	296	1	8	357	95	96	nay 	19.75
256	9	Sol4	G4	296	296	1	8	357	95	96	nay  	19.875
257	9	Es	Es	-1	-1	1	8	357	100	0		20.0
258	9	Si4	B4	314	314	1	16	179	99	96	Koy	20.0625
259	9	Do5	C5	318	318	1	16	179	95	96		20.125
260	9	Re5	D5	327	327	1	8	357	95	96	ve	20.25
261	9	Re5	D5	327	327	1	8	357	95	96	rin 	20.375
262	9	Do5	C5	318	318	1	32	89	99	96	gi	20.40625
263	9	Si4	B4	314	314	1	32	89	99	96		20.4375
264	9	Do5	C5	318	318	1	16	179	95	96		20.5
265	9	La4	A4	305	305	1	8	357	95	96	den	20.625
266	9	Do5	C5	318	318	1	8	357	95	96	le	20.75
267	9	Do5	C5	318	318	1	16	179	99	96	ri  	20.8125
268	9	Si4	B4	314	314	1	32	89	99	96		20.84375
269	9	Do5	C5	318	318	1	32	89	99	96		20.875
270	9	Si4	B4	314	314	1	16	179	99	96		20.9375
271	9	La4	A4	305	305	1	16	179	95	96		21.0
272	9	Sol4	G4	296	296	1	16	179	95	96	Ni	21.0625
273	9	La4	A4	305	305	1	16	179	95	96	na	21.125
274	9	Si4	B4	314	314	1	8	357	95	96	nay 	21.25
275	9	Si4	B4	314	314	1	16	179	95	96	yâ	21.3125
276	9	Sol4	G4	296	296	1	16	179	99	96	rim 	21.375
277	9	Si4	B4	314	314	1	16	179	95	96		21.4375
278	9	La4	A4	305	305	1	16	179	95	96	de 	21.5
279	9	La4	A4	305	305	1	16	179	95	96	ni	21.5625
280	9	Sol4	G4	296	296	1	16	179	95	96	na	21.625
281	9	Sol4	G4	296	296	1	8	357	95	96	nay 	21.75
282	9	Sol4	G4	296	296	1	4	714	95	96	nay  	22.0
283	9	Es	Es	-1	-1	1	8	357	100	0		22.125
284	9	Sol5	G5	349	349	1	16	179	95	96	İ	22.1875
285	9	Sol5	G5	349	349	1	16	179	95	96	pek 	22.25
286	9	Sol5	G5	349	349	1	8	357	95	96	bü	22.375
287	9	Sol5	G5	349	349	1	8	357	95	96	rük 	22.5
288	9	Sol5	G5	349	349	1	8	357	95	96	bü	22.625
289	9	Sol5	G5	349	349	1	8	357	95	96	rün	22.75
290	8	La5	A5	358	358	0	0	0	95	96		22.75
291	12	Fa5#5	F5#5	345	345	3	16	536	99	96	müş  	22.9375
292	9	Mi5	E5	336	336	1	16	179	95	96		23.0
293	9	Mi5	E5	336	336	1	16	179	99	96	Yâr 	23.0625
294	9	Fa5#5	F5#5	345	345	1	16	179	95	96		23.125
295	9	Sol5	G5	349	349	1	8	357	95	96	yan	23.25
296	9	La5	A5	358	358	1	16	179	99	96	dım 	23.3125
297	9	Fa5#5	F5#5	345	345	1	32	89	99	96		23.34375
298	9	Sol5	G5	349	349	1	32	89	99	96		23.375
299	9	Fa5#5	F5#5	345	345	1	16	179	99	96		23.4375
300	9	Sol5	G5	349	349	1	16	179	95	96		23.5
301	9	Mi5	E5	336	336	1	16	179	95	96	ni	23.5625
302	9	Mi5	E5	336	336	1	16	179	95	96	na	23.625
303	9	Mi5	E5	336	336	1	16	179	99	96	nay 	23.6875
304	9	Fa5	F5	340	340	1	16	179	95	96		23.75
305	9	Re5	D5	327	327	1	16	179	99	96	nay  	23.8125
306	9	Do5	C5	318	318	1	16	179	99	96		23.875
307	9	Re5	D5	327	327	1	8	357	95	96		24.0
308	10	Mi5	E5	336	336	1	8	357	95	96	Nik	24.125
309	8	Fa5#5	F5#5	345	345	0	0	0	95	96		24.125
310	9	Mi5	E5	336	336	1	16	179	99	96	sa	24.1875
311	9	Do5	C5	318	318	1	16	179	95	96		24.25
312	9	Re5	D5	327	327	1	8	357	95	96	rın 	24.375
313	9	Do5	C5	318	318	1	32	89	99	96	fi	24.40625
314	9	Si4	B4	314	314	1	32	89	99	96		24.4375
315	9	Do5	C5	318	318	1	16	179	95	96		24.5
316	9	La4	A4	305	305	1	8	357	95	96	dan	24.625
317	9	Do5	C5	318	318	1	8	357	95	96	la	24.75
318	9	Do5	C5	318	318	1	16	179	99	96	rı  	24.8125
319	9	Si4	B4	314	314	1	32	89	99	96		24.84375
320	9	Do5	C5	318	318	1	32	89	99	96		24.875
321	9	Si4	B4	314	314	1	16	179	99	96		24.9375
322	9	La4	A4	305	305	1	16	179	95	96		25.0
323	9	Sol4	G4	296	296	1	16	179	95	96	Ni	25.0625
324	9	La4	A4	305	305	1	16	179	95	96	na	25.125
325	9	Si4	B4	314	314	1	8	357	95	96	nay 	25.25
326	9	Si4	B4	314	314	1	16	179	99	96	ca	25.3125
327	9	Sol4	G4	296	296	1	16	179	95	96		25.375
328	9	Si4	B4	314	314	1	16	179	99	96	nım 	25.4375
329	9	La4	A4	305	305	1	16	179	95	96		25.5
330	9	La4	A4	305	305	1	16	179	95	96	ni	25.5625
331	9	Sol4	G4	296	296	1	16	179	95	96	na	25.625
332	9	Sol4	G4	296	296	1	8	357	95	96	nay 	25.75
333	9	Sol4	G4	296	296	1	8	357	95	96	nay  	25.875
334	9	Es	Es	-1	-1	1	8	357	100	0		26.0
335	9	Si4	B4	314	314	1	16	179	99	96	Nik	26.0625
336	9	Do5	C5	318	318	1	16	179	95	96		26.125
337	9	Re5	D5	327	327	1	8	357	95	96	sa	26.25
338	9	Re5	D5	327	327	1	8	357	95	96	rın 	26.375
339	9	Do5	C5	318	318	1	32	89	99	96	fi	26.40625
340	9	Si4	B4	314	314	1	32	89	99	96		26.4375
341	9	Do5	C5	318	318	1	16	179	95	96		26.5
342	9	La4	A4	305	305	1	8	357	95	96	dan	26.625
343	9	Do5	C5	318	318	1	8	357	95	96	la	26.75
344	9	Do5	C5	318	318	1	16	179	99	96	rı  	26.8125
345	9	Si4	B4	314	314	1	32	89	99	96		26.84375
346	9	Do5	C5	318	318	1	32	89	99	96		26.875
347	9	Si4	B4	314	314	1	16	179	99	96		26.9375
348	9	La4	A4	305	305	1	16	179	95	96		27.0
349	9	Sol4	G4	296	296	1	16	179	95	96	Ni	27.0625
350	9	La4	A4	305	305	1	16	179	95	96	na	27.125
351	9	Si4	B4	314	314	1	8	357	95	96	nay 	27.25
352	9	Si4	B4	314	314	1	16	179	95	96	yâ	27.3125
353	9	Sol4	G4	296	296	1	16	179	99	96	rim 	27.375
354	9	Si4	B4	314	314	1	16	179	95	96		27.4375
355	9	La4	A4	305	305	1	16	179	95	96	de 	27.5
356	9	La4	A4	305	305	1	16	179	95	96	ni	27.5625
357	9	Sol4	G4	296	296	1	16	179	95	96	na	27.625
358	9	Sol4	G4	296	296	1	8	357	99	96	nay  	27.75
359	9	Sol4	G4	296	296	1	4	714	95	96		28.0
360	9	Si4	B4	314	314	1	16	179	95	96	Hop	28.0625
361	9	Do5	C5	318	318	1	16	179	95	96	pa 	28.125
362	9	Re5	D5	327	327	1	16	179	95	96	ni	28.1875
363	9	Re5	D5	327	327	1	16	179	95	96	na 	28.25
364	9	Re5	D5	327	327	1	16	179	95	96	ni	28.3125
365	9	Re5	D5	327	327	1	16	179	95	96	na	28.375
366	9	Do5	C5	318	318	1	16	179	99	96	nay 	28.4375
367	9	Si4	B4	314	314	1	16	179	95	96		28.5
368	9	La4	A4	305	305	1	16	179	95	96	ni	28.5625
369	9	La4	A4	305	305	1	16	179	95	96	na	28.625
370	9	Do5	C5	318	318	1	8	357	95	96	nay 	28.75
371	9	Do5	C5	318	318	1	16	179	99	96	nay  	28.8125
372	12	Si4	B4	314	314	1	8	357	99	96		28.9375
373	9	La4	A4	305	305	1	16	179	95	96		29.0
374	9	Sol4	G4	296	296	1	16	179	95	96	Ni	29.0625
375	9	La4	A4	305	305	1	16	179	95	96	na	29.125
376	9	Si4	B4	314	314	1	8	357	95	96	nay 	29.25
377	9	Si4	B4	314	314	1	16	179	99	96	ca	29.3125
378	9	Sol4	G4	296	296	1	16	179	95	96		29.375
379	9	Si4	B4	314	314	1	16	179	95	96	nım 	29.4375
380	9	La4	A4	305	305	1	16	179	95	96	da 	29.5
381	9	La4	A4	305	305	1	16	179	95	96	ni	29.5625
382	9	Sol4	G4	296	296	1	16	179	95	96	na	29.625
383	9	Sol4	G4	296	296	1	8	357	95	96	nay 	29.75
384	9	Sol4	G4	296	296	1	4	714	95	96	nay  	30.0
385	9	Si4	B4	314	314	1	16	179	95	96	Hop	30.0625
386	9	Do5	C5	318	318	1	16	179	95	96	pa 	30.125
387	9	Re5	D5	327	327	1	16	179	95	96	ni	30.1875
388	9	Re5	D5	327	327	1	16	179	95	96	na 	30.25
389	9	Re5	D5	327	327	1	16	179	95	96	ni	30.3125
390	9	Re5	D5	327	327	1	16	179	95	96	na	30.375
391	9	Do5	C5	318	318	1	16	179	99	96	nay 	30.4375
392	9	Si4	B4	314	314	1	16	179	95	96		30.5
393	9	La4	A4	305	305	1	16	179	95	96	ni	30.5625
394	9	La4	A4	305	305	1	16	179	95	96	na	30.625
395	9	Do5	C5	318	318	1	8	357	95	96	nay 	30.75
396	9	Do5	C5	318	318	1	16	179	99	96	nay  	30.8125
397	12	Si4	B4	314	314	1	8	357	99	96		30.9375
398	9	La4	A4	305	305	1	16	179	95	96		31.0
399	9	Sol4	G4	296	296	1	16	179	95	96	Ni	31.0625
400	9	La4	A4	305	305	1	16	179	95	96	na	31.125
401	9	Si4	B4	314	314	1	8	357	95	96	nay 	31.25
402	9	Si4	B4	314	314	1	16	179	99	96	ca	31.3125
403	9	Sol4	G4	296	296	1	16	179	95	96		31.375
404	9	Si4	B4	314	314	1	16	179	95	96	nım 	31.4375
405	9	La4	A4	305	305	1	16	179	95	96	da 	31.5
406	9	La4	A4	305	305	1	16	179	95	96	ni	31.5625
407	9	Sol4	G4	296	296	1	16	179	95	96	na	31.625
408	9	Sol4	G4	296	296	1	8	357	95	96	nay 	31.75
409	9	Sol4	G4	296	296	1	4	714	95	96	nay  	32.0
