Sira	Kod	Nota53	NotaAE	Koma53	KomaAE	Pay	Payda	Ms	LNS	Bas	Soz1	Offset
1	9	Fa5#5	F5#5	345	345	1	4	769	95	84	1. HANE	0.03125
2	9	Sol5	G5	349	349	1	4	769	95	96		0.0625
3	9	Es	Es	-1	-1	1	8	385	100	0		0.078125
4	9	La5	A5	358	358	1	8	385	95	96		0.09375
5	9	Sol5	G5	349	349	1	8	385	95	96		0.109375
6	9	Fa5#5	F5#5	345	345	1	8	385	95	96		0.125
7	9	Sol5	G5	349	349	1	4	769	95	96		0.15625
8	9	La5	A5	358	358	1	8	385	95	96		0.171875
9	9	Si5	B5	367	367	1	8	385	95	96		0.1875
10	9	La5	A5	358	358	1	4	769	95	96		0.21875
11	9	Sol5	G5	349	349	1	4	769	95	96		0.25
12	9	Sol5	G5	349	349	1	16	192	95	96		0.2578125
13	9	Fa5#5	F5#5	345	345	1	16	192	95	96		0.265625
14	9	Mi5	E5	336	336	1	8	385	95	96		0.28125
15	9	Fa5#5	F5#5	345	345	1	8	385	95	96		0.296875
16	9	Sol5	G5	349	349	1	8	385	95	96		0.3125
17	12	Fa5#4	F5#4	344	344	3	16	577	95	96		0.3359375
18	9	Mi5	E5	336	336	1	16	192	95	96		0.34375
19	9	Re5	D5	327	327	1	4	769	95	96		0.375
20	9	Mi5	E5	336	336	1	8	385	95	96		0.390625
21	9	Fa5#5	F5#5	345	345	1	8	385	95	96		0.40625
22	9	Sol5	G5	349	349	1	8	385	95	96		0.421875
23	9	La5	A5	358	358	1	8	385	95	96		0.4375
24	9	Fa5#5	F5#5	345	345	1	4	769	95	96		0.46875
25	9	Sol5	G5	349	349	1	4	769	100	96		0.5
26	9	Sol5	G5	349	349	1	4	769	95	96		0.53125
27	9	La5	A5	358	358	1	4	769	95	96		0.5625
28	9	La5	A5	358	358	1	16	192	95	96		0.5703125
29	9	Sol5	G5	349	349	1	16	192	95	96		0.578125
30	9	La5	A5	358	358	1	16	192	95	96		0.5859375
31	9	Si5	B5	367	367	1	16	192	95	96		0.59375
32	9	La5	A5	358	358	1	8	385	95	96		0.609375
33	9	Sol5	G5	349	349	1	8	385	95	96		0.625
34	12	Fa5#5	F5#5	345	345	3	16	577	95	96		0.6484375
35	9	Mi5	E5	336	336	1	16	192	95	96		0.65625
36	9	Fa5#5	F5#5	345	345	1	8	385	95	96		0.671875
37	9	Sol5	G5	349	349	1	8	385	95	96		0.6875
38	12	Fa5#5	F5#5	345	345	3	16	577	95	96		0.7109375
39	9	Mi5	E5	336	336	1	16	192	95	96		0.71875
40	9	Re5	D5	327	327	1	8	385	95	96		0.734375
41	9	Mi5	E5	336	336	1	8	385	95	96		0.75
42	9	Re5	D5	327	327	1	4	769	95	96		0.78125
43	23	La5	A5	358	358	1	8	385	95	114		0.796875
44	9	Si5	B5	367	367	1	8	385	95	108		0.8125
45	12	La5	A5	358	358	3	16	577	95	102		0.8359375
46	9	Sol5	G5	349	349	1	16	192	95	96		0.84375
47	9	Fa5#5	F5#5	345	345	1	8	385	95	90		0.859375
48	9	Sol5	G5	349	349	1	8	385	95	84		0.875
49	9	Fa5#5	F5#5	345	345	1	8	385	95	78		0.890625
50	9	Sol5	G5	349	349	1	8	385	95	96		0.90625
51	9	La5	A5	358	358	1	16	192	95	96		0.9140625
52	9	Si5	B5	367	367	1	16	192	95	96		0.921875
53	9	La5	A5	358	358	1	16	192	95	96		0.9296875
54	9	Sol5	G5	349	349	1	16	192	95	96		0.9375
55	9	Sol5	G5	349	349	1	2	1538	95	96		1.0
56	1	Sol5	G5	349	349	1	8	385	95	102	TESLİM	1.015625
57	1	Fa5#5	F5#5	345	345	1	16	192	95	96		1.0234375
58	1	Mi5	E5	336	336	1	16	192	95	96		1.03125
59	9	Re5	D5	327	327	1	8	385	95	96		1.046875
60	9	Sol5	G5	349	349	1	8	385	95	96		1.0625
61	9	Sol5	G5	349	349	3	8	1154	95	96		1.109375
62	9	Do6	C6	371	371	1	8	385	95	114		1.125
63	9	Do6	C6	371	371	1	8	385	95	114		1.140625
64	9	Si5	B5	367	367	1	8	385	95	114		1.15625
65	9	Si5	B5	367	367	1	8	385	95	114		1.171875
66	9	La5	A5	358	358	1	8	385	95	114		1.1875
67	9	La5	A5	358	358	1	8	385	95	114		1.203125
68	9	Sol5	G5	349	349	1	8	385	95	114		1.21875
69	9	Sol5	G5	349	349	1	8	385	95	114		1.234375
70	9	La5	A5	358	358	1	8	385	95	114		1.25
71	9	Sol5	G5	349	349	1	8	385	95	114		1.265625
72	9	Fa5#5	F5#5	345	345	1	8	385	95	96		1.28125
73	9	Mi5	E5	336	336	1	8	385	95	96		1.296875
74	9	Re5	D5	327	327	1	8	385	95	96		1.3125
75	9	Mi5	E5	336	336	1	8	385	95	96		1.328125
76	9	Fa5#5	F5#5	345	345	1	8	385	95	96		1.34375
77	9	Sol5	G5	349	349	1	8	385	95	96		1.359375
78	9	La5	A5	358	358	1	8	385	95	96		1.375
79	9	Fa5#5	F5#5	345	345	1	4	769	95	96		1.40625
80	9	Sol5	G5	349	349	1	4	769	95	96		1.4375
81	9	Sol5	G5	349	349	1	16	192	95	108		1.4453125
82	9	La5	A5	358	358	1	16	192	95	96		1.453125
83	9	Sol5	G5	349	349	1	16	192	95	96		1.4609375
84	9	Fa5#5	F5#5	345	345	1	16	192	95	96		1.46875
85	9	Sol5	G5	349	349	1	4	769	95	96		1.5
86	9	Es	Es	-1	-1	1	8	385	100	0		1.515625
87	9	Re5	D5	327	327	1	4	769	95	108		1.546875
88	9	La5	A5	358	358	1	8	385	95	96		1.5625
89	9	Sol5	G5	349	349	1	8	385	95	96		1.578125
90	9	Fa5	F5	340	340	1	8	385	95	96		1.59375
91	9	Mi5	E5	336	336	1	8	385	95	96		1.609375
92	9	Re5	D5	327	327	1	8	385	95	96		1.625
93	9	Re5	D5	327	327	1	8	385	95	96		1.640625
94	9	Do5	C5	318	318	1	8	385	95	96		1.65625
95	9	Do5	C5	318	318	1	8	385	95	96		1.671875
96	9	Si4	B4	314	314	1	8	385	95	96		1.6875
97	9	Si4b1	B4b1	313	313	3	16	577	95	96		1.7109375
98	9	La4	A4	305	305	1	16	192	95	96		1.71875
99	9	Sol4	G4	296	296	1	4	769	95	96		1.75
100	9	Es	Es	-1	-1	1	8	385	100	0		1.765625
101	9	La4	A4	305	305	1	16	192	95	84		1.7734375
102	9	Si4	B4	314	314	1	16	192	95	96		1.78125
103	9	Do5	C5	318	318	1	8	385	95	96		1.796875
104	9	Re5	D5	327	327	1	8	385	95	96		1.8125
105	9	Si4	B4	314	314	1	8	385	95	96		1.828125
106	9	La4	A4	305	305	1	8	385	95	96		1.84375
107	9	Sol4	G4	296	296	1	8	385	95	96		1.859375
108	9	Fa4#5	F4#5	292	292	1	8	385	95	96		1.875
109	9	Sol4	G4	296	296	3	8	1154	95	96	2. HANEYE	1.921875
110	9	Si4	B4	314	314	1	8	385	95	96		1.9375
111	9	Do5	C5	318	318	1	2	1538	95	96		2.0
112	9	Es	Es	-1	-1	1	8	385	100	0	2. HANE	2.015625
113	9	Do5	C5	318	318	1	4	769	95	96		2.046875
114	9	Mi5	E5	336	336	1	8	385	95	96		2.0625
115	12	Re5	D5	327	327	3	16	577	95	96		2.0859375
116	9	Do5	C5	318	318	1	16	192	95	96		2.09375
117	9	Si4	B4	314	314	1	4	769	95	96		2.125
118	9	Es	Es	-1	-1	1	8	385	100	0		2.140625
119	9	Si4	B4	314	314	1	16	192	95	96		2.1484375
120	9	La4	A4	305	305	1	16	192	95	96		2.15625
121	9	Si4	B4	314	314	1	8	385	95	96		2.171875
122	9	Re5	D5	327	327	1	8	385	95	96		2.1875
123	9	Do5	C5	318	318	3	16	577	95	96		2.2109375
124	9	Si4b1	B4b1	313	313	1	16	192	95	96		2.21875
125	9	La4	A4	305	305	1	4	769	95	96		2.25
126	9	Es	Es	-1	-1	1	8	385	100	0		2.265625
127	9	La4	A4	305	305	1	16	192	95	96		2.2734375
128	9	Sol4	G4	296	296	1	16	192	95	96		2.28125
129	9	La4	A4	305	305	1	8	385	95	96		2.296875
130	9	Do5	C5	318	318	1	8	385	95	96		2.3125
131	9	Si4b1	B4b1	313	313	3	16	577	95	96		2.3359375
132	9	La4	A4	305	305	1	16	192	95	96		2.34375
133	9	Sol4	G4	296	296	1	4	769	95	96		2.375
134	9	Es	Es	-1	-1	1	8	385	100	0		2.390625
135	9	Sol4	G4	296	296	1	4	769	95	96		2.421875
136	9	Re5	D5	327	327	1	8	385	95	96		2.4375
137	9	Mi5	E5	336	336	1	2	1538	95	96		2.5
138	9	Es	Es	-1	-1	1	8	385	100	0		2.515625
139	9	Mi5	E5	336	336	1	4	769	95	108		2.546875
140	9	La5	A5	358	358	1	8	385	95	96		2.5625
141	9	Mi5	E5	336	336	3	8	1154	95	84		2.609375
142	9	Re5	D5	327	327	1	8	385	95	96		2.625
143	9	Re5	D5	327	327	1	8	385	95	96		2.640625
144	9	Do5	C5	318	318	1	8	385	95	96		2.65625
145	9	Do5	C5	318	318	1	8	385	95	96		2.671875
146	9	Si4b1	B4b1	313	313	1	8	385	95	96		2.6875
147	9	Si4b1	B4b1	313	313	1	8	385	95	114		2.703125
148	9	La4	A4	305	305	1	8	385	95	105		2.71875
149	9	La4	A4	305	305	1	8	385	95	96		2.734375
150	9	Si4b4	B4b4	310	310	1	8	385	95	87		2.75
151	9	Re5	D5	327	327	1	16	192	95	78		2.7578125
152	9	Do5#4	C5#4	322	322	1	16	192	95	96		2.765625
153	9	Si4b4	B4b4	310	310	1	16	192	95	96		2.7734375
154	9	La4	A4	305	305	1	16	192	95	96		2.78125
155	9	Sol4	G4	296	296	1	4	769	95	96		2.8125
156	9	Es	Es	-1	-1	1	8	385	100	0		2.828125
157	9	La4	A4	305	305	1	16	192	95	84		2.8359375
158	9	Do5	C5	318	318	1	16	192	95	96		2.84375
159	9	Si4b1	B4b1	313	313	1	8	385	95	96		2.859375
160	9	La4	A4	305	305	1	8	385	95	96		2.875
161	9	Sol4	G4	296	296	3	16	577	95	96		2.8984375
162	9	Fa4#5	F4#5	292	292	1	16	192	95	96		2.90625
163	9	Mi4	E4	283	283	1	8	385	95	96		2.921875
164	9	Fa4#5	F4#5	292	292	1	8	385	95	96		2.9375
165	9	Sol4	G4	296	296	1	2	1538	95	96		3.0
166	1	Sol5	G5	349	349	1	8	385	95	102	TESLİM	3.015625
167	1	Fa5#5	F5#5	345	345	1	16	192	95	96		3.0234375
168	1	Mi5	E5	336	336	1	16	192	95	96		3.03125
169	9	Re5	D5	327	327	1	8	385	95	96		3.046875
170	9	Sol5	G5	349	349	1	8	385	95	96		3.0625
171	9	Sol5	G5	349	349	3	8	1154	95	96		3.109375
172	9	Do6	C6	371	371	1	8	385	95	114		3.125
173	9	Do6	C6	371	371	1	8	385	95	114		3.140625
174	9	Si5	B5	367	367	1	8	385	95	114		3.15625
175	9	Si5	B5	367	367	1	8	385	95	114		3.171875
176	9	La5	A5	358	358	1	8	385	95	114		3.1875
177	9	La5	A5	358	358	1	8	385	95	114		3.203125
178	9	Sol5	G5	349	349	1	8	385	95	114		3.21875
179	9	Sol5	G5	349	349	1	8	385	95	114		3.234375
180	9	La5	A5	358	358	1	8	385	95	114		3.25
181	9	Sol5	G5	349	349	1	8	385	95	114		3.265625
182	9	Fa5#5	F5#5	345	345	1	8	385	95	96		3.28125
183	9	Mi5	E5	336	336	1	8	385	95	96		3.296875
184	9	Re5	D5	327	327	1	8	385	95	96		3.3125
185	9	Mi5	E5	336	336	1	8	385	95	96		3.328125
186	9	Fa5#5	F5#5	345	345	1	8	385	95	96		3.34375
187	9	Sol5	G5	349	349	1	8	385	95	96		3.359375
188	9	La5	A5	358	358	1	8	385	95	96		3.375
189	9	Fa5#5	F5#5	345	345	1	4	769	95	96		3.40625
190	9	Sol5	G5	349	349	1	4	769	95	96		3.4375
191	9	Sol5	G5	349	349	1	16	192	95	108		3.4453125
192	9	La5	A5	358	358	1	16	192	95	96		3.453125
193	9	Sol5	G5	349	349	1	16	192	95	96		3.4609375
194	9	Fa5#5	F5#5	345	345	1	16	192	95	96		3.46875
195	9	Sol5	G5	349	349	1	4	769	95	96		3.5
196	9	Es	Es	-1	-1	1	8	385	100	0		3.515625
197	9	Re5	D5	327	327	1	4	769	95	108		3.546875
198	9	La5	A5	358	358	1	8	385	95	96		3.5625
199	9	Sol5	G5	349	349	1	8	385	95	96		3.578125
200	9	Fa5	F5	340	340	1	8	385	95	96		3.59375
201	9	Mi5	E5	336	336	1	8	385	95	96		3.609375
202	9	Re5	D5	327	327	1	8	385	95	96		3.625
203	9	Re5	D5	327	327	1	8	385	95	96		3.640625
204	9	Do5	C5	318	318	1	8	385	95	96		3.65625
205	9	Do5	C5	318	318	1	8	385	95	96		3.671875
206	9	Si4	B4	314	314	1	8	385	95	96		3.6875
207	9	Si4b1	B4b1	313	313	3	16	577	95	96		3.7109375
208	9	La4	A4	305	305	1	16	192	95	96		3.71875
209	9	Sol4	G4	296	296	1	4	769	95	96		3.75
210	9	Es	Es	-1	-1	1	8	385	100	0		3.765625
211	9	La4	A4	305	305	1	16	192	95	84		3.7734375
212	9	Si4	B4	314	314	1	16	192	95	96		3.78125
213	9	Do5	C5	318	318	1	8	385	95	96		3.796875
214	9	Re5	D5	327	327	1	8	385	95	96		3.8125
215	9	Si4	B4	314	314	1	8	385	95	96		3.828125
216	9	La4	A4	305	305	1	8	385	95	96		3.84375
217	9	Sol4	G4	296	296	1	8	385	95	96		3.859375
218	9	Fa4#5	F4#5	292	292	1	8	385	95	96		3.875
219	9	Sol4	G4	296	296	3	8	1154	95	96	3. HANEYE	3.921875
220	9	Si4	B4	314	314	1	8	385	95	96		3.9375
221	9	Do5	C5	318	318	1	2	1538	95	96		4.0
222	9	Es	Es	-1	-1	1	4	769	100	0	3. HANE	4.03125
223	9	Do5	C5	318	318	1	8	385	95	84		4.046875
224	9	Re5	D5	327	327	1	8	385	95	96		4.0625
225	9	Re5	D5	327	327	1	8	385	95	96		4.078125
226	9	La5	A5	358	358	1	8	385	95	96		4.09375
227	9	Sol5	G5	349	349	1	8	385	95	96		4.109375
228	9	Fa5	F5	340	340	1	8	385	95	96		4.125
229	9	Fa5	F5	340	340	1	8	385	95	96		4.140625
230	9	Mi5	E5	336	336	1	8	385	95	96		4.15625
231	9	Mi5	E5	336	336	1	8	385	95	96		4.171875
232	9	Re5	D5	327	327	1	8	385	95	96		4.1875
233	9	Do5	C5	318	318	3	16	577	95	108		4.2109375
234	9	Si4b1	B4b1	313	313	1	16	192	95	108		4.21875
235	9	La4	A4	305	305	1	4	769	95	108		4.25
236	9	Fa5#4	F5#4	344	344	1	4	769	95	114		4.28125
237	9	Sol5	G5	349	349	1	4	769	95	109		4.3125
238	9	Sol5	G5	349	349	1	8	385	95	104		4.328125
239	9	Fa5#4	F5#4	344	344	1	8	385	95	99		4.34375
240	9	Sol5	G5	349	349	1	8	385	95	94		4.359375
241	9	La5	A5	358	358	1	8	385	95	89		4.375
242	9	Do6	C6	371	371	1	16	192	95	84		4.3828125
243	9	Si5b1	B5b1	366	366	1	16	192	95	96		4.390625
244	9	La5	A5	358	358	1	8	385	95	96		4.40625
245	9	Sol5	G5	349	349	1	8	385	95	96		4.421875
246	9	Fa5#4	F5#4	344	344	1	8	385	95	96		4.4375
247	9	Fa5#2	F5#1	342	341	1	8	385	95	96		4.453125
248	9	Mi5	E5	336	336	1	4	769	95	96		4.484375
249	9	Re5	D5	327	327	1	8	385	95	96		4.5
250	9	Mi5	E5	336	336	1	8	385	95	84		4.515625
251	9	Re5	D5	327	327	1	8	385	95	96		4.53125
252	9	Do5	C5	318	318	1	8	385	95	96		4.546875
253	9	Si4b1	B4b1	313	313	1	8	385	95	96		4.5625
254	9	Sol5	G5	349	349	1	8	385	95	108		4.578125
255	9	Fa5#4	F5#4	344	344	1	8	385	95	96		4.59375
256	9	Sol5	G5	349	349	1	8	385	95	96		4.609375
257	9	La5	A5	358	358	1	8	385	95	96		4.625
258	9	La5	A5	358	358	1	16	192	95	96		4.6328125
259	9	Sol5	G5	349	349	1	16	192	95	96		4.640625
260	9	Fa5#5	F5#5	345	345	1	4	769	95	96		4.671875
261	9	Re5	D5	327	327	1	8	385	95	84		4.6875
262	9	Mi5	E5	336	336	1	8	385	95	96		4.703125
263	9	Fa5	F5	340	340	1	8	385	95	96		4.71875
264	9	Mi5	E5	336	336	1	8	385	95	96		4.734375
265	9	Re5	D5	327	327	1	8	385	95	96		4.75
266	12	Do5#3	C5#4	321	322	4	16	769	95	96		4.78125
267	9	Re5	D5	327	327	1	2	1538	95	96		4.84375
268	9	Mi5	E5	336	336	1	16	192	95	96		4.8515625
269	9	Re5	D5	327	327	1	16	192	95	96		4.859375
270	9	Mi5	E5	336	336	1	8	385	95	96		4.875
271	9	Re5	D5	327	327	1	8	385	95	108		4.890625
272	9	Mi5	E5	336	336	1	8	385	95	96		4.90625
273	9	Fa5#5	F5#5	345	345	1	8	385	95	96		4.921875
274	9	Sol5	G5	349	349	1	8	385	95	96		4.9375
275	9	Mi5	E5	336	336	1	8	385	95	96		4.953125
276	9	Fa5#5	F5#5	345	345	1	8	385	95	96		4.96875
277	9	Sol5	G5	349	349	1	4	769	95	96		5.0
278	1	Sol5	G5	349	349	1	8	385	95	102	TESLİM	5.015625
279	1	Fa5#5	F5#5	345	345	1	16	192	95	96		5.0234375
280	1	Mi5	E5	336	336	1	16	192	95	96		5.03125
281	9	Re5	D5	327	327	1	8	385	95	96		5.046875
282	9	Sol5	G5	349	349	1	8	385	95	96		5.0625
283	9	Sol5	G5	349	349	3	8	1154	95	96		5.109375
284	9	Do6	C6	371	371	1	8	385	95	114		5.125
285	9	Do6	C6	371	371	1	8	385	95	114		5.140625
286	9	Si5	B5	367	367	1	8	385	95	114		5.15625
287	9	Si5	B5	367	367	1	8	385	95	114		5.171875
288	9	La5	A5	358	358	1	8	385	95	114		5.1875
289	9	La5	A5	358	358	1	8	385	95	114		5.203125
290	9	Sol5	G5	349	349	1	8	385	95	114		5.21875
291	9	Sol5	G5	349	349	1	8	385	95	114		5.234375
292	9	La5	A5	358	358	1	8	385	95	114		5.25
293	9	Sol5	G5	349	349	1	8	385	95	114		5.265625
294	9	Fa5#5	F5#5	345	345	1	8	385	95	96		5.28125
295	9	Mi5	E5	336	336	1	8	385	95	96		5.296875
296	9	Re5	D5	327	327	1	8	385	95	96		5.3125
297	9	Mi5	E5	336	336	1	8	385	95	96		5.328125
298	9	Fa5#5	F5#5	345	345	1	8	385	95	96		5.34375
299	9	Sol5	G5	349	349	1	8	385	95	96		5.359375
300	9	La5	A5	358	358	1	8	385	95	96		5.375
301	9	Fa5#5	F5#5	345	345	1	4	769	95	96		5.40625
302	9	Sol5	G5	349	349	1	4	769	95	96		5.4375
303	9	Sol5	G5	349	349	1	16	192	95	108		5.4453125
304	9	La5	A5	358	358	1	16	192	95	96		5.453125
305	9	Sol5	G5	349	349	1	16	192	95	96		5.4609375
306	9	Fa5#5	F5#5	345	345	1	16	192	95	96		5.46875
307	9	Sol5	G5	349	349	1	4	769	95	96		5.5
308	9	Es	Es	-1	-1	1	8	385	100	0		5.515625
309	9	Re5	D5	327	327	1	4	769	95	108		5.546875
310	9	La5	A5	358	358	1	8	385	95	96		5.5625
311	9	Sol5	G5	349	349	1	8	385	95	96		5.578125
312	9	Fa5	F5	340	340	1	8	385	95	96		5.59375
313	9	Mi5	E5	336	336	1	8	385	95	96		5.609375
314	9	Re5	D5	327	327	1	8	385	95	96		5.625
315	9	Re5	D5	327	327	1	8	385	95	96		5.640625
316	9	Do5	C5	318	318	1	8	385	95	96		5.65625
317	9	Do5	C5	318	318	1	8	385	95	96		5.671875
318	9	Si4	B4	314	314	1	8	385	95	96		5.6875
319	9	Si4b1	B4b1	313	313	3	16	577	95	96		5.7109375
320	9	La4	A4	305	305	1	16	192	95	96		5.71875
321	9	Sol4	G4	296	296	1	4	769	95	96		5.75
322	9	Es	Es	-1	-1	1	8	385	100	0		5.765625
323	9	La4	A4	305	305	1	16	192	95	84		5.7734375
324	9	Si4	B4	314	314	1	16	192	95	96		5.78125
325	9	Do5	C5	318	318	1	8	385	95	96		5.796875
326	9	Re5	D5	327	327	1	8	385	95	96		5.8125
327	9	Si4	B4	314	314	1	8	385	95	96		5.828125
328	9	La4	A4	305	305	1	8	385	95	96		5.84375
329	9	Sol4	G4	296	296	1	8	385	95	96		5.859375
330	9	Fa4#5	F4#5	292	292	1	8	385	95	96		5.875
331	9	Sol4	G4	296	296	3	8	1154	95	96	4. HANEYE	5.921875
332	9	Do5	C5	318	318	1	8	385	95	96		5.9375
333	9	Re5	D5	327	327	1	2	1538	95	96		6.0
334	9	Es	Es	-1	-1	1	8	385	100	0	4. HANE	6.015625
335	9	Sol4	G4	296	296	1	4	769	95	84		6.046875
336	9	La4	A4	305	305	1	8	385	95	96		6.0625
337	9	Si4	B4	314	314	3	8	1154	95	96		6.109375
338	9	Sol4	G4	296	296	1	8	385	95	96		6.125
339	9	Es	Es	-1	-1	1	8	385	100	0		6.140625
340	9	Do5	C5	318	318	1	4	769	95	96		6.171875
341	9	Si4	B4	314	314	1	8	385	95	96		6.1875
342	9	Re5	D5	327	327	1	2	1538	95	96		6.25
343	9	Es	Es	-1	-1	1	8	385	100	0		6.265625
344	9	Do5	C5	318	318	1	4	769	95	96		6.296875
345	9	Si4	B4	314	314	1	8	385	95	96		6.3125
346	9	La4	A4	305	305	3	8	1154	95	96		6.359375
347	9	Sol4	G4	296	296	1	8	385	95	96		6.375
348	12	Sol4	G4	296	296	1	8	385	95	108		6.390625
349	12	Fa4#5	F4#5	292	292	1	4	769	95	96		6.421875
350	9	Mi4	E4	283	283	1	16	192	95	96		6.4296875
351	10	Re4	D4	274	274	1	16	192	95	96		6.4375
352	8	Mi4	E4	283	283	0	0	0	95	96		6.4375
353	9	Re4	D4	274	274	1	2	1538	95	96		6.5
354	9	Sol4	G4	296	296	1	4	769	95	96		6.53125
355	9	Si4	B4	314	314	1	4	769	95	96		6.5625
356	9	Re5	D5	327	327	3	8	1154	95	96		6.609375
357	9	Do5	C5	318	318	1	16	192	95	96		6.6171875
358	9	Si4	B4	314	314	1	16	192	95	96		6.625
359	9	Do5	C5	318	318	1	4	769	95	84		6.65625
360	9	Do5#4	C5#4	322	322	1	4	769	95	96		6.6875
361	9	Re5	D5	327	327	1	2	1538	95	96		6.75
362	9	Re5	D5	327	327	1	4	769	95	108		6.78125
363	9	Mi5	E5	336	336	1	4	769	95	96		6.8125
364	9	Fa5#5	F5#5	345	345	3	8	1154	95	96		6.859375
365	9	Re5	D5	327	327	1	8	385	95	96		6.875
366	9	Mi5	E5	336	336	1	4	769	95	84		6.90625
367	9	Fa5	F5	340	340	1	8	385	95	96		6.921875
368	9	Fa5#5	F5#5	345	345	1	8	385	95	96		6.9375
369	9	Sol5	G5	349	349	1	2	1538	95	96		7.0
370	1	Sol5	G5	349	349	1	8	385	95	102	TESLİM	7.015625
371	1	Fa5#5	F5#5	345	345	1	16	192	95	96		7.0234375
372	1	Mi5	E5	336	336	1	16	192	95	96		7.03125
373	9	Re5	D5	327	327	1	8	385	95	96		7.046875
374	9	Sol5	G5	349	349	1	8	385	95	96		7.0625
375	9	Sol5	G5	349	349	3	8	1154	95	96		7.109375
376	9	Do6	C6	371	371	1	8	385	95	114		7.125
377	9	Do6	C6	371	371	1	8	385	95	114		7.140625
378	9	Si5	B5	367	367	1	8	385	95	114		7.15625
379	9	Si5	B5	367	367	1	8	385	95	114		7.171875
380	9	La5	A5	358	358	1	8	385	95	114		7.1875
381	9	La5	A5	358	358	1	8	385	95	114		7.203125
382	9	Sol5	G5	349	349	1	8	385	95	114		7.21875
383	9	Sol5	G5	349	349	1	8	385	95	114		7.234375
384	9	La5	A5	358	358	1	8	385	95	114		7.25
385	9	Sol5	G5	349	349	1	8	385	95	114		7.265625
386	9	Fa5#5	F5#5	345	345	1	8	385	95	96		7.28125
387	9	Mi5	E5	336	336	1	8	385	95	96		7.296875
388	9	Re5	D5	327	327	1	8	385	95	96		7.3125
389	9	Mi5	E5	336	336	1	8	385	95	96		7.328125
390	9	Fa5#5	F5#5	345	345	1	8	385	95	96		7.34375
391	9	Sol5	G5	349	349	1	8	385	95	96		7.359375
392	9	La5	A5	358	358	1	8	385	95	96		7.375
393	9	Fa5#5	F5#5	345	345	1	4	769	95	96		7.40625
394	9	Sol5	G5	349	349	1	4	769	95	96		7.4375
395	9	Sol5	G5	349	349	1	16	192	95	108		7.4453125
396	9	La5	A5	358	358	1	16	192	95	96		7.453125
397	9	Sol5	G5	349	349	1	16	192	95	96		7.4609375
398	9	Fa5#5	F5#5	345	345	1	16	192	95	96		7.46875
399	9	Sol5	G5	349	349	1	4	769	95	96		7.5
400	9	Es	Es	-1	-1	1	8	385	100	0		7.515625
401	9	Re5	D5	327	327	1	4	769	95	108		7.546875
402	9	La5	A5	358	358	1	8	385	95	96		7.5625
403	9	Sol5	G5	349	349	1	8	385	95	96		7.578125
404	9	Fa5	F5	340	340	1	8	385	95	96		7.59375
405	9	Mi5	E5	336	336	1	8	385	95	96		7.609375
406	9	Re5	D5	327	327	1	8	385	95	96		7.625
407	9	Re5	D5	327	327	1	8	385	95	96		7.640625
408	9	Do5	C5	318	318	1	8	385	95	96		7.65625
409	9	Do5	C5	318	318	1	8	385	95	96		7.671875
410	9	Si4	B4	314	314	1	8	385	95	96		7.6875
411	9	Si4b1	B4b1	313	313	3	16	577	95	96		7.7109375
412	9	La4	A4	305	305	1	16	192	95	96		7.71875
413	9	Sol4	G4	296	296	1	4	769	95	96		7.75
414	9	Es	Es	-1	-1	1	8	385	100	0		7.765625
415	9	La4	A4	305	305	1	16	192	95	84		7.7734375
416	9	Si4	B4	314	314	1	16	192	95	96		7.78125
417	9	Do5	C5	318	318	1	8	385	95	96		7.796875
418	9	Re5	D5	327	327	1	8	385	95	96		7.8125
419	9	Si4	B4	314	314	1	8	385	95	96		7.828125
420	9	La4	A4	305	305	1	8	385	95	96		7.84375
421	9	Sol4	G4	296	296	1	8	385	95	96		7.859375
422	9	Fa4#5	F4#5	292	292	1	8	385	95	96		7.875
423	9	Sol4	G4	296	296	3	8	1154	95	96	KARAR	7.921875
424	9	Re4	D4	274	274	1	8	385	95	96		7.9375
425	9	Mi4	E4	283	283	1	8	385	95	96		7.953125
426	9	Fa4#5	F4#5	292	292	1	8	385	95	96		7.96875
427	9	Sol4	G4	296	296	1	4	769	95	96		8.0
