Sira	Kod	Nota53	NotaAE	Koma53	KomaAE	Pay	Payda	Ms	LNS	Bas	Soz1	Offset
1	9	Sol5	G5	349	349	3	16	469	95	120	ARANAĞME	0.1875
2	9	Fa5	F5	340	340	1	16	156	95	96	.	0.25
3	9	Mi5	E5	336	336	1	8	312	95	96	.	0.375
4	9	Re5	D5	327	327	1	8	312	95	96	.	0.5
5	9	Do5#4	C5#4	322	322	1	8	312	95	96	.	0.625
6	9	Si4b4	B4b4	310	310	1	8	312	95	96	.	0.75
7	9	La4	A4	305	305	1	8	312	95	96	.	0.875
8	9	Sol4	G4	296	296	1	8	312	95	96	.	1.0
9	9	Sol5	G5	349	349	3	16	469	95	96	.	1.1875
10	9	Fa5	F5	340	340	1	16	156	95	96	.	1.25
11	9	Mi5	E5	336	336	1	8	312	95	66	.	1.375
12	9	Re5	D5	327	327	1	8	312	95	68	.	1.5
13	9	Do5#4	C5#4	322	322	1	16	156	95	69	.	1.5625
14	9	Re5	D5	327	327	1	16	156	95	71	.	1.625
15	9	Mi5	E5	336	336	1	16	156	95	73	.	1.6875
16	9	Do5#4	C5#4	322	322	1	16	156	95	75	.	1.75
17	9	Re5	D5	327	327	1	4	625	95	76	.	2.0
18	9	Sol5	G5	349	349	3	16	469	95	78	.	2.1875
19	9	Fa5	F5	340	340	1	16	156	95	96	.	2.25
20	9	Mi5	E5	336	336	1	8	312	95	96	.	2.375
21	9	Re5	D5	327	327	1	8	312	95	96	.	2.5
22	9	Do5#4	C5#4	322	322	1	8	312	95	96	.	2.625
23	9	Si4b4	B4b4	310	310	1	8	312	95	96	.	2.75
24	9	La4	A4	305	305	1	8	312	95	96	.	2.875
25	9	Sol4	G4	296	296	1	8	312	95	96	.	3.0
26	9	La4	A4	305	305	1	8	312	95	96	.	3.125
27	9	Si4b4	B4b4	310	310	1	16	156	95	66	.	3.1875
28	9	La4	A4	305	305	1	16	156	95	74	.	3.25
29	9	La4	A4	305	305	1	16	156	95	81	.	3.3125
30	9	Sol4	G4	296	296	1	16	156	95	89	.	3.375
31	9	Sol4	G4	296	296	1	16	156	95	97	.	3.4375
32	9	Fa4#5	F4#5	292	292	1	16	156	95	105	.	3.5
33	9	Sol4	G4	296	296	1	2	1250	95	112	.	4.0
34	9	Sol5	G5	349	349	3	16	469	95	120	ARANAĞME	4.1875
35	9	Fa5	F5	340	340	1	16	156	95	96	.	4.25
36	9	Mi5	E5	336	336	1	8	312	95	96	.	4.375
37	9	Re5	D5	327	327	1	8	312	95	96	.	4.5
38	9	Do5#4	C5#4	322	322	1	8	312	95	96	.	4.625
39	9	Si4b4	B4b4	310	310	1	8	312	95	96	.	4.75
40	9	La4	A4	305	305	1	8	312	95	96	.	4.875
41	9	Sol4	G4	296	296	1	8	312	95	96	.	5.0
42	9	Sol5	G5	349	349	3	16	469	95	96	.	5.1875
43	9	Fa5	F5	340	340	1	16	156	95	96	.	5.25
44	9	Mi5	E5	336	336	1	8	312	95	66	.	5.375
45	9	Re5	D5	327	327	1	8	312	95	68	.	5.5
46	9	Do5#4	C5#4	322	322	1	16	156	95	69	.	5.5625
47	9	Re5	D5	327	327	1	16	156	95	71	.	5.625
48	9	Mi5	E5	336	336	1	16	156	95	73	.	5.6875
49	9	Do5#4	C5#4	322	322	1	16	156	95	75	.	5.75
50	9	Re5	D5	327	327	1	4	625	95	76	.	6.0
51	9	Sol5	G5	349	349	3	16	469	95	78	.	6.1875
52	9	Fa5	F5	340	340	1	16	156	95	96	.	6.25
53	9	Mi5	E5	336	336	1	8	312	95	96	.	6.375
54	9	Re5	D5	327	327	1	8	312	95	96	.	6.5
55	9	Do5#4	C5#4	322	322	1	8	312	95	96	.	6.625
56	9	Si4b4	B4b4	310	310	1	8	312	95	96	.	6.75
57	9	La4	A4	305	305	1	8	312	95	96	.	6.875
58	9	Sol4	G4	296	296	1	8	312	95	96	.	7.0
59	9	La4	A4	305	305	1	8	312	95	96	.	7.125
60	9	Si4b4	B4b4	310	310	1	16	156	95	96	.	7.1875
61	9	La4	A4	305	305	1	16	156	95	96	.	7.25
62	9	La4	A4	305	305	1	16	156	95	96	.	7.3125
63	9	Sol4	G4	296	296	1	16	156	95	96	.	7.375
64	9	Sol4	G4	296	296	1	16	156	95	96	.	7.4375
65	9	Fa4#5	F4#5	292	292	1	16	156	95	96	.	7.5
66	9	Sol4	G4	296	296	1	4	625	95	96	.	7.75
67	9	Re5	D5	327	327	1	8	312	95	84	.	7.875
68	9	Mi5	E5	336	336	1	16	156	95	84	.	7.9375
69	9	Fa5#5	F5#5	345	345	1	16	156	95	84	.	8.0
70	9	Sol5	G5	349	349	1	4	625	95	84	.	8.25
71	9	Fa5#5	F5#5	345	345	1	8	312	95	96	Be	8.375
72	9	Sol5	G5	349	349	1	8	312	95	96	yoğ	8.5
73	9	Sol5	G5	349	349	1	4	625	95	96	lun	8.75
74	9	Sol5	G5	349	349	1	4	625	95	96	da 	9.0
75	9	Fa5#5	F5#5	345	345	1	8	312	99	96	ge	9.125
76	9	Sol5	G5	349	349	1	8	312	95	96		9.25
77	10	La5	A5	358	358	1	8	312	99	96	zer	9.375
78	8	Si5	B5	367	367	0	0	0	99	96		9.375
79	9	La5	A5	358	358	1	16	156	99	96		9.4375
80	9	Sol5	G5	349	349	1	16	156	95	96		9.5
81	9	Sol5	G5	349	349	1	2	1250	95	96	sin 	10.0
82	9	La5	A5	358	358	3	16	469	99	84	göz	10.1875
83	9	Sol5	G5	349	349	1	16	156	95	84		10.25
84	9	Sol5	G5	349	349	3	16	469	99	84	le	10.4375
85	9	Fa5#5	F5#5	345	345	1	16	156	95	84		10.5
86	9	Fa5#5	F5#5	345	345	3	16	469	99	84	ri	10.6875
87	9	Mi5	E5	336	336	1	16	156	95	84		10.75
88	9	Mi5	E5	336	336	3	16	469	99	84	ni 	10.9375
89	9	Re5	D5	327	327	1	16	156	95	84		11.0
90	9	Fa5#5	F5#5	345	345	3	16	469	99	96	sü	11.1875
91	9	Mi5	E5	336	336	1	16	156	95	96		11.25
92	9	Mi5	E5	336	336	1	8	312	99	96	zer	11.375
93	8	Fa5#5	F5#5	345	345	0	0	0	99	96		11.375
94	9	Mi5	E5	336	336	1	16	156	99	96		11.4375
95	9	Re5	D5	327	327	1	16	156	95	96		11.5
96	9	Re5	D5	327	327	1	4	625	95	96	sin  	11.75
97	9	Re5	D5	327	327	1	8	312	95	96	SAZ	11.875
98	9	Mi5	E5	336	336	1	16	156	95	96	.	11.9375
99	9	Fa5#5	F5#5	345	345	1	16	156	95	96	.	12.0
100	9	Sol5	G5	349	349	1	4	625	95	84	.	12.25
101	9	Fa5#5	F5#5	345	345	1	8	312	95	96	Be	12.375
102	9	Sol5	G5	349	349	1	8	312	95	96	yoğ	12.5
103	9	Sol5	G5	349	349	1	4	625	95	96	lun	12.75
104	9	Sol5	G5	349	349	1	4	625	95	96	da 	13.0
105	9	Fa5#5	F5#5	345	345	1	8	312	99	96	ge	13.125
106	9	Sol5	G5	349	349	1	8	312	95	96		13.25
107	10	La5	A5	358	358	1	8	312	99	96	zer	13.375
108	8	Si5	B5	367	367	0	0	0	99	96		13.375
109	9	La5	A5	358	358	1	16	156	99	96		13.4375
110	9	Sol5	G5	349	349	1	16	156	95	96		13.5
111	9	Sol5	G5	349	349	1	2	1250	95	96	sin 	14.0
112	9	La5	A5	358	358	3	16	469	99	84	göz	14.1875
113	9	Sol5	G5	349	349	1	16	156	95	84		14.25
114	9	Sol5	G5	349	349	3	16	469	99	84	le	14.4375
115	9	Fa5#5	F5#5	345	345	1	16	156	95	84		14.5
116	9	Fa5#5	F5#5	345	345	3	16	469	99	84	ri	14.6875
117	9	Mi5	E5	336	336	1	16	156	95	84		14.75
118	9	Mi5	E5	336	336	3	16	469	99	84	ni 	14.9375
119	9	Re5	D5	327	327	1	16	156	95	84		15.0
120	9	Fa5#5	F5#5	345	345	3	16	469	99	96	sü	15.1875
121	9	Mi5	E5	336	336	1	16	156	95	96		15.25
122	9	Mi5	E5	336	336	1	8	312	99	96	zer	15.375
123	8	Fa5#5	F5#5	345	345	0	0	0	99	96		15.375
124	9	Mi5	E5	336	336	1	16	156	99	66		15.4375
125	9	Re5	D5	327	327	1	16	156	95	69		15.5
126	9	Re5	D5	327	327	1	4	625	95	72	sin  	15.75
127	9	Es	Es	-1	-1	1	4	625	100	66		16.0
128	9	Mi5	E5	336	336	3	16	469	99	74	Sev	16.1875
129	9	Re5	D5	327	327	1	16	156	95	81		16.25
130	9	Do5	C5	318	318	1	8	312	95	89	di	16.375
131	9	Si4	B4	314	314	1	8	312	95	97	ce	16.5
132	9	Do5	C5	318	318	1	4	625	95	105	ğim 	16.75
133	9	Es	Es	-1	-1	1	4	625	100	112		17.0
134	9	Re5	D5	327	327	3	16	469	99	120	yav	17.1875
135	9	Do5	C5	318	318	1	16	156	95	96		17.25
136	9	Si4	B4	314	314	1	8	312	95	96	ru	17.375
137	9	La4#4	A4#4	309	309	1	8	312	95	96	ca	17.5
138	9	Si4	B4	314	314	1	8	312	99	96	ğım 	17.625
139	9	Do5	C5	318	318	1	8	312	99	96		17.75
140	9	Do5#4	C5#4	322	322	1	8	312	99	96		17.875
141	9	Re5	D5	327	327	1	8	312	95	96		18.0
142	9	Do5#4	C5#4	322	322	1	8	312	95	96	ni	18.125
143	9	Re5	D5	327	327	1	8	312	95	96	çin 	18.25
144	9	Do5#4	C5#4	322	322	1	8	312	95	96	ni	18.375
145	9	Re5	D5	327	327	1	8	312	95	96	çin 	18.5
146	10	Do5#4	C5#4	322	322	1	8	312	99	96	be	18.625
147	8	Mi5	E5	336	336	0	0	0	99	96		18.625
148	9	Re5	D5	327	327	1	16	156	99	96		18.6875
149	9	Do5#4	C5#4	322	322	1	16	156	95	96		18.75
150	9	Si4b4	B4b4	310	310	1	16	156	99	96	ni 	18.8125
151	9	La4	A4	305	305	1	16	156	99	96		18.875
152	9	Sol4	G4	296	296	1	8	312	95	96		19.0
153	9	La4	A4	305	305	1	8	312	99	84	ü	19.125
154	9	Si4b4	B4b4	310	310	1	16	156	99	84		19.1875
155	9	La4	A4	305	305	1	16	156	95	84		19.25
156	7	Sol4	G4	296	296	3	16	469	99	84	zer	19.4375
157	9	Fa4#5	F4#5	292	292	1	16	156	95	84		19.5
158	9	Sol4	G4	296	296	1	8	312	95	66	sin  	19.625
159	9	La4	A4	305	305	1	8	312	95	69	SAZ	19.75
160	9	Si4	B4	314	314	1	8	312	95	72	.	19.875
161	9	Do5	C5	318	318	1	8	312	95	66	.	20.0
162	9	Mi5	E5	336	336	3	16	469	99	74	Sev	20.1875
163	9	Re5	D5	327	327	1	16	156	95	81		20.25
164	9	Do5	C5	318	318	1	8	312	95	89	di	20.375
165	9	Si4	B4	314	314	1	8	312	95	97	ce	20.5
166	9	Do5	C5	318	318	1	4	625	95	105	ğim 	20.75
167	9	Es	Es	-1	-1	1	4	625	100	112		21.0
168	9	Re5	D5	327	327	3	16	469	99	120	yav	21.1875
169	9	Do5	C5	318	318	1	16	156	95	96		21.25
170	9	Si4	B4	314	314	1	8	312	95	96	ru	21.375
171	9	La4#4	A4#4	309	309	1	8	312	95	96	ca	21.5
172	9	Si4	B4	314	314	1	8	312	99	96	ğım 	21.625
173	9	Do5	C5	318	318	1	8	312	99	96		21.75
174	9	Do5#4	C5#4	322	322	1	8	312	99	96		21.875
175	9	Re5	D5	327	327	1	8	312	95	96		22.0
176	9	Do5#4	C5#4	322	322	1	8	312	95	96	ni	22.125
177	9	Re5	D5	327	327	1	8	312	95	96	çin 	22.25
178	9	Do5#4	C5#4	322	322	1	8	312	95	96	ni	22.375
179	9	Re5	D5	327	327	1	8	312	95	96	çin 	22.5
180	10	Do5#4	C5#4	322	322	1	8	312	99	96	be	22.625
181	8	Mi5	E5	336	336	0	0	0	99	96		22.625
182	9	Re5	D5	327	327	1	16	156	99	96		22.6875
183	9	Do5#4	C5#4	322	322	1	16	156	95	96		22.75
184	9	Si4b4	B4b4	310	310	1	16	156	99	96	ni 	22.8125
185	9	La4	A4	305	305	1	16	156	99	96		22.875
186	9	Sol4	G4	296	296	1	8	312	95	96		23.0
187	9	La4	A4	305	305	1	8	312	99	96	ü	23.125
188	9	Si4b4	B4b4	310	310	1	16	156	99	96		23.1875
189	9	La4	A4	305	305	1	16	156	95	96		23.25
190	9	Sol4	G4	296	296	3	16	469	99	96	zer	23.4375
191	9	Fa4#5	F4#5	292	292	1	16	156	95	96		23.5
192	9	Sol4	G4	296	296	1	2	1250	95	96	sin  	24.0
193	9	Do5	C5	318	318	7	8	2188	99	96	Ah 	24.875
194	9	Si4	B4	314	314	1	8	312	95	96		25.0
195	9	Re5	D5	327	327	1	2	1250	99	96	ah 	25.5
196	9	Re5	D5	327	327	3	16	469	99	96		25.6875
197	9	Do5#4	C5#4	322	322	1	16	156	99	96		25.75
198	9	Si4	B4	314	314	1	16	156	99	96		25.8125
199	9	La4#4	A4#4	309	309	1	16	156	99	96		25.875
200	9	Si4	B4	314	314	1	8	312	95	96		26.0
201	9	Do5#4	C5#4	322	322	1	8	312	95	108	fı	26.125
202	9	Re5	D5	327	327	1	8	312	95	108	kır 	26.25
203	9	Do5#4	C5#4	322	322	1	8	312	95	96	fı	26.375
204	9	Re5	D5	327	327	1	8	312	95	96	kır 	26.5
205	10	Do5#4	C5#4	322	322	1	8	312	95	108	fı	26.625
206	8	Mi5	E5	336	336	0	0	0	95	108		26.625
207	9	Re5	D5	327	327	1	16	156	99	108	kır	26.6875
208	9	Do5#4	C5#4	322	322	1	16	156	95	108		26.75
209	9	Si4b4	B4b4	310	310	1	16	156	99	108	da	26.8125
210	9	La4	A4	305	305	1	16	156	95	108		26.875
211	9	Sol4	G4	296	296	1	8	312	95	108	ma 	27.0
212	9	La4	A4	305	305	1	8	312	99	96	gel 	27.125
213	9	Si4b4	B4b4	310	310	1	16	156	99	96		27.1875
214	9	La4	A4	305	305	1	16	156	95	96		27.25
215	9	La4	A4	305	305	1	16	156	99	96	ba	27.3125
216	9	Sol4	G4	296	296	1	16	156	95	96		27.375
217	9	Sol4	G4	296	296	1	16	156	99	96	na 	27.4375
218	9	Fa4#5	F4#5	292	292	1	16	156	95	96		27.5
219	9	Sol4	G4	296	296	1	4	625	95	96	gel  	27.75
220	9	Es	Es	-1	-1	1	4	625	100	0		28.0
221	9	Do5	C5	318	318	7	8	2188	99	96	Ah 	28.875
222	9	Si4	B4	314	314	1	8	312	95	96		29.0
223	9	Re5	D5	327	327	1	2	1250	99	96	ah 	29.5
224	9	Re5	D5	327	327	3	16	469	99	96		29.6875
225	9	Do5#4	C5#4	322	322	1	16	156	99	96		29.75
226	9	Si4	B4	314	314	1	16	156	99	96		29.8125
227	9	La4#4	A4#4	309	309	1	16	156	99	96		29.875
228	9	Si4	B4	314	314	1	8	312	95	96		30.0
229	9	Do5#4	C5#4	322	322	1	8	312	95	108	fı	30.125
230	9	Re5	D5	327	327	1	8	312	95	108	kır 	30.25
231	9	Do5#4	C5#4	322	322	1	8	312	95	96	fı	30.375
232	9	Re5	D5	327	327	1	8	312	95	96	kır 	30.5
233	10	Do5#4	C5#4	322	322	1	8	312	95	108	fı	30.625
234	8	Mi5	E5	336	336	0	0	0	95	108		30.625
235	9	Re5	D5	327	327	1	16	156	99	108	kır	30.6875
236	9	Do5#4	C5#4	322	322	1	16	156	95	108		30.75
237	9	Si4b4	B4b4	310	310	1	16	156	99	108	da	30.8125
238	9	La4	A4	305	305	1	16	156	95	108		30.875
239	9	Sol4	G4	296	296	1	8	312	95	108	ma 	31.0
240	9	La4	A4	305	305	1	8	312	99	96	gel 	31.125
241	9	Si4b4	B4b4	310	310	1	16	156	99	96		31.1875
242	9	La4	A4	305	305	1	16	156	95	66		31.25
243	9	La4	A4	305	305	1	16	156	99	74	ba	31.3125
244	9	Sol4	G4	296	296	1	16	156	95	81		31.375
245	9	Sol4	G4	296	296	1	16	156	99	89	na 	31.4375
246	9	Fa4#5	F4#5	292	292	1	16	156	95	97		31.5
247	9	Sol4	G4	296	296	1	4	625	95	105	gel  	31.75
248	9	Es	Es	-1	-1	1	4	625	100	112		32.0
249	9	Sol5	G5	349	349	3	16	469	95	120	ARANAĞME	32.1875
250	9	Fa5	F5	340	340	1	16	156	95	96	.	32.25
251	9	Mi5	E5	336	336	1	8	312	95	96	.	32.375
252	9	Re5	D5	327	327	1	8	312	95	96	.	32.5
253	9	Do5#4	C5#4	322	322	1	8	312	95	96	.	32.625
254	9	Si4b4	B4b4	310	310	1	8	312	95	96	.	32.75
255	9	La4	A4	305	305	1	8	312	95	96	.	32.875
256	9	Sol4	G4	296	296	1	8	312	95	96	.	33.0
257	9	Sol5	G5	349	349	3	16	469	95	96	.	33.1875
258	9	Fa5	F5	340	340	1	16	156	95	96	.	33.25
259	9	Mi5	E5	336	336	1	8	312	95	66	.	33.375
260	9	Re5	D5	327	327	1	8	312	95	68	.	33.5
261	9	Do5#4	C5#4	322	322	1	16	156	95	69	.	33.5625
262	9	Re5	D5	327	327	1	16	156	95	71	.	33.625
263	9	Mi5	E5	336	336	1	16	156	95	73	.	33.6875
264	9	Do5#4	C5#4	322	322	1	16	156	95	75	.	33.75
265	9	Re5	D5	327	327	1	4	625	95	76	.	34.0
266	9	Sol5	G5	349	349	3	16	469	95	78	.	34.1875
267	9	Fa5	F5	340	340	1	16	156	95	96	.	34.25
268	9	Mi5	E5	336	336	1	8	312	95	96	.	34.375
269	9	Re5	D5	327	327	1	8	312	95	96	.	34.5
270	9	Do5#4	C5#4	322	322	1	8	312	95	96	.	34.625
271	9	Si4b4	B4b4	310	310	1	8	312	95	96	.	34.75
272	9	La4	A4	305	305	1	8	312	95	96	.	34.875
273	9	Sol4	G4	296	296	1	8	312	95	96	.	35.0
274	9	La4	A4	305	305	1	8	312	95	96	.	35.125
275	9	Si4b4	B4b4	310	310	1	16	156	95	66	.	35.1875
276	9	La4	A4	305	305	1	16	156	95	74	.	35.25
277	9	La4	A4	305	305	1	16	156	95	81	.	35.3125
278	9	Sol4	G4	296	296	1	16	156	95	89	.	35.375
279	9	Sol4	G4	296	296	1	16	156	95	97	.	35.4375
280	9	Fa4#5	F4#5	292	292	1	16	156	95	105	.	35.5
281	9	Sol4	G4	296	296	1	2	1250	95	112	.	36.0
282	9	Sol5	G5	349	349	3	16	469	95	120	ARANAĞME	36.1875
283	9	Fa5	F5	340	340	1	16	156	95	96	.	36.25
284	9	Mi5	E5	336	336	1	8	312	95	96	.	36.375
285	9	Re5	D5	327	327	1	8	312	95	96	.	36.5
286	9	Do5#4	C5#4	322	322	1	8	312	95	96	.	36.625
287	9	Si4b4	B4b4	310	310	1	8	312	95	96	.	36.75
288	9	La4	A4	305	305	1	8	312	95	96	.	36.875
289	9	Sol4	G4	296	296	1	8	312	95	96	.	37.0
290	9	Sol5	G5	349	349	3	16	469	95	96	.	37.1875
291	9	Fa5	F5	340	340	1	16	156	95	96	.	37.25
292	9	Mi5	E5	336	336	1	8	312	95	66	.	37.375
293	9	Re5	D5	327	327	1	8	312	95	68	.	37.5
294	9	Do5#4	C5#4	322	322	1	16	156	95	69	.	37.5625
295	9	Re5	D5	327	327	1	16	156	95	71	.	37.625
296	9	Mi5	E5	336	336	1	16	156	95	73	.	37.6875
297	9	Do5#4	C5#4	322	322	1	16	156	95	75	.	37.75
298	9	Re5	D5	327	327	1	4	625	95	76	.	38.0
299	9	Sol5	G5	349	349	3	16	469	95	78	.	38.1875
300	9	Fa5	F5	340	340	1	16	156	95	96	.	38.25
301	9	Mi5	E5	336	336	1	8	312	95	96	.	38.375
302	9	Re5	D5	327	327	1	8	312	95	96	.	38.5
303	9	Do5#4	C5#4	322	322	1	8	312	95	96	.	38.625
304	9	Si4b4	B4b4	310	310	1	8	312	95	96	.	38.75
305	9	La4	A4	305	305	1	8	312	95	96	.	38.875
306	9	Sol4	G4	296	296	1	8	312	95	96	.	39.0
307	9	La4	A4	305	305	1	8	312	95	96	.	39.125
308	9	Si4b4	B4b4	310	310	1	16	156	95	96	.	39.1875
309	9	La4	A4	305	305	1	16	156	95	96	.	39.25
310	9	La4	A4	305	305	1	16	156	95	96	.	39.3125
311	9	Sol4	G4	296	296	1	16	156	95	96	.	39.375
312	9	Sol4	G4	296	296	1	16	156	95	96	.	39.4375
313	9	Fa4#5	F4#5	292	292	1	16	156	95	96	.	39.5
314	9	Sol4	G4	296	296	1	4	625	95	96	.	39.75
315	9	Re5	D5	327	327	1	8	312	95	84	.	39.875
316	9	Mi5	E5	336	336	1	16	156	95	84	.	39.9375
317	9	Fa5#5	F5#5	345	345	1	16	156	95	84	.	40.0
318	9	Sol5	G5	349	349	1	4	625	95	84	.	40.25
319	9	Fa5#5	F5#5	345	345	1	8	312	95	96	Be	40.375
320	9	Sol5	G5	349	349	1	8	312	95	96	yoğ	40.5
321	9	Sol5	G5	349	349	1	4	625	95	96	lun	40.75
322	9	Sol5	G5	349	349	1	4	625	95	96	da 	41.0
323	9	Fa5#5	F5#5	345	345	1	8	312	99	96	ge	41.125
324	9	Sol5	G5	349	349	1	8	312	95	96		41.25
325	10	La5	A5	358	358	1	8	312	99	96	zer	41.375
326	8	Si5	B5	367	367	0	0	0	99	96		41.375
327	9	La5	A5	358	358	1	16	156	99	96		41.4375
328	9	Sol5	G5	349	349	1	16	156	95	96		41.5
329	9	Sol5	G5	349	349	1	2	1250	95	96	sin 	42.0
330	9	La5	A5	358	358	3	16	469	99	84	göz	42.1875
331	9	Sol5	G5	349	349	1	16	156	95	84		42.25
332	9	Sol5	G5	349	349	3	16	469	99	84	le	42.4375
333	9	Fa5#5	F5#5	345	345	1	16	156	95	84		42.5
334	9	Fa5#5	F5#5	345	345	3	16	469	99	84	ri	42.6875
335	9	Mi5	E5	336	336	1	16	156	95	84		42.75
336	9	Mi5	E5	336	336	3	16	469	99	84	ni 	42.9375
337	9	Re5	D5	327	327	1	16	156	95	84		43.0
338	9	Fa5#5	F5#5	345	345	3	16	469	99	96	sü	43.1875
339	9	Mi5	E5	336	336	1	16	156	95	96		43.25
340	9	Mi5	E5	336	336	1	8	312	99	96	zer	43.375
341	8	Fa5#5	F5#5	345	345	0	0	0	99	96		43.375
342	9	Mi5	E5	336	336	1	16	156	99	96		43.4375
343	9	Re5	D5	327	327	1	16	156	95	96		43.5
344	9	Re5	D5	327	327	1	4	625	95	96	sin  	43.75
345	9	Re5	D5	327	327	1	8	312	95	96	SAZ	43.875
346	9	Mi5	E5	336	336	1	16	156	95	96	.	43.9375
347	9	Fa5#5	F5#5	345	345	1	16	156	95	96	.	44.0
348	9	Sol5	G5	349	349	1	4	625	95	84	.	44.25
349	9	Fa5#5	F5#5	345	345	1	8	312	95	96	Be	44.375
350	9	Sol5	G5	349	349	1	8	312	95	96	yoğ	44.5
351	9	Sol5	G5	349	349	1	4	625	95	96	lun	44.75
352	9	Sol5	G5	349	349	1	4	625	95	96	da 	45.0
353	9	Fa5#5	F5#5	345	345	1	8	312	99	96	ge	45.125
354	9	Sol5	G5	349	349	1	8	312	95	96		45.25
355	10	La5	A5	358	358	1	8	312	99	96	zer	45.375
356	8	Si5	B5	367	367	0	0	0	99	96		45.375
357	9	La5	A5	358	358	1	16	156	99	96		45.4375
358	9	Sol5	G5	349	349	1	16	156	95	96		45.5
359	9	Sol5	G5	349	349	1	2	1250	95	96	sin 	46.0
360	9	La5	A5	358	358	3	16	469	99	84	göz	46.1875
361	9	Sol5	G5	349	349	1	16	156	95	84		46.25
362	9	Sol5	G5	349	349	3	16	469	99	84	le	46.4375
363	9	Fa5#5	F5#5	345	345	1	16	156	95	84		46.5
364	9	Fa5#5	F5#5	345	345	3	16	469	99	84	ri	46.6875
365	9	Mi5	E5	336	336	1	16	156	95	84		46.75
366	9	Mi5	E5	336	336	3	16	469	99	84	ni 	46.9375
367	9	Re5	D5	327	327	1	16	156	95	84		47.0
368	9	Fa5#5	F5#5	345	345	3	16	469	99	96	sü	47.1875
369	9	Mi5	E5	336	336	1	16	156	95	96		47.25
370	9	Mi5	E5	336	336	1	8	312	99	96	zer	47.375
371	8	Fa5#5	F5#5	345	345	0	0	0	99	96		47.375
372	9	Mi5	E5	336	336	1	16	156	99	66		47.4375
373	9	Re5	D5	327	327	1	16	156	95	69		47.5
374	9	Re5	D5	327	327	1	4	625	95	72	sin  	47.75
375	9	Es	Es	-1	-1	1	4	625	100	66		48.0
376	9	Mi5	E5	336	336	3	16	469	99	74	Sev	48.1875
377	9	Re5	D5	327	327	1	16	156	95	81		48.25
378	9	Do5	C5	318	318	1	8	312	95	89	di	48.375
379	9	Si4	B4	314	314	1	8	312	95	97	ce	48.5
380	9	Do5	C5	318	318	1	4	625	95	105	ğim 	48.75
381	9	Es	Es	-1	-1	1	4	625	100	112		49.0
382	9	Re5	D5	327	327	3	16	469	99	120	yav	49.1875
383	9	Do5	C5	318	318	1	16	156	95	96		49.25
384	9	Si4	B4	314	314	1	8	312	95	96	ru	49.375
385	9	La4#4	A4#4	309	309	1	8	312	95	96	ca	49.5
386	9	Si4	B4	314	314	1	8	312	99	96	ğım 	49.625
387	9	Do5	C5	318	318	1	8	312	99	96		49.75
388	9	Do5#4	C5#4	322	322	1	8	312	99	96		49.875
389	9	Re5	D5	327	327	1	8	312	95	96		50.0
390	9	Do5#4	C5#4	322	322	1	8	312	95	96	ni	50.125
391	9	Re5	D5	327	327	1	8	312	95	96	çin 	50.25
392	9	Do5#4	C5#4	322	322	1	8	312	95	96	ni	50.375
393	9	Re5	D5	327	327	1	8	312	95	96	çin 	50.5
394	10	Do5#4	C5#4	322	322	1	8	312	99	96	be	50.625
395	8	Mi5	E5	336	336	0	0	0	99	96		50.625
396	9	Re5	D5	327	327	1	16	156	99	96		50.6875
397	9	Do5#4	C5#4	322	322	1	16	156	95	96		50.75
398	9	Si4b4	B4b4	310	310	1	16	156	99	96	ni 	50.8125
399	9	La4	A4	305	305	1	16	156	99	96		50.875
400	9	Sol4	G4	296	296	1	8	312	95	96		51.0
401	9	La4	A4	305	305	1	8	312	99	84	ü	51.125
402	9	Si4b4	B4b4	310	310	1	16	156	99	84		51.1875
403	9	La4	A4	305	305	1	16	156	95	84		51.25
404	7	Sol4	G4	296	296	3	16	469	99	84	zer	51.4375
405	9	Fa4#5	F4#5	292	292	1	16	156	95	84		51.5
406	9	Sol4	G4	296	296	1	8	312	95	66	sin  	51.625
407	9	La4	A4	305	305	1	8	312	95	69	SAZ	51.75
408	9	Si4	B4	314	314	1	8	312	95	72	.	51.875
409	9	Do5	C5	318	318	1	8	312	95	66	.	52.0
410	9	Mi5	E5	336	336	3	16	469	99	74	Sev	52.1875
411	9	Re5	D5	327	327	1	16	156	95	81		52.25
412	9	Do5	C5	318	318	1	8	312	95	89	di	52.375
413	9	Si4	B4	314	314	1	8	312	95	97	ce	52.5
414	9	Do5	C5	318	318	1	4	625	95	105	ğim 	52.75
415	9	Es	Es	-1	-1	1	4	625	100	112		53.0
416	9	Re5	D5	327	327	3	16	469	99	120	yav	53.1875
417	9	Do5	C5	318	318	1	16	156	95	96		53.25
418	9	Si4	B4	314	314	1	8	312	95	96	ru	53.375
419	9	La4#4	A4#4	309	309	1	8	312	95	96	ca	53.5
420	9	Si4	B4	314	314	1	8	312	99	96	ğım 	53.625
421	9	Do5	C5	318	318	1	8	312	99	96		53.75
422	9	Do5#4	C5#4	322	322	1	8	312	99	96		53.875
423	9	Re5	D5	327	327	1	8	312	95	96		54.0
424	9	Do5#4	C5#4	322	322	1	8	312	95	96	ni	54.125
425	9	Re5	D5	327	327	1	8	312	95	96	çin 	54.25
426	9	Do5#4	C5#4	322	322	1	8	312	95	96	ni	54.375
427	9	Re5	D5	327	327	1	8	312	95	96	çin 	54.5
428	10	Do5#4	C5#4	322	322	1	8	312	99	96	be	54.625
429	8	Mi5	E5	336	336	0	0	0	99	96		54.625
430	9	Re5	D5	327	327	1	16	156	99	96		54.6875
431	9	Do5#4	C5#4	322	322	1	16	156	95	96		54.75
432	9	Si4b4	B4b4	310	310	1	16	156	99	96	ni 	54.8125
433	9	La4	A4	305	305	1	16	156	99	96		54.875
434	9	Sol4	G4	296	296	1	8	312	95	96		55.0
435	9	La4	A4	305	305	1	8	312	99	96	ü	55.125
436	9	Si4b4	B4b4	310	310	1	16	156	99	96		55.1875
437	9	La4	A4	305	305	1	16	156	95	96		55.25
438	9	Sol4	G4	296	296	3	16	469	99	96	zer	55.4375
439	9	Fa4#5	F4#5	292	292	1	16	156	95	96		55.5
440	9	Sol4	G4	296	296	1	2	1250	95	96	sin  	56.0
441	9	Do5	C5	318	318	7	8	2188	99	96	Ah 	56.875
442	9	Si4	B4	314	314	1	8	312	95	96		57.0
443	9	Re5	D5	327	327	1	2	1250	99	96	ah 	57.5
444	9	Re5	D5	327	327	3	16	469	99	96		57.6875
445	9	Do5#4	C5#4	322	322	1	16	156	99	96		57.75
446	9	Si4	B4	314	314	1	16	156	99	96		57.8125
447	9	La4#4	A4#4	309	309	1	16	156	99	96		57.875
448	9	Si4	B4	314	314	1	8	312	95	96		58.0
449	9	Do5#4	C5#4	322	322	1	8	312	95	108	fı	58.125
450	9	Re5	D5	327	327	1	8	312	95	108	kır 	58.25
451	9	Do5#4	C5#4	322	322	1	8	312	95	96	fı	58.375
452	9	Re5	D5	327	327	1	8	312	95	96	kır 	58.5
453	10	Do5#4	C5#4	322	322	1	8	312	95	108	fı	58.625
454	8	Mi5	E5	336	336	0	0	0	95	108		58.625
455	9	Re5	D5	327	327	1	16	156	99	108	kır	58.6875
456	9	Do5#4	C5#4	322	322	1	16	156	95	108		58.75
457	9	Si4b4	B4b4	310	310	1	16	156	99	108	da	58.8125
458	9	La4	A4	305	305	1	16	156	95	108		58.875
459	9	Sol4	G4	296	296	1	8	312	95	108	ma 	59.0
460	9	La4	A4	305	305	1	8	312	99	96	gel 	59.125
461	9	Si4b4	B4b4	310	310	1	16	156	99	96		59.1875
462	9	La4	A4	305	305	1	16	156	95	96		59.25
463	9	La4	A4	305	305	1	16	156	99	96	ba	59.3125
464	9	Sol4	G4	296	296	1	16	156	95	96		59.375
465	9	Sol4	G4	296	296	1	16	156	99	96	na 	59.4375
466	9	Fa4#5	F4#5	292	292	1	16	156	95	96		59.5
467	9	Sol4	G4	296	296	1	4	625	95	96	gel  	59.75
468	9	Es	Es	-1	-1	1	4	625	100	0		60.0
469	9	Do5	C5	318	318	7	8	2188	99	96	Ah 	60.875
470	9	Si4	B4	314	314	1	8	312	95	96		61.0
471	9	Re5	D5	327	327	1	2	1250	99	96	ah 	61.5
472	9	Re5	D5	327	327	3	16	469	99	96		61.6875
473	9	Do5#4	C5#4	322	322	1	16	156	99	96		61.75
474	9	Si4	B4	314	314	1	16	156	99	96		61.8125
475	9	La4#4	A4#4	309	309	1	16	156	99	96		61.875
476	9	Si4	B4	314	314	1	8	312	95	96		62.0
477	9	Do5#4	C5#4	322	322	1	8	312	95	108	fı	62.125
478	9	Re5	D5	327	327	1	8	312	95	108	kır 	62.25
479	9	Do5#4	C5#4	322	322	1	8	312	95	96	fı	62.375
480	9	Re5	D5	327	327	1	8	312	95	96	kır 	62.5
481	10	Do5#4	C5#4	322	322	1	8	312	95	108	fı	62.625
482	8	Mi5	E5	336	336	0	0	0	95	108		62.625
483	9	Re5	D5	327	327	1	16	156	99	108	kır	62.6875
484	9	Do5#4	C5#4	322	322	1	16	156	95	108		62.75
485	9	Si4b4	B4b4	310	310	1	16	156	99	108	da	62.8125
486	9	La4	A4	305	305	1	16	156	95	108		62.875
487	9	Sol4	G4	296	296	1	8	312	95	108	ma 	63.0
488	9	La4	A4	305	305	1	8	312	99	96	gel 	63.125
489	9	Si4b4	B4b4	310	310	1	16	156	99	96		63.1875
490	9	La4	A4	305	305	1	16	156	95	96		63.25
491	9	La4	A4	305	305	1	16	156	99	96	ba	63.3125
492	9	Sol4	G4	296	296	1	16	156	95	96		63.375
493	9	Sol4	G4	296	296	1	16	156	99	96	na 	63.4375
494	9	Fa4#5	F4#5	292	292	1	16	156	95	96		63.5
495	9	Sol4	G4	296	296	1	4	625	95	96	gel  	63.75
496	9	Es	Es	-1	-1	1	4	625	100	0		64.0
