Sira	Kod	Nota53	NotaAE	Koma53	KomaAE	Pay	Payda	Ms	LNS	Bas	Soz1	Offset
1	51			0	0	6	4	0	11	0	Senginsemâî	0.0
2	9	Fa5#3	F5#4	343	344	1	8	500	95	96	ARANAĞME	0.0833333333333
3	9	Sol5	G5	349	349	1	8	500	95	96	.	0.166666666667
4	9	La5	A5	358	358	1	8	500	95	96	.	0.25
5	9	Si5b2	B5b1	365	366	1	8	500	95	96	.	0.333333333333
6	9	Sol5	G5	349	349	1	8	500	95	96	.	0.416666666667
7	9	Fa5#3	F5#4	343	344	1	8	500	95	96	.	0.5
8	9	Do6	C6	371	371	1	8	500	95	96	.	0.583333333333
9	9	Si5b2	B5b1	365	366	1	16	250	95	96	.	0.625
10	9	La5	A5	358	358	1	16	250	95	90	.	0.666666666667
11	9	La5	A5	358	358	1	2	2000	95	96	.	1.0
12	9	Fa5#3	F5#4	343	344	1	16	250	95	96	.	1.04166666667
13	9	Sol5	G5	349	349	1	16	250	95	96	.	1.08333333333
14	9	La5	A5	358	358	1	16	250	95	96	.	1.125
15	9	Si5b2	B5b1	365	366	1	16	250	95	96	.	1.16666666667
16	9	Do6	C6	371	371	1	8	500	95	96	.	1.25
17	9	Si5b2	B5b1	365	366	1	16	250	95	96	.	1.29166666667
18	9	La5	A5	358	358	1	16	250	95	96	.	1.33333333333
19	9	La5	A5	358	358	1	16	250	95	96	.	1.375
20	9	Sol5	G5	349	349	1	8	500	95	96	.	1.45833333333
21	9	Fa5#3	F5#4	343	344	1	16	250	95	96	.	1.5
22	9	La5	A5	358	358	1	24	167	95	96	.	1.52777777778
23	9	Sol5	G5	349	349	1	24	167	95	96	.	1.55555555556
24	9	Fa5#3	F5#4	343	344	1	24	167	95	96	.	1.58333333333
25	9	Fa5#3	F5#4	343	344	1	16	250	95	96	.	1.625
26	9	Mi5	E5	336	336	1	16	250	95	90	.	1.66666666667
27	9	Mi5	E5	336	336	1	2	2000	95	96	.	2.0
28	9	Mi5	E5	336	336	3	16	750	95	96	.	2.125
29	9	Fa5#3	F5#4	343	344	1	16	250	95	96	.	2.16666666667
30	9	Sol5	G5	349	349	1	8	500	95	96	.	2.25
31	9	La5	A5	358	358	1	8	500	95	96	.	2.33333333333
32	9	Sol5	G5	349	349	1	8	500	95	96	.	2.41666666667
33	9	Fa5	F5	340	340	1	8	500	95	96	.	2.5
34	9	Mi5	E5	336	336	1	8	500	95	96	.	2.58333333333
35	9	Re5	D5	327	327	1	8	500	95	96	.	2.66666666667
36	9	Re5	D5	327	327	1	16	250	95	96	.	2.70833333333
37	9	Do5	C5	318	318	1	16	250	95	96	.	2.75
38	9	Re5	D5	327	327	1	16	250	95	96	.	2.79166666667
39	9	Mi5	E5	336	336	1	16	250	95	96	.	2.83333333333
40	9	Do5	C5	318	318	1	8	500	95	96	.	2.91666666667
41	9	Si4b2	B4b1	312	313	1	16	250	95	96	.	2.95833333333
42	9	La4	A4	305	305	1	16	250	95	96	.	3.0
43	9	Sol4	G4	296	296	3	16	750	95	96	.	3.125
44	9	La5	A5	358	358	1	16	250	95	96	.	3.16666666667
45	9	Sol5	G5	349	349	1	16	250	95	96	.	3.20833333333
46	9	Fa5	F5	340	340	1	16	250	95	96	.	3.25
47	9	Mi5	E5	336	336	1	16	250	95	96	.	3.29166666667
48	9	Re5	D5	327	327	1	16	250	95	96	.	3.33333333333
49	9	Do5	C5	318	318	3	16	750	95	96	.	3.45833333333
50	9	Si4b2	B4b1	312	313	1	16	250	95	96	.	3.5
51	9	Re5	D5	327	327	1	24	167	95	96	.	3.52777777778
52	9	Do5	C5	318	318	1	24	167	95	96	.	3.55555555556
53	9	Si4b2	B4b1	312	313	1	24	167	95	96	.	3.58333333333
54	9	Si4b2	B4b1	312	313	1	16	250	95	96	.	3.625
55	9	La4	A4	305	305	1	16	250	95	90	.	3.66666666667
56	9	La4	A4	305	305	3	16	750	95	96	.	3.79166666667
57	9	Si4b2	B4b1	312	313	1	32	125	95	96	.	3.8125
58	9	Do5	C5	318	318	1	32	125	95	96	.	3.83333333333
59	9	Re5	D5	327	327	1	32	125	95	96	.	3.85416666667
60	9	Mi5	E5	336	336	1	32	125	95	96	.	3.875
61	9	Fa5#3	F5#4	343	344	1	32	125	95	96	.	3.89583333333
62	9	Sol5	G5	349	349	1	32	125	95	90	.	3.91666666667
63	9	La5	A5	358	358	1	8	500	95	96	.	4.0
64	9	Fa5#3	F5#4	343	344	1	8	500	95	96	ARANAĞME	4.08333333333
65	9	Sol5	G5	349	349	1	8	500	95	96	.	4.16666666667
66	9	La5	A5	358	358	1	8	500	95	96	.	4.25
67	9	Si5b2	B5b1	365	366	1	8	500	95	96	.	4.33333333333
68	9	Sol5	G5	349	349	1	8	500	95	96	.	4.41666666667
69	9	Fa5#3	F5#4	343	344	1	8	500	95	96	.	4.5
70	9	Do6	C6	371	371	1	8	500	95	96	.	4.58333333333
71	9	Si5b2	B5b1	365	366	1	16	250	95	96	.	4.625
72	9	La5	A5	358	358	1	16	250	95	90	.	4.66666666667
73	9	La5	A5	358	358	1	2	2000	95	96	.	5.0
74	9	Fa5#3	F5#4	343	344	1	16	250	95	96	.	5.04166666667
75	9	Sol5	G5	349	349	1	16	250	95	96	.	5.08333333333
76	9	La5	A5	358	358	1	16	250	95	96	.	5.125
77	9	Si5b2	B5b1	365	366	1	16	250	95	96	.	5.16666666667
78	9	Do6	C6	371	371	1	8	500	95	96	.	5.25
79	9	Si5b2	B5b1	365	366	1	16	250	95	96	.	5.29166666667
80	9	La5	A5	358	358	1	16	250	95	96	.	5.33333333333
81	9	La5	A5	358	358	1	16	250	95	96	.	5.375
82	9	Sol5	G5	349	349	1	8	500	95	96	.	5.45833333333
83	9	Fa5#3	F5#4	343	344	1	16	250	95	96	.	5.5
84	9	La5	A5	358	358	1	24	167	95	96	.	5.52777777778
85	9	Sol5	G5	349	349	1	24	167	95	96	.	5.55555555556
86	9	Fa5#3	F5#4	343	344	1	24	167	95	96	.	5.58333333333
87	9	Fa5#3	F5#4	343	344	1	16	250	95	96	.	5.625
88	9	Mi5	E5	336	336	1	16	250	95	90	.	5.66666666667
89	9	Mi5	E5	336	336	1	2	2000	95	96	.	6.0
90	9	Mi5	E5	336	336	3	16	750	95	96	.	6.125
91	9	Fa5#3	F5#4	343	344	1	16	250	95	96	.	6.16666666667
92	9	Sol5	G5	349	349	1	8	500	95	96	.	6.25
93	9	La5	A5	358	358	1	8	500	95	96	.	6.33333333333
94	9	Sol5	G5	349	349	1	8	500	95	96	.	6.41666666667
95	9	Fa5	F5	340	340	1	8	500	95	96	.	6.5
96	9	Mi5	E5	336	336	1	8	500	95	96	.	6.58333333333
97	9	Re5	D5	327	327	1	8	500	95	96	.	6.66666666667
98	9	Re5	D5	327	327	1	16	250	95	96	.	6.70833333333
99	9	Do5	C5	318	318	1	16	250	95	96	.	6.75
100	9	Re5	D5	327	327	1	16	250	95	96	.	6.79166666667
101	9	Mi5	E5	336	336	1	16	250	95	96	.	6.83333333333
102	9	Do5	C5	318	318	1	8	500	95	96	.	6.91666666667
103	9	Si4b2	B4b1	312	313	1	16	250	95	96	.	6.95833333333
104	9	La4	A4	305	305	1	16	250	95	96	.	7.0
105	9	Sol4	G4	296	296	3	16	750	95	96	.	7.125
106	9	La5	A5	358	358	1	16	250	95	96	.	7.16666666667
107	9	Sol5	G5	349	349	1	16	250	95	96	.	7.20833333333
108	9	Fa5	F5	340	340	1	16	250	95	96	.	7.25
109	9	Mi5	E5	336	336	1	16	250	95	96	.	7.29166666667
110	9	Re5	D5	327	327	1	16	250	95	96	.	7.33333333333
111	9	Do5	C5	318	318	3	16	750	95	96	.	7.45833333333
112	9	Si4b2	B4b1	312	313	1	16	250	95	96	.	7.5
113	9	Re5	D5	327	327	1	24	167	95	96	.	7.52777777778
114	9	Do5	C5	318	318	1	24	167	95	96	.	7.55555555556
115	9	Si4b2	B4b1	312	313	1	24	167	95	96	.	7.58333333333
116	9	Si4b2	B4b1	312	313	1	16	250	95	96	.	7.625
117	9	La4	A4	305	305	1	16	250	95	90	.	7.66666666667
118	9	La4	A4	305	305	3	16	750	95	96	.	7.79166666667
119	9	Si4b2	B4b1	312	313	1	32	125	95	96	.	7.8125
120	9	Do5	C5	318	318	1	32	125	95	96	.	7.83333333333
121	9	Re5	D5	327	327	1	32	125	95	96	.	7.85416666667
122	9	Mi5	E5	336	336	1	32	125	95	96	.	7.875
123	9	Fa5#3	F5#4	343	344	1	32	125	95	96	.	7.89583333333
124	9	Sol5	G5	349	349	1	32	125	95	90	.	7.91666666667
125	9	La5	A5	358	358	1	8	500	95	96	.	8.0
126	9	Sol5	G5	349	349	3	16	750	99	96	Gez	8.125
127	9	La5	A5	358	358	1	16	250	95	96		8.16666666667
128	9	La5	A5	358	358	1	4	1000	95	96	dim 	8.33333333333
129	9	La5	A5	358	358	1	8	500	99	96	yü	8.41666666667
130	9	Sol5	G5	349	349	1	8	500	95	96		8.5
131	9	La5	A5	358	358	3	32	375	99	96	rü	8.5625
132	9	Do6	C6	371	371	1	32	125	95	96		8.58333333333
133	9	Si5b2	B5b1	365	366	1	16	250	99	96		8.625
134	9	La5	A5	358	358	1	16	250	95	96		8.66666666667
135	9	La5	A5	358	358	1	2	2000	95	96	düm 	9.0
136	9	La5	A5	358	358	1	8	500	99	96	dün 	9.08333333333
137	9	Do6	C6	371	371	1	8	500	99	96		9.16666666667
138	9	Si5b2	B5b1	365	366	1	8	500	99	96		9.25
139	9	La5	A5	358	358	1	8	500	95	96		9.33333333333
140	9	La5	A5	358	358	3	16	750	99	96	ge	9.45833333333
141	9	Sol5	G5	349	349	1	16	250	95	96		9.5
142	9	Sol5	G5	349	349	3	16	750	99	96	ce 	9.625
143	9	Fa5#3	F5#4	343	344	1	16	250	95	96		9.66666666667
144	9	La5	A5	358	358	1	16	250	99	96	hic	9.70833333333
145	9	Sol5	G5	349	349	1	16	250	99	96		9.75
146	9	Fa5#3	F5#4	343	344	1	16	250	99	96		9.79166666667
147	9	Mi5	E5	336	336	1	16	250	99	96		9.83333333333
148	9	Re5	D5	327	327	1	4	1000	100	96		10.0
149	9	Re5	D5	327	327	1	8	500	95	96		10.0833333333
150	9	Re5	D5	327	327	1	16	250	99	96	râ	10.125
151	9	Mi5	E5	336	336	1	16	250	99	96		10.1666666667
152	9	Fa5#3	F5#4	343	344	1	8	500	99	96		10.25
153	9	Sol5	G5	349	349	1	8	500	95	96		10.3333333333
154	9	La5	A5	358	358	1	8	500	99	96	nı	10.4166666667
155	9	Si5b2	B5b1	365	366	1	8	500	95	96		10.5
156	9	Do6	C6	371	371	1	8	500	99	96	mı 	10.5833333333
157	9	Re6	D6	380	380	1	8	500	95	96		10.6666666667
158	9	Do6	C6	371	371	1	8	500	99	96	yen	10.75
159	9	Si5b2	B5b1	365	366	1	16	250	99	96		10.7916666667
160	9	La5	A5	358	358	1	16	250	99	96		10.8333333333
161	9	Sol5	G5	349	349	1	8	500	99	96		10.9166666667
162	9	La5	A5	358	358	1	8	500	95	96		11.0
163	9	Sol5	G5	349	349	1	4	1000	95	96	dim  	11.1666666667
164	9	La5	A5	358	358	1	4	1000	95	96	SAZ	11.3333333333
165	9	La5	A5	358	358	1	16	250	95	96	.	11.375
166	9	Si5b3	B5b4	364	363	1	16	250	95	96	.	11.4166666667
167	9	La5	A5	358	358	1	16	250	95	96	.	11.4583333333
168	9	Sol5	G5	349	349	1	16	250	95	96	.	11.5
169	9	Fa5#2	F5#1	342	341	1	16	250	95	96	.	11.5416666667
170	9	Mi5	E5	336	336	1	16	250	95	96	.	11.5833333333
171	9	Fa5#2	F5#1	342	341	1	16	250	95	96	.	11.625
172	9	Sol5	G5	349	349	1	16	250	95	96	.	11.6666666667
173	9	La5	A5	358	358	1	16	250	95	96	.	11.7083333333
174	9	Fa5	F5	340	340	1	16	250	95	96	.	11.75
175	9	Mi5	E5	336	336	1	16	250	95	96	.	11.7916666667
176	9	Re5	D5	327	327	1	16	250	95	96	.	11.8333333333
177	9	Do5	C5	318	318	1	16	250	95	96	.	11.875
178	9	Si4b2	B4b1	312	313	1	16	250	95	96	.	11.9166666667
179	9	La4	A4	305	305	1	8	500	95	90	.	12.0
180	9	Sol5	G5	349	349	3	16	750	99	96	Gez	12.125
181	9	La5	A5	358	358	1	16	250	95	96		12.1666666667
182	9	La5	A5	358	358	1	4	1000	95	96	dim 	12.3333333333
183	9	La5	A5	358	358	1	8	500	99	96	yü	12.4166666667
184	9	Sol5	G5	349	349	1	8	500	95	96		12.5
185	9	La5	A5	358	358	3	32	375	99	96	rü	12.5625
186	9	Do6	C6	371	371	1	32	125	95	96		12.5833333333
187	9	Si5b2	B5b1	365	366	1	16	250	99	96		12.625
188	9	La5	A5	358	358	1	16	250	95	96		12.6666666667
189	9	La5	A5	358	358	1	2	2000	95	96	düm 	13.0
190	9	La5	A5	358	358	1	8	500	99	96	dün 	13.0833333333
191	9	Do6	C6	371	371	1	8	500	99	96		13.1666666667
192	9	Si5b2	B5b1	365	366	1	8	500	99	96		13.25
193	9	La5	A5	358	358	1	8	500	95	96		13.3333333333
194	9	La5	A5	358	358	3	16	750	99	96	ge	13.4583333333
195	9	Sol5	G5	349	349	1	16	250	95	96		13.5
196	9	Sol5	G5	349	349	3	16	750	99	96	ce 	13.625
197	9	Fa5#3	F5#4	343	344	1	16	250	95	96		13.6666666667
198	9	La5	A5	358	358	1	16	250	99	96	hic	13.7083333333
199	9	Sol5	G5	349	349	1	16	250	99	96		13.75
200	9	Fa5#3	F5#4	343	344	1	16	250	99	96		13.7916666667
201	9	Mi5	E5	336	336	1	16	250	99	96		13.8333333333
202	9	Re5	D5	327	327	1	4	1000	100	96		14.0
203	9	Re5	D5	327	327	1	8	500	95	96		14.0833333333
204	9	Re5	D5	327	327	1	16	250	99	96	râ	14.125
205	9	Mi5	E5	336	336	1	16	250	99	96		14.1666666667
206	9	Fa5#3	F5#4	343	344	1	8	500	99	96		14.25
207	9	Sol5	G5	349	349	1	8	500	95	96		14.3333333333
208	9	La5	A5	358	358	1	8	500	99	96	nı	14.4166666667
209	9	Si5b2	B5b1	365	366	1	8	500	95	96		14.5
210	9	Do6	C6	371	371	1	8	500	99	96	mı 	14.5833333333
211	9	Re6	D6	380	380	1	8	500	95	96		14.6666666667
212	9	Do6	C6	371	371	1	8	500	99	96	yen	14.75
213	9	Si5b2	B5b1	365	366	1	16	250	99	96		14.7916666667
214	9	La5	A5	358	358	1	16	250	99	96		14.8333333333
215	9	Sol5	G5	349	349	1	8	500	99	96		14.9166666667
216	9	La5	A5	358	358	1	8	500	95	96		15.0
217	9	Sol5	G5	349	349	1	4	1000	95	96	dim  	15.1666666667
218	9	La5	A5	358	358	1	4	1000	95	96	SAZ	15.3333333333
219	9	La5	A5	358	358	1	16	250	95	96	.	15.375
220	9	Si5b3	B5b4	364	363	1	16	250	95	96	.	15.4166666667
221	9	La5	A5	358	358	1	16	250	95	96	.	15.4583333333
222	9	Sol5	G5	349	349	1	16	250	95	96	.	15.5
223	9	Fa5#2	F5#1	342	341	1	16	250	95	96	.	15.5416666667
224	9	Mi5	E5	336	336	1	16	250	95	96	.	15.5833333333
225	9	Fa5#2	F5#1	342	341	1	16	250	95	96	.	15.625
226	9	Sol5	G5	349	349	1	16	250	95	96	.	15.6666666667
227	9	La5	A5	358	358	1	16	250	95	96	.	15.7083333333
228	9	Fa5#2	F5#1	342	341	1	32	125	95	96	.	15.7291666667
229	9	Mi5	E5	336	336	1	32	125	95	96	.	15.75
230	9	Re5	D5	327	327	1	16	250	95	96	.	15.7916666667
231	9	Mi5	E5	336	336	1	16	250	95	96	.	15.8333333333
232	9	Fa5#2	F5#1	342	341	1	16	250	95	96	.	15.875
233	9	Sol5	G5	349	349	1	16	250	95	96	.	15.9166666667
234	9	La5	A5	358	358	1	16	250	95	96	.	15.9583333333
235	9	Si5b3	B5b4	364	363	1	16	250	95	96	.	16.0
236	9	Do6	C6	371	371	3	16	750	99	96	Tâ 	16.125
237	9	Si5b2	B5b1	365	366	1	16	250	95	96		16.1666666667
238	9	Si5b2	B5b1	365	366	3	16	750	99	96	fec	16.2916666667
239	9	La5	A5	358	358	1	16	250	95	96		16.3333333333
240	9	La5	A5	358	358	3	16	750	99	96	re 	16.4583333333
241	9	Sol5	G5	349	349	1	16	250	95	96		16.5
242	9	La5	A5	358	358	1	16	250	99	96	ka	16.5416666667
243	9	Sol5	G5	349	349	1	16	250	99	96		16.5833333333
244	9	Fa5	F5	340	340	1	16	250	99	96		16.625
245	9	Mi5	E5	336	336	1	16	250	95	96		16.6666666667
246	9	Fa5	F5	340	340	1	4	1000	95	96	dar 	16.8333333333
247	9	Es	Es	-1	-1	1	4	1000	100	0		17.0
248	9	Do5	C5	318	318	1	8	500	99	96	bal	17.0833333333
249	9	Fa5	F5	340	340	1	16	250	99	96		17.125
250	9	Mi5	E5	336	336	1	16	250	99	96		17.1666666667
251	9	Fa5	F5	340	340	1	8	500	99	96		17.25
252	9	La5	A5	358	358	1	8	500	95	96		17.3333333333
253	9	Sol5	G5	349	349	1	8	500	99	96	ko	17.4166666667
254	9	Fa5	F5	340	340	1	8	500	95	96		17.5
255	9	Mi5	E5	336	336	1	8	500	99	96	nun 	17.5833333333
256	9	Re5	D5	327	327	1	8	500	95	96		17.6666666667
257	9	Re5	D5	327	327	1	8	500	99	96	al	17.75
258	9	Mi5	E5	336	336	1	16	250	99	96		17.7916666667
259	9	Re5	D5	327	327	1	16	250	99	96		17.8333333333
260	9	Do5	C5	318	318	1	4	1000	95	96		18.0
261	9	La5	A5	358	358	1	16	250	99	96	tın	18.0416666667
262	9	Sol5	G5	349	349	1	16	250	99	96		18.0833333333
263	9	Fa5	F5	340	340	1	16	250	99	96		18.125
264	9	Mi5	E5	336	336	1	16	250	99	96		18.1666666667
265	9	Re5	D5	327	327	1	8	500	99	96		18.25
266	9	Mi5	E5	336	336	1	8	500	95	96		18.3333333333
267	9	Fa5	F5	340	340	1	8	500	99	96	da	18.4166666667
268	9	Sol5	G5	349	349	1	8	500	95	96		18.5
269	9	Mi5	E5	336	336	1	8	500	99	96	ki 	18.5833333333
270	9	Re5	D5	327	327	1	8	500	95	96		18.6666666667
271	9	Re5	D5	327	327	1	4	1000	99	96	ben	18.8333333333
272	9	Do5	C5	318	318	1	16	250	99	96		18.875
273	9	Si4b2	B4b1	312	313	1	16	250	99	96		18.9166666667
274	9	La4	A4	305	305	1	16	250	99	96		18.9583333333
275	9	Si4b2	B4b1	312	313	1	16	250	95	96		19.0
276	9	Do5	C5	318	318	3	16	750	99	96	dim  	19.125
277	9	Si4b2	B4b1	312	313	1	16	250	99	96		19.1666666667
278	9	Re5	D5	327	327	3	16	750	99	96		19.2916666667
279	9	Do5	C5	318	318	1	16	250	99	96		19.3333333333
280	9	Si4b2	B4b1	312	313	3	16	750	99	96		19.4583333333
281	9	La4	A4	305	305	1	16	250	99	96		19.5
282	9	Do5	C5	318	318	1	8	500	99	96		19.5833333333
283	9	Si4b2	B4b1	312	313	1	16	250	99	96		19.625
284	9	La4	A4	305	305	1	16	250	95	96		19.6666666667
285	9	La4	A4	305	305	3	16	750	95	96	SAZ	19.7916666667
286	9	Sol5	G5	349	349	1	16	250	95	96	.	19.8333333333
287	9	Fa5#3	F5#4	343	344	1	16	250	95	96	.	19.875
288	9	Sol5	G5	349	349	1	16	250	95	96	.	19.9166666667
289	9	La5	A5	358	358	1	16	250	95	96	.	19.9583333333
290	9	Si5b2	B5b1	365	366	1	16	250	95	96		20.0
291	9	Do6	C6	371	371	3	16	750	99	96	Tâ 	20.125
292	9	Si5b2	B5b1	365	366	1	16	250	95	96		20.1666666667
293	9	Si5b2	B5b1	365	366	3	16	750	99	96	fec	20.2916666667
294	9	La5	A5	358	358	1	16	250	95	96		20.3333333333
295	9	La5	A5	358	358	3	16	750	99	96	re 	20.4583333333
296	9	Sol5	G5	349	349	1	16	250	95	96		20.5
297	9	La5	A5	358	358	1	16	250	99	96	ka	20.5416666667
298	9	Sol5	G5	349	349	1	16	250	99	96		20.5833333333
299	9	Fa5	F5	340	340	1	16	250	99	96		20.625
300	9	Mi5	E5	336	336	1	16	250	95	96		20.6666666667
301	9	Fa5	F5	340	340	1	4	1000	95	96	dar 	20.8333333333
302	9	Es	Es	-1	-1	1	4	1000	100	0		21.0
303	9	Do5	C5	318	318	1	8	500	99	96	bal	21.0833333333
304	9	Fa5	F5	340	340	1	16	250	99	96		21.125
305	9	Mi5	E5	336	336	1	16	250	99	96		21.1666666667
306	9	Fa5	F5	340	340	1	8	500	99	96		21.25
307	9	La5	A5	358	358	1	8	500	95	96		21.3333333333
308	9	Sol5	G5	349	349	1	8	500	99	96	ko	21.4166666667
309	9	Fa5	F5	340	340	1	8	500	95	96		21.5
310	9	Mi5	E5	336	336	1	8	500	99	96	nun 	21.5833333333
311	9	Re5	D5	327	327	1	8	500	95	96		21.6666666667
312	9	Re5	D5	327	327	1	8	500	99	96	al	21.75
313	9	Mi5	E5	336	336	1	16	250	99	96		21.7916666667
314	9	Re5	D5	327	327	1	16	250	99	96		21.8333333333
315	9	Do5	C5	318	318	1	4	1000	95	96		22.0
316	9	La5	A5	358	358	1	16	250	99	96	tın	22.0416666667
317	9	Sol5	G5	349	349	1	16	250	99	96		22.0833333333
318	9	Fa5	F5	340	340	1	16	250	99	96		22.125
319	9	Mi5	E5	336	336	1	16	250	99	96		22.1666666667
320	9	Re5	D5	327	327	1	8	500	99	96		22.25
321	9	Mi5	E5	336	336	1	8	500	95	96		22.3333333333
322	9	Fa5	F5	340	340	1	8	500	99	96	da	22.4166666667
323	9	Sol5	G5	349	349	1	8	500	95	96		22.5
324	9	Mi5	E5	336	336	1	8	500	99	96	ki 	22.5833333333
325	9	Re5	D5	327	327	1	8	500	95	96		22.6666666667
326	9	Re5	D5	327	327	1	4	1000	99	96	ben	22.8333333333
327	9	Do5	C5	318	318	1	16	250	99	96		22.875
328	9	Si4b2	B4b1	312	313	1	16	250	99	96		22.9166666667
329	9	La4	A4	305	305	1	16	250	99	96		22.9583333333
330	9	Si4b2	B4b1	312	313	1	16	250	95	96		23.0
331	9	Do5	C5	318	318	3	16	750	99	96	dim  	23.125
332	9	Si4b2	B4b1	312	313	1	16	250	99	96		23.1666666667
333	9	Re5	D5	327	327	3	16	750	99	96		23.2916666667
334	9	Do5	C5	318	318	1	16	250	99	96		23.3333333333
335	9	Si4b2	B4b1	312	313	3	16	750	99	96		23.4583333333
336	9	La4	A4	305	305	1	16	250	99	96		23.5
337	9	Do5	C5	318	318	1	8	500	99	96		23.5833333333
338	9	Si4b2	B4b1	312	313	1	16	250	99	96		23.625
339	9	La4	A4	305	305	1	16	250	95	96		23.6666666667
340	9	La4	A4	305	305	3	16	750	95	96	SAZ	23.7916666667
341	9	Sol5	G5	349	349	1	16	250	95	96	.	23.8333333333
342	9	Fa5#3	F5#4	343	344	1	16	250	95	96	.	23.875
343	9	La5	A5	358	358	1	16	250	95	96	.	23.9166666667
344	9	Sol5	G5	349	349	1	8	500	95	96	.	24.0
345	9	Fa5#3	F5#4	343	344	3	16	750	99	96	Bir 	24.125
346	9	Sol5	G5	349	349	1	16	250	95	96		24.1666666667
347	9	Sol5	G5	349	349	1	4	1000	95	96	gün 	24.3333333333
348	9	Sol5	G5	349	349	1	4	1000	95	96	ya	24.5
349	9	Sol5	G5	349	349	1	4	1000	95	96	şa	24.6666666667
350	9	Sol5	G5	349	349	1	8	500	99	96	mam 	24.75
351	9	La5b3	A5b4	355	354	1	16	250	99	96		24.7916666667
352	9	Sol5	G5	349	349	1	16	250	99	96		24.8333333333
353	9	Fa5#3	F5#4	343	344	1	16	250	99	96		24.875
354	9	Mi5	E5	336	336	1	16	250	99	96		24.9166666667
355	9	Fa5#3	F5#4	343	344	1	8	500	95	96		25.0
356	9	Sol5	G5	349	349	3	16	750	99	96	ben 	25.125
357	9	Si5	B5	367	367	1	16	250	99	96		25.1666666667
358	9	La5b3	A5b4	355	354	1	8	500	99	96		25.25
359	9	Sol5	G5	349	349	1	8	500	95	96		25.3333333333
360	9	Fa5#3	F5#4	343	344	1	4	1000	95	96	se	25.5
361	9	Sol5	G5	349	349	1	8	500	99	96	ni 	25.5833333333
362	9	Fa5#3	F5#4	343	344	1	16	250	99	96		25.625
363	9	Mi5	E5	336	336	1	16	250	95	96		25.6666666667
364	9	Mi5	E5	336	336	1	4	1000	95	96	gör	25.8333333333
365	9	Es	Es	-1	-1	1	4	1000	100	0		26.0
366	9	Fa5#3	F5#4	343	344	1	8	500	99	96	mez	26.0833333333
367	9	Mi5	E5	336	336	1	16	250	99	96		26.125
368	9	Fa5#3	F5#4	343	344	1	16	250	99	96		26.1666666667
369	9	Sol5	G5	349	349	1	8	500	99	96		26.25
370	9	Fa5#3	F5#4	343	344	1	16	250	99	96		26.2916666667
371	9	Mi5	E5	336	336	1	16	250	95	96		26.3333333333
372	9	Re5	D5	327	327	1	4	1000	95	96	sem 	26.5
373	9	Fa5#3	F5#4	343	344	1	8	500	99	96	e	26.5833333333
374	9	Sol5	G5	349	349	1	8	500	95	96		26.6666666667
375	9	La5	A5	358	358	3	32	375	99	96	fen	26.7291666667
376	9	Do6	C6	371	371	1	32	125	99	96		26.75
377	9	Si5b2	B5b1	365	366	1	16	250	99	96		26.7916666667
378	9	La5	A5	358	358	1	16	250	99	96		26.8333333333
379	9	Sol5	G5	349	349	1	8	500	99	96		26.9166666667
380	9	La5	A5	358	358	1	8	500	95	96		27.0
381	9	Sol5	G5	349	349	1	4	1000	99	96	dim  	27.1666666667
382	9	La5	A5	358	358	1	4	1000	99	96		27.3333333333
383	9	La5	A5	358	358	1	4	1000	99	96		27.5
384	9	La5	A5	358	358	1	8	500	99	96		27.5833333333
385	9	Si5b4	B5b4	363	363	1	8	500	99	96		27.6666666667
386	9	Re6	D6	380	380	1	16	250	99	96		27.7083333333
387	9	Do6#4	C6#4	375	375	1	16	250	99	96		27.75
388	9	Si5b4	B5b4	363	363	1	16	250	99	96		27.7916666667
389	9	La5	A5	358	358	1	16	250	99	96		27.8333333333
390	9	Sol5	G5	349	349	1	4	1000	95	96		28.0
391	9	La5	A5	358	358	1	4	1000	95	96	Bir 	28.1666666667
392	9	Si5b4	B5b4	363	363	1	4	1000	95	96	gün 	28.3333333333
393	9	Do6#4	C6#4	375	375	1	4	1000	95	96	ya	28.5
394	9	Re6	D6	380	380	1	8	500	95	96	şa	28.5833333333
395	9	Mi6	E6	389	389	1	8	500	99	96	mam 	28.6666666667
396	9	Re6	D6	380	380	1	8	500	99	96		28.75
397	9	Do6	C6	371	371	1	8	500	99	96		28.8333333333
398	9	Si5b2	B5b1	365	366	1	4	1000	95	96		29.0
399	9	Es	Es	-1	-1	1	8	500	100	0		29.0833333333
400	9	La5	A5	358	358	1	16	250	99	96	ben 	29.125
401	9	Do6	C6	371	371	1	16	250	99	96		29.1666666667
402	9	Si5b1	B5b1	366	366	1	8	500	99	96		29.25
403	9	La5	A5	358	358	1	8	500	95	96		29.3333333333
404	9	La5	A5	358	358	3	16	750	99	96	se	29.4583333333
405	9	Sol5	G5	349	349	1	16	250	95	96		29.5
406	9	Sol5	G5	349	349	3	16	750	99	96	ni 	29.625
407	9	Fa5#3	F5#4	343	344	1	16	250	95	96		29.6666666667
408	9	La5	A5	358	358	1	16	250	99	96	gör	29.7083333333
409	9	Sol5	G5	349	349	1	16	250	99	96		29.75
410	9	Fa5#3	F5#4	343	344	1	16	250	99	96		29.7916666667
411	9	Mi5	E5	336	336	1	16	250	99	96		29.8333333333
412	9	Re5	D5	327	327	1	4	1000	99	96		30.0
413	9	Re5	D5	327	327	1	8	500	95	96		30.0833333333
414	9	Re5	D5	327	327	1	16	250	99	96	mez	30.125
415	9	Mi5	E5	336	336	1	16	250	99	96		30.1666666667
416	9	Fa5#3	F5#4	343	344	1	8	500	99	96		30.25
417	9	Sol5	G5	349	349	1	8	500	95	96		30.3333333333
418	9	La5	A5	358	358	1	8	500	99	96	sem 	30.4166666667
419	9	Si5b2	B5b1	365	366	1	8	500	95	96		30.5
420	9	Do6	C6	371	371	1	8	500	99	96	e	30.5833333333
421	9	Re6	D6	380	380	1	8	500	95	96		30.6666666667
422	9	Do6	C6	371	371	1	16	250	99	96	fen	30.7083333333
423	9	Do6	C6	371	371	1	16	250	99	96		30.75
424	9	Si5b2	B5b1	365	366	1	16	250	99	96		30.7916666667
425	9	La5	A5	358	358	1	16	250	99	96		30.8333333333
426	9	Sol5	G5	349	349	1	8	500	99	96		30.9166666667
427	9	La5	A5	358	358	1	8	500	95	96		31.0
428	9	Sol5	G5	349	349	1	4	1000	99	96	dim  	31.1666666667
429	9	La5	A5	358	358	1	4	1000	95	96		31.3333333333
430	9	La5	A5	358	358	1	16	250	95	96	SAZ	31.375
431	9	Si5b3	B5b4	364	363	1	16	250	95	96	.	31.4166666667
432	9	La5	A5	358	358	1	16	250	95	96	.	31.4583333333
433	9	Sol5	G5	349	349	1	16	250	95	96	.	31.5
434	9	Fa5#3	F5#4	343	344	1	16	250	95	96	.	31.5416666667
435	9	Mi5	E5	336	336	1	16	250	95	96	.	31.5833333333
436	9	Fa5#3	F5#4	343	344	1	16	250	95	96	.	31.625
437	9	Sol5	G5	349	349	1	16	250	95	96	.	31.6666666667
438	9	La5	A5	358	358	1	4	1000	95	96	.	31.8333333333
439	9	Es	Es	-1	-1	1	4	1000	100	0		32.0
440	9	Do6	C6	371	371	3	16	750	99	96	Tâ 	32.125
441	9	Si5b2	B5b1	365	366	1	16	250	95	96		32.1666666667
442	9	Si5b2	B5b1	365	366	3	16	750	99	96	fec	32.2916666667
443	9	La5	A5	358	358	1	16	250	95	96		32.3333333333
444	9	La5	A5	358	358	3	16	750	99	96	re 	32.4583333333
445	9	Sol5	G5	349	349	1	16	250	95	96		32.5
446	9	La5	A5	358	358	1	16	250	99	96	ka	32.5416666667
447	9	Sol5	G5	349	349	1	16	250	99	96		32.5833333333
448	9	Fa5	F5	340	340	1	16	250	99	96		32.625
449	9	Mi5	E5	336	336	1	16	250	95	96		32.6666666667
450	9	Fa5	F5	340	340	1	4	1000	95	96	dar 	32.8333333333
451	9	Es	Es	-1	-1	1	4	1000	100	0		33.0
452	9	Do5	C5	318	318	1	8	500	99	96	bal	33.0833333333
453	9	Fa5	F5	340	340	1	16	250	99	96		33.125
454	9	Mi5	E5	336	336	1	16	250	99	96		33.1666666667
455	9	Fa5	F5	340	340	1	8	500	99	96		33.25
456	9	La5	A5	358	358	1	8	500	95	96		33.3333333333
457	9	Sol5	G5	349	349	1	8	500	99	96	ko	33.4166666667
458	9	Fa5	F5	340	340	1	8	500	95	96		33.5
459	9	Mi5	E5	336	336	1	8	500	99	96	nun 	33.5833333333
460	9	Re5	D5	327	327	1	8	500	95	96		33.6666666667
461	9	Re5	D5	327	327	1	8	500	99	96	al	33.75
462	9	Mi5	E5	336	336	1	16	250	99	96		33.7916666667
463	9	Re5	D5	327	327	1	16	250	99	96		33.8333333333
464	9	Do5	C5	318	318	1	4	1000	95	96		34.0
465	9	La5	A5	358	358	1	16	250	99	96	tın	34.0416666667
466	9	Sol5	G5	349	349	1	16	250	99	96		34.0833333333
467	9	Fa5	F5	340	340	1	16	250	99	96		34.125
468	9	Mi5	E5	336	336	1	16	250	99	96		34.1666666667
469	9	Re5	D5	327	327	1	8	500	99	96		34.25
470	9	Mi5	E5	336	336	1	8	500	95	96		34.3333333333
471	9	Fa5	F5	340	340	1	8	500	99	96	da	34.4166666667
472	9	Sol5	G5	349	349	1	8	500	95	96		34.5
473	9	Mi5	E5	336	336	1	8	500	99	96	ki 	34.5833333333
474	9	Re5	D5	327	327	1	8	500	95	96		34.6666666667
475	9	Re5	D5	327	327	1	4	1000	99	96	ben	34.8333333333
476	9	Do5	C5	318	318	1	16	250	99	96		34.875
477	9	Si4b2	B4b1	312	313	1	16	250	99	96		34.9166666667
478	9	La4	A4	305	305	1	16	250	99	96		34.9583333333
479	9	Si4b2	B4b1	312	313	1	16	250	95	96		35.0
480	9	Do5	C5	318	318	3	16	750	99	96	dim  	35.125
481	9	Si4b2	B4b1	312	313	1	16	250	99	96		35.1666666667
482	9	Re5	D5	327	327	3	16	750	99	96		35.2916666667
483	9	Do5	C5	318	318	1	16	250	99	96		35.3333333333
484	9	Si4b2	B4b1	312	313	3	16	750	99	96		35.4583333333
485	9	La4	A4	305	305	1	16	250	99	96		35.5
486	9	Do5	C5	318	318	1	8	500	99	96		35.5833333333
487	9	Si4b2	B4b1	312	313	1	16	250	99	96		35.625
488	9	La4	A4	305	305	1	16	250	95	96		35.6666666667
489	9	La4	A4	305	305	3	16	750	95	96	SAZ	35.7916666667
490	9	Sol5	G5	349	349	1	16	250	95	96	.	35.8333333333
491	9	Fa5#3	F5#4	343	344	1	16	250	95	96	.	35.875
492	9	Sol5	G5	349	349	1	16	250	95	96	.	35.9166666667
493	9	La5	A5	358	358	1	16	250	95	96	.	35.9583333333
494	9	Si5b2	B5b1	365	366	1	16	250	95	96		36.0
495	9	Do6	C6	371	371	3	16	750	99	96	Tâ 	36.125
496	9	Si5b2	B5b1	365	366	1	16	250	95	96		36.1666666667
497	9	Si5b2	B5b1	365	366	3	16	750	99	96	fec	36.2916666667
498	9	La5	A5	358	358	1	16	250	95	96		36.3333333333
499	9	La5	A5	358	358	3	16	750	99	96	re 	36.4583333333
500	9	Sol5	G5	349	349	1	16	250	95	96		36.5
501	9	La5	A5	358	358	1	16	250	99	96	ka	36.5416666667
502	9	Sol5	G5	349	349	1	16	250	99	96		36.5833333333
503	9	Fa5	F5	340	340	1	16	250	99	96		36.625
504	9	Mi5	E5	336	336	1	16	250	95	96		36.6666666667
505	9	Fa5	F5	340	340	1	4	1000	95	96	dar 	36.8333333333
506	9	Es	Es	-1	-1	1	4	1000	100	0		37.0
507	9	Do5	C5	318	318	1	8	500	99	96	bal	37.0833333333
508	9	Fa5	F5	340	340	1	16	250	99	96		37.125
509	9	Mi5	E5	336	336	1	16	250	99	96		37.1666666667
510	9	Fa5	F5	340	340	1	8	500	99	96		37.25
511	9	La5	A5	358	358	1	8	500	95	96		37.3333333333
512	9	Sol5	G5	349	349	1	8	500	99	96	ko	37.4166666667
513	9	Fa5	F5	340	340	1	8	500	95	96		37.5
514	9	Mi5	E5	336	336	1	8	500	99	96	nun 	37.5833333333
515	9	Re5	D5	327	327	1	8	500	95	96		37.6666666667
516	9	Re5	D5	327	327	1	8	500	99	96	al	37.75
517	9	Mi5	E5	336	336	1	16	250	99	96		37.7916666667
518	9	Re5	D5	327	327	1	16	250	99	96		37.8333333333
519	9	Do5	C5	318	318	1	4	1000	95	96		38.0
520	9	La5	A5	358	358	1	16	250	99	96	tın	38.0416666667
521	9	Sol5	G5	349	349	1	16	250	99	96		38.0833333333
522	9	Fa5	F5	340	340	1	16	250	99	96		38.125
523	9	Mi5	E5	336	336	1	16	250	99	96		38.1666666667
524	9	Re5	D5	327	327	1	8	500	99	96		38.25
525	9	Mi5	E5	336	336	1	8	500	95	96		38.3333333333
526	9	Fa5	F5	340	340	1	8	500	99	96	da	38.4166666667
527	9	Sol5	G5	349	349	1	8	500	95	96		38.5
528	9	Mi5	E5	336	336	1	8	500	99	96	ki 	38.5833333333
529	9	Re5	D5	327	327	1	8	500	95	96		38.6666666667
530	9	Re5	D5	327	327	1	4	1000	99	96	ben	38.8333333333
531	9	Do5	C5	318	318	1	16	250	99	96		38.875
532	9	Si4b2	B4b1	312	313	1	16	250	99	96		38.9166666667
533	9	La4	A4	305	305	1	16	250	99	96		38.9583333333
534	9	Si4b2	B4b1	312	313	1	16	250	95	96		39.0
535	9	Do5	C5	318	318	3	16	750	99	96	dim  	39.125
536	9	Si4b2	B4b1	312	313	1	16	250	99	96	KARAR	39.1666666667
537	9	Re5	D5	327	327	3	16	750	99	96		39.2916666667
538	9	Do5	C5	318	318	1	16	250	99	96		39.3333333333
539	9	Si4b2	B4b1	312	313	3	16	750	99	96		39.4583333333
540	9	La4	A4	305	305	1	16	250	99	96		39.5
541	9	Do5	C5	318	318	1	8	500	99	96		39.5833333333
542	9	Si4b2	B4b1	312	313	1	16	250	99	96		39.625
543	9	La4	A4	305	305	1	16	250	95	96		39.6666666667
544	9	La4	A4	305	305	1	2	2000	95	96	SAZ	40.0
