Sira	Kod	Nota53	NotaAE	Koma53	KomaAE	Pay	Payda	Ms	LNS	Bas	Soz1	Offset
1	9	La5	A5	358	358	1	4	1000	95	96	Rüz	0.25
2	9	Si5b5	B5b5	362	362	1	4	1000	95	96	gâr 	0.5
3	9	La5	A5	358	358	1	8	500	99	96	söy	0.625
4	9	Sol5	G5	349	349	1	16	250	99	96		0.6875
5	9	Fa5	F5	340	340	1	16	250	95	96		0.75
6	9	Sol5	G5	349	349	1	8	500	99	96	lü	0.875
7	9	La5	A5	358	358	1	8	500	95	96		1.0
8	9	La5	A5	358	358	3	8	1500	99	96	yor 	1.375
9	9	Re6	D6	380	380	1	8	500	95	96		1.5
10	9	Do6	C6	371	371	1	4	1000	95	96	şim	1.75
11	9	Si5b5	B5b5	362	362	1	4	1000	95	96	di 	2.0
12	9	La5	A5	358	358	1	8	500	95	96	o 	2.125
13	9	Sol5	G5	349	349	1	8	500	99	96	yer	2.25
14	9	Fa5	F5	340	340	1	8	500	99	96		2.375
15	9	Mi5	E5	336	336	1	8	500	95	96		2.5
16	10	Re5	D5	327	327	1	8	500	99	96	ler	2.625
17	8	Fa5	F5	340	340	0	0	0	99	96		2.625
18	9	Mi5	E5	336	336	1	16	250	99	96		2.6875
19	9	Re5	D5	327	327	1	16	250	95	96		2.75
20	9	Do5	C5	318	318	1	16	250	99	96	de 	2.8125
21	9	Si4	B4	314	314	1	16	250	99	96		2.875
22	9	Do5	C5	318	318	1	8	500	95	96		3.0
23	9	La5	A5	358	358	1	8	500	95	96	bi	3.125
24	9	Si5b5	B5b5	362	362	1	4	1000	99	96	zim_	3.375
25	9	La5	A5	358	358	1	8	500	95	96		3.5
26	9	La5	A5	358	358	1	16	250	99	96	es	3.5625
27	9	Sol5	G5	349	349	1	16	250	99	96		3.625
28	9	Sol5	G5	349	349	1	16	250	99	96		3.6875
29	9	Fa5#3	F5#4	343	344	1	16	250	95	96		3.75
30	9	Sol5	G5	349	349	1	4	1000	95	96	ki 	4.0
31	9	Es	Es	-1	-1	1	8	500	100	0		4.125
32	9	La5	A5	358	358	1	8	500	99	96	şar	4.25
33	9	Si5b5	B5b5	362	362	1	8	500	99	96		4.375
34	9	Do6	C6	371	371	1	8	500	95	96		4.5
35	9	La5	A5	358	358	1	8	500	99	96	kı	4.625
36	9	Si5b5	B5b5	362	362	1	8	500	95	96		4.75
37	9	Sol5	G5	349	349	1	8	500	99	96	mı	4.875
38	9	Si5b5	B5b5	362	362	1	16	250	99	96		4.9375
39	9	La5	A5	358	358	1	16	250	95	96		5.0
40	9	La5	A5	358	358	1	2	2000	95	96	zı 	5.5
41	9	Do6	C6	371	371	1	16	250	99	96	ah 	5.5625
42	9	Si5b5	B5b5	362	362	1	16	250	99	96		5.625
43	9	Si5b5	B5b5	362	362	1	16	250	99	96		5.6875
44	9	La5	A5	358	358	1	16	250	99	96		5.75
45	9	Si5b5	B5b5	362	362	1	4	1000	95	96		6.0
46	9	Es	Es	-1	-1	1	8	500	100	0	.	6.125
47	9	Do6	C6	371	371	1	8	500	99	96	şar	6.25
48	9	Re6	D6	380	380	1	8	500	99	96		6.375
49	9	Mi6	E6	389	389	1	8	500	95	96		6.5
50	9	Do6	C6	371	371	1	8	500	99	96	kı	6.625
51	9	Si5b5	B5b5	362	362	1	8	500	95	96		6.75
52	9	La5	A5	358	358	1	8	500	99	96	mı	6.875
53	9	Sol5	G5	349	349	1	8	500	95	96		7.0
54	9	La5	A5	358	358	3	8	1500	95	96	zı   	7.375
55	9	Sol5	G5	349	349	1	8	500	95	96	SAZ	7.5
56	9	Fa5	F5	340	340	1	16	250	95	96	.	7.5625
57	9	Mi5	E5	336	336	1	16	250	95	96	.	7.625
58	9	Fa5	F5	340	340	1	16	250	95	96	.	7.6875
59	9	Sol5	G5	349	349	1	16	250	95	96	.	7.75
60	9	La5	A5	358	358	1	8	500	95	96	.	7.875
61	1	Sol5	G5	349	349	1	32	125	95	96	.	7.90625
62	1	La5	A5	358	358	1	32	125	95	96	.	7.9375
63	1	Si5b5	B5b5	362	362	1	32	125	95	96	.	7.96875
64	1	Do6	C6	371	371	1	32	125	95	96	.	8.0
65	1	Re6	D6	380	380	1	8	500	95	96	.	8.125
66	9	Do6	C6	371	371	1	8	500	95	96	.	8.25
67	9	Re6	D6	380	380	1	8	500	95	96	.	8.375
68	9	Mi6	E6	389	389	1	8	500	95	96	.	8.5
69	9	Do6	C6	371	371	1	8	500	95	96	.	8.625
70	9	Si5b5	B5b5	362	362	1	8	500	95	96	.	8.75
71	9	La5	A5	358	358	1	8	500	95	96	.	8.875
72	9	Sol5	G5	349	349	1	8	500	95	96	.	9.0
73	9	La5	A5	358	358	3	8	1500	95	96	SAZ	9.375
74	9	Sol5	G5	349	349	1	16	250	95	96	.	9.4375
75	9	Fa5	F5	340	340	1	16	250	95	96	.	9.5
76	9	Mi5	E5	336	336	1	16	250	95	96	.	9.5625
77	9	Re5	D5	327	327	1	16	250	95	96	.	9.625
78	9	Do5	C5	318	318	1	16	250	95	96	.	9.6875
79	9	Si4b5	B4b5	309	309	1	16	250	95	96	.	9.75
80	9	La4	A4	305	305	1	4	1000	95	96	.	10.0
81	9	La5	A5	358	358	1	4	1000	95	96	Rüz	10.25
82	9	Si5b5	B5b5	362	362	1	4	1000	95	96	gâr 	10.5
83	9	La5	A5	358	358	1	8	500	99	96	söy	10.625
84	9	Sol5	G5	349	349	1	16	250	99	96		10.6875
85	9	Fa5	F5	340	340	1	16	250	95	96		10.75
86	9	Sol5	G5	349	349	1	8	500	99	96	lü	10.875
87	9	La5	A5	358	358	1	8	500	95	96		11.0
88	9	La5	A5	358	358	3	8	1500	99	96	yor 	11.375
89	9	Re6	D6	380	380	1	8	500	95	96		11.5
90	9	Do6	C6	371	371	1	4	1000	95	96	şim	11.75
91	9	Si5b5	B5b5	362	362	1	4	1000	95	96	di 	12.0
92	9	La5	A5	358	358	1	8	500	95	96	o 	12.125
93	9	Sol5	G5	349	349	1	8	500	99	96	yer	12.25
94	9	Fa5	F5	340	340	1	8	500	99	96		12.375
95	9	Mi5	E5	336	336	1	8	500	95	96		12.5
96	10	Re5	D5	327	327	1	8	500	99	96	ler	12.625
97	8	Fa5	F5	340	340	0	0	0	99	96		12.625
98	9	Mi5	E5	336	336	1	16	250	99	96		12.6875
99	9	Re5	D5	327	327	1	16	250	95	96		12.75
100	9	Do5	C5	318	318	1	16	250	99	96	de 	12.8125
101	9	Si4	B4	314	314	1	16	250	99	96		12.875
102	9	Do5	C5	318	318	1	8	500	95	96		13.0
103	9	La5	A5	358	358	1	8	500	95	96	bi	13.125
104	9	Si5b5	B5b5	362	362	1	4	1000	99	96	zim_	13.375
105	9	La5	A5	358	358	1	8	500	95	96		13.5
106	9	La5	A5	358	358	1	16	250	99	96	es	13.5625
107	9	Sol5	G5	349	349	1	16	250	99	96		13.625
108	9	Sol5	G5	349	349	1	16	250	99	96		13.6875
109	9	Fa5#3	F5#4	343	344	1	16	250	95	96		13.75
110	9	Sol5	G5	349	349	1	4	1000	95	96	ki 	14.0
111	9	Es	Es	-1	-1	1	8	500	100	0		14.125
112	9	La5	A5	358	358	1	8	500	99	96	şar	14.25
113	9	Si5b5	B5b5	362	362	1	8	500	99	96		14.375
114	9	Do6	C6	371	371	1	8	500	95	96		14.5
115	9	La5	A5	358	358	1	8	500	99	96	kı	14.625
116	9	Si5b5	B5b5	362	362	1	8	500	95	96		14.75
117	9	Sol5	G5	349	349	1	8	500	99	96	mı	14.875
118	9	Si5b5	B5b5	362	362	1	16	250	99	96		14.9375
119	9	La5	A5	358	358	1	16	250	95	96		15.0
120	9	La5	A5	358	358	1	2	2000	95	96	zı 	15.5
121	9	Do6	C6	371	371	1	16	250	99	96	ah 	15.5625
122	9	Si5b5	B5b5	362	362	1	16	250	99	96		15.625
123	9	Si5b5	B5b5	362	362	1	16	250	99	96		15.6875
124	9	La5	A5	358	358	1	16	250	99	96		15.75
125	9	Si5b5	B5b5	362	362	1	4	1000	95	96		16.0
126	9	Es	Es	-1	-1	1	8	500	100	0	.	16.125
127	9	Do6	C6	371	371	1	8	500	99	96	şar	16.25
128	9	Re6	D6	380	380	1	8	500	99	96		16.375
129	9	Mi6	E6	389	389	1	8	500	95	96		16.5
130	9	Do6	C6	371	371	1	8	500	99	96	kı	16.625
131	9	Si5b5	B5b5	362	362	1	8	500	95	96		16.75
132	9	La5	A5	358	358	1	8	500	99	96	mı	16.875
133	9	Sol5	G5	349	349	1	8	500	95	96		17.0
134	9	La5	A5	358	358	3	8	1500	95	96	zı   	17.375
135	9	Sol5	G5	349	349	1	8	500	95	96	SAZ	17.5
136	9	Fa5	F5	340	340	1	16	250	95	96	.	17.5625
137	9	Mi5	E5	336	336	1	16	250	95	96	.	17.625
138	9	Fa5	F5	340	340	1	16	250	95	96	.	17.6875
139	9	Sol5	G5	349	349	1	16	250	95	96	.	17.75
140	9	La5	A5	358	358	1	8	500	95	96	.	17.875
141	1	Sol5	G5	349	349	1	32	125	95	96	.	17.90625
142	1	La5	A5	358	358	1	32	125	95	96	.	17.9375
143	1	Si5b5	B5b5	362	362	1	32	125	95	96	.	17.96875
144	1	Do6	C6	371	371	1	32	125	95	96	.	18.0
145	1	Re6	D6	380	380	1	8	500	95	96	.	18.125
146	9	Do6	C6	371	371	1	8	500	95	96	.	18.25
147	9	Re6	D6	380	380	1	8	500	95	96	.	18.375
148	9	Mi6	E6	389	389	1	8	500	95	96	.	18.5
149	9	Do6	C6	371	371	1	8	500	95	96	.	18.625
150	9	Si5b5	B5b5	362	362	1	8	500	95	96	.	18.75
151	9	La5	A5	358	358	1	8	500	95	96	.	18.875
152	9	Sol5	G5	349	349	1	8	500	95	96	.	19.0
153	9	La5	A5	358	358	3	8	1500	95	96	SAZ	19.375
154	9	La5	A5	358	358	1	16	250	95	96	.	19.4375
155	9	Si5b5	B5b5	362	362	1	16	250	95	96	.	19.5
156	9	La5	A5	358	358	1	16	250	95	96	.	19.5625
157	9	Sol5	G5	349	349	1	16	250	95	96	.	19.625
158	9	Fa5	F5	340	340	1	16	250	95	96	.	19.6875
159	9	Sol5	G5	349	349	1	16	250	95	96	.	19.75
160	9	La5	A5	358	358	1	4	1000	95	96	.	20.0
161	9	La5	A5	358	358	1	4	1000	95	96	Vaz	20.25
162	9	Re6	D6	380	380	1	4	1000	95	96	geç 	20.5
163	9	Do6	C6	371	371	1	8	500	99	96	söy	20.625
164	9	Re6	D6	380	380	1	8	500	95	96		20.75
165	9	Mi6	E6	389	389	1	16	250	99	96	le	20.8125
166	9	Re6	D6	380	380	1	16	250	95	96		20.875
167	9	Re6	D6	380	380	1	16	250	99	96	me 	20.9375
168	9	Do6	C6	371	371	1	16	250	95	96		21.0
169	9	Do6	C6	371	371	1	2	2000	95	96	ar	21.5
170	9	Mi6	E6	389	389	1	2	2000	95	96	tık 	22.0
171	9	Re6	D6	380	380	1	8	500	95	96	ha	22.125
172	9	Do6	C6	371	371	1	4	1000	99	96	tır	22.375
173	9	Si5b5	B5b5	362	362	1	8	500	95	96		22.5
174	9	La5	A5	358	358	1	8	500	99	96	lat	22.625
175	9	Sol5	G5	349	349	1	8	500	95	96		22.75
176	9	Fa5	F5	340	340	1	8	500	95	96	ma 	22.875
177	9	Mi5	E5	336	336	1	8	500	95	96	o 	23.0
178	9	Re5	D5	327	327	1	4	1000	95	96	ma	23.25
179	9	Mi5	E5	336	336	1	16	250	99	96	zi	23.3125
180	9	Re5	D5	327	327	1	16	250	95	96		23.375
181	9	Do5	C5	318	318	1	16	250	99	96	de	23.4375
182	9	Si4b1	B4b1	313	313	1	16	250	95	96		23.5
183	7	Do5	C5	318	318	1	8	500	95	96	ki 	23.625
184	9	Re5	D5	327	327	1	16	250	95	96	SAZ	23.6875
185	9	Mi5	E5	336	336	1	16	250	95	96	.	23.75
186	9	Fa5#1	F5#1	341	341	1	16	250	95	96	.	23.8125
187	9	Sol5	G5	349	349	1	16	250	95	96	.	23.875
188	9	La5	A5	358	358	1	16	250	95	96	.	23.9375
189	9	Do6	C6	371	371	1	16	250	95	96	.	24.0
190	9	Si5b5	B5b5	362	362	1	8	500	95	96	.	24.125
191	9	Si5b5	B5b5	362	362	1	8	500	99	96	aş	24.25
192	9	La5	A5	358	358	1	8	500	99	96		24.375
193	9	Sol5	G5	349	349	1	8	500	95	96		24.5
194	9	Fa5	F5	340	340	1	8	500	99	96	kı	24.625
195	9	Mi5	E5	336	336	1	8	500	95	96		24.75
196	9	Fa5	F5	340	340	1	16	250	99	96	mı	24.8125
197	9	Mi5	E5	336	336	1	16	250	99	96		24.875
198	9	Fa5	F5	340	340	1	16	250	99	96		24.9375
199	9	Re5	D5	327	327	1	16	250	95	96		25.0
200	9	Do5	C5	318	318	1	2	2000	95	96	zı 	25.5
201	9	Mi5	E5	336	336	1	4	1000	95	96	ah 	25.75
202	9	Mi5	E5	336	336	1	24	167	95	96	SAZ	25.7916666667
203	9	Re5	D5	327	327	1	24	167	95	96	.	25.8333333333
204	9	Mi5	E5	336	336	1	24	167	95	96	.	25.875
205	9	Fa5	F5	340	340	1	24	167	95	96	.	25.9166666667
206	9	Mi5	E5	336	336	1	24	167	95	96	.	25.9583333333
207	9	Re5	D5	327	327	1	24	167	95	96	.	26.0
208	9	Do5	C5	318	318	1	8	500	95	96	.	26.125
209	9	Do5	C5	318	318	1	8	500	99	96	aş	26.25
210	9	Re5	D5	327	327	1	8	500	99	96		26.375
211	9	Mi5	E5	336	336	1	8	500	95	96		26.5
212	9	Do5	C5	318	318	1	8	500	99	96	kı	26.625
213	9	Si4b5	B4b5	309	309	1	8	500	95	96		26.75
214	9	La4	A4	305	305	1	8	500	99	96	mı	26.875
215	9	Sol4	G4	296	296	1	8	500	95	96		27.0
216	9	La4	A4	305	305	3	8	1500	95	96	zı  	27.375
217	9	Sol4	G4	296	296	1	8	500	95	96	SAZ	27.5
218	9	Fa4	F4	287	287	1	16	250	95	96	.	27.5625
219	9	Mi4	E4	283	283	1	16	250	95	96	.	27.625
220	9	Fa4	F4	287	287	1	16	250	95	96	.	27.6875
221	9	Sol4	G4	296	296	1	16	250	95	96	.	27.75
222	9	La4	A4	305	305	1	8	500	95	96	.	27.875
223	1	Sol4	G4	296	296	1	32	125	95	96	.	27.90625
224	1	La4	A4	305	305	1	32	125	95	96	.	27.9375
225	1	Si4b5	B4b5	309	309	1	32	125	95	96	.	27.96875
226	1	Do5	C5	318	318	1	32	125	95	96	.	28.0
227	1	Re5	D5	327	327	1	8	500	95	96	.	28.125
228	9	Do5	C5	318	318	1	8	500	95	96	.	28.25
229	9	Re5	D5	327	327	1	8	500	95	96	.	28.375
230	9	Mi5	E5	336	336	1	8	500	95	96	.	28.5
231	9	Do5	C5	318	318	1	8	500	95	96	.	28.625
232	9	Si4b5	B4b5	309	309	1	8	500	95	96	.	28.75
233	9	La4	A4	305	305	1	8	500	95	96	.	28.875
234	9	Sol4	G4	296	296	1	8	500	95	96	.	29.0
235	9	La4	A4	305	305	3	8	1500	95	96	SAZ	29.375
236	9	Si4b5	B4b5	309	309	1	16	250	95	96	.	29.4375
237	9	Do5	C5	318	318	1	16	250	95	96	.	29.5
238	9	Re5	D5	327	327	1	16	250	95	96	.	29.5625
239	9	Mi5	E5	336	336	1	16	250	95	96	.	29.625
240	9	Fa5	F5	340	340	1	16	250	95	96	.	29.6875
241	9	Sol5	G5	349	349	1	16	250	95	96	.	29.75
242	9	La5	A5	358	358	1	4	1000	95	96	.	30.0
243	9	La5	A5	358	358	1	4	1000	95	96	Vaz	30.25
244	9	Re6	D6	380	380	1	4	1000	95	96	geç 	30.5
245	9	Do6	C6	371	371	1	8	500	99	96	söy	30.625
246	9	Re6	D6	380	380	1	8	500	95	96		30.75
247	9	Mi6	E6	389	389	1	16	250	99	96	le	30.8125
248	9	Re6	D6	380	380	1	16	250	95	96		30.875
249	9	Re6	D6	380	380	1	16	250	99	96	me 	30.9375
250	9	Do6	C6	371	371	1	16	250	95	96		31.0
251	9	Do6	C6	371	371	1	2	2000	95	96	ar	31.5
252	9	Mi6	E6	389	389	1	2	2000	95	96	tık 	32.0
253	9	Re6	D6	380	380	1	8	500	95	96	ha	32.125
254	9	Do6	C6	371	371	1	4	1000	99	96	tır	32.375
255	9	Si5b5	B5b5	362	362	1	8	500	95	96		32.5
256	9	La5	A5	358	358	1	8	500	99	96	lat	32.625
257	9	Sol5	G5	349	349	1	8	500	95	96		32.75
258	9	Fa5	F5	340	340	1	8	500	95	96	ma 	32.875
259	9	Mi5	E5	336	336	1	8	500	95	96	o 	33.0
260	9	Re5	D5	327	327	1	4	1000	95	96	ma	33.25
261	9	Mi5	E5	336	336	1	16	250	99	96	zi	33.3125
262	9	Re5	D5	327	327	1	16	250	95	96		33.375
263	9	Do5	C5	318	318	1	16	250	99	96	de	33.4375
264	9	Si4b1	B4b1	313	313	1	16	250	95	96		33.5
265	7	Do5	C5	318	318	1	8	500	95	96	ki 	33.625
266	9	Re5	D5	327	327	1	16	250	95	96	SAZ	33.6875
267	9	Mi5	E5	336	336	1	16	250	95	96	.	33.75
268	9	Fa5#1	F5#1	341	341	1	16	250	95	96	.	33.8125
269	9	Sol5	G5	349	349	1	16	250	95	96	.	33.875
270	9	La5	A5	358	358	1	16	250	95	96	.	33.9375
271	9	Do6	C6	371	371	1	16	250	95	96	.	34.0
272	9	Si5b5	B5b5	362	362	1	8	500	95	96	.	34.125
273	9	Si5b5	B5b5	362	362	1	8	500	99	96	aş	34.25
274	9	La5	A5	358	358	1	8	500	99	96		34.375
275	9	Sol5	G5	349	349	1	8	500	95	96		34.5
276	9	Fa5	F5	340	340	1	8	500	99	96	kı	34.625
277	9	Mi5	E5	336	336	1	8	500	95	96		34.75
278	9	Fa5	F5	340	340	1	16	250	99	96	mı	34.8125
279	9	Mi5	E5	336	336	1	16	250	99	96		34.875
280	9	Fa5	F5	340	340	1	16	250	99	96		34.9375
281	9	Re5	D5	327	327	1	16	250	95	96		35.0
282	9	Do5	C5	318	318	1	2	2000	95	96	zı 	35.5
283	9	Mi5	E5	336	336	1	4	1000	95	96	ah 	35.75
284	9	Mi5	E5	336	336	1	24	167	95	96	SAZ	35.7916666667
285	9	Re5	D5	327	327	1	24	167	95	96	.	35.8333333333
286	9	Mi5	E5	336	336	1	24	167	95	96	.	35.875
287	9	Fa5	F5	340	340	1	24	167	95	96	.	35.9166666667
288	9	Mi5	E5	336	336	1	24	167	95	96	.	35.9583333333
289	9	Re5	D5	327	327	1	24	167	95	96	.	36.0
290	9	Do5	C5	318	318	1	8	500	95	96	.	36.125
291	9	Do5	C5	318	318	1	8	500	99	96	aş	36.25
292	9	Re5	D5	327	327	1	8	500	99	96		36.375
293	9	Mi5	E5	336	336	1	8	500	95	96		36.5
294	9	Do5	C5	318	318	1	8	500	99	96	kı	36.625
295	9	Si4b5	B4b5	309	309	1	8	500	95	96		36.75
296	9	La4	A4	305	305	1	8	500	99	96	mı	36.875
297	9	Sol4	G4	296	296	1	8	500	95	96		37.0
298	9	La4	A4	305	305	3	8	1500	95	96	zı  	37.375
299	9	Sol4	G4	296	296	1	8	500	95	96	SAZ	37.5
300	9	Fa4	F4	287	287	1	16	250	95	96	.	37.5625
301	9	Mi4	E4	283	283	1	16	250	95	96	.	37.625
302	9	Fa4	F4	287	287	1	16	250	95	96	.	37.6875
303	9	Sol4	G4	296	296	1	16	250	95	96	.	37.75
304	9	La4	A4	305	305	1	8	500	95	96	.	37.875
305	1	Sol4	G4	296	296	1	32	125	95	96	.	37.90625
306	1	La4	A4	305	305	1	32	125	95	96	.	37.9375
307	1	Si4b5	B4b5	309	309	1	32	125	95	96	.	37.96875
308	1	Do5	C5	318	318	1	32	125	95	96	.	38.0
309	1	Re5	D5	327	327	1	8	500	95	96	.	38.125
310	9	Do5	C5	318	318	1	8	500	95	96	.	38.25
311	9	Re5	D5	327	327	1	8	500	95	96	.	38.375
312	9	Mi5	E5	336	336	1	8	500	95	96	.	38.5
313	9	Do5	C5	318	318	1	8	500	95	96	.	38.625
314	9	Si4b5	B4b5	309	309	1	8	500	95	96	.	38.75
315	9	La4	A4	305	305	1	8	500	95	96	.	38.875
316	9	Sol4	G4	296	296	1	8	500	95	96	.	39.0
317	9	La4	A4	305	305	3	8	1500	95	96	SAZ	39.375
318	9	Do6	C6	371	371	1	8	500	95	96	.	39.5
319	9	Si5	B5	367	367	1	16	250	95	96	.	39.5625
320	9	Do6	C6	371	371	1	16	250	95	96	.	39.625
321	9	Re6	D6	380	380	1	16	250	95	96	.	39.6875
322	9	Si5	B5	367	367	1	16	250	95	96	.	39.75
323	9	Do6	C6	371	371	1	4	1000	95	96	.	40.0
324	9	Do6	C6	371	371	1	4	1000	95	96	Bir 	40.25
325	9	Si5	B5	367	367	1	4	1000	95	96	kış 	40.5
326	9	La5	A5	358	358	1	8	500	95	96	gü	40.625
327	9	Sol5	G5	349	349	1	4	1000	95	96	nüy	40.875
328	9	Fa5	F5	340	340	1	8	500	95	96	dü 	41.0
329	9	Mi5b1	E5b1	335	335	3	16	750	99	96	baş	41.1875
330	9	Re5	D5	327	327	1	16	250	95	96		41.25
331	9	Mi5b4	E5b4	332	332	1	16	250	99	96	la	41.3125
332	9	Re5	D5	327	327	1	16	250	99	96		41.375
333	9	Do5	C5	318	318	1	16	250	99	96		41.4375
334	9	Si4b1	B4b1	313	313	1	16	250	95	96		41.5
335	9	Do5	C5	318	318	1	2	2000	95	96	dı 	42.0
336	9	Sol4	G4	296	296	1	8	500	95	96	bu 	42.125
337	9	Sol4	G4	296	296	1	8	500	95	96	ha	42.25
338	9	Do5	C5	318	318	1	4	1000	99	96	zin 	42.5
339	9	Mi5	E5	336	336	1	4	1000	99	96		42.75
340	9	Sol5	G5	349	349	1	4	1000	95	96		43.0
341	9	Es	Es	-1	-1	1	8	500	100	0		43.125
342	9	Do6	C6	371	371	1	4	1000	95	96	mâ	43.375
343	9	Si5	B5	367	367	1	16	250	99	96	ce	43.4375
344	9	Re6	D6	380	380	1	16	250	95	96		43.5
345	9	Do6	C6	371	371	1	16	250	99	96	ra	43.5625
346	9	Si5	B5	367	367	1	16	250	99	96		43.625
347	9	La5	A5	358	358	1	16	250	99	96		43.6875
348	9	Sol5#4	G5#4	353	353	1	16	250	95	96		43.75
349	9	La5	A5	358	358	1	4	1000	95	96	sı 	44.0
350	9	Es	Es	-1	-1	1	8	500	100	0		44.125
351	9	La5	A5	358	358	1	8	500	99	96	öm	44.25
352	9	Si5b5	B5b5	362	362	1	8	500	99	96		44.375
353	9	Do6	C6	371	371	1	8	500	95	96		44.5
354	9	La5	A5	358	358	1	8	500	99	96	rü	44.625
355	9	Si5b5	B5b5	362	362	1	8	500	95	96		44.75
356	9	Sol5	G5	349	349	1	8	500	99	96	mü	44.875
357	9	Si5b5	B5b5	362	362	1	16	250	99	96		44.9375
358	9	La5	A5	358	358	1	16	250	95	96		45.0
359	9	La5	A5	358	358	1	2	2000	95	96	zün 	45.5
360	9	Do6	C6	371	371	1	16	250	99	96	ah 	45.5625
361	9	Si5b5	B5b5	362	362	1	16	250	99	96		45.625
362	9	Si5b5	B5b5	362	362	1	16	250	99	96		45.6875
363	9	La5	A5	358	358	1	16	250	99	96		45.75
364	9	Si5b5	B5b5	362	362	1	4	1000	95	96		46.0
365	9	Es	Es	-1	-1	1	8	500	100	0		46.125
366	9	Do6	C6	371	371	1	8	500	99	96	öm	46.25
367	9	Re6	D6	380	380	1	8	500	99	96		46.375
368	9	Mi6	E6	389	389	1	8	500	95	96		46.5
369	9	Do6	C6	371	371	1	8	500	99	96	rü	46.625
370	9	Si5b5	B5b5	362	362	1	8	500	95	96		46.75
371	9	La5	A5	358	358	1	8	500	99	96	mü	46.875
372	9	Sol5	G5	349	349	1	8	500	95	96		47.0
373	9	La5	A5	358	358	3	8	1500	95	96	zün  	47.375
374	9	Sol5	G5	349	349	1	8	500	95	96	SAZ	47.5
375	9	Fa5	F5	340	340	1	16	250	95	96	.	47.5625
376	9	Mi5	E5	336	336	1	16	250	95	96	.	47.625
377	9	Fa5	F5	340	340	1	16	250	95	96	.	47.6875
378	9	Sol5	G5	349	349	1	16	250	95	96	.	47.75
379	9	La5	A5	358	358	1	8	500	95	96	.	47.875
380	1	Sol5	G5	349	349	1	32	125	95	96	.	47.90625
381	1	La5	A5	358	358	1	32	125	95	96	.	47.9375
382	1	Si5b5	B5b5	362	362	1	32	125	95	96	.	47.96875
383	1	Do6	C6	371	371	1	32	125	95	96	.	48.0
384	1	Re6	D6	380	380	1	8	500	95	96	.	48.125
385	9	Do6	C6	371	371	1	8	500	95	96	.	48.25
386	9	Re6	D6	380	380	1	8	500	95	96	.	48.375
387	9	Mi6	E6	389	389	1	8	500	95	96	.	48.5
388	9	Do6	C6	371	371	1	8	500	95	96	.	48.625
389	9	Si5b5	B5b5	362	362	1	8	500	95	96	.	48.75
390	9	La5	A5	358	358	1	8	500	95	96	.	48.875
391	9	Sol5	G5	349	349	1	8	500	95	96	.	49.0
392	9	La5	A5	358	358	3	8	1500	95	96	.	49.375
393	9	La5	A5	358	358	1	16	250	95	96	.	49.4375
394	9	Si5b5	B5b5	362	362	1	16	250	95	96	.	49.5
395	9	La5	A5	358	358	1	16	250	95	96	.	49.5625
396	9	Sol5	G5	349	349	1	16	250	95	96	.	49.625
397	9	Fa5	F5	340	340	1	16	250	95	96	.	49.6875
398	9	Sol5	G5	349	349	1	16	250	95	96	.	49.75
399	9	La5	A5	358	358	1	4	1000	95	96	.	50.0
400	9	La5	A5	358	358	1	4	1000	95	96	Vaz	50.25
401	9	Re6	D6	380	380	1	4	1000	95	96	geç 	50.5
402	9	Do6	C6	371	371	1	8	500	99	96	söy	50.625
403	9	Re6	D6	380	380	1	8	500	95	96		50.75
404	9	Mi6	E6	389	389	1	16	250	99	96	le	50.8125
405	9	Re6	D6	380	380	1	16	250	95	96		50.875
406	9	Re6	D6	380	380	1	16	250	99	96	me 	50.9375
407	9	Do6	C6	371	371	1	16	250	95	96		51.0
408	9	Do6	C6	371	371	1	2	2000	95	96	ar	51.5
409	9	Mi6	E6	389	389	1	2	2000	95	96	tık 	52.0
410	9	Re6	D6	380	380	1	8	500	95	96	ha	52.125
411	9	Do6	C6	371	371	1	4	1000	99	96	tır	52.375
412	9	Si5b5	B5b5	362	362	1	8	500	95	96		52.5
413	9	La5	A5	358	358	1	8	500	99	96	lat	52.625
414	9	Sol5	G5	349	349	1	8	500	95	96		52.75
415	9	Fa5	F5	340	340	1	8	500	95	96	ma 	52.875
416	9	Mi5	E5	336	336	1	8	500	95	96	o 	53.0
417	9	Re5	D5	327	327	1	4	1000	95	96	ma	53.25
418	9	Mi5	E5	336	336	1	16	250	99	96	zi	53.3125
419	9	Re5	D5	327	327	1	16	250	95	96		53.375
420	9	Do5	C5	318	318	1	16	250	99	96	de	53.4375
421	9	Si4b1	B4b1	313	313	1	16	250	95	96		53.5
422	7	Do5	C5	318	318	1	8	500	95	96	ki 	53.625
423	9	Re5	D5	327	327	1	16	250	95	96	SAZ	53.6875
424	9	Mi5	E5	336	336	1	16	250	95	96	.	53.75
425	9	Fa5#1	F5#1	341	341	1	16	250	95	96	.	53.8125
426	9	Sol5	G5	349	349	1	16	250	95	96	.	53.875
427	9	La5	A5	358	358	1	16	250	95	96	.	53.9375
428	9	Do6	C6	371	371	1	16	250	95	96	.	54.0
429	9	Si5b5	B5b5	362	362	1	8	500	95	96	.	54.125
430	9	Si5b5	B5b5	362	362	1	8	500	99	96	aş	54.25
431	9	La5	A5	358	358	1	8	500	99	96		54.375
432	9	Sol5	G5	349	349	1	8	500	95	96		54.5
433	9	Fa5	F5	340	340	1	8	500	99	96	kı	54.625
434	9	Mi5	E5	336	336	1	8	500	95	96		54.75
435	9	Fa5	F5	340	340	1	16	250	99	96	mı	54.8125
436	9	Mi5	E5	336	336	1	16	250	99	96		54.875
437	9	Fa5	F5	340	340	1	16	250	99	96		54.9375
438	9	Re5	D5	327	327	1	16	250	95	96		55.0
439	9	Do5	C5	318	318	1	2	2000	95	96	zı 	55.5
440	9	Mi5	E5	336	336	1	4	1000	95	96	ah 	55.75
441	9	Mi5	E5	336	336	1	24	167	95	96	SAZ	55.7916666667
442	9	Re5	D5	327	327	1	24	167	95	96	.	55.8333333333
443	9	Mi5	E5	336	336	1	24	167	95	96	.	55.875
444	9	Fa5	F5	340	340	1	24	167	95	96	.	55.9166666667
445	9	Mi5	E5	336	336	1	24	167	95	96	.	55.9583333333
446	9	Re5	D5	327	327	1	24	167	95	96	.	56.0
447	9	Do5	C5	318	318	1	8	500	95	96	.	56.125
448	9	Do5	C5	318	318	1	8	500	99	96	aş	56.25
449	9	Re5	D5	327	327	1	8	500	99	96		56.375
450	9	Mi5	E5	336	336	1	8	500	95	96		56.5
451	9	Do5	C5	318	318	1	8	500	99	96	kı	56.625
452	9	Si4b5	B4b5	309	309	1	8	500	95	96		56.75
453	9	La4	A4	305	305	1	8	500	99	96	mı	56.875
454	9	Sol4	G4	296	296	1	8	500	95	96		57.0
455	9	La4	A4	305	305	3	8	1500	95	96	zı  	57.375
