Sira	Kod	Nota53	NotaAE	Koma53	KomaAE	Pay	Payda	Ms	LNS	Bas	Soz1	Offset
1	51			0	0	5	8	0	8	0	Türkaksağı	0.0
2	9	Sol5	G5	349	349	1	4	1000	95	96		0.4
3	9	La5	A5	358	358	1	4	1000	95	96		0.8
4	9	Sol5	G5	349	349	1	8	500	95	96		1.0
5	9	La5	A5	358	358	1	8	500	95	96		1.2
6	9	Si5b5	B5b5	362	362	1	16	250	95	96		1.3
7	9	La5	A5	358	358	1	16	250	95	96		1.4
8	9	La5	A5	358	358	3	8	1500	95	96		2.0
9	9	La5	A5	358	358	1	8	500	95	96		2.2
10	9	Si5b5	B5b5	362	362	1	8	500	95	96		2.4
11	9	Re6	D6	380	380	1	4	1000	95	96		2.8
12	9	Do6	C6	371	371	1	8	500	95	96		3.0
13	9	Do6	C6	371	371	1	16	250	95	96		3.1
14	9	Si5b5	B5b5	362	362	1	16	250	95	96		3.2
15	9	Si5b5	B5b5	362	362	1	16	250	95	96		3.3
16	9	La5	A5	358	358	1	16	250	95	96		3.4
17	9	La5	A5	358	358	3	8	1500	95	96		4.0
18	9	La5	A5	358	358	1	8	500	95	96		4.2
19	9	Si5b5	B5b5	362	362	1	8	500	95	96		4.4
20	9	Do6	C6	371	371	1	8	500	95	96		4.6
21	9	Si5b5	B5b5	362	362	1	8	500	95	96		4.8
22	9	La5	A5	358	358	1	8	500	95	96		5.0
23	9	Sol5	G5	349	349	1	8	500	95	96		5.2
24	9	La5	A5	358	358	1	16	250	95	96		5.3
25	9	Sol5	G5	349	349	1	16	250	95	96		5.4
26	9	Fa5	F5	340	340	1	8	500	95	96		5.6
27	9	Mi5	E5	336	336	1	8	500	95	96		5.8
28	9	Re5	D5	327	327	1	8	500	95	96		6.0
29	9	Mi5	E5	336	336	1	8	500	95	96		6.2
30	9	Fa5	F5	340	340	1	8	500	95	96		6.4
31	9	La5	A5	358	358	1	16	250	95	96		6.5
32	9	Sol5	G5	349	349	1	16	250	95	96		6.6
33	9	Fa5	F5	340	340	1	16	250	95	96		6.7
34	9	Mi5	E5	336	336	1	16	250	95	96		6.8
35	9	Re5	D5	327	327	1	8	500	95	96		7.0
36	9	Mi5	E5	336	336	1	8	500	95	96		7.2
37	9	Do5	C5	318	318	1	8	500	95	96		7.4
38	9	Re5	D5	327	327	3	8	1500	95	96		8.0
39	9	Fa5	F5	340	340	1	8	500	95	96		8.2
40	9	Mi5	E5	336	336	1	8	500	95	96		8.4
41	9	Fa5	F5	340	340	1	4	1000	95	96		8.8
42	9	La5	A5	358	358	1	8	500	95	96		9.0
43	9	Sol5	G5	349	349	1	8	500	95	96		9.2
44	9	Fa5	F5	340	340	1	8	500	95	96		9.4
45	9	Mi5	E5	336	336	1	4	1000	95	96		9.8
46	9	Re5	D5	327	327	1	8	500	95	96		10.0
47	9	Do5	C5	318	318	1	8	500	95	96		10.2
48	9	Re5	D5	327	327	1	8	500	95	96		10.4
49	9	Mi5	E5	336	336	1	8	500	95	96		10.6
50	9	Re5	D5	327	327	1	8	500	95	96		10.8
51	9	Do5	C5	318	318	1	8	500	95	96		11.0
52	9	Do5	C5	318	318	1	16	250	95	96		11.1
53	9	Si4b5	B4b5	309	309	1	16	250	95	96		11.2
54	9	Si4b5	B4b5	309	309	1	16	250	95	96		11.3
55	9	La4	A4	305	305	1	16	250	95	96		11.4
56	9	Si4b5	B4b5	309	309	3	8	1500	95	96		12.0
57	9	La4	A4	305	305	1	8	500	95	96		12.2
58	9	Si4b5	B4b5	309	309	1	8	500	95	96		12.4
59	9	Do5	C5	318	318	1	8	500	95	96		12.6
60	9	Re5	D5	327	327	1	8	500	95	96		12.8
61	9	Mi5	E5	336	336	1	8	500	95	96		13.0
62	9	Fa5	F5	340	340	1	8	500	95	96		13.2
63	9	Mi5	E5	336	336	1	8	500	95	96		13.4
64	9	Re5	D5	327	327	3	8	1500	95	96		14.0
65	9	Do5	C5	318	318	1	16	250	95	96		14.1
66	9	Re5	D5	327	327	1	16	250	95	96		14.2
67	9	Mi5	E5	336	336	1	16	250	95	96		14.3
68	9	Fa5	F5	340	340	1	16	250	95	96		14.4
69	9	Mi5	E5	336	336	1	8	500	95	96		14.6
70	9	Re5	D5	327	327	1	8	500	95	96		14.8
71	9	Do5	C5	318	318	1	8	500	95	96		15.0
72	9	Do5	C5	318	318	1	16	250	95	96		15.1
73	9	Si4b5	B4b5	309	309	1	16	250	95	96		15.2
74	9	Si4b5	B4b5	309	309	1	16	250	95	96		15.3
75	9	La4	A4	305	305	1	16	250	95	96		15.4
76	9	La4	A4	305	305	3	8	1500	95	96		16.0
