Sira	Kod	Nota53	NotaAE	Koma53	KomaAE	Pay	Payda	Ms	LNS	Bas	Soz1	Offset
1	9	Sol5	G5	349	349	1	4	556	95	96	ARANAĞME	0.222222222222
2	9	La5	A5	358	358	3	8	833	95	96	.	0.555555555556
3	9	Sol5	G5	349	349	1	8	278	95	96	.	0.666666666667
4	9	Fa5#2	F5#1	342	341	1	8	278	95	96	.	0.777777777778
5	9	Mi5	E5	336	336	1	8	278	95	96	.	0.888888888889
6	9	Re5	D5	327	327	1	8	278	95	96	.	1.0
7	9	Mi5	E5	336	336	1	8	278	95	96	.	1.11111111111
8	9	Fa5#2	F5#1	342	341	1	8	278	95	96	.	1.22222222222
9	9	Sol5	G5	349	349	1	8	278	95	96	.	1.33333333333
10	9	Mi5	E5	336	336	1	8	278	95	96	.	1.44444444444
11	9	Re5	D5	327	327	1	8	278	95	96	.	1.55555555556
12	9	Re5	D5	327	327	1	16	139	95	96	.	1.61111111111
13	9	Do5	C5	318	318	1	16	139	95	96	.	1.66666666667
14	9	Re5	D5	327	327	1	16	139	95	96	.	1.72222222222
15	9	Mi5	E5	336	336	1	16	139	95	96	.	1.77777777778
16	9	Do5	C5	318	318	1	8	278	95	96	.	1.88888888889
17	9	Si4b2	B4b1	312	313	1	8	278	95	96	.	2.0
18	9	La4	A4	305	305	1	8	278	95	96	.	2.11111111111
19	9	Si4b2	B4b1	312	313	1	8	278	95	96	.	2.22222222222
20	10	Do5	C5	318	318	1	8	278	95	96	.	2.33333333333
21	8	Re5	D5	327	327	0	0	0	95	96	.	2.33333333333
22	9	Do5	C5	318	318	1	8	278	95	96	.	2.44444444444
23	9	Si4b2	B4b1	312	313	1	8	278	95	96	.	2.55555555556
24	9	La4	A4	305	305	3	8	833	95	96	.	2.88888888889
25	9	Sol4	G4	296	296	1	8	278	95	96	.	3.0
26	9	La4	A4	305	305	1	8	278	95	96	.	3.11111111111
27	9	Si4b2	B4b1	312	313	1	8	278	95	96	.	3.22222222222
28	9	Do5	C5	318	318	1	8	278	95	96	.	3.33333333333
29	9	Re5	D5	327	327	1	8	278	95	96	.	3.44444444444
30	9	Mi5	E5	336	336	1	8	278	95	96	.	3.55555555556
31	9	Fa5	F5	340	340	1	16	139	95	96	.	3.61111111111
32	9	Mi5	E5	336	336	1	16	139	95	96	.	3.66666666667
33	9	Fa5	F5	340	340	1	16	139	95	96	.	3.72222222222
34	9	Sol5	G5	349	349	1	16	139	95	96	.	3.77777777778
35	9	Mi5	E5	336	336	1	8	278	95	96	.	3.88888888889
36	9	Re5	D5	327	327	1	8	278	95	96	.	4.0
37	9	Do5	C5	318	318	1	8	278	95	96	.	4.11111111111
38	9	Si4b2	B4b1	312	313	1	8	278	95	96	.	4.22222222222
39	9	Re5	D5	327	327	1	8	278	95	96	.	4.33333333333
40	9	Si4b2	B4b1	312	313	1	8	278	95	96	.	4.44444444444
41	9	La4	A4	305	305	1	8	278	95	96	.	4.55555555556
42	9	La4	A4	305	305	1	2	1111	95	96	.	5.0
43	9	Sol5	G5	349	349	1	4	556	95	96	ARANAĞME	5.22222222222
44	9	La5	A5	358	358	3	8	833	95	96	.	5.55555555556
45	9	Sol5	G5	349	349	1	8	278	95	96	.	5.66666666667
46	9	Fa5#2	F5#1	342	341	1	8	278	95	96	.	5.77777777778
47	9	Mi5	E5	336	336	1	8	278	95	96	.	5.88888888889
48	9	Re5	D5	327	327	1	8	278	95	96	.	6.0
49	9	Mi5	E5	336	336	1	8	278	95	96	.	6.11111111111
50	9	Fa5#2	F5#1	342	341	1	8	278	95	96	.	6.22222222222
51	9	Sol5	G5	349	349	1	8	278	95	96	.	6.33333333333
52	9	Mi5	E5	336	336	1	8	278	95	96	.	6.44444444444
53	9	Re5	D5	327	327	1	8	278	95	96	.	6.55555555556
54	9	Re5	D5	327	327	1	16	139	95	96	.	6.61111111111
55	9	Do5	C5	318	318	1	16	139	95	96	.	6.66666666667
56	9	Re5	D5	327	327	1	16	139	95	96	.	6.72222222222
57	9	Mi5	E5	336	336	1	16	139	95	96	.	6.77777777778
58	9	Do5	C5	318	318	1	8	278	95	96	.	6.88888888889
59	9	Si4b2	B4b1	312	313	1	8	278	95	96	.	7.0
60	9	La4	A4	305	305	1	8	278	95	96	.	7.11111111111
61	9	Si4b2	B4b1	312	313	1	8	278	95	96	.	7.22222222222
62	10	Do5	C5	318	318	1	8	278	95	96	.	7.33333333333
63	8	Re5	D5	327	327	0	0	0	95	96	.	7.33333333333
64	9	Do5	C5	318	318	1	8	278	95	96	.	7.44444444444
65	9	Si4b2	B4b1	312	313	1	8	278	95	96	.	7.55555555556
66	9	La4	A4	305	305	3	8	833	95	96	.	7.88888888889
67	9	Sol4	G4	296	296	1	8	278	95	96	.	8.0
68	9	La4	A4	305	305	1	8	278	95	96	.	8.11111111111
69	9	Si4b2	B4b1	312	313	1	8	278	95	96	.	8.22222222222
70	9	Do5	C5	318	318	1	8	278	95	96	.	8.33333333333
71	9	Re5	D5	327	327	1	8	278	95	96	.	8.44444444444
72	9	Mi5	E5	336	336	1	8	278	95	96	.	8.55555555556
73	9	Fa5	F5	340	340	1	16	139	95	96	.	8.61111111111
74	9	Mi5	E5	336	336	1	16	139	95	96	.	8.66666666667
75	9	Fa5	F5	340	340	1	16	139	95	96	.	8.72222222222
76	9	Sol5	G5	349	349	1	16	139	95	96	.	8.77777777778
77	9	Mi5	E5	336	336	1	8	278	95	96	.	8.88888888889
78	9	Re5	D5	327	327	1	8	278	95	96	.	9.0
79	9	Do5	C5	318	318	1	8	278	95	96	.	9.11111111111
80	9	Si4b2	B4b1	312	313	1	8	278	95	96	.	9.22222222222
81	9	Re5	D5	327	327	1	8	278	95	96	.	9.33333333333
82	9	Si4b2	B4b1	312	313	1	8	278	95	96	.	9.44444444444
83	9	La4	A4	305	305	1	8	278	95	96	.	9.55555555556
84	9	La4	A4	305	305	1	2	1111	95	96	.	10.0
85	9	Sol5	G5	349	349	1	4	556	95	96	İs	10.2222222222
86	9	La5	A5	358	358	3	8	833	95	96	tan	10.5555555556
87	9	Sol5	G5	349	349	1	8	278	99	96	bul	10.6666666667
88	9	Fa5#2	F5#1	342	341	1	8	278	95	96		10.7777777778
89	9	Mi5	E5	336	336	1	8	278	99	96	dan 	10.8888888889
90	9	Re5	D5	327	327	1	8	278	95	96		11.0
91	9	Mi5	E5	336	336	1	8	278	99	96	Üs	11.1111111111
92	9	Fa5#2	F5#1	342	341	1	8	278	95	96		11.2222222222
93	9	Sol5	G5	349	349	1	8	278	99	96	kü	11.3333333333
94	9	Mi5	E5	336	336	1	8	278	99	96		11.4444444444
95	9	Re5	D5	327	327	1	8	278	95	96		11.5555555556
96	9	Re5	D5	327	327	1	8	278	99	96	da	11.6666666667
97	9	Mi5	E5	336	336	1	8	278	95	96		11.7777777778
98	9	Do5	C5	318	318	1	8	278	99	96	ra 	11.8888888889
99	9	Si4b2	B4b1	312	313	1	8	278	95	96		12.0
100	9	La4	A4	305	305	1	8	278	99	96	yol 	12.1111111111
101	9	Si4b2	B4b1	312	313	1	8	278	95	96		12.2222222222
102	10	Do5	C5	318	318	1	8	278	99	96	gi	12.3333333333
103	8	Re5	D5	327	327	0	0	0	99	96		12.3333333333
104	9	Do5	C5	318	318	1	8	278	99	96		12.4444444444
105	9	Si4b2	B4b1	312	313	1	8	278	95	96		12.5555555556
106	9	La4	A4	305	305	3	8	833	99	96	der  	12.8888888889
107	9	Sol4	G4	296	296	1	8	278	95	96		13.0
108	9	La4	A4	305	305	1	8	278	99	96	yol 	13.1111111111
109	9	Si4b2	B4b1	312	313	1	8	278	95	96		13.2222222222
110	9	Do5	C5	318	318	1	8	278	99	96	gi	13.3333333333
111	9	Re5	D5	327	327	1	8	278	99	96		13.4444444444
112	9	Mi5	E5	336	336	1	8	278	95	96		13.5555555556
113	9	Fa5	F5	340	340	1	4	556	95	96	der 	13.7777777778
114	9	Mi5	E5	336	336	1	8	278	95	96	Ça	13.8888888889
115	9	Re5	D5	327	327	1	8	278	95	96	vuş 	14.0
116	9	Do5	C5	318	318	1	8	278	99	96	yol 	14.1111111111
117	9	Si4b2	B4b1	312	313	1	8	278	95	96		14.2222222222
118	9	Re5	D5	327	327	1	8	278	99	96	gi	14.3333333333
119	9	Si4b2	B4b1	312	313	1	8	278	99	96		14.4444444444
120	9	La4	A4	305	305	1	8	278	95	96		14.5555555556
121	9	La4	A4	305	305	1	2	1111	95	96	der  	15.0
122	9	Sol5	G5	349	349	1	4	556	95	96	Ha	15.2222222222
123	9	La5	A5	358	358	3	8	833	95	96	nım	15.5555555556
124	9	Sol5	G5	349	349	1	8	278	99	96	la	15.6666666667
125	9	Fa5#2	F5#1	342	341	1	8	278	95	96		15.7777777778
126	9	Mi5	E5	336	336	1	8	278	99	96	ra 	15.8888888889
127	9	Re5	D5	327	327	1	8	278	95	96		16.0
128	9	Mi5	E5	336	336	1	8	278	99	96	des	16.1111111111
129	9	Fa5#2	F5#1	342	341	1	8	278	95	96		16.2222222222
130	9	Sol5	G5	349	349	1	8	278	99	96	te 	16.3333333333
131	9	Mi5	E5	336	336	1	8	278	99	96		16.4444444444
132	9	Re5	D5	327	327	1	8	278	95	96		16.5555555556
133	9	Re5	D5	327	327	1	4	556	95	96	des	16.7777777778
134	9	Do5	C5	318	318	1	8	278	99	96	te 	16.8888888889
135	9	Si4b2	B4b1	312	313	1	8	278	95	96		17.0
136	9	La4	A4	305	305	1	8	278	99	96	gül 	17.1111111111
137	9	Si4b2	B4b1	312	313	1	8	278	95	96		17.2222222222
138	10	Do5	C5	318	318	1	8	278	99	96	gi	17.3333333333
139	8	Re5	D5	327	327	0	0	0	99	96		17.3333333333
140	9	Do5	C5	318	318	1	8	278	99	96		17.4444444444
141	9	Si4b2	B4b1	312	313	1	8	278	95	96		17.5555555556
142	9	La4	A4	305	305	3	8	833	99	96	der  	17.8888888889
143	9	Sol4	G4	296	296	1	8	278	95	96		18.0
144	9	La4	A4	305	305	1	8	278	99	96	gül 	18.1111111111
145	9	Si4b2	B4b1	312	313	1	8	278	95	96		18.2222222222
146	9	Do5	C5	318	318	1	8	278	99	96	gi	18.3333333333
147	9	Re5	D5	327	327	1	8	278	99	96		18.4444444444
148	9	Mi5	E5	336	336	1	8	278	95	96		18.5555555556
149	9	Fa5	F5	340	340	1	4	556	95	96	der 	18.7777777778
150	9	Mi5	E5	336	336	1	8	278	95	96	Ça	18.8888888889
151	9	Re5	D5	327	327	1	8	278	95	96	vuş 	19.0
152	9	Do5	C5	318	318	1	8	278	99	96	gül 	19.1111111111
153	9	Si4b2	B4b1	312	313	1	8	278	95	96		19.2222222222
154	9	Re5	D5	327	327	1	8	278	99	96	gi	19.3333333333
155	9	Si4b2	B4b1	312	313	1	8	278	99	96		19.4444444444
156	9	La4	A4	305	305	1	8	278	95	96		19.5555555556
157	9	La4	A4	305	305	1	2	1111	95	96	der  	20.0
158	9	Sol5	G5	349	349	1	4	556	95	96	Yan	20.2222222222
159	9	La5	A5	358	358	3	8	833	95	96	dım 	20.5555555556
160	9	Sol5	G5	349	349	1	8	278	99	96	Ça	20.6666666667
161	9	Fa5#2	F5#1	342	341	1	8	278	95	96		20.7777777778
162	9	Mi5	E5	336	336	1	8	278	99	96	vuş 	20.8888888889
163	9	Re5	D5	327	327	1	8	278	95	96		21.0
164	9	Mi5	E5	336	336	1	8	278	99	96	yan	21.1111111111
165	9	Fa5#2	F5#1	342	341	1	8	278	95	96		21.2222222222
166	9	Sol5	G5	349	349	1	8	278	99	96	dım 	21.3333333333
167	9	Mi5	E5	336	336	1	8	278	99	96		21.4444444444
168	9	Re5	D5	327	327	1	8	278	95	96		21.5555555556
169	9	Re5	D5	327	327	1	4	556	95	96	ben 	21.7777777778
170	9	Do5	C5	318	318	1	8	278	95	96	se	21.8888888889
171	9	Si4b2	B4b1	312	313	1	8	278	95	96	nin 	22.0
172	9	La4	A4	305	305	1	8	278	99	96	e	22.1111111111
173	9	Si4b2	B4b1	312	313	1	8	278	95	96		22.2222222222
174	10	Do5	C5	318	318	1	8	278	99	96	lin	22.3333333333
175	8	Re5	D5	327	327	0	0	0	99	96		22.3333333333
176	9	Do5	C5	318	318	1	8	278	99	96		22.4444444444
177	9	Si4b2	B4b1	312	313	1	8	278	95	96		22.5555555556
178	9	La4	A4	305	305	3	8	833	99	96	den  	22.8888888889
179	9	Sol4	G4	296	296	1	8	278	95	96		23.0
180	9	La4	A4	305	305	1	8	278	99	96	e	23.1111111111
181	9	Si4b2	B4b1	312	313	1	8	278	95	96		23.2222222222
182	9	Do5	C5	318	318	1	8	278	99	96	lin	23.3333333333
183	9	Re5	D5	327	327	1	8	278	99	96		23.4444444444
184	9	Mi5	E5	336	336	1	8	278	95	96		23.5555555556
185	9	Fa5	F5	340	340	1	4	556	95	96	den 	23.7777777778
186	9	Mi5	E5	336	336	1	8	278	95	96	Ça	23.8888888889
187	9	Re5	D5	327	327	1	8	278	95	96	vuş 	24.0
188	9	Do5	C5	318	318	1	8	278	99	96	e	24.1111111111
189	9	Si4b2	B4b1	312	313	1	8	278	95	96		24.2222222222
190	9	Re5	D5	327	327	1	8	278	99	96	lin	24.3333333333
191	9	Si4b2	B4b1	312	313	1	8	278	99	96		24.4444444444
192	9	La4	A4	305	305	1	8	278	95	96		24.5555555556
193	9	La4	A4	305	305	1	2	1111	95	96	den  	25.0
194	9	Sol5	G5	349	349	1	4	556	95	96	Çok 	25.2222222222
195	9	La5	A5	358	358	3	8	833	95	96	sa	25.5555555556
196	9	Sol5	G5	349	349	1	8	278	99	96	lın	25.6666666667
197	9	Fa5#2	F5#1	342	341	1	8	278	95	96		25.7777777778
198	9	Mi5	E5	336	336	1	8	278	99	96	ma 	25.8888888889
199	9	Re5	D5	327	327	1	8	278	95	96		26.0
200	9	Mi5	E5	336	336	1	8	278	95	96	ka	26.1111111111
201	9	Fa5#2	F5#1	342	341	1	8	278	95	96	sa	26.2222222222
202	9	Sol5	G5	349	349	1	8	278	95	96	tu	26.3333333333
203	9	Mi5	E5	336	336	1	8	278	95	96	ra 	26.4444444444
204	9	Re5	D5	327	327	1	8	278	95	96	da 	26.5555555556
205	9	Re5	D5	327	327	1	8	278	99	96	fır	26.6666666667
206	9	Mi5	E5	336	336	1	8	278	95	96		26.7777777778
207	9	Do5	C5	318	318	1	8	278	99	96	lar 	26.8888888889
208	9	Si4b2	B4b1	312	313	1	8	278	95	96		27.0
209	9	La4	A4	305	305	1	8	278	99	96	be	27.1111111111
210	9	Si4b2	B4b1	312	313	1	8	278	95	96		27.2222222222
211	10	Do5	C5	318	318	1	8	278	99	96	lin	27.3333333333
212	8	Re5	D5	327	327	0	0	0	99	96		27.3333333333
213	9	Do5	C5	318	318	1	8	278	99	96		27.4444444444
214	9	Si4b2	B4b1	312	313	1	8	278	95	96		27.5555555556
215	9	La4	A4	305	305	3	8	833	99	96	den  	27.8888888889
216	9	Sol4	G4	296	296	1	8	278	95	96		28.0
217	9	La4	A4	305	305	1	8	278	99	96	be	28.1111111111
218	9	Si4b2	B4b1	312	313	1	8	278	95	96		28.2222222222
219	9	Do5	C5	318	318	1	8	278	99	96	lin	28.3333333333
220	9	Re5	D5	327	327	1	8	278	99	96		28.4444444444
221	9	Mi5	E5	336	336	1	8	278	95	96		28.5555555556
222	9	Fa5	F5	340	340	1	4	556	95	96	den 	28.7777777778
223	9	Mi5	E5	336	336	1	8	278	95	96	Ça	28.8888888889
224	9	Re5	D5	327	327	1	8	278	95	96	vuş 	29.0
225	9	Do5	C5	318	318	1	8	278	99	96	be	29.1111111111
226	9	Si4b2	B4b1	312	313	1	8	278	95	96		29.2222222222
227	9	Re5	D5	327	327	1	8	278	99	96	lin	29.3333333333
228	9	Si4b2	B4b1	312	313	1	8	278	99	96		29.4444444444
229	9	La4	A4	305	305	1	8	278	95	96		29.5555555556
230	9	La4	A4	305	305	3	16	417	95	96	den  	29.7222222222
231	9	Re5	D5	327	327	1	16	139	95	96	SAZ	29.7777777778
232	9	Mi5	E5	336	336	1	16	139	95	96	.	29.8333333333
233	9	Fa5	F5	340	340	1	16	139	95	96	.	29.8888888889
234	9	Sol5	G5	349	349	1	16	139	95	96	.	29.9444444444
235	9	La5	A5	358	358	1	16	139	95	96	.	30.0
236	9	Sol5	G5	349	349	1	4	556	95	96	ARANAĞME	30.2222222222
237	9	La5	A5	358	358	3	8	833	95	96	.	30.5555555556
238	9	Sol5	G5	349	349	1	8	278	95	96	.	30.6666666667
239	9	Fa5#2	F5#1	342	341	1	8	278	95	96	.	30.7777777778
240	9	Mi5	E5	336	336	1	8	278	95	96	.	30.8888888889
241	9	Re5	D5	327	327	1	8	278	95	96	.	31.0
242	9	Mi5	E5	336	336	1	8	278	95	96	.	31.1111111111
243	9	Fa5#2	F5#1	342	341	1	8	278	95	96	.	31.2222222222
244	9	Sol5	G5	349	349	1	8	278	95	96	.	31.3333333333
245	9	Mi5	E5	336	336	1	8	278	95	96	.	31.4444444444
246	9	Re5	D5	327	327	1	8	278	95	96	.	31.5555555556
247	9	Re5	D5	327	327	1	16	139	95	96	.	31.6111111111
248	9	Do5	C5	318	318	1	16	139	95	96	.	31.6666666667
249	9	Re5	D5	327	327	1	16	139	95	96	.	31.7222222222
250	9	Mi5	E5	336	336	1	16	139	95	96	.	31.7777777778
251	9	Do5	C5	318	318	1	8	278	95	96	.	31.8888888889
252	9	Si4b2	B4b1	312	313	1	8	278	95	96	.	32.0
253	9	La4	A4	305	305	1	8	278	95	96	.	32.1111111111
254	9	Si4b2	B4b1	312	313	1	8	278	95	96	.	32.2222222222
255	10	Do5	C5	318	318	1	8	278	95	96	.	32.3333333333
256	8	Re5	D5	327	327	0	0	0	95	96	.	32.3333333333
257	9	Do5	C5	318	318	1	8	278	95	96	.	32.4444444444
258	9	Si4b2	B4b1	312	313	1	8	278	95	96	.	32.5555555556
259	9	La4	A4	305	305	3	8	833	95	96	.	32.8888888889
260	9	Sol4	G4	296	296	1	8	278	95	96	.	33.0
261	9	La4	A4	305	305	1	8	278	95	96	.	33.1111111111
262	9	Si4b2	B4b1	312	313	1	8	278	95	96	.	33.2222222222
263	9	Do5	C5	318	318	1	8	278	95	96	.	33.3333333333
264	9	Re5	D5	327	327	1	8	278	95	96	.	33.4444444444
265	9	Mi5	E5	336	336	1	8	278	95	96	.	33.5555555556
266	9	Fa5	F5	340	340	1	16	139	95	96	.	33.6111111111
267	9	Mi5	E5	336	336	1	16	139	95	96	.	33.6666666667
268	9	Fa5	F5	340	340	1	16	139	95	96	.	33.7222222222
269	9	Sol5	G5	349	349	1	16	139	95	96	.	33.7777777778
270	9	Mi5	E5	336	336	1	8	278	95	96	.	33.8888888889
271	9	Re5	D5	327	327	1	8	278	95	96	.	34.0
272	9	Do5	C5	318	318	1	8	278	95	96	.	34.1111111111
273	9	Si4b2	B4b1	312	313	1	8	278	95	96	.	34.2222222222
274	9	Re5	D5	327	327	1	8	278	95	96	.	34.3333333333
275	9	Si4b2	B4b1	312	313	1	8	278	95	96	.	34.4444444444
276	9	La4	A4	305	305	1	8	278	95	96	.	34.5555555556
277	9	La4	A4	305	305	1	2	1111	95	96	.	35.0
278	9	Sol5	G5	349	349	1	4	556	95	96	ARANAĞME	35.2222222222
279	9	La5	A5	358	358	3	8	833	95	96	.	35.5555555556
280	9	Sol5	G5	349	349	1	8	278	95	96	.	35.6666666667
281	9	Fa5#2	F5#1	342	341	1	8	278	95	96	.	35.7777777778
282	9	Mi5	E5	336	336	1	8	278	95	96	.	35.8888888889
283	9	Re5	D5	327	327	1	8	278	95	96	.	36.0
284	9	Mi5	E5	336	336	1	8	278	95	96	.	36.1111111111
285	9	Fa5#2	F5#1	342	341	1	8	278	95	96	.	36.2222222222
286	9	Sol5	G5	349	349	1	8	278	95	96	.	36.3333333333
287	9	Mi5	E5	336	336	1	8	278	95	96	.	36.4444444444
288	9	Re5	D5	327	327	1	8	278	95	96	.	36.5555555556
289	9	Re5	D5	327	327	1	16	139	95	96	.	36.6111111111
290	9	Do5	C5	318	318	1	16	139	95	96	.	36.6666666667
291	9	Re5	D5	327	327	1	16	139	95	96	.	36.7222222222
292	9	Mi5	E5	336	336	1	16	139	95	96	.	36.7777777778
293	9	Do5	C5	318	318	1	8	278	95	96	.	36.8888888889
294	9	Si4b2	B4b1	312	313	1	8	278	95	96	.	37.0
295	9	La4	A4	305	305	1	8	278	95	96	.	37.1111111111
296	9	Si4b2	B4b1	312	313	1	8	278	95	96	.	37.2222222222
297	10	Do5	C5	318	318	1	8	278	95	96	.	37.3333333333
298	8	Re5	D5	327	327	0	0	0	95	96	.	37.3333333333
299	9	Do5	C5	318	318	1	8	278	95	96	.	37.4444444444
300	9	Si4b2	B4b1	312	313	1	8	278	95	96	.	37.5555555556
301	9	La4	A4	305	305	3	8	833	95	96	.	37.8888888889
302	9	Sol4	G4	296	296	1	8	278	95	96	.	38.0
303	9	La4	A4	305	305	1	8	278	95	96	.	38.1111111111
304	9	Si4b2	B4b1	312	313	1	8	278	95	96	.	38.2222222222
305	9	Do5	C5	318	318	1	8	278	95	96	.	38.3333333333
306	9	Re5	D5	327	327	1	8	278	95	96	.	38.4444444444
307	9	Mi5	E5	336	336	1	8	278	95	96	.	38.5555555556
308	9	Fa5	F5	340	340	1	16	139	95	96	.	38.6111111111
309	9	Mi5	E5	336	336	1	16	139	95	96	.	38.6666666667
310	9	Fa5	F5	340	340	1	16	139	95	96	.	38.7222222222
311	9	Sol5	G5	349	349	1	16	139	95	96	.	38.7777777778
312	9	Mi5	E5	336	336	1	8	278	95	96	.	38.8888888889
313	9	Re5	D5	327	327	1	8	278	95	96	.	39.0
314	9	Do5	C5	318	318	1	8	278	95	96	.	39.1111111111
315	9	Si4b2	B4b1	312	313	1	8	278	95	96	.	39.2222222222
316	9	Re5	D5	327	327	1	8	278	95	96	.	39.3333333333
317	9	Si4b2	B4b1	312	313	1	8	278	95	96	.	39.4444444444
318	9	La4	A4	305	305	1	8	278	95	96	.	39.5555555556
319	9	La4	A4	305	305	1	2	1111	95	96	.	40.0
320	9	Sol5	G5	349	349	1	4	556	95	96	İs	40.2222222222
321	9	La5	A5	358	358	3	8	833	95	96	tan	40.5555555556
322	9	Sol5	G5	349	349	1	8	278	99	96	bul	40.6666666667
323	9	Fa5#2	F5#1	342	341	1	8	278	95	96		40.7777777778
324	9	Mi5	E5	336	336	1	8	278	99	96	dan 	40.8888888889
325	9	Re5	D5	327	327	1	8	278	95	96		41.0
326	9	Mi5	E5	336	336	1	8	278	99	96	Üs	41.1111111111
327	9	Fa5#2	F5#1	342	341	1	8	278	95	96		41.2222222222
328	9	Sol5	G5	349	349	1	8	278	99	96	kü	41.3333333333
329	9	Mi5	E5	336	336	1	8	278	99	96		41.4444444444
330	9	Re5	D5	327	327	1	8	278	95	96		41.5555555556
331	9	Re5	D5	327	327	1	8	278	99	96	da	41.6666666667
332	9	Mi5	E5	336	336	1	8	278	95	96		41.7777777778
333	9	Do5	C5	318	318	1	8	278	99	96	ra 	41.8888888889
334	9	Si4b2	B4b1	312	313	1	8	278	95	96		42.0
335	9	La4	A4	305	305	1	8	278	99	96	yol 	42.1111111111
336	9	Si4b2	B4b1	312	313	1	8	278	95	96		42.2222222222
337	10	Do5	C5	318	318	1	8	278	99	96	gi	42.3333333333
338	8	Re5	D5	327	327	0	0	0	99	96		42.3333333333
339	9	Do5	C5	318	318	1	8	278	99	96		42.4444444444
340	9	Si4b2	B4b1	312	313	1	8	278	95	96		42.5555555556
341	9	La4	A4	305	305	3	8	833	99	96	der  	42.8888888889
342	9	Sol4	G4	296	296	1	8	278	95	96		43.0
343	9	La4	A4	305	305	1	8	278	99	96	yol 	43.1111111111
344	9	Si4b2	B4b1	312	313	1	8	278	95	96		43.2222222222
345	9	Do5	C5	318	318	1	8	278	99	96	gi	43.3333333333
346	9	Re5	D5	327	327	1	8	278	99	96		43.4444444444
347	9	Mi5	E5	336	336	1	8	278	95	96		43.5555555556
348	9	Fa5	F5	340	340	1	4	556	95	96	der 	43.7777777778
349	9	Mi5	E5	336	336	1	8	278	95	96	Ça	43.8888888889
350	9	Re5	D5	327	327	1	8	278	95	96	vuş 	44.0
351	9	Do5	C5	318	318	1	8	278	99	96	yol 	44.1111111111
352	9	Si4b2	B4b1	312	313	1	8	278	95	96		44.2222222222
353	9	Re5	D5	327	327	1	8	278	99	96	gi	44.3333333333
354	9	Si4b2	B4b1	312	313	1	8	278	99	96		44.4444444444
355	9	La4	A4	305	305	1	8	278	95	96		44.5555555556
356	9	La4	A4	305	305	1	2	1111	95	96	der  	45.0
357	9	Sol5	G5	349	349	1	4	556	95	96	Ha	45.2222222222
358	9	La5	A5	358	358	3	8	833	95	96	nım	45.5555555556
359	9	Sol5	G5	349	349	1	8	278	99	96	la	45.6666666667
360	9	Fa5#2	F5#1	342	341	1	8	278	95	96		45.7777777778
361	9	Mi5	E5	336	336	1	8	278	99	96	ra 	45.8888888889
362	9	Re5	D5	327	327	1	8	278	95	96		46.0
363	9	Mi5	E5	336	336	1	8	278	99	96	des	46.1111111111
364	9	Fa5#2	F5#1	342	341	1	8	278	95	96		46.2222222222
365	9	Sol5	G5	349	349	1	8	278	99	96	te 	46.3333333333
366	9	Mi5	E5	336	336	1	8	278	99	96		46.4444444444
367	9	Re5	D5	327	327	1	8	278	95	96		46.5555555556
368	9	Re5	D5	327	327	1	4	556	95	96	des	46.7777777778
369	9	Do5	C5	318	318	1	8	278	99	96	te 	46.8888888889
370	9	Si4b2	B4b1	312	313	1	8	278	95	96		47.0
371	9	La4	A4	305	305	1	8	278	99	96	gül 	47.1111111111
372	9	Si4b2	B4b1	312	313	1	8	278	95	96		47.2222222222
373	10	Do5	C5	318	318	1	8	278	99	96	gi	47.3333333333
374	8	Re5	D5	327	327	0	0	0	99	96		47.3333333333
375	9	Do5	C5	318	318	1	8	278	99	96		47.4444444444
376	9	Si4b2	B4b1	312	313	1	8	278	95	96		47.5555555556
377	9	La4	A4	305	305	3	8	833	99	96	der  	47.8888888889
378	9	Sol4	G4	296	296	1	8	278	95	96		48.0
379	9	La4	A4	305	305	1	8	278	99	96	gül 	48.1111111111
380	9	Si4b2	B4b1	312	313	1	8	278	95	96		48.2222222222
381	9	Do5	C5	318	318	1	8	278	99	96	gi	48.3333333333
382	9	Re5	D5	327	327	1	8	278	99	96		48.4444444444
383	9	Mi5	E5	336	336	1	8	278	95	96		48.5555555556
384	9	Fa5	F5	340	340	1	4	556	95	96	der 	48.7777777778
385	9	Mi5	E5	336	336	1	8	278	95	96	Ça	48.8888888889
386	9	Re5	D5	327	327	1	8	278	95	96	vuş 	49.0
387	9	Do5	C5	318	318	1	8	278	99	96	gül 	49.1111111111
388	9	Si4b2	B4b1	312	313	1	8	278	95	96		49.2222222222
389	9	Re5	D5	327	327	1	8	278	99	96	gi	49.3333333333
390	9	Si4b2	B4b1	312	313	1	8	278	99	96		49.4444444444
391	9	La4	A4	305	305	1	8	278	95	96		49.5555555556
392	9	La4	A4	305	305	1	2	1111	95	96	der  	50.0
393	9	Sol5	G5	349	349	1	4	556	95	96	Yan	50.2222222222
394	9	La5	A5	358	358	3	8	833	95	96	dım 	50.5555555556
395	9	Sol5	G5	349	349	1	8	278	99	96	Ça	50.6666666667
396	9	Fa5#2	F5#1	342	341	1	8	278	95	96		50.7777777778
397	9	Mi5	E5	336	336	1	8	278	99	96	vuş 	50.8888888889
398	9	Re5	D5	327	327	1	8	278	95	96		51.0
399	9	Mi5	E5	336	336	1	8	278	99	96	yan	51.1111111111
400	9	Fa5#2	F5#1	342	341	1	8	278	95	96		51.2222222222
401	9	Sol5	G5	349	349	1	8	278	99	96	dım 	51.3333333333
402	9	Mi5	E5	336	336	1	8	278	99	96		51.4444444444
403	9	Re5	D5	327	327	1	8	278	95	96		51.5555555556
404	9	Re5	D5	327	327	1	4	556	95	96	ben 	51.7777777778
405	9	Do5	C5	318	318	1	8	278	95	96	se	51.8888888889
406	9	Si4b2	B4b1	312	313	1	8	278	95	96	nin 	52.0
407	9	La4	A4	305	305	1	8	278	99	96	e	52.1111111111
408	9	Si4b2	B4b1	312	313	1	8	278	95	96		52.2222222222
409	10	Do5	C5	318	318	1	8	278	99	96	lin	52.3333333333
410	8	Re5	D5	327	327	0	0	0	99	96		52.3333333333
411	9	Do5	C5	318	318	1	8	278	99	96		52.4444444444
412	9	Si4b2	B4b1	312	313	1	8	278	95	96		52.5555555556
413	9	La4	A4	305	305	3	8	833	99	96	den  	52.8888888889
414	9	Sol4	G4	296	296	1	8	278	95	96		53.0
415	9	La4	A4	305	305	1	8	278	99	96	e	53.1111111111
416	9	Si4b2	B4b1	312	313	1	8	278	95	96		53.2222222222
417	9	Do5	C5	318	318	1	8	278	99	96	lin	53.3333333333
418	9	Re5	D5	327	327	1	8	278	99	96		53.4444444444
419	9	Mi5	E5	336	336	1	8	278	95	96		53.5555555556
420	9	Fa5	F5	340	340	1	4	556	95	96	den 	53.7777777778
421	9	Mi5	E5	336	336	1	8	278	95	96	Ça	53.8888888889
422	9	Re5	D5	327	327	1	8	278	95	96	vuş 	54.0
423	9	Do5	C5	318	318	1	8	278	99	96	e	54.1111111111
424	9	Si4b2	B4b1	312	313	1	8	278	95	96		54.2222222222
425	9	Re5	D5	327	327	1	8	278	99	96	lin	54.3333333333
426	9	Si4b2	B4b1	312	313	1	8	278	99	96		54.4444444444
427	9	La4	A4	305	305	1	8	278	95	96		54.5555555556
428	9	La4	A4	305	305	1	2	1111	95	96	den  	55.0
429	9	Sol5	G5	349	349	1	4	556	95	96	Çok 	55.2222222222
430	9	La5	A5	358	358	3	8	833	95	96	sa	55.5555555556
431	9	Sol5	G5	349	349	1	8	278	99	96	lın	55.6666666667
432	9	Fa5#2	F5#1	342	341	1	8	278	95	96		55.7777777778
433	9	Mi5	E5	336	336	1	8	278	99	96	ma 	55.8888888889
434	9	Re5	D5	327	327	1	8	278	95	96		56.0
435	9	Mi5	E5	336	336	1	8	278	95	96	ka	56.1111111111
436	9	Fa5#2	F5#1	342	341	1	8	278	95	96	sa	56.2222222222
437	9	Sol5	G5	349	349	1	8	278	95	96	tu	56.3333333333
438	9	Mi5	E5	336	336	1	8	278	95	96	ra 	56.4444444444
439	9	Re5	D5	327	327	1	8	278	95	96	da 	56.5555555556
440	9	Re5	D5	327	327	1	8	278	99	96	fır	56.6666666667
441	9	Mi5	E5	336	336	1	8	278	95	96		56.7777777778
442	9	Do5	C5	318	318	1	8	278	99	96	lar 	56.8888888889
443	9	Si4b2	B4b1	312	313	1	8	278	95	96		57.0
444	9	La4	A4	305	305	1	8	278	99	96	be	57.1111111111
445	9	Si4b2	B4b1	312	313	1	8	278	95	96		57.2222222222
446	10	Do5	C5	318	318	1	8	278	99	96	lin	57.3333333333
447	8	Re5	D5	327	327	0	0	0	99	96		57.3333333333
448	9	Do5	C5	318	318	1	8	278	99	96		57.4444444444
449	9	Si4b2	B4b1	312	313	1	8	278	95	96		57.5555555556
450	9	La4	A4	305	305	3	8	833	99	96	den  	57.8888888889
451	9	Sol4	G4	296	296	1	8	278	95	96		58.0
452	9	La4	A4	305	305	1	8	278	99	96	be	58.1111111111
453	9	Si4b2	B4b1	312	313	1	8	278	95	96		58.2222222222
454	9	Do5	C5	318	318	1	8	278	99	96	lin	58.3333333333
455	9	Re5	D5	327	327	1	8	278	99	96		58.4444444444
456	9	Mi5	E5	336	336	1	8	278	95	96		58.5555555556
457	9	Fa5	F5	340	340	1	4	556	95	96	den 	58.7777777778
458	9	Mi5	E5	336	336	1	8	278	95	96	Ça	58.8888888889
459	9	Re5	D5	327	327	1	8	278	95	96	vuş 	59.0
460	9	Do5	C5	318	318	1	8	278	99	96	be	59.1111111111
461	9	Si4b2	B4b1	312	313	1	8	278	95	96	KARAR	59.2222222222
462	9	Re5	D5	327	327	1	8	278	99	96	lin	59.3333333333
463	9	Si4b2	B4b1	312	313	1	8	278	99	96		59.4444444444
464	9	La4	A4	305	305	1	8	278	95	96		59.5555555556
465	9	La4	A4	305	305	1	2	1111	95	96	den  	60.0
