Sýra	Kod	Nota53	NotaAE	Koma53	KomaAE	Pay	Payda	Ms	LNS	VelOn	Söz-1
1	1	Mi5	E5	336	336	1	4	800	95	96	ARANAÐME
2	9	Do5	C5	318	318	1	8	400	95	96	.
3	9	Re5	D5	327	327	1	8	400	95	96	.
4	12	Mi5	E5	336	336	1	4	800	95	96	.
5	9	Mi5	E5	336	336	1	8	400	95	96	.
6	9	Re5	D5	327	327	1	8	400	95	96	.
7	9	Mi5	E5	336	336	1	8	400	95	96	.
8	9	Fa5#2	F5#1	342	341	1	8	400	95	96	.
9	9	Sol5	G5	349	349	1	8	400	95	96	.
10	9	La5	A5	358	358	1	8	400	95	96	.
11	8	La5	A5	358	358	1	64	50	95	96	.
12	9	Sol5	G5	349	349	1	8	400	95	96	.
13	9	Fa5#2	F5#1	342	341	1	8	400	95	96	.
14	9	Mi5	E5	336	336	1	8	400	95	96	.
15	9	Re5	D5	327	327	1	8	400	95	96	.
16	9	Re5	D5	327	327	1	16	200	95	96	.
17	9	Do5	C5	318	318	1	16	200	95	96	.
18	9	Re5	D5	327	327	1	16	200	95	96	.
19	9	Do5	C5	318	318	1	16	200	95	96	.
20	9	Re5	D5	327	327	1	8	400	95	96	.
21	9	Mi5	E5	336	336	1	8	400	95	96	.
22	12	Mi5	E5	336	336	1	4	800	95	96	.
23	9	Mi5	E5	336	336	1	8	400	95	96	.
24	9	Re5	D5	327	327	1	8	400	95	96	.
25	9	Mi5	E5	336	336	1	8	400	95	96	.
26	9	Fa5#2	F5#1	342	341	1	8	400	95	96	.
27	9	Sol5	G5	349	349	1	8	400	95	96	.
28	9	La5	A5	358	358	1	8	400	95	96	.
29	8	La5	A5	358	358	1	64	50	95	96	.
30	9	Sol5	G5	349	349	1	8	400	95	96	.
31	9	Fa5#2	F5#1	342	341	1	8	400	95	96	.
32	9	Mi5	E5	336	336	1	8	400	95	96	.
33	9	Re5	D5	327	327	1	8	400	95	96	.
34	9	Sol5	G5	349	349	1	4	800	95	96	.
35	9	Mi5	E5	336	336	1	16	200	95	96	.
36	9	Re5	D5	327	327	3	16	600	95	96	.
37	9	Re5	D5	327	327	1	16	200	95	96	.
38	9	Do5	C5	318	318	3	16	600	95	96	.
39	9	Mi5	E5	336	336	1	16	200	95	96	.
40	9	Re5	D5	327	327	3	16	600	95	96	.
41	9	Mi5	E5	336	336	1	4	800	95	96	.
42	9	Do5	C5	318	318	1	16	200	95	96	.
43	9	Si4b2	B4b1	312	313	3	16	600	95	96	.
44	9	Do5	C5	318	318	1	16	200	95	96	.
45	9	Si4b2	B4b1	312	313	3	16	600	95	96	.
46	9	Re5	D5	327	327	1	16	200	95	96	.
47	9	Re5	D5	327	327	3	16	600	95	96	.
48	9	Re5	D5	327	327	1	4	800	95	96	.
49	9	Do5	C5	318	318	1	16	200	95	96	.
50	9	Si4b2	B4b1	312	313	3	16	600	95	96	.
51	9	Si4b2	B4b1	312	313	1	16	200	95	96	.
52	9	La4	A4	305	305	3	16	600	95	96	.
53	9	Do5	C5	318	318	1	16	200	95	96	.
54	9	Do5	C5	318	318	3	16	600	95	96	.
55	9	Do5	C5	318	318	1	4	800	95	96	.
56	9	Si4b2	B4b1	312	313	1	16	200	95	96	.
57	9	La4	A4	305	305	3	16	600	95	96	.
58	9	La4	A4	305	305	1	8	400	95	96	.
59	9	La4	A4	305	305	3	8	1200	95	96	.
60	9	La4	A4	305	305	3	8	1200	95	96	.
61	9	La4	A4	305	305	1	8	400	95	96	.
62	9	La4	A4	305	305	1	8	400	95	96	.
63	9	La4	A4	305	305	1	8	400	95	96	.
64	1	La4	A4	305	305	1	16	200	95	96	.
65	1	Si4b2	B4b1	312	313	1	16	200	95	96	.
66	1	Do5	C5	318	318	1	16	200	95	96	.
67	1	Re5	D5	327	327	1	16	200	95	96	.
68	1	Mi5	E5	336	336	1	4	800	95	96	ARANAÐME
69	9	Do5	C5	318	318	1	8	400	95	96	.
70	9	Re5	D5	327	327	1	8	400	95	96	.
71	12	Mi5	E5	336	336	1	4	800	95	96	.
72	9	Mi5	E5	336	336	1	8	400	95	96	.
73	9	Re5	D5	327	327	1	8	400	95	96	.
74	9	Mi5	E5	336	336	1	8	400	95	96	.
75	9	Fa5#2	F5#1	342	341	1	8	400	95	96	.
76	9	Sol5	G5	349	349	1	8	400	95	96	.
77	9	La5	A5	358	358	1	8	400	95	96	.
78	8	La5	A5	358	358	1	64	50	95	96	.
79	9	Sol5	G5	349	349	1	8	400	95	96	.
80	9	Fa5#2	F5#1	342	341	1	8	400	95	96	.
81	9	Mi5	E5	336	336	1	8	400	95	96	.
82	9	Re5	D5	327	327	1	8	400	95	96	.
83	9	Re5	D5	327	327	1	16	200	95	96	.
84	9	Do5	C5	318	318	1	16	200	95	96	.
85	9	Re5	D5	327	327	1	16	200	95	96	.
86	9	Do5	C5	318	318	1	16	200	95	96	.
87	9	Re5	D5	327	327	1	8	400	95	96	.
88	9	Mi5	E5	336	336	1	8	400	95	96	.
89	12	Mi5	E5	336	336	1	4	800	95	96	.
90	9	Mi5	E5	336	336	1	8	400	95	96	.
91	9	Re5	D5	327	327	1	8	400	95	96	.
92	9	Mi5	E5	336	336	1	8	400	95	96	.
93	9	Fa5#2	F5#1	342	341	1	8	400	95	96	.
94	9	Sol5	G5	349	349	1	8	400	95	96	.
95	9	La5	A5	358	358	1	8	400	95	96	.
96	8	La5	A5	358	358	1	64	50	95	96	.
97	9	Sol5	G5	349	349	1	8	400	95	96	.
98	9	Fa5#2	F5#1	342	341	1	8	400	95	96	.
99	9	Mi5	E5	336	336	1	8	400	95	96	.
100	9	Re5	D5	327	327	1	8	400	95	96	.
101	9	Sol5	G5	349	349	1	4	800	95	96	.
102	9	Mi5	E5	336	336	1	16	200	95	96	.
103	9	Re5	D5	327	327	3	16	600	95	96	.
104	9	Re5	D5	327	327	1	16	200	95	96	.
105	9	Do5	C5	318	318	3	16	600	95	96	.
106	9	Mi5	E5	336	336	1	16	200	95	96	.
107	9	Re5	D5	327	327	3	16	600	95	96	.
108	9	Mi5	E5	336	336	1	4	800	95	96	.
109	9	Do5	C5	318	318	1	16	200	95	96	.
110	9	Si4b2	B4b1	312	313	3	16	600	95	96	.
111	9	Do5	C5	318	318	1	16	200	95	96	.
112	9	Si4b2	B4b1	312	313	3	16	600	95	96	.
113	9	Re5	D5	327	327	1	16	200	95	96	.
114	9	Re5	D5	327	327	3	16	600	95	96	.
115	9	Re5	D5	327	327	1	4	800	95	96	.
116	9	Do5	C5	318	318	1	16	200	95	96	.
117	9	Si4b2	B4b1	312	313	3	16	600	95	96	.
118	9	Si4b2	B4b1	312	313	1	16	200	95	96	.
119	9	La4	A4	305	305	3	16	600	95	96	.
120	9	Do5	C5	318	318	1	16	200	95	96	.
121	9	Do5	C5	318	318	3	16	600	95	96	.
122	9	Do5	C5	318	318	1	4	800	95	96	.
123	9	Si4b2	B4b1	312	313	1	16	200	95	96	.
124	9	La4	A4	305	305	3	16	600	95	96	.
125	9	La4	A4	305	305	1	8	400	95	96	.
126	9	La4	A4	305	305	3	8	1200	95	96	.
127	9	La4	A4	305	305	3	8	1200	95	96	.
128	9	La4	A4	305	305	1	8	400	95	96	.
129	9	La4	A4	305	305	1	8	400	95	96	.
130	9	La4	A4	305	305	1	8	400	95	96	.
131	1	Re5	D5	327	327	1	16	200	95	96	.
132	1	Mi5	E5	336	336	1	16	200	95	96	.
133	1	Fa5#3	F5#4	343	344	1	16	200	95	96	.
134	1	Sol5	G5	349	349	1	16	200	95	96	.
135	1	La5	A5	358	358	1	4	800	95	96	.
136	9	Fa5#3	F5#4	343	344	1	8	400	95	96	El
137	9	Sol5	G5	349	349	1	8	400	95	96	ma 
138	9	La5	A5	358	358	1	4	800	95	96	at
139	9	La5	A5	358	358	1	4	800	95	96	tým 
140	9	La5	A5	358	358	3	16	600	99	96	yu
141	9	Do6	C6	371	371	1	16	200	95	96	
142	9	Si5b2	B5b1	365	366	3	16	600	99	96	var
143	9	La5	A5	358	358	1	16	200	95	96	
144	9	La5	A5	358	358	3	16	600	99	96	lan
145	9	Fa5#3	F5#4	343	344	1	16	200	95	96	
146	9	Sol5	G5	349	349	1	16	200	99	96	dý 
147	9	Fa5#3	F5#4	343	344	1	16	200	99	96	
148	9	Sol5	G5	349	349	1	16	200	99	96	
149	9	Fa5#3	F5#4	343	344	1	16	200	95	96	
150	9	La5	A5	358	358	1	16	200	99	96	uy  
151	9	Fa5#3	F5#4	343	344	1	16	200	99	96	
152	9	Sol5	G5	349	349	1	16	200	99	96	
153	9	Fa5#3	F5#4	343	344	1	16	200	99	96	
154	9	La5	A5	358	358	1	16	200	99	96	
155	9	Fa5#3	F5#4	343	344	1	16	200	99	96	
156	9	Sol5	G5	349	349	1	16	200	99	96	
157	9	Fa5#3	F5#4	343	344	1	16	200	99	96	
158	9	La5	A5	358	358	1	16	200	99	96	
159	9	Fa5#3	F5#4	343	344	1	16	200	99	96	
160	9	Sol5	G5	349	349	1	16	200	99	96	
161	9	Fa5#3	F5#4	343	344	1	16	200	99	96	
162	9	La5	A5	358	358	1	16	200	99	96	
163	9	Fa5#3	F5#4	343	344	1	16	200	99	96	
164	9	Sol5	G5	349	349	1	16	200	99	96	
165	9	Fa5#3	F5#4	343	344	1	16	200	99	96	
166	9	Sol5	G5	349	349	5	8	2000	95	96	
167	1	Sol5	G5	349	349	1	8	400	50	96	SAZ
168	1	Sol5	G5	349	349	1	8	400	50	96	.
169	1	Sol5	G5	349	349	1	8	400	50	96	.
170	1	Sol5	G5	349	349	1	4	800	95	96	.
171	9	Fa5#3	F5#4	343	344	1	8	400	95	96	Git
172	9	Sol5	G5	349	349	1	8	400	95	96	ti 
173	9	Sol5	G5	349	349	1	4	800	95	96	be
174	9	Sol5	G5	349	349	1	4	800	95	96	þi
175	9	Sol5	G5	349	349	3	16	600	99	96	ðe 
176	9	Fa5#3	F5#4	343	344	1	16	200	95	96	
177	9	Sol5	G5	349	349	1	8	400	99	96	da
178	9	La5	A5	358	358	1	8	400	95	96	
179	9	Sol5	G5	349	349	1	8	400	99	96	yan
180	9	Fa5#2	F5#1	342	341	1	8	400	95	96	
181	9	Mi5	E5	336	336	1	8	400	99	96	dý  
182	9	Re5	D5	327	327	3	8	1200	95	96	
183	9	Fa5#3	F5#4	343	344	1	8	400	95	96	Be
184	9	Sol5	G5	349	349	1	8	400	95	96	bek_
185	9	Sol5	G5	349	349	1	4	800	95	96	uy
186	9	Sol5	G5	349	349	1	4	800	95	96	ku
187	9	Sol5	G5	349	349	3	16	600	99	96	dan_
188	9	Fa5#3	F5#4	343	344	1	16	200	95	96	
189	9	Sol5	G5	349	349	1	8	400	99	96	u
190	9	La5	A5	358	358	1	8	400	95	96	
191	9	Sol5	G5	349	349	1	8	400	99	96	yan
192	9	Fa5#2	F5#1	342	341	1	8	400	95	96	
193	9	Mi5	E5	336	336	1	8	400	99	96	dý  
194	9	Re5	D5	327	327	1	8	400	95	96	
195	9	La5	A5	358	358	1	4	800	95	96	Nen
196	9	Sol5	G5	349	349	1	16	200	99	96	ni 
197	9	Fa5#3	F5#4	343	344	3	16	600	95	96	
198	9	Fa5#3	F5#4	343	344	1	16	200	95	96	o
199	9	Mi5	E5	336	336	3	16	600	95	96	ðul 
200	9	Sol5	G5	349	349	1	16	200	95	96	o
201	9	Mi5	E5	336	336	3	16	600	95	96	ðul 
202	9	Sol5	G5	349	349	1	4	800	95	96	Nen
203	9	Mi5	E5	336	336	1	16	200	99	96	ni 
204	9	Re5	D5	327	327	3	16	600	95	96	
205	9	Re5	D5	327	327	1	16	200	95	96	yav
206	9	Do5	C5	318	318	3	16	600	95	96	ru 
207	9	Mi5	E5	336	336	1	16	200	95	96	yav
208	9	Re5	D5	327	327	3	16	600	95	96	ru  
209	9	Mi5	E5	336	336	1	4	800	95	96	Nen
210	9	Do5	C5	318	318	1	16	200	99	96	ni 
211	9	Si4b2	B4b1	312	313	3	16	600	95	96	
212	9	Do5	C5	318	318	1	16	200	95	96	gü
213	9	Si4b2	B4b1	312	313	3	16	600	95	96	lüm 
214	9	Re5	D5	327	327	1	16	200	95	96	gü
215	9	Re5	D5	327	327	3	16	600	95	96	lüm  
216	9	Re5	D5	327	327	1	4	800	95	96	Nen
217	9	Do5	C5	318	318	1	16	200	99	96	ni 
218	9	Si4b2	B4b1	312	313	3	16	600	95	96	
219	9	Si4b2	B4b1	312	313	1	16	200	95	96	ba
220	9	La4	A4	305	305	3	16	600	95	96	lým 
221	9	Do5	C5	318	318	1	16	200	95	96	ba
222	9	Do5	C5	318	318	3	16	600	95	96	lým  
223	9	Do5	C5	318	318	1	4	800	95	96	Nen
224	9	Si4b2	B4b1	312	313	1	8	400	99	96	ni 
225	9	La4	A4	305	305	1	8	400	95	96	
226	9	La4	A4	305	305	1	8	400	95	96	be
227	9	La4	A4	305	305	3	8	1200	95	96	bek 
228	9	La4	A4	305	305	5	8	2000	95	96	uy  
229	1	La4	A4	305	305	1	8	400	95	96	SAZ
230	1	Do5	C5	318	318	1	8	400	95	96	.
231	1	Re5	D5	327	327	1	8	400	95	96	.
232	1	Mi5	E5	336	336	1	4	800	95	96	.
233	9	Do5	C5	318	318	1	8	400	95	96	Sa
234	9	Re5	D5	327	327	1	8	400	95	96	na 
235	9	Mi5	E5	336	336	1	4	800	95	96	be
236	12	Mi5	E5	336	336	1	8	400	99	96	bek 
237	9	Re5	D5	327	327	1	8	400	95	96	
238	9	Mi5	E5	336	336	1	8	400	99	96	di
239	9	Fa5#2	F5#1	342	341	1	8	400	95	96	
240	9	Sol5	G5	349	349	1	8	400	99	96	ye
241	9	La5	A5	358	358	1	8	400	95	96	
242	8	La5	A5	358	358	1	64	50	95	96	
243	9	Sol5	G5	349	349	1	8	400	99	96	me
244	9	Fa5#2	F5#1	342	341	1	8	400	95	96	
245	9	Mi5	E5	336	336	1	8	400	99	96	dim  
246	9	Re5	D5	327	327	1	8	400	95	96	
247	9	Re5	D5	327	327	1	16	200	95	96	SAZ
248	9	Do5	C5	318	318	1	16	200	95	96	.
249	9	Re5	D5	327	327	1	16	200	95	96	.
250	9	Do5	C5	318	318	1	16	200	95	96	.
251	9	Re5	D5	327	327	1	8	400	95	96	Kal
252	9	Mi5	E5	336	336	1	8	400	95	96	kýp_
253	9	Mi5	E5	336	336	1	4	800	95	96	em
254	12	Mi5	E5	336	336	1	8	400	99	96	zik 
255	9	Re5	D5	327	327	1	8	400	95	96	
256	9	Mi5	E5	336	336	1	8	400	99	96	ve
257	9	Fa5#2	F5#1	342	341	1	8	400	95	96	
258	9	Sol5	G5	349	349	1	8	400	99	96	re
259	9	La5	A5	358	358	1	8	400	95	96	
260	8	La5	A5	358	358	1	64	50	95	96	
261	9	Sol5	G5	349	349	1	8	400	99	96	me
262	9	Fa5#2	F5#1	342	341	1	8	400	95	96	
263	9	Mi5	E5	336	336	1	8	400	99	96	dim  
264	9	Re5	D5	327	327	1	8	400	95	96	
265	9	Sol5	G5	349	349	1	4	800	95	96	Nen
266	9	Mi5	E5	336	336	1	16	200	99	96	ni 
267	9	Re5	D5	327	327	3	16	600	95	96	
268	9	Re5	D5	327	327	1	16	200	95	96	o
269	9	Do5	C5	318	318	3	16	600	95	96	ðul 
270	9	Mi5	E5	336	336	1	16	200	95	96	o
271	9	Re5	D5	327	327	3	16	600	95	96	ðul  
272	9	Re5	D5	327	327	1	4	800	95	96	Nen
273	9	Do5	C5	318	318	1	16	200	99	96	ni 
274	9	Si4b2	B4b1	312	313	3	16	600	95	96	
275	9	Do5	C5	318	318	1	16	200	95	96	yav
276	9	Si4b2	B4b1	312	313	3	16	600	95	96	ru
277	9	Re5	D5	327	327	1	16	200	95	96	yav
278	9	Re5	D5	327	327	3	16	600	95	96	ru  
279	9	Re5	D5	327	327	1	4	800	95	96	Nen
280	9	Do5	C5	318	318	1	16	200	99	96	ni 
281	9	Si4b2	B4b1	312	313	3	16	600	95	96	
282	9	Si4b2	B4b1	312	313	1	16	200	95	96	gü
283	9	La4	A4	305	305	3	16	600	95	96	lüm 
284	9	Do5	C5	318	318	1	16	200	95	96	gü
285	9	Do5	C5	318	318	3	16	600	95	96	lüm  
286	9	Do5	C5	318	318	1	4	800	95	96	Nen
287	9	Si4b2	B4b1	312	313	1	16	200	99	96	ni 
288	9	La4	A4	305	305	3	16	600	95	96	
289	9	La4	A4	305	305	1	8	400	95	96	be
290	9	La4	A4	305	305	3	8	1200	95	96	bek 
291	9	La4	A4	305	305	1	1	3200	95	96	uy  
292	1	Mi5	E5	336	336	1	4	800	95	96	.
293	9	Do5	C5	318	318	1	8	400	95	96	Sa
294	9	Re5	D5	327	327	1	8	400	95	96	na 
295	9	Mi5	E5	336	336	1	4	800	95	96	be
296	12	Mi5	E5	336	336	1	8	400	99	96	bek 
297	9	Re5	D5	327	327	1	8	400	95	96	
298	9	Mi5	E5	336	336	1	8	400	99	96	di
299	9	Fa5#2	F5#1	342	341	1	8	400	95	96	
300	9	Sol5	G5	349	349	1	8	400	99	96	ye
301	9	La5	A5	358	358	1	8	400	95	96	
302	8	La5	A5	358	358	1	64	50	95	96	
303	9	Sol5	G5	349	349	1	8	400	99	96	me
304	9	Fa5#2	F5#1	342	341	1	8	400	95	96	
305	9	Mi5	E5	336	336	1	8	400	99	96	dim  
306	9	Re5	D5	327	327	1	8	400	95	96	
307	9	Re5	D5	327	327	1	16	200	95	96	SAZ
308	9	Do5	C5	318	318	1	16	200	95	96	.
309	9	Re5	D5	327	327	1	16	200	95	96	.
310	9	Do5	C5	318	318	1	16	200	95	96	.
311	9	Re5	D5	327	327	1	8	400	95	96	Kal
312	9	Mi5	E5	336	336	1	8	400	95	96	kýp_
313	9	Mi5	E5	336	336	1	4	800	95	96	em
314	12	Mi5	E5	336	336	1	8	400	99	96	zik 
315	9	Re5	D5	327	327	1	8	400	95	96	
316	9	Mi5	E5	336	336	1	8	400	99	96	ve
317	9	Fa5#2	F5#1	342	341	1	8	400	95	96	
318	9	Sol5	G5	349	349	1	8	400	99	96	re
319	9	La5	A5	358	358	1	8	400	95	96	
320	8	La5	A5	358	358	1	64	50	95	96	
321	9	Sol5	G5	349	349	1	8	400	99	96	me
322	9	Fa5#2	F5#1	342	341	1	8	400	95	96	
323	9	Mi5	E5	336	336	1	8	400	99	96	dim  
324	9	Re5	D5	327	327	1	8	400	95	96	
325	9	Sol5	G5	349	349	1	4	800	95	96	Nen
326	9	Mi5	E5	336	336	1	16	200	99	96	ni 
327	9	Re5	D5	327	327	3	16	600	95	96	
328	9	Re5	D5	327	327	1	16	200	95	96	o
329	9	Do5	C5	318	318	3	16	600	95	96	ðul 
330	9	Mi5	E5	336	336	1	16	200	95	96	o
331	9	Re5	D5	327	327	3	16	600	95	96	ðul  
332	9	Re5	D5	327	327	1	4	800	95	96	Nen
333	9	Do5	C5	318	318	1	16	200	99	96	ni 
334	9	Si4b2	B4b1	312	313	3	16	600	95	96	
335	9	Do5	C5	318	318	1	16	200	95	96	yav
336	9	Si4b2	B4b1	312	313	3	16	600	95	96	ru
337	9	Re5	D5	327	327	1	16	200	95	96	yav
338	9	Re5	D5	327	327	3	16	600	95	96	ru  
339	9	Re5	D5	327	327	1	4	800	95	96	Nen
340	9	Do5	C5	318	318	1	16	200	99	96	ni 
341	9	Si4b2	B4b1	312	313	3	16	600	95	96	
342	9	Si4b2	B4b1	312	313	1	16	200	95	96	gü
343	9	La4	A4	305	305	3	16	600	95	96	lüm 
344	9	Do5	C5	318	318	1	16	200	95	96	gü
345	9	Do5	C5	318	318	3	16	600	95	96	lüm  
346	9	Do5	C5	318	318	1	4	800	95	96	Nen
347	9	Si4b2	B4b1	312	313	1	16	200	99	96	ni 
348	9	La4	A4	305	305	3	16	600	95	96	
349	9	La4	A4	305	305	1	8	400	95	96	be
350	9	La4	A4	305	305	3	8	1200	95	96	bek 
351	9	La4	A4	305	305	1	1	3200	95	96	uy  
352	1	Mi5	E5	336	336	1	4	800	95	96	ARANAÐME
353	9	Do5	C5	318	318	1	8	400	95	96	.
354	9	Re5	D5	327	327	1	8	400	95	96	.
355	12	Mi5	E5	336	336	1	4	800	95	96	.
356	9	Mi5	E5	336	336	1	8	400	95	96	.
357	9	Re5	D5	327	327	1	8	400	95	96	.
358	9	Mi5	E5	336	336	1	8	400	95	96	.
359	9	Fa5#2	F5#1	342	341	1	8	400	95	96	.
360	9	Sol5	G5	349	349	1	8	400	95	96	.
361	9	La5	A5	358	358	1	8	400	95	96	.
362	8	La5	A5	358	358	1	64	50	95	96	.
363	9	Sol5	G5	349	349	1	8	400	95	96	.
364	9	Fa5#2	F5#1	342	341	1	8	400	95	96	.
365	9	Mi5	E5	336	336	1	8	400	95	96	.
366	9	Re5	D5	327	327	1	8	400	95	96	.
367	9	Re5	D5	327	327	1	16	200	95	96	.
368	9	Do5	C5	318	318	1	16	200	95	96	.
369	9	Re5	D5	327	327	1	16	200	95	96	.
370	9	Do5	C5	318	318	1	16	200	95	96	.
371	9	Re5	D5	327	327	1	8	400	95	96	.
372	9	Mi5	E5	336	336	1	8	400	95	96	.
373	12	Mi5	E5	336	336	1	4	800	95	96	.
374	9	Mi5	E5	336	336	1	8	400	95	96	.
375	9	Re5	D5	327	327	1	8	400	95	96	.
376	9	Mi5	E5	336	336	1	8	400	95	96	.
377	9	Fa5#2	F5#1	342	341	1	8	400	95	96	.
378	9	Sol5	G5	349	349	1	8	400	95	96	.
379	9	La5	A5	358	358	1	8	400	95	96	.
380	8	La5	A5	358	358	1	64	50	95	96	.
381	9	Sol5	G5	349	349	1	8	400	95	96	.
382	9	Fa5#2	F5#1	342	341	1	8	400	95	96	.
383	9	Mi5	E5	336	336	1	8	400	95	96	.
384	9	Re5	D5	327	327	1	8	400	95	96	.
385	9	Sol5	G5	349	349	1	4	800	95	96	.
386	9	Mi5	E5	336	336	1	16	200	95	96	.
387	9	Re5	D5	327	327	3	16	600	95	96	.
388	9	Re5	D5	327	327	1	16	200	95	96	.
389	9	Do5	C5	318	318	3	16	600	95	96	.
390	9	Mi5	E5	336	336	1	16	200	95	96	.
391	9	Re5	D5	327	327	3	16	600	95	96	.
392	9	Mi5	E5	336	336	1	4	800	95	96	.
393	9	Do5	C5	318	318	1	16	200	95	96	.
394	9	Si4b2	B4b1	312	313	3	16	600	95	96	.
395	9	Do5	C5	318	318	1	16	200	95	96	.
396	9	Si4b2	B4b1	312	313	3	16	600	95	96	.
397	9	Re5	D5	327	327	1	16	200	95	96	.
398	9	Re5	D5	327	327	3	16	600	95	96	.
399	9	Re5	D5	327	327	1	4	800	95	96	.
400	9	Do5	C5	318	318	1	16	200	95	96	.
401	9	Si4b2	B4b1	312	313	3	16	600	95	96	.
402	9	Si4b2	B4b1	312	313	1	16	200	95	96	.
403	9	La4	A4	305	305	3	16	600	95	96	.
404	9	Do5	C5	318	318	1	16	200	95	96	.
405	9	Do5	C5	318	318	3	16	600	95	96	.
406	9	Do5	C5	318	318	1	4	800	95	96	.
407	9	Si4b2	B4b1	312	313	1	16	200	95	96	.
408	9	La4	A4	305	305	3	16	600	95	96	.
409	9	La4	A4	305	305	1	8	400	95	96	.
410	9	La4	A4	305	305	3	8	1200	95	96	.
411	9	La4	A4	305	305	3	8	1200	95	96	.
412	9	La4	A4	305	305	1	8	400	95	96	.
413	9	La4	A4	305	305	1	8	400	95	96	.
414	9	La4	A4	305	305	1	8	400	95	96	.
415	1	La4	A4	305	305	1	16	200	95	96	.
416	1	Si4b2	B4b1	312	313	1	16	200	95	96	.
417	1	Do5	C5	318	318	1	16	200	95	96	.
418	1	Re5	D5	327	327	1	16	200	95	96	.
419	1	Mi5	E5	336	336	1	4	800	95	96	ARANAÐME
420	9	Do5	C5	318	318	1	8	400	95	96	.
421	9	Re5	D5	327	327	1	8	400	95	96	.
422	12	Mi5	E5	336	336	1	4	800	95	96	.
423	9	Mi5	E5	336	336	1	8	400	95	96	.
424	9	Re5	D5	327	327	1	8	400	95	96	.
425	9	Mi5	E5	336	336	1	8	400	95	96	.
426	9	Fa5#2	F5#1	342	341	1	8	400	95	96	.
427	9	Sol5	G5	349	349	1	8	400	95	96	.
428	9	La5	A5	358	358	1	8	400	95	96	.
429	8	La5	A5	358	358	1	64	50	95	96	.
430	9	Sol5	G5	349	349	1	8	400	95	96	.
431	9	Fa5#2	F5#1	342	341	1	8	400	95	96	.
432	9	Mi5	E5	336	336	1	8	400	95	96	.
433	9	Re5	D5	327	327	1	8	400	95	96	.
434	9	Re5	D5	327	327	1	16	200	95	96	.
435	9	Do5	C5	318	318	1	16	200	95	96	.
436	9	Re5	D5	327	327	1	16	200	95	96	.
437	9	Do5	C5	318	318	1	16	200	95	96	.
438	9	Re5	D5	327	327	1	8	400	95	96	.
439	9	Mi5	E5	336	336	1	8	400	95	96	.
440	12	Mi5	E5	336	336	1	4	800	95	96	.
441	9	Mi5	E5	336	336	1	8	400	95	96	.
442	9	Re5	D5	327	327	1	8	400	95	96	.
443	9	Mi5	E5	336	336	1	8	400	95	96	.
444	9	Fa5#2	F5#1	342	341	1	8	400	95	96	.
445	9	Sol5	G5	349	349	1	8	400	95	96	.
446	9	La5	A5	358	358	1	8	400	95	96	.
447	8	La5	A5	358	358	1	64	50	95	96	.
448	9	Sol5	G5	349	349	1	8	400	95	96	.
449	9	Fa5#2	F5#1	342	341	1	8	400	95	96	.
450	9	Mi5	E5	336	336	1	8	400	95	96	.
451	9	Re5	D5	327	327	1	8	400	95	96	.
452	9	Sol5	G5	349	349	1	4	800	95	96	.
453	9	Mi5	E5	336	336	1	16	200	95	96	.
454	9	Re5	D5	327	327	3	16	600	95	96	.
455	9	Re5	D5	327	327	1	16	200	95	96	.
456	9	Do5	C5	318	318	3	16	600	95	96	.
457	9	Mi5	E5	336	336	1	16	200	95	96	.
458	9	Re5	D5	327	327	3	16	600	95	96	.
459	9	Mi5	E5	336	336	1	4	800	95	96	.
460	9	Do5	C5	318	318	1	16	200	95	96	.
461	9	Si4b2	B4b1	312	313	3	16	600	95	96	.
462	9	Do5	C5	318	318	1	16	200	95	96	.
463	9	Si4b2	B4b1	312	313	3	16	600	95	96	.
464	9	Re5	D5	327	327	1	16	200	95	96	.
465	9	Re5	D5	327	327	3	16	600	95	96	.
466	9	Re5	D5	327	327	1	4	800	95	96	.
467	9	Do5	C5	318	318	1	16	200	95	96	.
468	9	Si4b2	B4b1	312	313	3	16	600	95	96	.
469	9	Si4b2	B4b1	312	313	1	16	200	95	96	.
470	9	La4	A4	305	305	3	16	600	95	96	.
471	9	Do5	C5	318	318	1	16	200	95	96	.
472	9	Do5	C5	318	318	3	16	600	95	96	.
473	9	Do5	C5	318	318	1	4	800	95	96	.
474	9	Si4b2	B4b1	312	313	1	16	200	95	96	.
475	9	La4	A4	305	305	3	16	600	95	96	.
476	9	La4	A4	305	305	1	8	400	95	96	.
477	9	La4	A4	305	305	3	8	1200	95	96	.
478	9	La4	A4	305	305	3	8	1200	95	96	.
479	9	La4	A4	305	305	1	8	400	95	96	.
480	9	La4	A4	305	305	1	8	400	95	96	.
481	9	La4	A4	305	305	1	8	400	95	96	.
482	1	Re5	D5	327	327	1	16	200	95	96	.
483	1	Mi5	E5	336	336	1	16	200	95	96	.
484	1	Fa5#3	F5#4	343	344	1	16	200	95	96	.
485	1	Sol5	G5	349	349	1	16	200	95	96	.
486	1	La5	A5	358	358	1	4	800	95	96	.
487	9	Fa5#3	F5#4	343	344	1	8	400	95	96	El
488	9	Sol5	G5	349	349	1	8	400	95	96	ma 
489	9	La5	A5	358	358	1	4	800	95	96	at
490	9	La5	A5	358	358	1	4	800	95	96	tým 
491	9	La5	A5	358	358	3	16	600	99	96	yu
492	9	Do6	C6	371	371	1	16	200	95	96	
493	9	Si5b2	B5b1	365	366	3	16	600	99	96	var
494	9	La5	A5	358	358	1	16	200	95	96	
495	9	La5	A5	358	358	3	16	600	99	96	lan
496	9	Fa5#3	F5#4	343	344	1	16	200	95	96	
497	9	Sol5	G5	349	349	1	16	200	99	96	dý 
498	9	Fa5#3	F5#4	343	344	1	16	200	99	96	
499	9	Sol5	G5	349	349	1	16	200	99	96	
500	9	Fa5#3	F5#4	343	344	1	16	200	95	96	
501	9	La5	A5	358	358	1	16	200	99	96	uy  
502	9	Fa5#3	F5#4	343	344	1	16	200	99	96	
503	9	Sol5	G5	349	349	1	16	200	99	96	
504	9	Fa5#3	F5#4	343	344	1	16	200	99	96	
505	9	La5	A5	358	358	1	16	200	99	96	
506	9	Fa5#3	F5#4	343	344	1	16	200	99	96	
507	9	Sol5	G5	349	349	1	16	200	99	96	
508	9	Fa5#3	F5#4	343	344	1	16	200	99	96	
509	9	La5	A5	358	358	1	16	200	99	96	
510	9	Fa5#3	F5#4	343	344	1	16	200	99	96	
511	9	Sol5	G5	349	349	1	16	200	99	96	
512	9	Fa5#3	F5#4	343	344	1	16	200	99	96	
513	9	La5	A5	358	358	1	16	200	99	96	
514	9	Fa5#3	F5#4	343	344	1	16	200	99	96	
515	9	Sol5	G5	349	349	1	16	200	99	96	
516	9	Fa5#3	F5#4	343	344	1	16	200	99	96	
517	9	Sol5	G5	349	349	5	8	2000	95	96	
518	1	Sol5	G5	349	349	1	8	400	50	96	SAZ
519	1	Sol5	G5	349	349	1	8	400	50	96	.
520	1	Sol5	G5	349	349	1	8	400	50	96	.
521	1	Sol5	G5	349	349	1	4	800	95	96	.
522	9	Fa5#3	F5#4	343	344	1	8	400	95	96	Git
523	9	Sol5	G5	349	349	1	8	400	95	96	ti 
524	9	Sol5	G5	349	349	1	4	800	95	96	be
525	9	Sol5	G5	349	349	1	4	800	95	96	þi
526	9	Sol5	G5	349	349	3	16	600	99	96	ðe 
527	9	Fa5#3	F5#4	343	344	1	16	200	95	96	
528	9	Sol5	G5	349	349	1	8	400	99	96	da
529	9	La5	A5	358	358	1	8	400	95	96	
530	9	Sol5	G5	349	349	1	8	400	99	96	yan
531	9	Fa5#2	F5#1	342	341	1	8	400	95	96	
532	9	Mi5	E5	336	336	1	8	400	99	96	dý  
533	9	Re5	D5	327	327	3	8	1200	95	96	
534	9	Fa5#3	F5#4	343	344	1	8	400	95	96	Be
535	9	Sol5	G5	349	349	1	8	400	95	96	bek_
536	9	Sol5	G5	349	349	1	4	800	95	96	uy
537	9	Sol5	G5	349	349	1	4	800	95	96	ku
538	9	Sol5	G5	349	349	3	16	600	99	96	dan_
539	9	Fa5#3	F5#4	343	344	1	16	200	95	96	
540	9	Sol5	G5	349	349	1	8	400	99	96	u
541	9	La5	A5	358	358	1	8	400	95	96	
542	9	Sol5	G5	349	349	1	8	400	99	96	yan
543	9	Fa5#2	F5#1	342	341	1	8	400	95	96	
544	9	Mi5	E5	336	336	1	8	400	99	96	dý  
545	9	Re5	D5	327	327	1	8	400	95	96	
546	9	La5	A5	358	358	1	4	800	95	96	Nen
547	9	Sol5	G5	349	349	1	16	200	99	96	ni 
548	9	Fa5#3	F5#4	343	344	3	16	600	95	96	
549	9	Fa5#3	F5#4	343	344	1	16	200	95	96	o
550	9	Mi5	E5	336	336	3	16	600	95	96	ðul 
551	9	Sol5	G5	349	349	1	16	200	95	96	o
552	9	Mi5	E5	336	336	3	16	600	95	96	ðul 
553	9	Sol5	G5	349	349	1	4	800	95	96	Nen
554	9	Mi5	E5	336	336	1	16	200	99	96	ni 
555	9	Re5	D5	327	327	3	16	600	95	96	
556	9	Re5	D5	327	327	1	16	200	95	96	yav
557	9	Do5	C5	318	318	3	16	600	95	96	ru 
558	9	Mi5	E5	336	336	1	16	200	95	96	yav
559	9	Re5	D5	327	327	3	16	600	95	96	ru  
560	9	Mi5	E5	336	336	1	4	800	95	96	Nen
561	9	Do5	C5	318	318	1	16	200	99	96	ni 
562	9	Si4b2	B4b1	312	313	3	16	600	95	96	
563	9	Do5	C5	318	318	1	16	200	95	96	gü
564	9	Si4b2	B4b1	312	313	3	16	600	95	96	lüm 
565	9	Re5	D5	327	327	1	16	200	95	96	gü
566	9	Re5	D5	327	327	3	16	600	95	96	lüm  
567	9	Re5	D5	327	327	1	4	800	95	96	Nen
568	9	Do5	C5	318	318	1	16	200	99	96	ni 
569	9	Si4b2	B4b1	312	313	3	16	600	95	96	
570	9	Si4b2	B4b1	312	313	1	16	200	95	96	ba
571	9	La4	A4	305	305	3	16	600	95	96	lým 
572	9	Do5	C5	318	318	1	16	200	95	96	ba
573	9	Do5	C5	318	318	3	16	600	95	96	lým  
574	9	Do5	C5	318	318	1	4	800	95	96	Nen
575	9	Si4b2	B4b1	312	313	1	8	400	99	96	ni 
576	9	La4	A4	305	305	1	8	400	95	96	
577	9	La4	A4	305	305	1	8	400	95	96	be
578	9	La4	A4	305	305	3	8	1200	95	96	bek 
579	9	La4	A4	305	305	5	8	2000	95	96	uy  
580	1	La4	A4	305	305	1	8	400	95	96	SAZ
581	1	Do5	C5	318	318	1	8	400	95	96	.
582	1	Re5	D5	327	327	1	8	400	95	96	.
583	1	Mi5	E5	336	336	1	4	800	95	96	.
584	9	Do5	C5	318	318	1	8	400	95	96	Sa
585	9	Re5	D5	327	327	1	8	400	95	96	na 
586	9	Mi5	E5	336	336	1	4	800	95	96	be
587	12	Mi5	E5	336	336	1	8	400	99	96	bek 
588	9	Re5	D5	327	327	1	8	400	95	96	
589	9	Mi5	E5	336	336	1	8	400	99	96	di
590	9	Fa5#2	F5#1	342	341	1	8	400	95	96	
591	9	Sol5	G5	349	349	1	8	400	99	96	ye
592	9	La5	A5	358	358	1	8	400	95	96	
593	8	La5	A5	358	358	1	64	50	95	96	
594	9	Sol5	G5	349	349	1	8	400	99	96	me
595	9	Fa5#2	F5#1	342	341	1	8	400	95	96	
596	9	Mi5	E5	336	336	1	8	400	99	96	dim  
597	9	Re5	D5	327	327	1	8	400	95	96	
598	9	Re5	D5	327	327	1	16	200	95	96	SAZ
599	9	Do5	C5	318	318	1	16	200	95	96	.
600	9	Re5	D5	327	327	1	16	200	95	96	.
601	9	Do5	C5	318	318	1	16	200	95	96	.
602	9	Re5	D5	327	327	1	8	400	95	96	Kal
603	9	Mi5	E5	336	336	1	8	400	95	96	kýp_
604	9	Mi5	E5	336	336	1	4	800	95	96	em
605	12	Mi5	E5	336	336	1	8	400	99	96	zik 
606	9	Re5	D5	327	327	1	8	400	95	96	
607	9	Mi5	E5	336	336	1	8	400	99	96	ve
608	9	Fa5#2	F5#1	342	341	1	8	400	95	96	
609	9	Sol5	G5	349	349	1	8	400	99	96	re
610	9	La5	A5	358	358	1	8	400	95	96	
611	8	La5	A5	358	358	1	64	50	95	96	
612	9	Sol5	G5	349	349	1	8	400	99	96	me
613	9	Fa5#2	F5#1	342	341	1	8	400	95	96	
614	9	Mi5	E5	336	336	1	8	400	99	96	dim  
615	9	Re5	D5	327	327	1	8	400	95	96	
616	9	Sol5	G5	349	349	1	4	800	95	96	Nen
617	9	Mi5	E5	336	336	1	16	200	99	96	ni 
618	9	Re5	D5	327	327	3	16	600	95	96	
619	9	Re5	D5	327	327	1	16	200	95	96	o
620	9	Do5	C5	318	318	3	16	600	95	96	ðul 
621	9	Mi5	E5	336	336	1	16	200	95	96	o
622	9	Re5	D5	327	327	3	16	600	95	96	ðul  
623	9	Re5	D5	327	327	1	4	800	95	96	Nen
624	9	Do5	C5	318	318	1	16	200	99	96	ni 
625	9	Si4b2	B4b1	312	313	3	16	600	95	96	
626	9	Do5	C5	318	318	1	16	200	95	96	yav
627	9	Si4b2	B4b1	312	313	3	16	600	95	96	ru
628	9	Re5	D5	327	327	1	16	200	95	96	yav
629	9	Re5	D5	327	327	3	16	600	95	96	ru  
630	9	Re5	D5	327	327	1	4	800	95	96	Nen
631	9	Do5	C5	318	318	1	16	200	99	96	ni 
632	9	Si4b2	B4b1	312	313	3	16	600	95	96	
633	9	Si4b2	B4b1	312	313	1	16	200	95	96	gü
634	9	La4	A4	305	305	3	16	600	95	96	lüm 
635	9	Do5	C5	318	318	1	16	200	95	96	gü
636	9	Do5	C5	318	318	3	16	600	95	96	lüm  
637	9	Do5	C5	318	318	1	4	800	95	96	Nen
638	9	Si4b2	B4b1	312	313	1	16	200	99	96	ni 
639	9	La4	A4	305	305	3	16	600	95	96	
640	9	La4	A4	305	305	1	8	400	95	96	be
641	9	La4	A4	305	305	3	8	1200	95	96	bek 
642	9	La4	A4	305	305	1	1	3200	95	96	uy  
643	1	Mi5	E5	336	336	1	4	800	95	96	.
644	9	Do5	C5	318	318	1	8	400	95	96	Sa
645	9	Re5	D5	327	327	1	8	400	95	96	na 
646	9	Mi5	E5	336	336	1	4	800	95	96	be
647	12	Mi5	E5	336	336	1	8	400	99	96	bek 
648	9	Re5	D5	327	327	1	8	400	95	96	
649	9	Mi5	E5	336	336	1	8	400	99	96	di
650	9	Fa5#2	F5#1	342	341	1	8	400	95	96	
651	9	Sol5	G5	349	349	1	8	400	99	96	ye
652	9	La5	A5	358	358	1	8	400	95	96	
653	8	La5	A5	358	358	1	64	50	95	96	
654	9	Sol5	G5	349	349	1	8	400	99	96	me
655	9	Fa5#2	F5#1	342	341	1	8	400	95	96	
656	9	Mi5	E5	336	336	1	8	400	99	96	dim  
657	9	Re5	D5	327	327	1	8	400	95	96	
658	9	Re5	D5	327	327	1	16	200	95	96	SAZ
659	9	Do5	C5	318	318	1	16	200	95	96	.
660	9	Re5	D5	327	327	1	16	200	95	96	.
661	9	Do5	C5	318	318	1	16	200	95	96	.
662	9	Re5	D5	327	327	1	8	400	95	96	Kal
663	9	Mi5	E5	336	336	1	8	400	95	96	kýp_
664	9	Mi5	E5	336	336	1	4	800	95	96	em
665	12	Mi5	E5	336	336	1	8	400	99	96	zik 
666	9	Re5	D5	327	327	1	8	400	95	96	
667	9	Mi5	E5	336	336	1	8	400	99	96	ve
668	9	Fa5#2	F5#1	342	341	1	8	400	95	96	
669	9	Sol5	G5	349	349	1	8	400	99	96	re
670	9	La5	A5	358	358	1	8	400	95	96	
671	8	La5	A5	358	358	1	64	50	95	96	
672	9	Sol5	G5	349	349	1	8	400	99	96	me
673	9	Fa5#2	F5#1	342	341	1	8	400	95	96	
674	9	Mi5	E5	336	336	1	8	400	99	96	dim  
675	9	Re5	D5	327	327	1	8	400	95	96	
676	9	Sol5	G5	349	349	1	4	800	95	96	Nen
677	9	Mi5	E5	336	336	1	16	200	99	96	ni 
678	9	Re5	D5	327	327	3	16	600	95	96	
679	9	Re5	D5	327	327	1	16	200	95	96	o
680	9	Do5	C5	318	318	3	16	600	95	96	ðul 
681	9	Mi5	E5	336	336	1	16	200	95	96	o
682	9	Re5	D5	327	327	3	16	600	95	96	ðul  
683	9	Re5	D5	327	327	1	4	800	95	96	Nen
684	9	Do5	C5	318	318	1	16	200	99	96	ni 
685	9	Si4b2	B4b1	312	313	3	16	600	95	96	
686	9	Do5	C5	318	318	1	16	200	95	96	yav
687	9	Si4b2	B4b1	312	313	3	16	600	95	96	ru
688	9	Re5	D5	327	327	1	16	200	95	96	yav
689	9	Re5	D5	327	327	3	16	600	95	96	ru  
690	9	Re5	D5	327	327	1	4	800	95	96	Nen
691	9	Do5	C5	318	318	1	16	200	99	96	ni 
692	9	Si4b2	B4b1	312	313	3	16	600	95	96	
693	9	Si4b2	B4b1	312	313	1	16	200	95	96	gü
694	9	La4	A4	305	305	3	16	600	95	96	lüm 
695	9	Do5	C5	318	318	1	16	200	95	96	gü
696	9	Do5	C5	318	318	3	16	600	95	96	lüm  
697	9	Do5	C5	318	318	1	4	800	95	96	Nen
698	9	Si4b2	B4b1	312	313	1	16	200	99	96	ni 
699	9	La4	A4	305	305	3	16	600	95	96	
700	9	La4	A4	305	305	1	8	400	95	96	be
701	9	La4	A4	305	305	3	8	1200	95	96	bek 
702	9	La4	A4	305	305	1	1	3200	95	96	uy  
