Sira	Kod	Nota53	NotaAE	Koma53	KomaAE	Pay	Payda	Ms	LNS	Bas	Soz1	Offset
1	9	Do6	C6	371	371	1	8	455	50	96	Zeh	0.125
2	9	Do6	C6	371	371	1	8	455	50	96	ram 	0.25
3	9	Do6	C6	371	371	1	8	455	95	96	ba	0.375
4	9	Do6	C6	371	371	1	16	227	99	96	na 	0.4375
5	9	Si5b2	B5b1	365	366	1	16	227	95	96		0.5
6	9	Do6	C6	371	371	1	8	455	95	96	gö	0.625
7	9	La5	A5	358	358	1	4	909	95	96	rün	0.875
8	9	La5	A5	358	358	1	8	455	95	96	sün  	1.0
9	9	Do6	C6	371	371	1	8	455	50	96	Saç	1.125
10	9	Do6	C6	371	371	1	8	455	50	96	lar 	1.25
11	9	Do6	C6	371	371	1	8	455	95	96	yer	1.375
12	9	Do6	C6	371	371	1	16	227	99	96	de 	1.4375
13	9	Si5b2	B5b1	365	366	1	16	227	95	96		1.5
14	9	Do6	C6	371	371	1	8	455	95	96	sü	1.625
15	9	La5	A5	358	358	1	4	909	95	96	rün	1.875
16	9	La5	A5	358	358	1	8	455	95	96	sün  	2.0
17	9	Do6	C6	371	371	1	16	227	95	96	Ge	2.0625
18	9	Do6	C6	371	371	3	16	682	95	96	lin 	2.25
19	9	Do6	C6	371	371	1	8	455	95	96	gi	2.375
20	9	Do6	C6	371	371	1	16	227	99	96	bi 	2.4375
21	9	Si5b2	B5b1	365	366	1	16	227	95	96		2.5
22	9	Do6	C6	371	371	1	8	455	95	96	yü	2.625
23	9	La5	A5	358	358	1	4	909	95	96	rü	2.875
24	9	La5	A5	358	358	1	8	455	95	96	sün  	3.0
25	9	La5	A5	358	358	1	16	227	99	96	Ge	3.0625
26	9	Sol5	G5	349	349	1	16	227	95	96		3.125
27	9	La5	A5	358	358	1	16	227	99	96	lin 	3.1875
28	9	Si5b2	B5b1	365	366	1	16	227	95	96		3.25
29	9	Sol5	G5	349	349	1	8	455	95	96	gi	3.375
30	9	Sol5	G5	349	349	1	16	227	99	96	bi 	3.4375
31	9	Fa5#3	F5#4	343	344	1	16	227	95	96		3.5
32	9	Sol5	G5	349	349	1	8	455	95	96	yü	3.625
33	9	Mi5	E5	336	336	1	4	909	95	96	rü	3.875
34	9	Mi5	E5	336	336	1	8	455	95	96	sün  	4.0
35	9	Re5	D5	327	327	1	16	227	99	96	Ge	4.0625
36	9	Do5	C5	318	318	1	16	227	95	96		4.125
37	9	Re5	D5	327	327	1	16	227	99	96	lin 	4.1875
38	9	Mi5	E5	336	336	1	16	227	95	96		4.25
39	9	Do5	C5	318	318	1	8	455	95	96	gi	4.375
40	9	Do5	C5	318	318	1	16	227	99	96	bi 	4.4375
41	9	Si4b2	B4b1	312	313	1	16	227	95	96		4.5
42	9	Do5	C5	318	318	1	8	455	95	96	yü	4.625
43	9	La4	A4	305	305	1	4	909	95	96	rü	4.875
44	9	La4	A4	305	305	1	8	455	95	96	sün  	5.0
45	9	Re5	D5	327	327	1	16	227	95	96	SAZ	5.0625
46	9	Do5	C5	318	318	1	16	227	95	96	.	5.125
47	9	Re5	D5	327	327	1	16	227	95	96	.	5.1875
48	9	Mi5	E5	336	336	1	16	227	95	96	.	5.25
49	9	Do5	C5	318	318	1	16	227	95	96	.	5.3125
50	9	Si4b2	B4b1	312	313	1	16	227	95	96	.	5.375
51	9	Do5	C5	318	318	1	16	227	95	96	.	5.4375
52	9	Re5	D5	327	327	1	16	227	95	96	.	5.5
53	9	Si4b2	B4b1	312	313	1	16	227	95	96	.	5.5625
54	9	La4	A4	305	305	1	16	227	95	96	.	5.625
55	9	Si4b2	B4b1	312	313	1	16	227	95	96	.	5.6875
56	9	Do5	C5	318	318	1	16	227	95	96	.	5.75
57	9	La4	A4	305	305	3	16	682	95	96	.	5.9375
58	9	Sol4	G4	296	296	1	16	227	95	96	.	6.0
59	9	Re5	D5	327	327	1	16	227	95	96	.	6.0625
60	9	Do5	C5	318	318	1	16	227	95	96	.	6.125
61	9	Re5	D5	327	327	1	16	227	95	96	.	6.1875
62	9	Mi5	E5	336	336	1	16	227	95	96	.	6.25
63	9	Do5	C5	318	318	1	16	227	95	96	.	6.3125
64	9	Si4b2	B4b1	312	313	1	16	227	95	96	.	6.375
65	9	Do5	C5	318	318	1	16	227	95	96	.	6.4375
66	9	Re5	D5	327	327	1	16	227	95	96	.	6.5
67	9	Si4b2	B4b1	312	313	1	16	227	95	96	.	6.5625
68	9	La4	A4	305	305	1	16	227	95	96	.	6.625
69	9	Si4b2	B4b1	312	313	1	16	227	95	96	.	6.6875
70	9	Do5	C5	318	318	1	16	227	95	96	.	6.75
71	9	Re5	D5	327	327	1	32	114	95	96	.	6.78125
72	9	Mi5	E5	336	336	1	32	114	95	96	.	6.8125
73	9	Fa5#3	F5#4	343	344	1	32	114	95	96	.	6.84375
74	9	Sol5	G5	349	349	1	32	114	95	96	.	6.875
75	9	La5	A5	358	358	1	8	455	95	96	.	7.0
76	9	Do6	C6	371	371	1	8	455	50	96	Al 	7.125
77	9	Do6	C6	371	371	1	8	455	50	96	yaz	7.25
78	9	Do6	C6	371	371	1	8	455	95	96	ma	7.375
79	9	Do6	C6	371	371	1	16	227	99	96	ya 	7.4375
80	9	Si5b2	B5b1	365	366	1	16	227	95	96		7.5
81	9	Do6	C6	371	371	1	8	455	95	96	bü	7.625
82	9	La5	A5	358	358	1	4	909	95	96	rün	7.875
83	9	La5	A5	358	358	1	8	455	95	96	sün  	8.0
84	9	Do6	C6	371	371	1	8	455	50	96	Al 	8.125
85	9	Do6	C6	371	371	1	8	455	50	96	yaz	8.25
86	9	Do6	C6	371	371	1	8	455	95	96	ma	8.375
87	9	Do6	C6	371	371	1	16	227	99	96	ya 	8.4375
88	9	Si5b2	B5b1	365	366	1	16	227	95	96		8.5
89	9	Do6	C6	371	371	1	8	455	95	96	bü	8.625
90	9	La5	A5	358	358	1	4	909	95	96	rün	8.875
91	9	La5	A5	358	358	1	8	455	95	96	sün  	9.0
92	9	La5	A5	358	358	1	16	227	99	96	Gel	9.0625
93	9	Sol5	G5	349	349	1	16	227	95	96		9.125
94	9	La5	A5	358	358	1	16	227	99	96	sin 	9.1875
95	9	Si5b2	B5b1	365	366	1	16	227	95	96		9.25
96	9	Sol5	G5	349	349	1	8	455	95	96	koy	9.375
97	9	Sol5	G5	349	349	1	16	227	99	96	nu	9.4375
98	9	Fa5#3	F5#4	343	344	1	16	227	95	96		9.5
99	9	Sol5	G5	349	349	1	8	455	95	96	ma 	9.625
100	9	Mi5	E5	336	336	1	4	909	95	96	gir	9.875
101	9	Mi5	E5	336	336	1	8	455	95	96	sin  	10.0
102	9	Re5	D5	327	327	1	16	227	99	96	Gel	10.0625
103	9	Do5	C5	318	318	1	16	227	95	96		10.125
104	9	Re5	D5	327	327	1	16	227	99	96	sin 	10.1875
105	9	Mi5	E5	336	336	1	16	227	95	96		10.25
106	9	Do5	C5	318	318	1	8	455	95	96	koy	10.375
107	9	Do5	C5	318	318	1	16	227	99	96	nu	10.4375
108	9	Si4b2	B4b1	312	313	1	16	227	95	96		10.5
109	9	Do5	C5	318	318	1	8	455	95	96	ma 	10.625
110	9	La4	A4	305	305	1	4	909	95	96	gir	10.875
111	9	La4	A4	305	305	1	8	455	95	96	sin  	11.0
112	9	La5	A5	358	358	1	8	455	95	96	El	11.125
113	9	La5	A5	358	358	1	16	227	95	96	le	11.1875
114	9	Si5b2	B5b1	365	366	1	16	227	95	96	ri 	11.25
115	9	Sol5	G5	349	349	1	8	455	95	96	bel	11.375
116	9	Sol5	G5	349	349	1	16	227	95	96	le	11.4375
117	9	La5	A5	358	358	1	16	227	95	96	ri 	11.5
118	9	Fa5#3	F5#4	343	344	3	32	341	99	96	gül	11.59375
119	9	Mi5	E5	336	336	1	32	114	95	96		11.625
120	9	Fa5#3	F5#4	343	344	1	16	227	95	96	le	11.6875
121	9	Sol5	G5	349	349	1	16	227	95	96	ri 	11.75
122	9	Mi5	E5	336	336	3	16	682	99	96	yâr  	11.9375
123	9	Re5	D5	327	327	1	16	227	95	96		12.0
124	9	La5	A5	358	358	1	16	227	95	96	Gö	12.0625
125	9	La5	A5	358	358	1	8	455	95	96	rün	12.1875
126	9	Si5b2	B5b1	365	366	1	16	227	95	96	dü 	12.25
127	9	Sol5	G5	349	349	1	16	227	95	96	sa	12.3125
128	9	Sol5	G5	349	349	1	16	227	95	96	çı	12.375
129	9	La5	A5	358	358	1	8	455	95	96	nın 	12.5
130	9	Fa5#3	F5#4	343	344	3	32	341	99	96	tel	12.59375
131	9	Mi5	E5	336	336	1	32	114	95	96		12.625
132	9	Fa5#3	F5#4	343	344	1	16	227	95	96	le	12.6875
133	9	Sol5	G5	349	349	1	16	227	95	96	ri 	12.75
134	9	Mi5	E5	336	336	3	16	682	99	96	yâr  	12.9375
135	9	Re5	D5	327	327	1	16	227	95	96		13.0
136	9	La5	A5	358	358	1	16	227	95	96	Sü	13.0625
137	9	La5	A5	358	358	1	16	227	95	96	pü	13.125
138	9	Si5b2	B5b1	365	366	1	8	455	95	96	rür 	13.25
139	9	Sol5	G5	349	349	3	32	341	99	96	fis	13.34375
140	9	Fa5#3	F5#4	343	344	1	32	114	95	96		13.375
141	9	Sol5	G5	349	349	1	16	227	95	96	ta	13.4375
142	9	La5	A5	358	358	1	16	227	95	96	nı 	13.5
143	9	Fa5#3	F5#4	343	344	3	32	341	99	96	yer	13.59375
144	9	Mi5	E5	336	336	1	32	114	95	96		13.625
145	9	Fa5#3	F5#4	343	344	1	16	227	95	96	le	13.6875
146	9	Sol5	G5	349	349	1	16	227	95	96	ri 	13.75
147	9	Mi5	E5	336	336	3	16	682	95	96	yâr  	13.9375
148	9	Re5	D5	327	327	1	16	227	95	96		14.0
149	9	Mi5b3	E5b4	333	332	1	16	227	99	96	Sür	14.0625
150	9	Re5	D5	327	327	1	16	227	95	96		14.125
151	9	Mi5b3	E5b4	333	332	1	16	227	95	96	me	14.1875
152	9	Re5	D5	327	327	1	16	227	95	96	li 	14.25
153	9	Mi5b3	E5b4	333	332	1	16	227	99	96	sür	14.3125
154	9	Re5	D5	327	327	1	16	227	95	96		14.375
155	9	Mi5b3	E5b4	333	332	1	16	227	95	96	me	14.4375
156	9	Re5	D5	327	327	1	16	227	95	96	li 	14.5
157	9	Mi5b3	E5b4	333	332	1	16	227	99	96	sür	14.5625
158	9	Re5	D5	327	327	1	16	227	95	96		14.625
159	9	Mi5b3	E5b4	333	332	1	16	227	95	96	me	14.6875
160	9	Re5	D5	327	327	1	16	227	95	96	li 	14.75
161	9	Re5	D5	327	327	1	4	909	95	96	yâr  	15.0
162	9	Do5	C5	318	318	1	8	455	95	96	Öp	15.125
163	9	Do5	C5	318	318	1	16	227	95	96	me	15.1875
164	9	Re5	D5	327	327	1	16	227	95	96	li 	15.25
165	9	Si4b2	B4b1	312	313	3	32	341	99	96	sev	15.34375
166	9	La4	A4	305	305	1	32	114	95	96		15.375
167	9	Si4b2	B4b1	312	313	1	16	227	95	96	me	15.4375
168	9	Do5	C5	318	318	1	16	227	95	96	li 	15.5
169	9	Si4b2	B4b1	312	313	3	32	341	99	96	sar	15.59375
170	9	La4	A4	305	305	1	32	114	95	96		15.625
171	9	Si4b2	B4b1	312	313	1	16	227	95	96	ma	15.6875
172	9	Do5	C5	318	318	1	16	227	95	96	lı 	15.75
173	9	La4	A4	305	305	1	4	909	95	96	yâr  	16.0
174	9	Mi5b3	E5b4	333	332	1	16	227	99	96	Sür	16.0625
175	9	Re5	D5	327	327	1	16	227	95	96		16.125
176	9	Mi5b3	E5b4	333	332	1	16	227	95	96	me	16.1875
177	9	Re5	D5	327	327	1	16	227	95	96	li 	16.25
178	9	Mi5b3	E5b4	333	332	1	16	227	99	96	sür	16.3125
179	9	Re5	D5	327	327	1	16	227	95	96		16.375
180	9	Mi5b3	E5b4	333	332	1	16	227	95	96	me	16.4375
181	9	Re5	D5	327	327	1	16	227	95	96	li 	16.5
182	9	Mi5b3	E5b4	333	332	1	16	227	99	96	sür	16.5625
183	9	Re5	D5	327	327	1	16	227	95	96		16.625
184	9	Mi5b3	E5b4	333	332	1	16	227	95	96	me	16.6875
185	9	Re5	D5	327	327	1	16	227	95	96	li 	16.75
186	9	Re5	D5	327	327	1	4	909	95	96	yâr  	17.0
187	9	Do5	C5	318	318	1	8	455	95	96	Öp	17.125
188	9	Do5	C5	318	318	1	16	227	95	96	me	17.1875
189	9	Re5	D5	327	327	1	16	227	95	96	li 	17.25
190	9	Si4b2	B4b1	312	313	3	32	341	99	96	sev	17.34375
191	9	La4	A4	305	305	1	32	114	95	96		17.375
192	9	Si4b2	B4b1	312	313	1	16	227	95	96	me	17.4375
193	9	Do5	C5	318	318	1	16	227	95	96	li 	17.5
194	9	Si4b2	B4b1	312	313	3	32	341	99	96	sar	17.59375
195	9	La4	A4	305	305	1	32	114	95	96		17.625
196	9	Si4b2	B4b1	312	313	1	16	227	95	96	ma	17.6875
197	9	Do5	C5	318	318	1	16	227	95	96	lı 	17.75
198	9	La4	A4	305	305	1	4	909	95	96	yâr  	18.0
199	9	Do6	C6	371	371	1	8	455	50	96	Zeh	18.125
200	9	Do6	C6	371	371	1	8	455	50	96	ram 	18.25
201	9	Do6	C6	371	371	1	8	455	95	96	ba	18.375
202	9	Do6	C6	371	371	1	16	227	99	96	na 	18.4375
203	9	Si5b2	B5b1	365	366	1	16	227	95	96		18.5
204	9	Do6	C6	371	371	1	8	455	95	96	gö	18.625
205	9	La5	A5	358	358	1	4	909	95	96	rün	18.875
206	9	La5	A5	358	358	1	8	455	95	96	sün  	19.0
207	9	Do6	C6	371	371	1	8	455	50	96	Saç	19.125
208	9	Do6	C6	371	371	1	8	455	50	96	lar 	19.25
209	9	Do6	C6	371	371	1	8	455	95	96	yer	19.375
210	9	Do6	C6	371	371	1	16	227	99	96	de 	19.4375
211	9	Si5b2	B5b1	365	366	1	16	227	95	96		19.5
212	9	Do6	C6	371	371	1	8	455	95	96	sü	19.625
213	9	La5	A5	358	358	1	4	909	95	96	rün	19.875
214	9	La5	A5	358	358	1	8	455	95	96	sün  	20.0
215	9	Do6	C6	371	371	1	16	227	95	96	Ge	20.0625
216	9	Do6	C6	371	371	3	16	682	95	96	lin 	20.25
217	9	Do6	C6	371	371	1	8	455	95	96	gi	20.375
218	9	Do6	C6	371	371	1	16	227	99	96	bi 	20.4375
219	9	Si5b2	B5b1	365	366	1	16	227	95	96		20.5
220	9	Do6	C6	371	371	1	8	455	95	96	yü	20.625
221	9	La5	A5	358	358	1	4	909	95	96	rü	20.875
222	9	La5	A5	358	358	1	8	455	95	96	sün  	21.0
223	9	La5	A5	358	358	1	16	227	99	96	Ge	21.0625
224	9	Sol5	G5	349	349	1	16	227	95	96		21.125
225	9	La5	A5	358	358	1	16	227	99	96	lin 	21.1875
226	9	Si5b2	B5b1	365	366	1	16	227	95	96		21.25
227	9	Sol5	G5	349	349	1	8	455	95	96	gi	21.375
228	9	Sol5	G5	349	349	1	16	227	99	96	bi 	21.4375
229	9	Fa5#3	F5#4	343	344	1	16	227	95	96		21.5
230	9	Sol5	G5	349	349	1	8	455	95	96	yü	21.625
231	9	Mi5	E5	336	336	1	4	909	95	96	rü	21.875
232	9	Mi5	E5	336	336	1	8	455	95	96	sün  	22.0
233	9	Re5	D5	327	327	1	16	227	99	96	Ge	22.0625
234	9	Do5	C5	318	318	1	16	227	95	96		22.125
235	9	Re5	D5	327	327	1	16	227	99	96	lin 	22.1875
236	9	Mi5	E5	336	336	1	16	227	95	96		22.25
237	9	Do5	C5	318	318	1	8	455	95	96	gi	22.375
238	9	Do5	C5	318	318	1	16	227	99	96	bi 	22.4375
239	9	Si4b2	B4b1	312	313	1	16	227	95	96		22.5
240	9	Do5	C5	318	318	1	8	455	95	96	yü	22.625
241	9	La4	A4	305	305	1	4	909	95	96	rü	22.875
242	9	La4	A4	305	305	1	8	455	95	96	sün  	23.0
243	9	Re5	D5	327	327	1	16	227	95	96	SAZ	23.0625
244	9	Do5	C5	318	318	1	16	227	95	96	.	23.125
245	9	Re5	D5	327	327	1	16	227	95	96	.	23.1875
246	9	Mi5	E5	336	336	1	16	227	95	96	.	23.25
247	9	Do5	C5	318	318	1	16	227	95	96	.	23.3125
248	9	Si4b2	B4b1	312	313	1	16	227	95	96	.	23.375
249	9	Do5	C5	318	318	1	16	227	95	96	.	23.4375
250	9	Re5	D5	327	327	1	16	227	95	96	.	23.5
251	9	Si4b2	B4b1	312	313	1	16	227	95	96	.	23.5625
252	9	La4	A4	305	305	1	16	227	95	96	.	23.625
253	9	Si4b2	B4b1	312	313	1	16	227	95	96	.	23.6875
254	9	Do5	C5	318	318	1	16	227	95	96	.	23.75
255	9	La4	A4	305	305	3	16	682	95	96	.	23.9375
256	9	Sol4	G4	296	296	1	16	227	95	96	.	24.0
257	9	Re5	D5	327	327	1	16	227	95	96	.	24.0625
258	9	Do5	C5	318	318	1	16	227	95	96	.	24.125
259	9	Re5	D5	327	327	1	16	227	95	96	.	24.1875
260	9	Mi5	E5	336	336	1	16	227	95	96	.	24.25
261	9	Do5	C5	318	318	1	16	227	95	96	.	24.3125
262	9	Si4b2	B4b1	312	313	1	16	227	95	96	.	24.375
263	9	Do5	C5	318	318	1	16	227	95	96	.	24.4375
264	9	Re5	D5	327	327	1	16	227	95	96	.	24.5
265	9	Si4b2	B4b1	312	313	1	16	227	95	96	.	24.5625
266	9	La4	A4	305	305	1	16	227	95	96	.	24.625
267	9	Si4b2	B4b1	312	313	1	16	227	95	96	.	24.6875
268	9	Do5	C5	318	318	1	16	227	95	96	.	24.75
269	9	Re5	D5	327	327	1	32	114	95	96	.	24.78125
270	9	Mi5	E5	336	336	1	32	114	95	96	.	24.8125
271	9	Fa5#3	F5#4	343	344	1	32	114	95	96	.	24.84375
272	9	Sol5	G5	349	349	1	32	114	95	96	.	24.875
273	9	La5	A5	358	358	1	8	455	95	96	.	25.0
274	9	Do6	C6	371	371	1	8	455	50	96	Al 	25.125
275	9	Do6	C6	371	371	1	8	455	50	96	yaz	25.25
276	9	Do6	C6	371	371	1	8	455	95	96	ma	25.375
277	9	Do6	C6	371	371	1	16	227	99	96	ya 	25.4375
278	9	Si5b2	B5b1	365	366	1	16	227	95	96		25.5
279	9	Do6	C6	371	371	1	8	455	95	96	bü	25.625
280	9	La5	A5	358	358	1	4	909	95	96	rün	25.875
281	9	La5	A5	358	358	1	8	455	95	96	sün  	26.0
282	9	Do6	C6	371	371	1	8	455	50	96	Al 	26.125
283	9	Do6	C6	371	371	1	8	455	50	96	yaz	26.25
284	9	Do6	C6	371	371	1	8	455	95	96	ma	26.375
285	9	Do6	C6	371	371	1	16	227	99	96	ya 	26.4375
286	9	Si5b2	B5b1	365	366	1	16	227	95	96		26.5
287	9	Do6	C6	371	371	1	8	455	95	96	bü	26.625
288	9	La5	A5	358	358	1	4	909	95	96	rün	26.875
289	9	La5	A5	358	358	1	8	455	95	96	sün  	27.0
290	9	La5	A5	358	358	1	16	227	99	96	Gel	27.0625
291	9	Sol5	G5	349	349	1	16	227	95	96		27.125
292	9	La5	A5	358	358	1	16	227	99	96	sin 	27.1875
293	9	Si5b2	B5b1	365	366	1	16	227	95	96		27.25
294	9	Sol5	G5	349	349	1	8	455	95	96	koy	27.375
295	9	Sol5	G5	349	349	1	16	227	99	96	nu	27.4375
296	9	Fa5#3	F5#4	343	344	1	16	227	95	96		27.5
297	9	Sol5	G5	349	349	1	8	455	95	96	ma 	27.625
298	9	Mi5	E5	336	336	1	4	909	95	96	gir	27.875
299	9	Mi5	E5	336	336	1	8	455	95	96	sin  	28.0
300	9	Re5	D5	327	327	1	16	227	99	96	Gel	28.0625
301	9	Do5	C5	318	318	1	16	227	95	96		28.125
302	9	Re5	D5	327	327	1	16	227	99	96	sin 	28.1875
303	9	Mi5	E5	336	336	1	16	227	95	96		28.25
304	9	Do5	C5	318	318	1	8	455	95	96	koy	28.375
305	9	Do5	C5	318	318	1	16	227	99	96	nu	28.4375
306	9	Si4b2	B4b1	312	313	1	16	227	95	96		28.5
307	9	Do5	C5	318	318	1	8	455	95	96	ma 	28.625
308	9	La4	A4	305	305	1	4	909	95	96	gir	28.875
309	9	La4	A4	305	305	1	8	455	95	96	sin  	29.0
310	9	La5	A5	358	358	1	8	455	95	96	El	29.125
311	9	La5	A5	358	358	1	16	227	95	96	le	29.1875
312	9	Si5b2	B5b1	365	366	1	16	227	95	96	ri 	29.25
313	9	Sol5	G5	349	349	1	8	455	95	96	bel	29.375
314	9	Sol5	G5	349	349	1	16	227	95	96	le	29.4375
315	9	La5	A5	358	358	1	16	227	95	96	ri 	29.5
316	9	Fa5#3	F5#4	343	344	3	32	341	99	96	gül	29.59375
317	9	Mi5	E5	336	336	1	32	114	95	96		29.625
318	9	Fa5#3	F5#4	343	344	1	16	227	95	96	le	29.6875
319	9	Sol5	G5	349	349	1	16	227	95	96	ri 	29.75
320	9	Mi5	E5	336	336	3	16	682	99	96	yâr  	29.9375
321	9	Re5	D5	327	327	1	16	227	95	96		30.0
322	9	La5	A5	358	358	1	16	227	95	96	Gö	30.0625
323	9	La5	A5	358	358	1	8	455	95	96	rün	30.1875
324	9	Si5b2	B5b1	365	366	1	16	227	95	96	dü 	30.25
325	9	Sol5	G5	349	349	1	16	227	95	96	sa	30.3125
326	9	Sol5	G5	349	349	1	16	227	95	96	çı	30.375
327	9	La5	A5	358	358	1	8	455	95	96	nın 	30.5
328	9	Fa5#3	F5#4	343	344	3	32	341	99	96	tel	30.59375
329	9	Mi5	E5	336	336	1	32	114	95	96		30.625
330	9	Fa5#3	F5#4	343	344	1	16	227	95	96	le	30.6875
331	9	Sol5	G5	349	349	1	16	227	95	96	ri 	30.75
332	9	Mi5	E5	336	336	3	16	682	99	96	yâr  	30.9375
333	9	Re5	D5	327	327	1	16	227	95	96		31.0
334	9	La5	A5	358	358	1	16	227	95	96	Sü	31.0625
335	9	La5	A5	358	358	1	16	227	95	96	pü	31.125
336	9	Si5b2	B5b1	365	366	1	8	455	95	96	rür 	31.25
337	9	Sol5	G5	349	349	3	32	341	99	96	fis	31.34375
338	9	Fa5#3	F5#4	343	344	1	32	114	95	96		31.375
339	9	Sol5	G5	349	349	1	16	227	95	96	ta	31.4375
340	9	La5	A5	358	358	1	16	227	95	96	nı 	31.5
341	9	Fa5#3	F5#4	343	344	3	32	341	99	96	yer	31.59375
342	9	Mi5	E5	336	336	1	32	114	95	96		31.625
343	9	Fa5#3	F5#4	343	344	1	16	227	95	96	le	31.6875
344	9	Sol5	G5	349	349	1	16	227	95	96	ri 	31.75
345	9	Mi5	E5	336	336	3	16	682	95	96	yâr  	31.9375
346	9	Re5	D5	327	327	1	16	227	95	96		32.0
347	9	Mi5b3	E5b4	333	332	1	16	227	99	96	Sür	32.0625
348	9	Re5	D5	327	327	1	16	227	95	96		32.125
349	9	Mi5b3	E5b4	333	332	1	16	227	95	96	me	32.1875
350	9	Re5	D5	327	327	1	16	227	95	96	li 	32.25
351	9	Mi5b3	E5b4	333	332	1	16	227	99	96	sür	32.3125
352	9	Re5	D5	327	327	1	16	227	95	96		32.375
353	9	Mi5b3	E5b4	333	332	1	16	227	95	96	me	32.4375
354	9	Re5	D5	327	327	1	16	227	95	96	li 	32.5
355	9	Mi5b3	E5b4	333	332	1	16	227	99	96	sür	32.5625
356	9	Re5	D5	327	327	1	16	227	95	96		32.625
357	9	Mi5b3	E5b4	333	332	1	16	227	95	96	me	32.6875
358	9	Re5	D5	327	327	1	16	227	95	96	li 	32.75
359	9	Re5	D5	327	327	1	4	909	95	96	yâr  	33.0
360	9	Do5	C5	318	318	1	8	455	95	96	Öp	33.125
361	9	Do5	C5	318	318	1	16	227	95	96	me	33.1875
362	9	Re5	D5	327	327	1	16	227	95	96	li 	33.25
363	9	Si4b2	B4b1	312	313	3	32	341	99	96	sev	33.34375
364	9	La4	A4	305	305	1	32	114	95	96		33.375
365	9	Si4b2	B4b1	312	313	1	16	227	95	96	me	33.4375
366	9	Do5	C5	318	318	1	16	227	95	96	li 	33.5
367	9	Si4b2	B4b1	312	313	3	32	341	99	96	sar	33.59375
368	9	La4	A4	305	305	1	32	114	95	96		33.625
369	9	Si4b2	B4b1	312	313	1	16	227	95	96	ma	33.6875
370	9	Do5	C5	318	318	1	16	227	95	96	lı 	33.75
371	9	La4	A4	305	305	1	4	909	95	96	yâr  	34.0
372	9	Mi5b3	E5b4	333	332	1	16	227	99	96	Sür	34.0625
373	9	Re5	D5	327	327	1	16	227	95	96		34.125
374	9	Mi5b3	E5b4	333	332	1	16	227	95	96	me	34.1875
375	9	Re5	D5	327	327	1	16	227	95	96	li 	34.25
376	9	Mi5b3	E5b4	333	332	1	16	227	99	96	sür	34.3125
377	9	Re5	D5	327	327	1	16	227	95	96		34.375
378	9	Mi5b3	E5b4	333	332	1	16	227	95	96	me	34.4375
379	9	Re5	D5	327	327	1	16	227	95	96	li 	34.5
380	9	Mi5b3	E5b4	333	332	1	16	227	99	96	sür	34.5625
381	9	Re5	D5	327	327	1	16	227	95	96		34.625
382	9	Mi5b3	E5b4	333	332	1	16	227	95	96	me	34.6875
383	9	Re5	D5	327	327	1	16	227	95	96	li 	34.75
384	9	Re5	D5	327	327	1	4	909	95	96	yâr  	35.0
385	9	Do5	C5	318	318	1	8	455	95	96	Öp	35.125
386	9	Do5	C5	318	318	1	16	227	95	96	me	35.1875
387	9	Re5	D5	327	327	1	16	227	95	96	li 	35.25
388	9	Si4b2	B4b1	312	313	3	32	341	99	96	sev	35.34375
389	9	La4	A4	305	305	1	32	114	95	96		35.375
390	9	Si4b2	B4b1	312	313	1	16	227	95	96	me	35.4375
391	9	Do5	C5	318	318	1	16	227	95	96	li 	35.5
392	9	Si4b2	B4b1	312	313	3	32	341	99	96	sar	35.59375
393	9	La4	A4	305	305	1	32	114	95	96		35.625
394	9	Si4b2	B4b1	312	313	1	16	227	95	96	ma	35.6875
395	9	Do5	C5	318	318	1	16	227	95	96	lı 	35.75
396	9	La4	A4	305	305	1	4	909	95	96	yâr  	36.0
