Sira	Kod	Nota53	NotaAE	Koma53	KomaAE	Pay	Payda	Ms	LNS	Bas	Soz1	Offset
1	51			0	0	28	4	0	60	0	Devr-i Kebîr	0.0
2	9	Sol5	G5	349	349	1	4	769	95	96	1. HANE	0.0357142857143
3	9	La5	A5	358	358	1	4	769	95	96		0.0714285714286
4	9	La5	A5	358	358	1	8	385	95	96		0.0892857142857
5	9	Si5b5	B5b5	362	362	1	16	192	95	96		0.0982142857143
6	9	Re6	D6	380	380	1	16	192	95	96		0.107142857143
7	9	Do6	C6	371	371	1	8	385	95	96		0.125
8	9	Si5b5	B5b5	362	362	1	8	385	95	96		0.142857142857
9	9	La5	A5	358	358	1	8	385	95	96		0.160714285714
10	9	Si5b5	B5b5	362	362	1	16	192	95	96		0.169642857143
11	9	Do6	C6	371	371	1	16	192	95	96		0.178571428571
12	9	Si5b5	B5b5	362	362	1	16	192	95	96		0.1875
13	9	La5	A5	358	358	1	16	192	95	96		0.196428571429
14	9	Sol5	G5	349	349	1	8	385	95	96		0.214285714286
15	9	La5	A5	358	358	3	32	288	95	96		0.227678571429
16	9	Si5b5	B5b5	362	362	1	32	96	95	96		0.232142857143
17	9	La5	A5	358	358	1	16	192	95	96		0.241071428571
18	9	Sol5	G5	349	349	1	16	192	95	96		0.25
19	9	Fa5	F5	340	340	1	4	769	95	96		0.285714285714
20	9	Es	Es	-1	-1	1	8	385	100	0		0.303571428571
21	9	Sol5	G5	349	349	1	16	192	95	96		0.3125
22	9	La5	A5	358	358	1	16	192	95	96		0.321428571429
23	9	Sol5	G5	349	349	1	8	385	95	96		0.339285714286
24	9	Fa5	F5	340	340	1	8	385	95	96		0.357142857143
25	9	Sol5	G5	349	349	1	4	769	95	96		0.392857142857
26	9	La5	A5	358	358	1	4	769	95	96		0.428571428571
27	9	Es	Es	-1	-1	1	8	385	100	0		0.446428571429
28	9	Si5b5	B5b5	362	362	1	4	769	95	96		0.482142857143
29	9	La5	A5	358	358	1	8	385	95	96		0.5
30	9	Sol5	G5	349	349	1	8	385	95	96		0.517857142857
31	9	La5	A5	358	358	1	8	385	95	96		0.535714285714
32	9	Si5b5	B5b5	362	362	1	16	192	95	96		0.544642857143
33	9	Do6	C6	371	371	1	16	192	95	96		0.553571428571
34	9	Si5b5	B5b5	362	362	1	16	192	95	96		0.5625
35	9	La5	A5	358	358	1	16	192	95	96		0.571428571429
36	9	La5	A5	358	358	3	8	1154	95	96		0.625
37	9	Sol5	G5	349	349	1	16	192	95	96		0.633928571429
38	9	Si5b5	B5b5	362	362	1	16	192	95	96		0.642857142857
39	9	La5	A5	358	358	1	16	192	95	96		0.651785714286
40	9	Sol5	G5	349	349	1	16	192	95	96		0.660714285714
41	9	Fa5	F5	340	340	1	16	192	95	96		0.669642857143
42	9	Mi5	E5	336	336	1	16	192	95	96		0.678571428571
43	9	Re5	D5	327	327	1	16	192	95	96		0.6875
44	9	Mi5	E5	336	336	1	16	192	95	96		0.696428571429
45	9	Fa5	F5	340	340	1	24	128	95	96		0.702380952381
46	9	Sol5	G5	349	349	1	24	128	95	96		0.708333333333
47	9	La5	A5	358	358	1	24	128	95	96		0.714285714286
48	9	Si5b5	B5b5	362	362	3	16	577	95	96		0.741071428571
49	9	La5	A5	358	358	1	16	192	95	96		0.75
50	9	Sol5	G5	349	349	3	16	577	95	96		0.776785714286
51	9	Mi5	E5	336	336	1	16	192	95	96		0.785714285714
52	9	Fa5	F5	340	340	3	32	288	95	96		0.799107142857
53	9	Mi5	E5	336	336	1	32	96	95	96		0.803571428571
54	9	Fa5	F5	340	340	1	16	192	95	96		0.8125
55	9	Sol5	G5	349	349	1	16	192	95	96		0.821428571429
56	9	La5	A5	358	358	1	4	769	95	96		0.857142857143
57	9	Fa5	F5	340	340	3	16	577	95	96		0.883928571429
58	9	Mi5	E5	336	336	1	16	192	95	96		0.892857142857
59	9	Re5	D5	327	327	1	16	192	95	96		0.901785714286
60	9	Sol5	G5	349	349	1	16	192	95	96		0.910714285714
61	9	Fa5	F5	340	340	1	16	192	95	96		0.919642857143
62	9	Mi5	E5	336	336	1	16	192	95	96		0.928571428571
63	9	Mi5	E5	336	336	1	16	192	95	96		0.9375
64	9	Fa5	F5	340	340	1	16	192	95	96		0.946428571429
65	9	Mi5	E5	336	336	1	16	192	95	96		0.955357142857
66	9	Fa5	F5	340	340	1	16	192	95	96		0.964285714286
67	9	Mi5	E5	336	336	1	16	192	95	96		0.973214285714
68	9	Fa5	F5	340	340	1	16	192	95	96		0.982142857143
69	9	Mi5	E5	336	336	1	16	192	95	96		0.991071428571
70	9	Re5	D5	327	327	1	16	192	95	96		1.0
71	9	Mi5	E5	336	336	1	12	256	95	96	TESLİM	1.0119047619
72	9	Fa5	F5	340	340	1	12	256	95	96		1.02380952381
73	9	Sol5	G5	349	349	1	12	256	95	96		1.03571428571
74	9	La5	A5	358	358	1	12	256	95	96		1.04761904762
75	9	Sol5	G5	349	349	1	12	256	95	96		1.05952380952
76	9	Fa5	F5	340	340	1	12	256	95	96		1.07142857143
77	9	Mi5	E5	336	336	3	16	577	95	96		1.09821428571
78	9	Re5	D5	327	327	1	16	192	95	96		1.10714285714
79	9	Re5	D5	327	327	1	24	128	95	96		1.1130952381
80	9	Do5	C5	318	318	1	24	128	95	96		1.11904761905
81	9	Re5	D5	327	327	1	24	128	95	96		1.125
82	11	Mi5	E5	336	336	1	24	128	95	96		1.13095238095
83	11	Mi5	E5	336	336	1	24	128	95	96		1.1369047619
84	9	Re5	D5	327	327	1	24	128	95	96		1.14285714286
85	9	Re5	D5	327	327	1	4	769	95	96		1.17857142857
86	9	Do6	C6	371	371	1	32	96	95	96		1.18303571429
87	9	Si5b5	B5b5	362	362	1	32	96	95	96		1.1875
88	9	La5	A5	358	358	1	32	96	95	96		1.19196428571
89	9	Sol5	G5	349	349	1	32	96	95	96		1.19642857143
90	9	Fa5	F5	340	340	1	24	128	95	96		1.20238095238
91	9	Mi5	E5	336	336	1	24	128	95	96		1.20833333333
92	9	Re5	D5	327	327	1	24	128	95	96		1.21428571429
93	9	Do5	C5	318	318	3	32	288	95	96		1.22767857143
94	9	Si4b2	B4b1	312	313	1	32	96	95	96		1.23214285714
95	9	Do5	C5	318	318	1	16	192	95	96		1.24107142857
96	9	Re5	D5	327	327	1	16	192	95	96		1.25
97	9	Mi5	E5	336	336	3	32	288	95	96		1.26339285714
98	9	Re5	D5	327	327	1	32	96	95	96		1.26785714286
99	9	Mi5	E5	336	336	1	16	192	95	96		1.27678571429
100	9	Fa5#3	F5#4	343	344	1	16	192	95	96		1.28571428571
101	9	Sol5	G5	349	349	1	8	385	95	96		1.30357142857
102	9	Fa5#3	F5#4	343	344	1	16	192	95	96		1.3125
103	9	Sol5	G5	349	349	1	16	192	95	96		1.32142857143
104	9	La5	A5	358	358	1	4	769	95	96		1.35714285714
105	9	Mi5	E5	336	336	1	8	385	95	96		1.375
106	9	Fa5	F5	340	340	1	16	192	95	96		1.38392857143
107	9	Sol5	G5	349	349	1	16	192	95	96		1.39285714286
108	9	Fa5	F5	340	340	1	16	192	95	96		1.40178571429
109	9	Mi5	E5	336	336	1	16	192	95	96		1.41071428571
110	9	Re5	D5	327	327	1	8	385	95	96		1.42857142857
111	9	Do5	C5	318	318	1	16	192	95	96		1.4375
112	9	Mi5	E5	336	336	1	16	192	95	96		1.44642857143
113	9	Re5	D5	327	327	1	16	192	95	96		1.45535714286
114	9	Do5	C5	318	318	1	16	192	95	96		1.46428571429
115	9	Si4b5	B4b5	309	309	1	16	192	95	96		1.47321428571
116	9	La4	A4	305	305	1	16	192	95	96		1.48214285714
117	9	Sol4	G4	296	296	1	8	385	95	96		1.5
118	9	Re5	D5	327	327	3	8	1154	95	96		1.55357142857
119	9	Do5	C5	318	318	1	16	192	95	96		1.5625
120	9	Re5	D5	327	327	1	16	192	95	96		1.57142857143
121	9	Mi5	E5	336	336	1	16	192	95	96		1.58035714286
122	9	Fa5	F5	340	340	1	16	192	95	96		1.58928571429
123	9	Mi5	E5	336	336	1	16	192	95	96		1.59821428571
124	9	Re5	D5	327	327	1	16	192	95	96		1.60714285714
125	9	Do5	C5	318	318	1	16	192	95	96		1.61607142857
126	9	Si4b5	B4b5	309	309	1	16	192	95	96		1.625
127	9	La4	A4	305	305	1	16	192	95	96		1.63392857143
128	9	Do5	C5	318	318	1	16	192	95	96		1.64285714286
129	9	Si4b5	B4b5	309	309	3	8	1154	95	96		1.69642857143
130	9	La4	A4	305	305	1	16	192	95	96		1.70535714286
131	9	Sol4	G4	296	296	1	16	192	95	96		1.71428571429
132	9	La4	A4	305	305	1	12	256	95	96		1.72619047619
133	9	Si4b5	B4b5	309	309	1	12	256	95	96		1.7380952381
134	9	Do5	C5	318	318	1	12	256	95	96		1.75
135	9	Mi5b5	E5b5	331	331	1	12	256	95	96		1.7619047619
136	9	Re5	D5	327	327	1	12	256	95	96		1.77380952381
137	9	Do5	C5	318	318	1	12	256	95	96		1.78571428571
138	9	Si4b5	B4b5	309	309	1	8	385	95	96		1.80357142857
139	9	La4	A4	305	305	1	16	192	95	96		1.8125
140	9	Sol4	G4	296	296	1	16	192	95	96		1.82142857143
141	9	Do5	C5	318	318	1	8	385	95	96		1.83928571429
142	9	Si4b5	B4b5	309	309	1	16	192	95	96		1.84821428571
143	9	La4	A4	305	305	1	16	192	95	96		1.85714285714
144	9	La4	A4	305	305	3	8	1154	95	96	2. HANEYE	1.91071428571
145	9	Mi5	E5	336	336	1	16	192	95	96		1.91964285714
146	9	Fa5	F5	340	340	1	16	192	95	96		1.92857142857
147	9	Mi5	E5	336	336	1	16	192	95	96		1.9375
148	9	Re5	D5	327	327	1	16	192	95	96		1.94642857143
149	9	Do5	C5	318	318	1	16	192	95	96		1.95535714286
150	9	Re5	D5	327	327	1	16	192	95	96		1.96428571429
151	9	Mi5	E5	336	336	1	4	769	95	96		2.0
152	9	Re5	D5	327	327	1	4	769	95	96	2. HANE	2.03571428571
153	9	Mi5	E5	336	336	1	4	769	95	96		2.07142857143
154	9	Es	Es	-1	-1	1	8	385	100	0		2.08928571429
155	9	La5	A5	358	358	1	8	385	95	96		2.10714285714
156	9	Sol5	G5	349	349	1	8	385	95	96		2.125
157	9	Fa5#3	F5#4	343	344	1	8	385	95	96		2.14285714286
158	9	Sol5	G5	349	349	1	8	385	95	96		2.16071428571
159	9	Fa5#3	F5#4	343	344	1	16	192	95	96		2.16964285714
160	9	Mi5	E5	336	336	1	16	192	95	96		2.17857142857
161	9	Mi5	E5	336	336	1	4	769	95	96		2.21428571429
162	9	Es	Es	-1	-1	1	8	385	100	0		2.23214285714
163	9	Do5	C5	318	318	1	16	192	95	96		2.24107142857
164	9	Re5b3	D5b4	324	323	1	16	192	95	96		2.25
165	9	Do5	C5	318	318	1	8	385	95	96		2.26785714286
166	9	Si4b2	B4b1	312	313	1	8	385	95	96		2.28571428571
167	9	Do5	C5	318	318	3	16	577	95	96		2.3125
168	9	Si4b2	B4b1	312	313	1	16	192	95	96		2.32142857143
169	9	La4	A4	305	305	1	4	769	95	96		2.35714285714
170	9	Es	Es	-1	-1	1	8	385	100	0		2.375
171	9	La4	A4	305	305	1	16	192	95	96		2.38392857143
172	9	Si4b2	B4b1	312	313	1	16	192	95	96		2.39285714286
173	9	Sol4	G4	296	296	1	8	385	95	96		2.41071428571
174	9	La4	A4	305	305	1	8	385	95	96		2.42857142857
175	9	Es	Es	-1	-1	1	8	385	100	0		2.44642857143
176	9	Si4b2	B4b1	312	313	1	16	192	95	96		2.45535714286
177	9	Do5	C5	318	318	1	16	192	95	96		2.46428571429
178	9	La4	A4	305	305	1	8	385	95	96		2.48214285714
179	9	Si4b2	B4b1	312	313	1	8	385	95	96		2.5
180	9	Es	Es	-1	-1	1	8	385	100	0		2.51785714286
181	9	Do5	C5	318	318	1	16	192	95	96		2.52678571429
182	9	Re5	D5	327	327	1	16	192	95	96		2.53571428571
183	9	Do5	C5	318	318	1	8	385	95	96		2.55357142857
184	9	Re5	D5	327	327	1	16	192	95	96		2.5625
185	9	Mi5	E5	336	336	1	16	192	95	96		2.57142857143
186	9	Re5	D5	327	327	1	8	385	95	96		2.58928571429
187	9	Mi5	E5	336	336	1	4	769	95	96		2.625
188	9	Sol5	G5	349	349	1	8	385	95	96		2.64285714286
189	9	Fa5#3	F5#4	343	344	3	16	577	95	96		2.66964285714
190	9	Mi5	E5	336	336	1	16	192	95	96		2.67857142857
191	9	Re5	D5	327	327	1	4	769	95	96		2.71428571429
192	9	Es	Es	-1	-1	1	8	385	100	0		2.73214285714
193	9	Do6	C6	371	371	1	8	385	95	96		2.75
194	9	Si5b1	B5b1	366	366	1	8	385	95	96		2.76785714286
195	9	La5	A5	358	358	1	8	385	95	96		2.78571428571
196	9	La5	A5	358	358	1	8	385	95	96		2.80357142857
197	9	Sol5	G5	349	349	1	8	385	95	96		2.82142857143
198	9	Sol5	G5	349	349	1	8	385	95	96		2.83928571429
199	9	Fa5#3	F5#4	343	344	1	8	385	95	96		2.85714285714
200	9	Fa5#3	F5#4	343	344	1	8	385	95	96		2.875
201	9	Mi5	E5	336	336	1	16	192	95	96		2.88392857143
202	9	Fa5#3	F5#4	343	344	1	16	192	95	96		2.89285714286
203	9	Sol5	G5	349	349	1	8	385	95	96		2.91071428571
204	9	Fa5#2	F5#1	342	341	1	16	192	95	96		2.91964285714
205	9	Mi5	E5	336	336	1	16	192	95	96		2.92857142857
206	9	Mi5	E5	336	336	1	16	192	95	96		2.9375
207	9	Fa5	F5	340	340	1	16	192	95	96		2.94642857143
208	9	Mi5	E5	336	336	1	16	192	95	96		2.95535714286
209	9	Fa5	F5	340	340	1	16	192	95	96		2.96428571429
210	9	Mi5	E5	336	336	1	16	192	95	96		2.97321428571
211	9	Fa5	F5	340	340	1	16	192	95	96		2.98214285714
212	9	Mi5	E5	336	336	1	16	192	95	96		2.99107142857
213	9	Re5	D5	327	327	1	16	192	95	96		3.0
214	9	Mi5	E5	336	336	1	12	256	95	96	TESLİM	3.0119047619
215	9	Fa5	F5	340	340	1	12	256	95	96		3.02380952381
216	9	Sol5	G5	349	349	1	12	256	95	96		3.03571428571
217	9	La5	A5	358	358	1	12	256	95	96		3.04761904762
218	9	Sol5	G5	349	349	1	12	256	95	96		3.05952380952
219	9	Fa5	F5	340	340	1	12	256	95	96		3.07142857143
220	9	Mi5	E5	336	336	3	16	577	95	96		3.09821428571
221	9	Re5	D5	327	327	1	16	192	95	96		3.10714285714
222	9	Re5	D5	327	327	1	24	128	95	96		3.1130952381
223	9	Do5	C5	318	318	1	24	128	95	96		3.11904761905
224	9	Re5	D5	327	327	1	24	128	95	96		3.125
225	11	Mi5	E5	336	336	1	24	128	95	96		3.13095238095
226	11	Mi5	E5	336	336	1	24	128	95	96		3.1369047619
227	9	Re5	D5	327	327	1	24	128	95	96		3.14285714286
228	9	Re5	D5	327	327	1	4	769	95	96		3.17857142857
229	9	Do6	C6	371	371	1	32	96	95	96		3.18303571429
230	9	Si5b5	B5b5	362	362	1	32	96	95	96		3.1875
231	9	La5	A5	358	358	1	32	96	95	96		3.19196428571
232	9	Sol5	G5	349	349	1	32	96	95	96		3.19642857143
233	9	Fa5	F5	340	340	1	24	128	95	96		3.20238095238
234	9	Mi5	E5	336	336	1	24	128	95	96		3.20833333333
235	9	Re5	D5	327	327	1	24	128	95	96		3.21428571429
236	9	Do5	C5	318	318	3	32	288	95	96		3.22767857143
237	9	Si4b2	B4b1	312	313	1	32	96	95	96		3.23214285714
238	9	Do5	C5	318	318	1	16	192	95	96		3.24107142857
239	9	Re5	D5	327	327	1	16	192	95	96		3.25
240	9	Mi5	E5	336	336	3	32	288	95	96		3.26339285714
241	9	Re5	D5	327	327	1	32	96	95	96		3.26785714286
242	9	Mi5	E5	336	336	1	16	192	95	96		3.27678571429
243	9	Fa5#3	F5#4	343	344	1	16	192	95	96		3.28571428571
244	9	Sol5	G5	349	349	1	8	385	95	96		3.30357142857
245	9	Fa5#3	F5#4	343	344	1	16	192	95	96		3.3125
246	9	Sol5	G5	349	349	1	16	192	95	96		3.32142857143
247	9	La5	A5	358	358	1	4	769	95	96		3.35714285714
248	9	Mi5	E5	336	336	1	8	385	95	96		3.375
249	9	Fa5	F5	340	340	1	16	192	95	96		3.38392857143
250	9	Sol5	G5	349	349	1	16	192	95	96		3.39285714286
251	9	Fa5	F5	340	340	1	16	192	95	96		3.40178571429
252	9	Mi5	E5	336	336	1	16	192	95	96		3.41071428571
253	9	Re5	D5	327	327	1	8	385	95	96		3.42857142857
254	9	Do5	C5	318	318	1	16	192	95	96		3.4375
255	9	Mi5	E5	336	336	1	16	192	95	96		3.44642857143
256	9	Re5	D5	327	327	1	16	192	95	96		3.45535714286
257	9	Do5	C5	318	318	1	16	192	95	96		3.46428571429
258	9	Si4b5	B4b5	309	309	1	16	192	95	96		3.47321428571
259	9	La4	A4	305	305	1	16	192	95	96		3.48214285714
260	9	Sol4	G4	296	296	1	8	385	95	96		3.5
261	9	Re5	D5	327	327	3	8	1154	95	96		3.55357142857
262	9	Do5	C5	318	318	1	16	192	95	96		3.5625
263	9	Re5	D5	327	327	1	16	192	95	96		3.57142857143
264	9	Mi5	E5	336	336	1	16	192	95	96		3.58035714286
265	9	Fa5	F5	340	340	1	16	192	95	96		3.58928571429
266	9	Mi5	E5	336	336	1	16	192	95	96		3.59821428571
267	9	Re5	D5	327	327	1	16	192	95	96		3.60714285714
268	9	Do5	C5	318	318	1	16	192	95	96		3.61607142857
269	9	Si4b5	B4b5	309	309	1	16	192	95	96		3.625
270	9	La4	A4	305	305	1	16	192	95	96		3.63392857143
271	9	Do5	C5	318	318	1	16	192	95	96		3.64285714286
272	9	Si4b5	B4b5	309	309	3	8	1154	95	96		3.69642857143
273	9	La4	A4	305	305	1	16	192	95	96		3.70535714286
274	9	Sol4	G4	296	296	1	16	192	95	96		3.71428571429
275	9	La4	A4	305	305	1	12	256	95	96		3.72619047619
276	9	Si4b5	B4b5	309	309	1	12	256	95	96		3.7380952381
277	9	Do5	C5	318	318	1	12	256	95	96		3.75
278	9	Mi5b5	E5b5	331	331	1	12	256	95	96		3.7619047619
279	9	Re5	D5	327	327	1	12	256	95	96		3.77380952381
280	9	Do5	C5	318	318	1	12	256	95	96		3.78571428571
281	9	Si4b5	B4b5	309	309	1	8	385	95	96		3.80357142857
282	9	La4	A4	305	305	1	16	192	95	96		3.8125
283	9	Sol4	G4	296	296	1	16	192	95	96		3.82142857143
284	9	Do5	C5	318	318	1	8	385	95	96		3.83928571429
285	9	Si4b5	B4b5	309	309	1	16	192	95	96		3.84821428571
286	9	La4	A4	305	305	1	16	192	95	96		3.85714285714
287	9	La4	A4	305	305	3	8	1154	95	96	3. HANEYE	3.91071428571
288	9	Do6	C6	371	371	1	8	385	95	96		3.92857142857
289	9	Si5b2	B5b1	365	366	1	8	385	95	96		3.94642857143
290	9	Re6b3	D6b4	377	376	1	8	385	95	96		3.96428571429
291	9	Do6	C6	371	371	1	4	769	95	96		4.0
292	9	Sol5	G5	349	349	1	4	769	95	96	3. HANE	4.03571428571
293	9	Do6	C6	371	371	1	8	385	95	96		4.05357142857
294	9	Si5b2	B5b1	365	366	1	8	385	95	96		4.07142857143
295	9	Do6	C6	371	371	3	8	1154	95	96		4.125
296	9	Re6b3	D6b4	377	376	1	8	385	95	96		4.14285714286
297	9	Do6	C6	371	371	1	8	385	95	96		4.16071428571
298	9	Re6b3	D6b4	377	376	1	16	192	95	96		4.16964285714
299	9	Mi6	E6	389	389	1	16	192	95	96		4.17857142857
300	9	Re6b3	D6b4	377	376	1	8	385	95	96		4.19642857143
301	9	Do6	C6	371	371	1	16	192	95	96		4.20535714286
302	9	Si5b2	B5b1	365	366	1	16	192	95	96		4.21428571429
303	9	Do6	C6	371	371	1	8	385	95	96		4.23214285714
304	9	Si5b3	B5b4	364	363	1	8	385	95	96		4.25
305	9	La5	A5	358	358	1	4	769	95	96		4.28571428571
306	9	Es	Es	-1	-1	1	8	385	100	0		4.30357142857
307	9	Do6	C6	371	371	1	8	385	95	96		4.32142857143
308	9	Si5b5	B5b5	362	362	1	8	385	95	96		4.33928571429
309	9	La5	A5	358	358	1	8	385	95	96		4.35714285714
310	9	Si5b5	B5b5	362	362	3	16	577	95	96		4.38392857143
311	9	La5	A5	358	358	1	16	192	95	96		4.39285714286
312	9	Sol5#4	G5#4	353	353	1	8	385	95	96		4.41071428571
313	9	La5	A5	358	358	1	8	385	95	96		4.42857142857
314	9	Es	Es	-1	-1	1	8	385	100	0		4.44642857143
315	9	Fa5	F5	340	340	1	16	192	95	96		4.45535714286
316	9	Sol5#4	G5#4	353	353	1	16	192	95	96		4.46428571429
317	9	Fa5	F5	340	340	1	8	385	95	96		4.48214285714
318	9	Sol5#4	G5#4	353	353	1	16	192	95	96		4.49107142857
319	9	La5	A5	358	358	1	16	192	95	96		4.5
320	9	Sol5#4	G5#4	353	353	1	8	385	95	96		4.51785714286
321	9	La5	A5	358	358	3	8	1154	95	96		4.57142857143
322	9	La5	A5	358	358	1	8	385	95	96		4.58928571429
323	9	Si5b2	B5b1	365	366	1	8	385	95	96		4.60714285714
324	9	Do6	C6	371	371	1	8	385	95	96		4.625
325	9	Si5b3	B5b4	364	363	1	8	385	95	96		4.64285714286
326	9	La5	A5	358	358	1	4	769	95	96		4.67857142857
327	9	Sol5	G5	349	349	1	8	385	95	96		4.69642857143
328	9	Fa5#3	F5#4	343	344	1	8	385	95	96		4.71428571429
329	9	Es	Es	-1	-1	1	8	385	100	0		4.73214285714
330	9	Sol5	G5	349	349	1	16	192	95	96		4.74107142857
331	9	La5	A5	358	358	1	16	192	95	96		4.75
332	9	Sol5	G5	349	349	1	8	385	95	96		4.76785714286
333	9	Fa5#3	F5#4	343	344	1	8	385	95	96		4.78571428571
334	9	Sol5	G5	349	349	3	16	577	95	96		4.8125
335	9	Fa5#3	F5#4	343	344	1	16	192	95	96		4.82142857143
336	9	Sol5	G5	349	349	1	8	385	95	96		4.83928571429
337	9	La5	A5	358	358	1	16	192	95	96		4.84821428571
338	9	Si5b2	B5b1	365	366	1	16	192	95	96		4.85714285714
339	9	Do6	C6	371	371	1	12	256	95	96		4.86904761905
340	9	Si5b2	B5b1	365	366	1	12	256	95	96		4.88095238095
341	9	La5	A5	358	358	1	12	256	95	96		4.89285714286
342	9	Sol5	G5	349	349	1	12	256	95	96		4.90476190476
343	9	Fa5#3	F5#4	343	344	1	12	256	95	96		4.91666666667
344	9	Sol5	G5	349	349	1	12	256	95	96		4.92857142857
345	9	Mi5	E5	336	336	3	8	1154	95	96		4.98214285714
346	9	Re5	D5	327	327	1	8	385	95	96		5.0
347	9	Mi5	E5	336	336	1	12	256	95	96	TESLİM	5.0119047619
348	9	Fa5	F5	340	340	1	12	256	95	96		5.02380952381
349	9	Sol5	G5	349	349	1	12	256	95	96		5.03571428571
350	9	La5	A5	358	358	1	12	256	95	96		5.04761904762
351	9	Sol5	G5	349	349	1	12	256	95	96		5.05952380952
352	9	Fa5	F5	340	340	1	12	256	95	96		5.07142857143
353	9	Mi5	E5	336	336	3	16	577	95	96		5.09821428571
354	9	Re5	D5	327	327	1	16	192	95	96		5.10714285714
355	9	Re5	D5	327	327	1	24	128	95	96		5.1130952381
356	9	Do5	C5	318	318	1	24	128	95	96		5.11904761905
357	9	Re5	D5	327	327	1	24	128	95	96		5.125
358	11	Mi5	E5	336	336	1	24	128	95	96		5.13095238095
359	11	Mi5	E5	336	336	1	24	128	95	96		5.1369047619
360	9	Re5	D5	327	327	1	24	128	95	96		5.14285714286
361	9	Re5	D5	327	327	1	4	769	95	96		5.17857142857
362	9	Do6	C6	371	371	1	32	96	95	96		5.18303571429
363	9	Si5b5	B5b5	362	362	1	32	96	95	96		5.1875
364	9	La5	A5	358	358	1	32	96	95	96		5.19196428571
365	9	Sol5	G5	349	349	1	32	96	95	96		5.19642857143
366	9	Fa5	F5	340	340	1	24	128	95	96		5.20238095238
367	9	Mi5	E5	336	336	1	24	128	95	96		5.20833333333
368	9	Re5	D5	327	327	1	24	128	95	96		5.21428571429
369	9	Do5	C5	318	318	3	32	288	95	96		5.22767857143
370	9	Si4b2	B4b1	312	313	1	32	96	95	96		5.23214285714
371	9	Do5	C5	318	318	1	16	192	95	96		5.24107142857
372	9	Re5	D5	327	327	1	16	192	95	96		5.25
373	9	Mi5	E5	336	336	3	32	288	95	96		5.26339285714
374	9	Re5	D5	327	327	1	32	96	95	96		5.26785714286
375	9	Mi5	E5	336	336	1	16	192	95	96		5.27678571429
376	9	Fa5#3	F5#4	343	344	1	16	192	95	96		5.28571428571
377	9	Sol5	G5	349	349	1	8	385	95	96		5.30357142857
378	9	Fa5#3	F5#4	343	344	1	16	192	95	96		5.3125
379	9	Sol5	G5	349	349	1	16	192	95	96		5.32142857143
380	9	La5	A5	358	358	1	4	769	95	96		5.35714285714
381	9	Mi5	E5	336	336	1	8	385	95	96		5.375
382	9	Fa5	F5	340	340	1	16	192	95	96		5.38392857143
383	9	Sol5	G5	349	349	1	16	192	95	96		5.39285714286
384	9	Fa5	F5	340	340	1	16	192	95	96		5.40178571429
385	9	Mi5	E5	336	336	1	16	192	95	96		5.41071428571
386	9	Re5	D5	327	327	1	8	385	95	96		5.42857142857
387	9	Do5	C5	318	318	1	16	192	95	96		5.4375
388	9	Mi5	E5	336	336	1	16	192	95	96		5.44642857143
389	9	Re5	D5	327	327	1	16	192	95	96		5.45535714286
390	9	Do5	C5	318	318	1	16	192	95	96		5.46428571429
391	9	Si4b5	B4b5	309	309	1	16	192	95	96		5.47321428571
392	9	La4	A4	305	305	1	16	192	95	96		5.48214285714
393	9	Sol4	G4	296	296	1	8	385	95	96		5.5
394	9	Re5	D5	327	327	3	8	1154	95	96		5.55357142857
395	9	Do5	C5	318	318	1	16	192	95	96		5.5625
396	9	Re5	D5	327	327	1	16	192	95	96		5.57142857143
397	9	Mi5	E5	336	336	1	16	192	95	96		5.58035714286
398	9	Fa5	F5	340	340	1	16	192	95	96		5.58928571429
399	9	Mi5	E5	336	336	1	16	192	95	96		5.59821428571
400	9	Re5	D5	327	327	1	16	192	95	96		5.60714285714
401	9	Do5	C5	318	318	1	16	192	95	96		5.61607142857
402	9	Si4b5	B4b5	309	309	1	16	192	95	96		5.625
403	9	La4	A4	305	305	1	16	192	95	96		5.63392857143
404	9	Do5	C5	318	318	1	16	192	95	96		5.64285714286
405	9	Si4b5	B4b5	309	309	3	8	1154	95	96		5.69642857143
406	9	La4	A4	305	305	1	16	192	95	96		5.70535714286
407	9	Sol4	G4	296	296	1	16	192	95	96		5.71428571429
408	9	La4	A4	305	305	1	12	256	95	96		5.72619047619
409	9	Si4b5	B4b5	309	309	1	12	256	95	96		5.7380952381
410	9	Do5	C5	318	318	1	12	256	95	96		5.75
411	9	Mi5b5	E5b5	331	331	1	12	256	95	96		5.7619047619
412	9	Re5	D5	327	327	1	12	256	95	96		5.77380952381
413	9	Do5	C5	318	318	1	12	256	95	96		5.78571428571
414	9	Si4b5	B4b5	309	309	1	8	385	95	96		5.80357142857
415	9	La4	A4	305	305	1	16	192	95	96		5.8125
416	9	Sol4	G4	296	296	1	16	192	95	96		5.82142857143
417	9	Do5	C5	318	318	1	8	385	95	96		5.83928571429
418	9	Si4b5	B4b5	309	309	1	16	192	95	96		5.84821428571
419	9	La4	A4	305	305	1	16	192	95	96		5.85714285714
420	9	La4	A4	305	305	3	8	1154	95	96	4. HANEYE	5.91071428571
421	9	Fa5	F5	340	340	1	8	385	95	96		5.92857142857
422	9	Mi5	E5	336	336	1	8	385	95	96		5.94642857143
423	9	Sol5	G5	349	349	1	8	385	95	96		5.96428571429
424	12	Fa5	F5	340	340	1	8	385	95	96		5.98214285714
425	9	Mi5	E5	336	336	1	16	192	95	96		5.99107142857
426	9	Re5	D5	327	327	1	16	192	95	96		6.0
427	9	Do5	C5	318	318	1	4	769	95	96	4. HANE	6.03571428571
428	9	Fa5	F5	340	340	1	8	385	95	96		6.05357142857
429	9	Mi5	E5	336	336	1	8	385	95	96		6.07142857143
430	9	Fa5	F5	340	340	3	8	1154	95	96		6.125
431	9	La5b4	A5b4	354	354	1	8	385	95	96		6.14285714286
432	9	Sol5	G5	349	349	1	8	385	95	96		6.16071428571
433	9	Fa5	F5	340	340	1	8	385	95	96		6.17857142857
434	9	Mi5	E5	336	336	1	8	385	95	96		6.19642857143
435	9	Re5b3	D5b4	324	323	1	8	385	95	96		6.21428571429
436	9	Do5	C5	318	318	3	8	1154	95	96		6.26785714286
437	9	La4	A4	305	305	1	16	192	95	96		6.27678571429
438	9	Do5	C5	318	318	1	16	192	95	96		6.28571428571
439	9	Si4b5	B4b5	309	309	3	16	577	95	96		6.3125
440	9	La4	A4	305	305	1	16	192	95	96		6.32142857143
441	9	Sol4#4	G4#4	300	300	1	16	192	95	96		6.33035714286
442	9	Do5	C5	318	318	1	16	192	95	96		6.33928571429
443	9	Si4b5	B4b5	309	309	1	16	192	95	96		6.34821428571
444	9	La4	A4	305	305	1	16	192	95	96		6.35714285714
445	9	La4	A4	305	305	3	8	1154	95	96		6.41071428571
446	9	La4	A4	305	305	1	8	385	95	96		6.42857142857
447	9	Sol5	G5	349	349	1	8	385	95	96		6.44642857143
448	9	La5	A5	358	358	1	4	769	95	96		6.48214285714
449	9	Re6	D6	380	380	1	8	385	95	96		6.5
450	9	Do6	C6	371	371	1	16	192	95	96		6.50892857143
451	9	Si5b5	B5b5	362	362	1	16	192	95	96		6.51785714286
452	9	La5	A5	358	358	1	16	192	95	96		6.52678571429
453	9	Sol5	G5	349	349	1	16	192	95	96		6.53571428571
454	9	Fa5	F5	340	340	1	8	385	95	96		6.55357142857
455	9	Sol5	G5	349	349	1	32	96	95	96		6.55803571429
456	9	La5	A5	358	358	1	32	96	95	96		6.5625
457	9	Si5b5	B5b5	362	362	1	32	96	95	96		6.56696428571
458	9	Do6	C6	371	371	1	32	96	95	96		6.57142857143
459	9	Re6	D6	380	380	1	8	385	95	96		6.58928571429
460	9	Do6	C6	371	371	1	4	769	95	96		6.625
461	9	La5	A5	358	358	1	16	192	95	96		6.63392857143
462	9	Do6	C6	371	371	1	16	192	95	96		6.64285714286
463	9	Si5b5	B5b5	362	362	1	16	192	95	96		6.65178571429
464	9	La5	A5	358	358	1	16	192	95	96		6.66071428571
465	9	Sol5	G5	349	349	1	16	192	95	96		6.66964285714
466	9	Si5b5	B5b5	362	362	1	16	192	95	96		6.67857142857
467	9	La5	A5	358	358	1	4	769	95	96		6.71428571429
468	9	Es	Es	-1	-1	1	8	385	100	0		6.73214285714
469	9	Do6	C6	371	371	1	16	192	95	96		6.74107142857
470	9	Si5b5	B5b5	362	362	1	16	192	95	96		6.75
471	9	Si5b5	B5b5	362	362	1	16	192	95	96		6.75892857143
472	9	La5	A5	358	358	1	16	192	95	96		6.76785714286
473	9	La5	A5	358	358	1	16	192	95	96		6.77678571429
474	9	Sol5	G5	349	349	1	16	192	95	96		6.78571428571
475	9	Sol5	G5	349	349	1	16	192	95	96		6.79464285714
476	9	Fa5	F5	340	340	1	16	192	95	96		6.80357142857
477	9	Fa5	F5	340	340	1	16	192	95	96		6.8125
478	9	Mi5	E5	336	336	1	16	192	95	96		6.82142857143
479	9	Fa5	F5	340	340	1	16	192	95	96		6.83035714286
480	9	Mi5	E5	336	336	1	16	192	95	96		6.83928571429
481	9	Fa5	F5	340	340	1	16	192	95	96		6.84821428571
482	9	Sol5	G5	349	349	1	16	192	95	96		6.85714285714
483	9	La5	A5	358	358	1	4	769	95	96		6.89285714286
484	9	Fa5	F5	340	340	1	16	192	95	96		6.90178571429
485	9	Mi5	E5	336	336	1	16	192	95	96		6.91071428571
486	9	Re5	D5	327	327	1	16	192	95	96		6.91964285714
487	9	Fa5	F5	340	340	1	16	192	95	96		6.92857142857
488	9	Mi5	E5	336	336	1	16	192	95	96		6.9375
489	9	Fa5	F5	340	340	1	16	192	95	96		6.94642857143
490	9	Mi5	E5	336	336	1	16	192	95	96		6.95535714286
491	9	Fa5	F5	340	340	1	16	192	95	96		6.96428571429
492	9	Mi5	E5	336	336	1	16	192	95	96		6.97321428571
493	9	Fa5	F5	340	340	1	16	192	95	96		6.98214285714
494	9	Mi5	E5	336	336	1	16	192	95	96		6.99107142857
495	9	Re5	D5	327	327	1	16	192	95	96		7.0
496	9	Mi5	E5	336	336	1	12	256	95	96	TESLİM	7.0119047619
497	9	Fa5	F5	340	340	1	12	256	95	96		7.02380952381
498	9	Sol5	G5	349	349	1	12	256	95	96		7.03571428571
499	9	La5	A5	358	358	1	12	256	95	96		7.04761904762
500	9	Sol5	G5	349	349	1	12	256	95	96		7.05952380952
501	9	Fa5	F5	340	340	1	12	256	95	96		7.07142857143
502	9	Mi5	E5	336	336	3	16	577	95	96		7.09821428571
503	9	Re5	D5	327	327	1	16	192	95	96		7.10714285714
504	9	Re5	D5	327	327	1	24	128	95	96		7.1130952381
505	9	Do5	C5	318	318	1	24	128	95	96		7.11904761905
506	9	Re5	D5	327	327	1	24	128	95	96		7.125
507	11	Mi5	E5	336	336	1	24	128	95	96		7.13095238095
508	11	Mi5	E5	336	336	1	24	128	95	96		7.1369047619
509	9	Re5	D5	327	327	1	24	128	95	96		7.14285714286
510	9	Re5	D5	327	327	1	4	769	95	96		7.17857142857
511	9	Do6	C6	371	371	1	32	96	95	96		7.18303571429
512	9	Si5b5	B5b5	362	362	1	32	96	95	96		7.1875
513	9	La5	A5	358	358	1	32	96	95	96		7.19196428571
514	9	Sol5	G5	349	349	1	32	96	95	96		7.19642857143
515	9	Fa5	F5	340	340	1	24	128	95	96		7.20238095238
516	9	Mi5	E5	336	336	1	24	128	95	96		7.20833333333
517	9	Re5	D5	327	327	1	24	128	95	96		7.21428571429
518	9	Do5	C5	318	318	3	32	288	95	96		7.22767857143
519	9	Si4b2	B4b1	312	313	1	32	96	95	96		7.23214285714
520	9	Do5	C5	318	318	1	16	192	95	96		7.24107142857
521	9	Re5	D5	327	327	1	16	192	95	96		7.25
522	9	Mi5	E5	336	336	3	32	288	95	96		7.26339285714
523	9	Re5	D5	327	327	1	32	96	95	96		7.26785714286
524	9	Mi5	E5	336	336	1	16	192	95	96		7.27678571429
525	9	Fa5#3	F5#4	343	344	1	16	192	95	96		7.28571428571
526	9	Sol5	G5	349	349	1	8	385	95	96		7.30357142857
527	9	Fa5#3	F5#4	343	344	1	16	192	95	96		7.3125
528	9	Sol5	G5	349	349	1	16	192	95	96		7.32142857143
529	9	La5	A5	358	358	1	4	769	95	96		7.35714285714
530	9	Mi5	E5	336	336	1	8	385	95	96		7.375
531	9	Fa5	F5	340	340	1	16	192	95	96		7.38392857143
532	9	Sol5	G5	349	349	1	16	192	95	96		7.39285714286
533	9	Fa5	F5	340	340	1	16	192	95	96		7.40178571429
534	9	Mi5	E5	336	336	1	16	192	95	96		7.41071428571
535	9	Re5	D5	327	327	1	8	385	95	96		7.42857142857
536	9	Do5	C5	318	318	1	16	192	95	96		7.4375
537	9	Mi5	E5	336	336	1	16	192	95	96		7.44642857143
538	9	Re5	D5	327	327	1	16	192	95	96		7.45535714286
539	9	Do5	C5	318	318	1	16	192	95	96		7.46428571429
540	9	Si4b5	B4b5	309	309	1	16	192	95	96		7.47321428571
541	9	La4	A4	305	305	1	16	192	95	96		7.48214285714
542	9	Sol4	G4	296	296	1	8	385	95	96		7.5
543	9	Re5	D5	327	327	3	8	1154	95	96		7.55357142857
544	9	Do5	C5	318	318	1	16	192	95	96		7.5625
545	9	Re5	D5	327	327	1	16	192	95	96		7.57142857143
546	9	Mi5	E5	336	336	1	16	192	95	96		7.58035714286
547	9	Fa5	F5	340	340	1	16	192	95	96		7.58928571429
548	9	Mi5	E5	336	336	1	16	192	95	96		7.59821428571
549	9	Re5	D5	327	327	1	16	192	95	96		7.60714285714
550	9	Do5	C5	318	318	1	16	192	95	96		7.61607142857
551	9	Si4b5	B4b5	309	309	1	16	192	95	96		7.625
552	9	La4	A4	305	305	1	16	192	95	96		7.63392857143
553	9	Do5	C5	318	318	1	16	192	95	96		7.64285714286
554	9	Si4b5	B4b5	309	309	3	8	1154	95	96		7.69642857143
555	9	La4	A4	305	305	1	16	192	95	96		7.70535714286
556	9	Sol4	G4	296	296	1	16	192	95	96		7.71428571429
557	9	La4	A4	305	305	1	12	256	95	96		7.72619047619
558	9	Si4b5	B4b5	309	309	1	12	256	95	96		7.7380952381
559	9	Do5	C5	318	318	1	12	256	95	96		7.75
560	9	Mi5b5	E5b5	331	331	1	12	256	95	96		7.7619047619
561	9	Re5	D5	327	327	1	12	256	95	96		7.77380952381
562	9	Do5	C5	318	318	1	12	256	95	96		7.78571428571
563	9	Si4b5	B4b5	309	309	1	8	385	95	96		7.80357142857
564	9	La4	A4	305	305	1	16	192	95	96		7.8125
565	9	Sol4	G4	296	296	1	16	192	95	96		7.82142857143
566	9	Do5	C5	318	318	1	8	385	95	96		7.83928571429
567	9	Si4b5	B4b5	309	309	1	16	192	95	96		7.84821428571
568	9	La4	A4	305	305	1	16	192	95	96		7.85714285714
569	9	La4	A4	305	305	3	4	2308	95	96	KARAR	7.96428571429
570	9	Es	Es	-1	-1	1	4	769	100	0		8.0
