Sira	Kod	Nota53	NotaAE	Koma53	KomaAE	Pay	Payda	Ms	LNS	Bas	Soz1	Offset
1	9	Do5	C5	318	318	1	8	417	95	96	ARANAĞME	0.0666666666667
2	9	Re5	D5	327	327	1	8	417	95	96	.	0.133333333333
3	9	Re5	D5	327	327	1	8	417	95	96	.	0.2
4	9	Re5	D5	327	327	3	16	625	95	96	.	0.3
5	9	Do5	C5	318	318	1	16	208	95	96	.	0.333333333333
6	9	Re5	D5	327	327	1	16	208	95	96	.	0.366666666667
7	9	Mi5	E5	336	336	1	16	208	95	96	.	0.4
8	9	Do5	C5	318	318	1	8	417	95	96	.	0.466666666667
9	9	Si4b2	B4b1	312	313	1	16	208	95	96	.	0.5
10	9	La4	A4	305	305	1	16	208	95	96	.	0.533333333333
11	9	La4	A4	305	305	1	16	208	95	96	.	0.566666666667
12	9	Si4b2	B4b1	312	313	1	16	208	95	96	.	0.6
13	9	Do5	C5	318	318	1	16	208	95	96	.	0.633333333333
14	9	Re5	D5	327	327	1	16	208	95	96	.	0.666666666667
15	9	Do5	C5	318	318	1	16	208	95	96	.	0.7
16	9	Si4b2	B4b1	312	313	1	16	208	95	96	.	0.733333333333
17	9	Si4b2	B4b1	312	313	1	16	208	95	96	.	0.766666666667
18	9	La4	A4	305	305	1	16	208	95	96	.	0.8
19	9	Si4b2	B4b1	312	313	1	16	208	95	96	.	0.833333333333
20	11	La4	A4	305	305	1	16	208	95	96	.	0.866666666667
21	9	La4	A4	305	305	1	4	833	95	96	.	1.0
22	9	Do5	C5	318	318	1	8	417	95	96	ARANAĞME	1.06666666667
23	9	Re5	D5	327	327	1	8	417	95	96	.	1.13333333333
24	9	Re5	D5	327	327	1	8	417	95	96	.	1.2
25	9	Re5	D5	327	327	3	16	625	95	96	.	1.3
26	9	Do5	C5	318	318	1	16	208	95	96	.	1.33333333333
27	9	Re5	D5	327	327	1	16	208	95	96	.	1.36666666667
28	9	Mi5	E5	336	336	1	16	208	95	96	.	1.4
29	9	Do5	C5	318	318	1	8	417	95	96	.	1.46666666667
30	9	Si4b2	B4b1	312	313	1	16	208	95	96	.	1.5
31	9	La4	A4	305	305	1	16	208	95	96	.	1.53333333333
32	9	La4	A4	305	305	1	16	208	95	96	.	1.56666666667
33	9	Si4b2	B4b1	312	313	1	16	208	95	96	.	1.6
34	9	Do5	C5	318	318	1	16	208	95	96	.	1.63333333333
35	9	Re5	D5	327	327	1	16	208	95	96	.	1.66666666667
36	9	Do5	C5	318	318	1	16	208	95	96	.	1.7
37	9	Si4b2	B4b1	312	313	1	16	208	95	96	.	1.73333333333
38	9	Si4b2	B4b1	312	313	1	16	208	95	96	.	1.76666666667
39	9	La4	A4	305	305	1	16	208	95	96	.	1.8
40	9	Si4b2	B4b1	312	313	1	16	208	95	96	.	1.83333333333
41	11	La4	A4	305	305	1	16	208	95	96	.	1.86666666667
42	9	La4	A4	305	305	1	4	833	95	96	.	2.0
43	9	Fa5#3	F5#4	343	344	1	8	417	95	96	Sö	2.06666666667
44	9	Sol5	G5	349	349	1	8	417	95	96	ğü	2.13333333333
45	9	La5	A5	358	358	1	8	417	95	96	dün 	2.2
46	9	La5	A5	358	358	1	4	833	95	96	yap	2.33333333333
47	9	Do6	C6	371	371	1	16	208	99	96	ra	2.36666666667
48	9	Si5b1	B5b1	366	366	1	16	208	95	96		2.4
49	9	La5	A5	358	358	3	16	625	99	96	ğı 	2.5
50	9	Sol5	G5	349	349	1	16	208	95	96		2.53333333333
51	9	Fa5#3	F5#4	343	344	1	8	417	95	96	na	2.6
52	9	Sol5	G5	349	349	1	8	417	95	96	rin	2.66666666667
53	9	Fa5#3	F5#4	343	344	1	4	833	95	96	dir 	2.8
54	9	Sol5	G5	349	349	1	16	208	99	96	na	2.83333333333
55	9	Fa5#3	F5#4	343	344	1	16	208	95	96		2.86666666667
56	9	Mi5	E5	336	336	3	16	625	99	96	rin  	2.96666666667
57	9	Re5	D5	327	327	1	16	208	95	96		3.0
58	9	Re5	D5	327	327	1	8	417	95	96	Sö	3.06666666667
59	9	Fa5#3	F5#4	343	344	1	16	208	99	96	ğü	3.1
60	9	Sol5	G5	349	349	1	16	208	95	96		3.13333333333
61	9	La5	A5	358	358	1	8	417	95	96	dün 	3.2
62	9	La5	A5	358	358	1	4	833	95	96	yap	3.33333333333
63	9	Do6	C6	371	371	1	16	208	99	96	ra	3.36666666667
64	9	Si5b1	B5b1	366	366	1	16	208	95	96		3.4
65	9	La5	A5	358	358	3	16	625	99	96	ğı 	3.5
66	9	Sol5	G5	349	349	1	16	208	95	96		3.53333333333
67	9	Fa5#3	F5#4	343	344	1	8	417	95	96	na	3.6
68	9	Sol5	G5	349	349	1	8	417	95	96	rin	3.66666666667
69	9	Fa5#3	F5#4	343	344	1	4	833	95	96	dir 	3.8
70	9	Sol5	G5	349	349	1	16	208	99	96	na	3.83333333333
71	9	Fa5#3	F5#4	343	344	1	16	208	95	96		3.86666666667
72	9	Mi5	E5	336	336	3	16	625	95	96	rin  	3.96666666667
73	9	Es	Es	-1	-1	1	16	208	100	0		4.0
74	9	Re5	D5	327	327	1	8	417	95	96	İ	4.06666666667
75	9	Re5	D5	327	327	1	8	417	95	96	çe	4.13333333333
76	9	Re5	D5	327	327	1	8	417	95	96	rim 	4.2
77	10	Re5	D5	327	327	3	16	625	99	96	ya	4.3
78	8	Mi5	E5	336	336	0	0	0	99	96		4.3
79	9	Do5	C5	318	318	1	16	208	95	96		4.33333333333
80	9	Re5	D5	327	327	1	16	208	99	96	nı	4.36666666667
81	9	Mi5	E5	336	336	1	16	208	95	96		4.4
82	7	Do5	C5	318	318	2	16	417	99	96	yor 	4.46666666667
83	9	Si4b2	B4b1	312	313	1	16	208	99	96		4.5
84	9	La4	A4	305	305	1	16	208	95	96		4.53333333333
85	9	La4	A4	305	305	1	16	208	99	96	dı	4.56666666667
86	9	Si4b2	B4b1	312	313	1	16	208	95	96		4.6
87	9	Do5	C5	318	318	1	16	208	99	96	şa	4.63333333333
88	9	Re5	D5	327	327	1	16	208	95	96		4.66666666667
89	9	Do5	C5	318	318	1	16	208	99	96	rım 	4.7
90	9	Si4b2	B4b1	312	313	1	16	208	99	96		4.73333333333
91	9	Si4b2	B4b1	312	313	1	16	208	99	96		4.76666666667
92	9	La4	A4	305	305	1	16	208	95	96		4.8
93	9	Si4b2	B4b1	312	313	1	16	208	99	96	se	4.83333333333
94	11	La4	A4	305	305	1	16	208	95	96		4.86666666667
95	9	La4	A4	305	305	1	4	833	95	96	rin  	5.0
96	9	Re5	D5	327	327	1	8	417	95	96	İ	5.06666666667
97	9	Re5	D5	327	327	1	8	417	95	96	çe	5.13333333333
98	9	Re5	D5	327	327	1	8	417	95	96	rim 	5.2
99	10	Re5	D5	327	327	3	16	625	99	96	ya	5.3
100	8	Mi5	E5	336	336	0	0	0	99	96		5.3
101	9	Do5	C5	318	318	1	16	208	95	96		5.33333333333
102	9	Re5	D5	327	327	1	16	208	99	96	nı	5.36666666667
103	9	Mi5	E5	336	336	1	16	208	95	96		5.4
104	7	Do5	C5	318	318	2	16	417	99	96	yor 	5.46666666667
105	9	Si4b2	B4b1	312	313	1	16	208	99	96		5.5
106	9	La4	A4	305	305	1	16	208	95	96		5.53333333333
107	9	La4	A4	305	305	1	16	208	99	96	dı	5.56666666667
108	9	Si4b2	B4b1	312	313	1	16	208	95	96		5.6
109	9	Do5	C5	318	318	1	16	208	99	96	şa	5.63333333333
110	9	Re5	D5	327	327	1	16	208	95	96		5.66666666667
111	9	Do5	C5	318	318	1	16	208	99	96	rım 	5.7
112	9	Si4b2	B4b1	312	313	1	16	208	99	96		5.73333333333
113	9	Si4b2	B4b1	312	313	1	16	208	99	96		5.76666666667
114	9	La4	A4	305	305	1	16	208	95	96		5.8
115	9	Si4b2	B4b1	312	313	1	16	208	99	96	se	5.83333333333
116	11	La4	A4	305	305	1	16	208	95	96		5.86666666667
117	9	La4	A4	305	305	1	4	833	95	96	rin  	6.0
118	9	Fa5#3	F5#4	343	344	1	8	417	95	96	Zey	6.06666666667
119	9	Sol5	G5	349	349	1	8	417	95	96	ne	6.13333333333
120	9	La5	A5	358	358	1	8	417	95	96	bi 	6.2
121	9	La5	A5	358	358	1	4	833	95	96	bu 	6.33333333333
122	9	Do6	C6	371	371	1	16	208	99	96	haf	6.36666666667
123	9	Si5b1	B5b1	366	366	1	16	208	95	96		6.4
124	9	La5	A5	358	358	3	16	625	99	96	ta 	6.5
125	9	Sol5	G5	349	349	1	16	208	95	96		6.53333333333
126	9	Fa5#3	F5#4	343	344	1	8	417	95	96	et	6.6
127	9	Sol5	G5	349	349	1	8	417	95	96	ti	6.66666666667
128	9	Fa5#3	F5#4	343	344	1	4	833	95	96	ler 	6.8
129	9	Sol5	G5	349	349	1	16	208	99	96	ge	6.83333333333
130	9	Fa5#3	F5#4	343	344	1	16	208	95	96		6.86666666667
131	9	Mi5	E5	336	336	3	16	625	99	96	lin  	6.96666666667
132	9	Re5	D5	327	327	1	16	208	95	96		7.0
133	9	Re5	D5	327	327	1	8	417	95	96	Zey	7.06666666667
134	9	Fa5#3	F5#4	343	344	1	16	208	99	96	ne	7.1
135	9	Sol5	G5	349	349	1	16	208	95	96		7.13333333333
136	9	La5	A5	358	358	1	8	417	95	96	bi 	7.2
137	9	La5	A5	358	358	1	4	833	95	96	bu 	7.33333333333
138	9	Do6	C6	371	371	1	16	208	99	96	haf	7.36666666667
139	9	Si5b1	B5b1	366	366	1	16	208	95	96		7.4
140	9	La5	A5	358	358	3	16	625	99	96	ta 	7.5
141	9	Sol5	G5	349	349	1	16	208	95	96		7.53333333333
142	9	Fa5#3	F5#4	343	344	1	8	417	95	96	et	7.6
143	9	Sol5	G5	349	349	1	8	417	95	96	ti	7.66666666667
144	9	Fa5#3	F5#4	343	344	1	4	833	95	96	ler 	7.8
145	9	Sol5	G5	349	349	1	16	208	99	96	ge	7.83333333333
146	9	Fa5#3	F5#4	343	344	1	16	208	95	96		7.86666666667
147	9	Mi5	E5	336	336	3	16	625	95	96	lin  	7.96666666667
148	9	Es	Es	-1	-1	1	16	208	100	0		8.0
149	9	Do5	C5	318	318	1	8	417	95	96	Zey	8.06666666667
150	9	Re5	D5	327	327	1	8	417	95	96	ne	8.13333333333
151	9	Re5	D5	327	327	1	8	417	95	96	bim 	8.2
152	10	Re5	D5	327	327	3	16	625	99	96	Zey	8.3
153	8	Mi5	E5	336	336	0	0	0	99	96		8.3
154	9	Do5	C5	318	318	1	16	208	95	96		8.33333333333
155	9	Re5	D5	327	327	1	16	208	99	96	ne	8.36666666667
156	9	Mi5	E5	336	336	1	16	208	95	96		8.4
157	9	Do5	C5	318	318	1	16	208	99	96	bim 	8.43333333333
158	9	Do5	C5	318	318	1	16	208	99	96		8.46666666667
159	9	Si4b2	B4b1	312	313	1	16	208	99	96		8.5
160	9	La4	A4	305	305	1	16	208	95	96		8.53333333333
161	9	La4	A4	305	305	1	16	208	99	96	an	8.56666666667
162	9	Si4b2	B4b1	312	313	1	16	208	95	96		8.6
163	9	Do5	C5	318	318	1	16	208	99	96	lı 	8.63333333333
164	9	Re5	D5	327	327	1	16	208	95	96		8.66666666667
165	9	Do5	C5	318	318	1	16	208	99	96	Zey	8.7
166	9	Si4b2	B4b1	312	313	1	16	208	99	96		8.73333333333
167	9	Si4b2	B4b1	312	313	1	16	208	99	96		8.76666666667
168	9	La4	A4	305	305	1	16	208	95	96		8.8
169	9	Si4b2	B4b1	312	313	1	16	208	99	96	ne	8.83333333333
170	11	La4	A4	305	305	1	16	208	95	96		8.86666666667
171	9	La4	A4	305	305	1	4	833	95	96	bim  	9.0
172	9	Do5	C5	318	318	1	8	417	95	96	Üç 	9.06666666667
173	9	Re5	D5	327	327	1	8	417	95	96	kö	9.13333333333
174	9	Re5	D5	327	327	1	8	417	95	96	yün 	9.2
175	10	Re5	D5	327	327	3	16	625	99	96	i	9.3
176	8	Mi5	E5	336	336	0	0	0	99	96		9.3
177	9	Do5	C5	318	318	1	16	208	95	96		9.33333333333
178	9	Re5	D5	327	327	1	16	208	99	96	çin	9.36666666667
179	9	Mi5	E5	336	336	1	16	208	95	96		9.4
180	9	Do5	C5	318	318	1	16	208	99	96	de 	9.43333333333
181	9	Do5	C5	318	318	1	16	208	99	96		9.46666666667
182	9	Si4b2	B4b1	312	313	1	16	208	99	96		9.5
183	9	La4	A4	305	305	1	16	208	95	96		9.53333333333
184	9	La4	A4	305	305	1	16	208	99	96	şan	9.56666666667
185	9	Si4b2	B4b1	312	313	1	16	208	95	96		9.6
186	9	Do5	C5	318	318	1	16	208	99	96	lı 	9.63333333333
187	9	Re5	D5	327	327	1	16	208	95	96		9.66666666667
188	9	Do5	C5	318	318	1	16	208	99	96	Zey	9.7
189	9	Si4b2	B4b1	312	313	1	16	208	99	96		9.73333333333
190	9	Si4b2	B4b1	312	313	1	16	208	99	96		9.76666666667
191	9	La4	A4	305	305	1	16	208	95	96		9.8
192	9	Si4b2	B4b1	312	313	1	16	208	99	96	ne	9.83333333333
193	11	La4	A4	305	305	1	16	208	95	96		9.86666666667
194	9	La4	A4	305	305	1	4	833	95	96	bim  	10.0
195	9	Do5	C5	318	318	1	8	417	95	96	Zey	10.0666666667
196	9	Re5	D5	327	327	1	8	417	95	96	ne	10.1333333333
197	9	Re5	D5	327	327	1	8	417	95	96	bim 	10.2
198	10	Re5	D5	327	327	3	16	625	99	96	Zey	10.3
199	8	Mi5	E5	336	336	0	0	0	99	96		10.3
200	9	Do5	C5	318	318	1	16	208	95	96		10.3333333333
201	9	Re5	D5	327	327	1	16	208	99	96	ne	10.3666666667
202	9	Mi5	E5	336	336	1	16	208	95	96		10.4
203	9	Do5	C5	318	318	1	16	208	99	96	bim 	10.4333333333
204	9	Do5	C5	318	318	1	16	208	99	96		10.4666666667
205	9	Si4b2	B4b1	312	313	1	16	208	99	96		10.5
206	9	La4	A4	305	305	1	16	208	95	96		10.5333333333
207	9	La4	A4	305	305	1	16	208	99	96	an	10.5666666667
208	9	Si4b2	B4b1	312	313	1	16	208	95	96		10.6
209	9	Do5	C5	318	318	1	16	208	99	96	lı 	10.6333333333
210	9	Re5	D5	327	327	1	16	208	95	96		10.6666666667
211	9	Do5	C5	318	318	1	16	208	99	96	Zey	10.7
212	9	Si4b2	B4b1	312	313	1	16	208	99	96		10.7333333333
213	9	Si4b2	B4b1	312	313	1	16	208	99	96		10.7666666667
214	9	La4	A4	305	305	1	16	208	95	96		10.8
215	9	Si4b2	B4b1	312	313	1	16	208	99	96	ne	10.8333333333
216	11	La4	A4	305	305	1	16	208	95	96		10.8666666667
217	9	La4	A4	305	305	1	4	833	95	96	bim  	11.0
218	9	Do5	C5	318	318	1	8	417	95	96	Üç 	11.0666666667
219	9	Re5	D5	327	327	1	8	417	95	96	kö	11.1333333333
220	9	Re5	D5	327	327	1	8	417	95	96	yün 	11.2
221	10	Re5	D5	327	327	3	16	625	99	96	i	11.3
222	8	Mi5	E5	336	336	0	0	0	99	96		11.3
223	9	Do5	C5	318	318	1	16	208	95	96		11.3333333333
224	9	Re5	D5	327	327	1	16	208	99	96	çin	11.3666666667
225	9	Mi5	E5	336	336	1	16	208	95	96		11.4
226	9	Do5	C5	318	318	1	16	208	99	96	de 	11.4333333333
227	9	Do5	C5	318	318	1	16	208	99	96		11.4666666667
228	9	Si4b2	B4b1	312	313	1	16	208	99	96		11.5
229	9	La4	A4	305	305	1	16	208	95	96		11.5333333333
230	9	La4	A4	305	305	1	16	208	99	96	şan	11.5666666667
231	9	Si4b2	B4b1	312	313	1	16	208	95	96		11.6
232	9	Do5	C5	318	318	1	16	208	99	96	lı 	11.6333333333
233	9	Re5	D5	327	327	1	16	208	95	96		11.6666666667
234	9	Do5	C5	318	318	1	16	208	99	96	Zey	11.7
235	9	Si4b2	B4b1	312	313	1	16	208	99	96		11.7333333333
236	9	Si4b2	B4b1	312	313	1	16	208	99	96		11.7666666667
237	9	La4	A4	305	305	1	16	208	95	96		11.8
238	9	Si4b2	B4b1	312	313	1	16	208	99	96	ne	11.8333333333
239	11	La4	A4	305	305	1	16	208	95	96		11.8666666667
240	9	La4	A4	305	305	1	4	833	95	96	bim  	12.0
241	9	Do5	C5	318	318	1	8	417	95	96	ARANAĞME	12.0666666667
242	9	Re5	D5	327	327	1	8	417	95	96	.	12.1333333333
243	9	Re5	D5	327	327	1	8	417	95	96	.	12.2
244	9	Re5	D5	327	327	3	16	625	95	96	.	12.3
245	9	Do5	C5	318	318	1	16	208	95	96	.	12.3333333333
246	9	Re5	D5	327	327	1	16	208	95	96	.	12.3666666667
247	9	Mi5	E5	336	336	1	16	208	95	96	.	12.4
248	9	Do5	C5	318	318	1	8	417	95	96	.	12.4666666667
249	9	Si4b2	B4b1	312	313	1	16	208	95	96	.	12.5
250	9	La4	A4	305	305	1	16	208	95	96	.	12.5333333333
251	9	La4	A4	305	305	1	16	208	95	96	.	12.5666666667
252	9	Si4b2	B4b1	312	313	1	16	208	95	96	.	12.6
253	9	Do5	C5	318	318	1	16	208	95	96	.	12.6333333333
254	9	Re5	D5	327	327	1	16	208	95	96	.	12.6666666667
255	9	Do5	C5	318	318	1	16	208	95	96	.	12.7
256	9	Si4b2	B4b1	312	313	1	16	208	95	96	.	12.7333333333
257	9	Si4b2	B4b1	312	313	1	16	208	95	96	.	12.7666666667
258	9	La4	A4	305	305	1	16	208	95	96	.	12.8
259	9	Si4b2	B4b1	312	313	1	16	208	95	96	.	12.8333333333
260	11	La4	A4	305	305	1	16	208	95	96	.	12.8666666667
261	9	La4	A4	305	305	1	4	833	95	96	.	13.0
262	9	Do5	C5	318	318	1	8	417	95	96	ARANAĞME	13.0666666667
263	9	Re5	D5	327	327	1	8	417	95	96	.	13.1333333333
264	9	Re5	D5	327	327	1	8	417	95	96	.	13.2
265	9	Re5	D5	327	327	3	16	625	95	96	.	13.3
266	9	Do5	C5	318	318	1	16	208	95	96	.	13.3333333333
267	9	Re5	D5	327	327	1	16	208	95	96	.	13.3666666667
268	9	Mi5	E5	336	336	1	16	208	95	96	.	13.4
269	9	Do5	C5	318	318	1	8	417	95	96	.	13.4666666667
270	9	Si4b2	B4b1	312	313	1	16	208	95	96	.	13.5
271	9	La4	A4	305	305	1	16	208	95	96	.	13.5333333333
272	9	La4	A4	305	305	1	16	208	95	96	.	13.5666666667
273	9	Si4b2	B4b1	312	313	1	16	208	95	96	.	13.6
274	9	Do5	C5	318	318	1	16	208	95	96	.	13.6333333333
275	9	Re5	D5	327	327	1	16	208	95	96	.	13.6666666667
276	9	Do5	C5	318	318	1	16	208	95	96	.	13.7
277	9	Si4b2	B4b1	312	313	1	16	208	95	96	.	13.7333333333
278	9	Si4b2	B4b1	312	313	1	16	208	95	96	.	13.7666666667
279	9	La4	A4	305	305	1	16	208	95	96	.	13.8
280	9	Si4b2	B4b1	312	313	1	16	208	95	96	.	13.8333333333
281	11	La4	A4	305	305	1	16	208	95	96	.	13.8666666667
282	9	La4	A4	305	305	1	4	833	95	96	.	14.0
283	9	Fa5#3	F5#4	343	344	1	8	417	95	96	Sö	14.0666666667
284	9	Sol5	G5	349	349	1	8	417	95	96	ğü	14.1333333333
285	9	La5	A5	358	358	1	8	417	95	96	dün 	14.2
286	9	La5	A5	358	358	1	4	833	95	96	yap	14.3333333333
287	9	Do6	C6	371	371	1	16	208	99	96	ra	14.3666666667
288	9	Si5b1	B5b1	366	366	1	16	208	95	96		14.4
289	9	La5	A5	358	358	3	16	625	99	96	ğı 	14.5
290	9	Sol5	G5	349	349	1	16	208	95	96		14.5333333333
291	9	Fa5#3	F5#4	343	344	1	8	417	95	96	na	14.6
292	9	Sol5	G5	349	349	1	8	417	95	96	rin	14.6666666667
293	9	Fa5#3	F5#4	343	344	1	4	833	95	96	dir 	14.8
294	9	Sol5	G5	349	349	1	16	208	99	96	na	14.8333333333
295	9	Fa5#3	F5#4	343	344	1	16	208	95	96		14.8666666667
296	9	Mi5	E5	336	336	3	16	625	99	96	rin  	14.9666666667
297	9	Re5	D5	327	327	1	16	208	95	96		15.0
298	9	Re5	D5	327	327	1	8	417	95	96	Sö	15.0666666667
299	9	Fa5#3	F5#4	343	344	1	16	208	99	96	ğü	15.1
300	9	Sol5	G5	349	349	1	16	208	95	96		15.1333333333
301	9	La5	A5	358	358	1	8	417	95	96	dün 	15.2
302	9	La5	A5	358	358	1	4	833	95	96	yap	15.3333333333
303	9	Do6	C6	371	371	1	16	208	99	96	ra	15.3666666667
304	9	Si5b1	B5b1	366	366	1	16	208	95	96		15.4
305	9	La5	A5	358	358	3	16	625	99	96	ğı 	15.5
306	9	Sol5	G5	349	349	1	16	208	95	96		15.5333333333
307	9	Fa5#3	F5#4	343	344	1	8	417	95	96	na	15.6
308	9	Sol5	G5	349	349	1	8	417	95	96	rin	15.6666666667
309	9	Fa5#3	F5#4	343	344	1	4	833	95	96	dir 	15.8
310	9	Sol5	G5	349	349	1	16	208	99	96	na	15.8333333333
311	9	Fa5#3	F5#4	343	344	1	16	208	95	96		15.8666666667
312	9	Mi5	E5	336	336	3	16	625	95	96	rin  	15.9666666667
313	9	Es	Es	-1	-1	1	16	208	100	0		16.0
314	9	Re5	D5	327	327	1	8	417	95	96	İ	16.0666666667
315	9	Re5	D5	327	327	1	8	417	95	96	çe	16.1333333333
316	9	Re5	D5	327	327	1	8	417	95	96	rim 	16.2
317	10	Re5	D5	327	327	3	16	625	99	96	ya	16.3
318	8	Mi5	E5	336	336	0	0	0	99	96		16.3
319	9	Do5	C5	318	318	1	16	208	95	96		16.3333333333
320	9	Re5	D5	327	327	1	16	208	99	96	nı	16.3666666667
321	9	Mi5	E5	336	336	1	16	208	95	96		16.4
322	7	Do5	C5	318	318	2	16	417	99	96	yor 	16.4666666667
323	9	Si4b2	B4b1	312	313	1	16	208	99	96		16.5
324	9	La4	A4	305	305	1	16	208	95	96		16.5333333333
325	9	La4	A4	305	305	1	16	208	99	96	dı	16.5666666667
326	9	Si4b2	B4b1	312	313	1	16	208	95	96		16.6
327	9	Do5	C5	318	318	1	16	208	99	96	şa	16.6333333333
328	9	Re5	D5	327	327	1	16	208	95	96		16.6666666667
329	9	Do5	C5	318	318	1	16	208	99	96	rım 	16.7
330	9	Si4b2	B4b1	312	313	1	16	208	99	96		16.7333333333
331	9	Si4b2	B4b1	312	313	1	16	208	99	96		16.7666666667
332	9	La4	A4	305	305	1	16	208	95	96		16.8
333	9	Si4b2	B4b1	312	313	1	16	208	99	96	se	16.8333333333
334	11	La4	A4	305	305	1	16	208	95	96		16.8666666667
335	9	La4	A4	305	305	1	4	833	95	96	rin  	17.0
336	9	Re5	D5	327	327	1	8	417	95	96	İ	17.0666666667
337	9	Re5	D5	327	327	1	8	417	95	96	çe	17.1333333333
338	9	Re5	D5	327	327	1	8	417	95	96	rim 	17.2
339	10	Re5	D5	327	327	3	16	625	99	96	ya	17.3
340	8	Mi5	E5	336	336	0	0	0	99	96		17.3
341	9	Do5	C5	318	318	1	16	208	95	96		17.3333333333
342	9	Re5	D5	327	327	1	16	208	99	96	nı	17.3666666667
343	9	Mi5	E5	336	336	1	16	208	95	96		17.4
344	7	Do5	C5	318	318	2	16	417	99	96	yor 	17.4666666667
345	9	Si4b2	B4b1	312	313	1	16	208	99	96		17.5
346	9	La4	A4	305	305	1	16	208	95	96		17.5333333333
347	9	La4	A4	305	305	1	16	208	99	96	dı	17.5666666667
348	9	Si4b2	B4b1	312	313	1	16	208	95	96		17.6
349	9	Do5	C5	318	318	1	16	208	99	96	şa	17.6333333333
350	9	Re5	D5	327	327	1	16	208	95	96		17.6666666667
351	9	Do5	C5	318	318	1	16	208	99	96	rım 	17.7
352	9	Si4b2	B4b1	312	313	1	16	208	99	96		17.7333333333
353	9	Si4b2	B4b1	312	313	1	16	208	99	96		17.7666666667
354	9	La4	A4	305	305	1	16	208	95	96		17.8
355	9	Si4b2	B4b1	312	313	1	16	208	99	96	se	17.8333333333
356	11	La4	A4	305	305	1	16	208	95	96		17.8666666667
357	9	La4	A4	305	305	1	4	833	95	96	rin  	18.0
358	9	Fa5#3	F5#4	343	344	1	8	417	95	96	Zey	18.0666666667
359	9	Sol5	G5	349	349	1	8	417	95	96	ne	18.1333333333
360	9	La5	A5	358	358	1	8	417	95	96	bi 	18.2
361	9	La5	A5	358	358	1	4	833	95	96	bu 	18.3333333333
362	9	Do6	C6	371	371	1	16	208	99	96	haf	18.3666666667
363	9	Si5b1	B5b1	366	366	1	16	208	95	96		18.4
364	9	La5	A5	358	358	3	16	625	99	96	ta 	18.5
365	9	Sol5	G5	349	349	1	16	208	95	96		18.5333333333
366	9	Fa5#3	F5#4	343	344	1	8	417	95	96	et	18.6
367	9	Sol5	G5	349	349	1	8	417	95	96	ti	18.6666666667
368	9	Fa5#3	F5#4	343	344	1	4	833	95	96	ler 	18.8
369	9	Sol5	G5	349	349	1	16	208	99	96	ge	18.8333333333
370	9	Fa5#3	F5#4	343	344	1	16	208	95	96		18.8666666667
371	9	Mi5	E5	336	336	3	16	625	99	96	lin  	18.9666666667
372	9	Re5	D5	327	327	1	16	208	95	96		19.0
373	9	Re5	D5	327	327	1	8	417	95	96	Zey	19.0666666667
374	9	Fa5#3	F5#4	343	344	1	16	208	99	96	ne	19.1
375	9	Sol5	G5	349	349	1	16	208	95	96		19.1333333333
376	9	La5	A5	358	358	1	8	417	95	96	bi 	19.2
377	9	La5	A5	358	358	1	4	833	95	96	bu 	19.3333333333
378	9	Do6	C6	371	371	1	16	208	99	96	haf	19.3666666667
379	9	Si5b1	B5b1	366	366	1	16	208	95	96		19.4
380	9	La5	A5	358	358	3	16	625	99	96	ta 	19.5
381	9	Sol5	G5	349	349	1	16	208	95	96		19.5333333333
382	9	Fa5#3	F5#4	343	344	1	8	417	95	96	et	19.6
383	9	Sol5	G5	349	349	1	8	417	95	96	ti	19.6666666667
384	9	Fa5#3	F5#4	343	344	1	4	833	95	96	ler 	19.8
385	9	Sol5	G5	349	349	1	16	208	99	96	ge	19.8333333333
386	9	Fa5#3	F5#4	343	344	1	16	208	95	96		19.8666666667
387	9	Mi5	E5	336	336	3	16	625	95	96	lin  	19.9666666667
388	9	Es	Es	-1	-1	1	16	208	100	0		20.0
389	9	Do5	C5	318	318	1	8	417	95	96	Zey	20.0666666667
390	9	Re5	D5	327	327	1	8	417	95	96	ne	20.1333333333
391	9	Re5	D5	327	327	1	8	417	95	96	bim 	20.2
392	10	Re5	D5	327	327	3	16	625	99	96	Zey	20.3
393	8	Mi5	E5	336	336	0	0	0	99	96		20.3
394	9	Do5	C5	318	318	1	16	208	95	96		20.3333333333
395	9	Re5	D5	327	327	1	16	208	99	96	ne	20.3666666667
396	9	Mi5	E5	336	336	1	16	208	95	96		20.4
397	9	Do5	C5	318	318	1	16	208	99	96	bim 	20.4333333333
398	9	Do5	C5	318	318	1	16	208	99	96		20.4666666667
399	9	Si4b2	B4b1	312	313	1	16	208	99	96		20.5
400	9	La4	A4	305	305	1	16	208	95	96		20.5333333333
401	9	La4	A4	305	305	1	16	208	99	96	an	20.5666666667
402	9	Si4b2	B4b1	312	313	1	16	208	95	96		20.6
403	9	Do5	C5	318	318	1	16	208	99	96	lı 	20.6333333333
404	9	Re5	D5	327	327	1	16	208	95	96		20.6666666667
405	9	Do5	C5	318	318	1	16	208	99	96	Zey	20.7
406	9	Si4b2	B4b1	312	313	1	16	208	99	96		20.7333333333
407	9	Si4b2	B4b1	312	313	1	16	208	99	96		20.7666666667
408	9	La4	A4	305	305	1	16	208	95	96		20.8
409	9	Si4b2	B4b1	312	313	1	16	208	99	96	ne	20.8333333333
410	11	La4	A4	305	305	1	16	208	95	96		20.8666666667
411	9	La4	A4	305	305	1	4	833	95	96	bim  	21.0
412	9	Do5	C5	318	318	1	8	417	95	96	Üç 	21.0666666667
413	9	Re5	D5	327	327	1	8	417	95	96	kö	21.1333333333
414	9	Re5	D5	327	327	1	8	417	95	96	yün 	21.2
415	10	Re5	D5	327	327	3	16	625	99	96	i	21.3
416	8	Mi5	E5	336	336	0	0	0	99	96		21.3
417	9	Do5	C5	318	318	1	16	208	95	96		21.3333333333
418	9	Re5	D5	327	327	1	16	208	99	96	çin	21.3666666667
419	9	Mi5	E5	336	336	1	16	208	95	96		21.4
420	9	Do5	C5	318	318	1	16	208	99	96	de 	21.4333333333
421	9	Do5	C5	318	318	1	16	208	99	96		21.4666666667
422	9	Si4b2	B4b1	312	313	1	16	208	99	96		21.5
423	9	La4	A4	305	305	1	16	208	95	96		21.5333333333
424	9	La4	A4	305	305	1	16	208	99	96	şan	21.5666666667
425	9	Si4b2	B4b1	312	313	1	16	208	95	96		21.6
426	9	Do5	C5	318	318	1	16	208	99	96	lı 	21.6333333333
427	9	Re5	D5	327	327	1	16	208	95	96		21.6666666667
428	9	Do5	C5	318	318	1	16	208	99	96	Zey	21.7
429	9	Si4b2	B4b1	312	313	1	16	208	99	96		21.7333333333
430	9	Si4b2	B4b1	312	313	1	16	208	99	96		21.7666666667
431	9	La4	A4	305	305	1	16	208	95	96		21.8
432	9	Si4b2	B4b1	312	313	1	16	208	99	96	ne	21.8333333333
433	11	La4	A4	305	305	1	16	208	95	96		21.8666666667
434	9	La4	A4	305	305	1	4	833	95	96	bim  	22.0
435	9	Do5	C5	318	318	1	8	417	95	96	Zey	22.0666666667
436	9	Re5	D5	327	327	1	8	417	95	96	ne	22.1333333333
437	9	Re5	D5	327	327	1	8	417	95	96	bim 	22.2
438	10	Re5	D5	327	327	3	16	625	99	96	Zey	22.3
439	8	Mi5	E5	336	336	0	0	0	99	96		22.3
440	9	Do5	C5	318	318	1	16	208	95	96		22.3333333333
441	9	Re5	D5	327	327	1	16	208	99	96	ne	22.3666666667
442	9	Mi5	E5	336	336	1	16	208	95	96		22.4
443	9	Do5	C5	318	318	1	16	208	99	96	bim 	22.4333333333
444	9	Do5	C5	318	318	1	16	208	99	96		22.4666666667
445	9	Si4b2	B4b1	312	313	1	16	208	99	96		22.5
446	9	La4	A4	305	305	1	16	208	95	96		22.5333333333
447	9	La4	A4	305	305	1	16	208	99	96	an	22.5666666667
448	9	Si4b2	B4b1	312	313	1	16	208	95	96		22.6
449	9	Do5	C5	318	318	1	16	208	99	96	lı 	22.6333333333
450	9	Re5	D5	327	327	1	16	208	95	96		22.6666666667
451	9	Do5	C5	318	318	1	16	208	99	96	Zey	22.7
452	9	Si4b2	B4b1	312	313	1	16	208	99	96		22.7333333333
453	9	Si4b2	B4b1	312	313	1	16	208	99	96		22.7666666667
454	9	La4	A4	305	305	1	16	208	95	96		22.8
455	9	Si4b2	B4b1	312	313	1	16	208	99	96	ne	22.8333333333
456	11	La4	A4	305	305	1	16	208	95	96		22.8666666667
457	9	La4	A4	305	305	1	4	833	95	96	bim  	23.0
458	9	Do5	C5	318	318	1	8	417	95	96	Üç 	23.0666666667
459	9	Re5	D5	327	327	1	8	417	95	96	kö	23.1333333333
460	9	Re5	D5	327	327	1	8	417	95	96	yün 	23.2
461	10	Re5	D5	327	327	3	16	625	99	96	i	23.3
462	8	Mi5	E5	336	336	0	0	0	99	96		23.3
463	9	Do5	C5	318	318	1	16	208	95	96		23.3333333333
464	9	Re5	D5	327	327	1	16	208	99	96	çin	23.3666666667
465	9	Mi5	E5	336	336	1	16	208	95	96		23.4
466	9	Do5	C5	318	318	1	16	208	99	96	de 	23.4333333333
467	9	Do5	C5	318	318	1	16	208	99	96		23.4666666667
468	9	Si4b2	B4b1	312	313	1	16	208	99	96		23.5
469	9	La4	A4	305	305	1	16	208	95	96		23.5333333333
470	9	La4	A4	305	305	1	16	208	99	96	şan	23.5666666667
471	9	Si4b2	B4b1	312	313	1	16	208	95	96		23.6
472	9	Do5	C5	318	318	1	16	208	99	96	lı 	23.6333333333
473	9	Re5	D5	327	327	1	16	208	95	96		23.6666666667
474	9	Do5	C5	318	318	1	16	208	99	96	Zey	23.7
475	9	Si4b2	B4b1	312	313	1	16	208	99	96		23.7333333333
476	9	Si4b2	B4b1	312	313	1	16	208	99	96		23.7666666667
477	9	La4	A4	305	305	1	16	208	95	96		23.8
478	9	Si4b2	B4b1	312	313	1	16	208	99	96	ne	23.8333333333
479	11	La4	A4	305	305	1	16	208	95	96		23.8666666667
480	9	La4	A4	305	305	1	4	833	95	96	bim  	24.0
