Sira	Kod	Nota53	NotaAE	Koma53	KomaAE	Pay	Payda	Ms	LNS	Bas	Soz1	Offset
1	51			0	0	120	4	0	86	0	Zencîr	0.0
2	9	Re5	D5	327	327	1	8	500	95	96		0.00416666666667
3	9	Re5	D5	327	327	1	4	1000	95	96		0.0125
4	9	La5	A5	358	358	1	8	500	95	96		0.0166666666667
5	9	La5	A5	358	358	1	8	500	99	96		0.0208333333333
6	9	Sol5	G5	349	349	1	8	500	99	96		0.025
7	9	Fa5#4	F5#4	344	344	1	8	500	99	96		0.0291666666667
8	9	Mi5	E5	336	336	1	8	500	99	96		0.0333333333333
9	9	Fa5#4	F5#4	344	344	1	8	500	99	96		0.0375
10	9	Sol5	G5	349	349	1	8	500	99	96		0.0416666666667
11	9	Fa5#4	F5#4	344	344	1	8	500	99	96		0.0458333333333
12	9	Mi5	E5	336	336	1	8	500	95	96		0.05
13	9	Fa5#4	F5#4	344	344	1	8	500	99	96		0.0541666666667
14	8	Sol5	G5	349	349	0	0	0	99	96		0.0541666666667
15	9	Fa5#4	F5#4	344	344	1	16	250	99	96		0.05625
16	9	Mi5	E5	336	336	1	16	250	99	96		0.0583333333333
17	9	Fa5#4	F5#4	344	344	1	8	500	95	96		0.0625
18	9	Sol5	G5	349	349	1	8	500	95	96		0.0666666666667
19	8	La5	A5	358	358	0	0	0	95	96		0.0666666666667
20	9	Sol5	G5	349	349	3	16	750	99	96		0.0729166666667
21	9	Fa5#4	F5#4	344	344	1	16	250	99	96		0.075
22	9	Mi5	E5	336	336	1	4	1000	99	96		0.0833333333333
23	9	Mi5	E5	336	336	1	8	500	99	96		0.0875
24	8	Sol5	G5	349	349	0	0	0	99	96		0.0875
25	9	Fa5#4	F5#4	344	344	1	16	250	99	96		0.0895833333333
26	9	Mi5	E5	336	336	1	16	250	99	96		0.0916666666667
27	9	Re5	D5	327	327	1	4	1000	95	96		0.1
28	9	Es	Es	-1	-1	1	8	500	100	0		0.104166666667
29	9	Sol5	G5	349	349	1	4	1000	99	96		0.1125
30	9	La5	A5	358	358	1	8	500	99	96		0.116666666667
31	8	La5	A5	358	358	0	0	0	99	96		0.116666666667
32	9	Sol5	G5	349	349	1	8	500	99	96		0.120833333333
33	9	Fa5	F5	340	340	1	8	500	99	96		0.125
34	9	Mi5	E5	336	336	1	8	500	99	96		0.129166666667
35	9	Re5	D5	327	327	1	8	500	99	96		0.133333333333
36	8	Mi5	E5	336	336	0	0	0	99	96		0.133333333333
37	9	Re5	D5	327	327	1	8	500	99	96		0.1375
38	9	Do5	C5	318	318	1	8	500	99	96		0.141666666667
39	9	Si4b1	B4b1	313	313	1	8	500	99	96		0.145833333333
40	9	La4	A4	305	305	1	8	500	99	96		0.15
41	9	La4	A4	305	305	1	8	500	99	96		0.154166666667
42	8	Si4b1	B4b1	313	313	0	0	0	99	96		0.154166666667
43	9	La4	A4	305	305	1	16	250	95	96		0.15625
44	9	Sol4	G4	296	296	1	16	250	95	96		0.158333333333
45	9	Si4b1	B4b1	313	313	1	8	500	95	96		0.1625
46	9	Do5	C5	318	318	1	8	500	95	96		0.166666666667
47	9	Re5	D5	327	327	3	8	1500	95	96		0.179166666667
48	9	Es	Es	-1	-1	1	8	500	100	0		0.183333333333
49	9	Re5	D5	327	327	1	8	500	99	96		0.1875
50	9	Mi5	E5	336	336	1	8	500	99	96		0.191666666667
51	9	Re5	D5	327	327	1	8	500	99	96		0.195833333333
52	9	Do5	C5	318	318	1	16	250	99	96		0.197916666667
53	9	Si4b1	B4b1	313	313	1	16	250	99	96		0.2
54	9	Do5	C5	318	318	1	2	2000	95	96		0.216666666667
55	9	Es	Es	-1	-1	1	8	500	100	0		0.220833333333
56	9	Fa5#4	F5#4	344	344	1	4	1000	95	96		0.229166666667
57	9	Fa5#4	F5#4	344	344	1	8	500	95	96		0.233333333333
58	9	Es	Es	-1	-1	1	8	500	100	0		0.2375
59	9	Re5	D5	327	327	1	16	250	99	96		0.239583333333
60	9	Mi5	E5	336	336	1	16	250	99	96		0.241666666667
61	9	Re5	D5	327	327	1	8	500	99	96		0.245833333333
62	9	Mi5	E5	336	336	1	16	250	99	96		0.247916666667
63	9	Fa5#4	F5#4	344	344	1	16	250	99	96		0.25
64	8	Mi5	E5	336	336	0	0	0	99	96		0.25
65	9	Sol5	G5	349	349	1	8	500	99	96		0.254166666667
66	9	Fa5#4	F5#4	344	344	1	8	500	99	96		0.258333333333
67	9	Mi5	E5	336	336	1	8	500	99	96		0.2625
68	9	Re5	D5	327	327	1	8	500	99	96		0.266666666667
69	9	Re5	D5	327	327	3	8	1500	95	96		0.279166666667
70	9	Fa5#4	F5#4	344	344	1	16	250	95	96		0.28125
71	9	Sol5	G5	349	349	1	16	250	95	96		0.283333333333
72	9	La5	A5	358	358	1	16	250	95	96		0.285416666667
73	9	Sol5	G5	349	349	1	16	250	95	96		0.2875
74	9	Fa5#4	F5#4	344	344	1	16	250	95	96		0.289583333333
75	9	Sol5	G5	349	349	1	16	250	95	96		0.291666666667
76	9	La5	A5	358	358	1	4	1000	95	96		0.3
77	9	La5	A5	358	358	3	16	750	99	96		0.30625
78	9	Sol5	G5	349	349	1	16	250	99	96		0.308333333333
79	9	Fa5#4	F5#4	344	344	1	8	500	99	96		0.3125
80	9	Sol5	G5	349	349	1	16	250	99	96		0.314583333333
81	9	La5	A5	358	358	1	16	250	95	96		0.316666666667
82	9	Sol5	G5	349	349	1	8	500	99	96		0.320833333333
83	9	La5	A5	358	358	1	4	1000	99	96		0.329166666667
84	9	Si5b1	B5b1	366	366	1	8	500	99	96		0.333333333333
85	9	La5	A5	358	358	1	8	500	99	96		0.3375
86	9	Sol5	G5	349	349	1	8	500	99	96		0.341666666667
87	9	Fa5#4	F5#4	344	344	1	8	500	99	96		0.345833333333
88	9	Mi5	E5	336	336	1	8	500	95	96		0.35
89	8	Sol5	G5	349	349	0	0	0	95	96		0.35
90	9	Fa5#4	F5#4	344	344	1	16	250	99	96		0.352083333333
91	9	Mi5	E5	336	336	1	16	250	99	96		0.354166666667
92	9	Fa5#4	F5#4	344	344	1	4	1000	95	96		0.3625
93	9	Si5b1	B5b1	366	366	1	8	500	95	96		0.366666666667
94	9	Si5b1	B5b1	366	366	1	8	500	99	96		0.370833333333
95	9	La5	A5	358	358	1	4	1000	99	96		0.379166666667
96	9	Sol5	G5	349	349	1	8	500	99	96		0.383333333333
97	9	Sol5	G5	349	349	1	8	500	99	96		0.3875
98	9	Fa5#4	F5#4	344	344	1	4	1000	99	96		0.395833333333
99	9	Mi5	E5	336	336	1	8	500	99	96		0.4
100	8	Mi5	E5	336	336	0	0	0	99	96		0.4
101	9	Re5	D5	327	327	1	8	500	99	96		0.404166666667
102	9	Mi5	E5	336	336	1	8	500	99	96		0.408333333333
103	9	Do5	C5	318	318	1	4	1000	99	96		0.416666666667
104	9	Do5	C5	318	318	1	8	500	95	96		0.420833333333
105	9	Es	Es	-1	-1	1	8	500	100	0		0.425
106	9	Sol5	G5	349	349	1	8	500	99	96		0.429166666667
107	9	Sol5	G5	349	349	1	8	500	99	96		0.433333333333
108	9	Sol5	G5	349	349	3	16	750	99	96		0.439583333333
109	9	Fa5#4	F5#4	344	344	1	16	250	95	96		0.441666666667
110	9	Sol5	G5	349	349	3	16	750	99	96		0.447916666667
111	9	Fa5#4	F5#4	344	344	1	16	250	99	96		0.45
112	9	Sol5	G5	349	349	1	8	500	99	96		0.454166666667
113	9	La5	A5	358	358	1	8	500	95	96		0.458333333333
114	9	Fa5#4	F5#4	344	344	1	4	1000	95	96		0.466666666667
115	9	Es	Es	-1	-1	1	8	500	100	0		0.470833333333
116	9	Mi5	E5	336	336	1	16	250	99	96		0.472916666667
117	9	Fa5#4	F5#4	344	344	1	16	250	99	96		0.475
118	9	Mi5	E5	336	336	1	8	500	99	96		0.479166666667
119	9	Fa5#4	F5#4	344	344	1	8	500	99	96		0.483333333333
120	8	La5	A5	358	358	0	0	0	99	96		0.483333333333
121	9	Sol5	G5	349	349	1	8	500	99	96		0.4875
122	9	Fa5#4	F5#4	344	344	1	8	500	99	96		0.491666666667
123	9	Mi5	E5	336	336	1	8	500	99	96		0.495833333333
124	9	Re5	D5	327	327	1	8	500	99	96		0.5
125	9	Re5	D5	327	327	1	8	500	95	96		0.504166666667
126	9	Es	Es	-1	-1	1	8	500	100	0		0.508333333333
127	9	Fa5#4	F5#4	344	344	1	8	500	95	96		0.5125
128	9	Fa5#4	F5#4	344	344	1	8	500	95	96		0.516666666667
129	9	Fa5#4	F5#4	344	344	1	8	500	99	96		0.520833333333
130	8	Sol5	G5	349	349	0	0	0	99	96		0.520833333333
131	9	Fa5#4	F5#4	344	344	1	16	250	99	96		0.522916666667
132	9	Mi5	E5	336	336	1	16	250	99	96		0.525
133	9	Fa5#4	F5#4	344	344	1	8	500	99	96		0.529166666667
134	9	Sol5	G5	349	349	1	8	500	95	96		0.533333333333
135	9	Sol5	G5	349	349	3	16	750	99	96		0.539583333333
136	9	Fa5#4	F5#4	344	344	1	16	250	99	96		0.541666666667
137	9	Mi5	E5	336	336	1	4	1000	99	96		0.55
138	9	Mi5	E5	336	336	3	16	750	99	96		0.55625
139	9	Re5	D5	327	327	1	16	250	95	96		0.558333333333
140	9	Mi5	E5	336	336	1	16	250	99	96		0.560416666667
141	9	Re5	D5	327	327	1	16	250	95	96		0.5625
142	8	Mi5	E5	336	336	0	0	0	95	96		0.5625
143	9	Re5	D5	327	327	1	16	250	99	96		0.564583333333
144	9	Do5	C5	318	318	1	16	250	95	96		0.566666666667
145	9	Re5	D5	327	327	1	4	1000	95	96		0.575
146	9	Es	Es	-1	-1	1	8	500	100	0		0.579166666667
147	9	Sol5	G5	349	349	1	8	500	95	96		0.583333333333
148	9	Sol5	G5	349	349	1	8	500	99	96		0.5875
149	9	Fa5	F5	340	340	1	8	500	99	96		0.591666666667
150	9	Mi5	E5	336	336	1	8	500	99	96		0.595833333333
151	9	Re5	D5	327	327	1	8	500	99	96		0.6
152	9	Mi5	E5	336	336	1	16	250	99	96		0.602083333333
153	9	Re5	D5	327	327	1	16	250	99	96		0.604166666667
154	9	Do5	C5	318	318	1	16	250	99	96		0.60625
155	9	Si4b1	B4b1	313	313	1	16	250	99	96		0.608333333333
156	9	Do5	C5	318	318	1	4	1000	95	96		0.616666666667
157	9	Sol5	G5	349	349	3	16	750	99	96		0.622916666667
158	9	Fa5#4	F5#4	344	344	1	16	250	95	96		0.625
159	9	Sol5	G5	349	349	3	16	750	99	96		0.63125
160	9	Fa5#4	F5#4	344	344	1	16	250	95	96		0.633333333333
161	9	Sol5	G5	349	349	3	16	750	99	96		0.639583333333
162	9	Fa5#4	F5#4	344	344	1	16	250	99	96		0.641666666667
163	9	Sol5	G5	349	349	3	16	750	99	96		0.647916666667
164	9	Fa5#4	F5#4	344	344	1	16	250	99	96		0.65
165	9	Sol5	G5	349	349	3	16	750	99	96		0.65625
166	9	Fa5#4	F5#4	344	344	1	16	250	99	96		0.658333333333
167	9	La5	A5	358	358	3	16	750	95	96		0.664583333333
168	9	Sol5	G5	349	349	1	16	250	95	96		0.666666666667
169	9	La5	A5	358	358	3	16	750	99	96		0.672916666667
170	9	Sol5	G5	349	349	1	16	250	99	96		0.675
171	9	Fa5	F5	340	340	1	8	500	99	96		0.679166666667
172	9	Sol5	G5	349	349	1	8	500	99	96		0.683333333333
173	8	Sol5	G5	349	349	0	0	0	99	96		0.683333333333
174	9	Fa5	F5	340	340	3	16	750	99	96		0.689583333333
175	9	Mi5b1	E5b1	335	335	1	16	250	99	96		0.691666666667
176	9	Re5	D5	327	327	1	8	500	95	96		0.695833333333
177	9	Mi5b1	E5b1	335	335	1	8	500	95	96		0.7
178	9	Fa5	F5	340	340	3	16	750	99	96		0.70625
179	9	La5	A5	358	358	1	16	250	99	96		0.708333333333
180	9	Sol5	G5	349	349	1	8	500	95	96		0.7125
181	9	Fa5	F5	340	340	1	8	500	95	96		0.716666666667
182	9	Fa5	F5	340	340	1	16	250	99	96		0.71875
183	9	Mi5b1	E5b1	335	335	1	16	250	99	96		0.720833333333
184	9	Mi5b1	E5b1	335	335	1	16	250	99	96		0.722916666667
185	9	Re5	D5	327	327	1	16	250	95	96		0.725
186	9	Re5	D5	327	327	1	4	1000	95	96		0.733333333333
187	9	Fa5	F5	340	340	1	4	1000	99	96		0.741666666667
188	9	Sol5	G5	349	349	1	8	500	99	96		0.745833333333
189	9	Sol5	G5	349	349	1	8	500	99	96		0.75
190	9	Sol5	G5	349	349	3	8	1500	99	96		0.7625
191	9	Fa5	F5	340	340	1	8	500	95	96		0.766666666667
192	9	Sol5	G5	349	349	1	8	500	99	96		0.770833333333
193	9	La5	A5	358	358	1	8	500	99	96		0.775
194	9	Sol5	G5	349	349	1	8	500	99	96		0.779166666667
195	9	Fa5	F5	340	340	1	8	500	95	96		0.783333333333
196	9	Fa5	F5	340	340	1	8	500	99	96		0.7875
197	9	Sol5	G5	349	349	1	8	500	99	96		0.791666666667
198	9	Fa5	F5	340	340	1	8	500	99	96		0.795833333333
199	9	Mi5b1	E5b1	335	335	1	8	500	99	96		0.8
200	9	Mi5b1	E5b1	335	335	1	8	500	99	96		0.804166666667
201	9	Fa5	F5	340	340	1	8	500	99	96		0.808333333333
202	9	Mi5b1	E5b1	335	335	1	8	500	99	96		0.8125
203	9	Re5	D5	327	327	1	8	500	95	96		0.816666666667
204	9	Es	Es	-1	-1	1	8	500	100	0		0.820833333333
205	9	Re5	D5	327	327	1	4	1000	95	96		0.829166666667
206	9	Mi5	E5	336	336	1	8	500	95	96		0.833333333333
207	9	Es	Es	-1	-1	1	8	500	100	0		0.8375
208	9	Si4b1	B4b1	313	313	1	16	250	99	96		0.839583333333
209	9	Do5	C5	318	318	1	16	250	99	96		0.841666666667
210	9	Si4b1	B4b1	313	313	1	8	500	99	96		0.845833333333
211	9	Do5	C5	318	318	1	16	250	99	96		0.847916666667
212	9	Re5	D5	327	327	1	16	250	99	96		0.85
213	9	Do5	C5	318	318	1	8	500	99	96		0.854166666667
214	9	Re5	D5	327	327	1	16	250	99	96		0.85625
215	9	Mi5	E5	336	336	1	16	250	99	96		0.858333333333
216	9	Re5	D5	327	327	1	8	500	99	96		0.8625
217	9	Mi5	E5	336	336	1	16	250	99	96		0.864583333333
218	9	Fa5#4	F5#4	344	344	1	16	250	99	96		0.866666666667
219	9	Mi5	E5	336	336	1	8	500	99	96		0.870833333333
220	9	Fa5#4	F5#4	344	344	1	16	250	99	96		0.872916666667
221	9	Sol5	G5	349	349	1	16	250	99	96		0.875
222	9	Fa5#4	F5#4	344	344	1	8	500	99	96		0.879166666667
223	9	Sol5	G5	349	349	1	8	500	99	96		0.883333333333
224	9	La5	A5	358	358	1	8	500	99	96		0.8875
225	9	Sol5	G5	349	349	1	8	500	99	96		0.891666666667
226	9	Fa5	F5	340	340	1	8	500	99	96		0.895833333333
227	9	Mi5	E5	336	336	1	8	500	99	96		0.9
228	9	Re5	D5	327	327	1	8	500	95	96		0.904166666667
229	9	Es	Es	-1	-1	1	8	500	100	0		0.908333333333
230	9	Re5	D5	327	327	1	8	500	99	96		0.9125
231	9	Re5	D5	327	327	1	8	500	99	96		0.916666666667
232	9	Re5	D5	327	327	1	8	500	99	96		0.920833333333
233	9	Mi5	E5	336	336	1	8	500	95	96		0.925
234	9	Do5	C5	318	318	3	16	750	99	96		0.93125
235	9	Si4b1	B4b1	313	313	1	16	250	95	96		0.933333333333
236	9	Re5	D5	327	327	1	16	250	99	96		0.935416666667
237	9	Do5	C5	318	318	1	16	250	99	96		0.9375
238	9	Si4b1	B4b1	313	313	1	4	1000	99	96		0.945833333333
239	9	La4	A4	305	305	1	8	500	99	96		0.95
240	9	La4	A4	305	305	3	8	1500	95	96		0.9625
241	9	Es	Es	-1	-1	1	8	500	100	0		0.966666666667
242	9	Do5	C5	318	318	1	4	1000	95	96		0.975
243	9	Re5	D5	327	327	1	4	1000	95	96		0.983333333333
244	9	Re5	D5	327	327	3	8	1500	95	96		0.995833333333
245	9	Es	Es	-1	-1	1	8	500	100	0		1.0
246	9	Re5	D5	327	327	1	8	500	95	96		1.00416666667
247	9	Re5	D5	327	327	1	4	1000	95	96		1.0125
248	9	La5	A5	358	358	1	8	500	95	96		1.01666666667
249	9	La5	A5	358	358	1	8	500	99	96		1.02083333333
250	9	Sol5	G5	349	349	1	8	500	99	96		1.025
251	9	Fa5#4	F5#4	344	344	1	8	500	99	96		1.02916666667
252	9	Mi5	E5	336	336	1	8	500	99	96		1.03333333333
253	9	Fa5#4	F5#4	344	344	1	8	500	99	96		1.0375
254	9	Sol5	G5	349	349	1	8	500	99	96		1.04166666667
255	9	Fa5#4	F5#4	344	344	1	8	500	99	96		1.04583333333
256	9	Mi5	E5	336	336	1	8	500	95	96		1.05
257	9	Fa5#4	F5#4	344	344	1	8	500	99	96		1.05416666667
258	8	Sol5	G5	349	349	0	0	0	99	96		1.05416666667
259	9	Fa5#4	F5#4	344	344	1	16	250	99	96		1.05625
260	9	Mi5	E5	336	336	1	16	250	99	96		1.05833333333
261	9	Fa5#4	F5#4	344	344	1	8	500	95	96		1.0625
262	9	Sol5	G5	349	349	1	8	500	95	96		1.06666666667
263	8	La5	A5	358	358	0	0	0	95	96		1.06666666667
264	9	Sol5	G5	349	349	3	16	750	99	96		1.07291666667
265	9	Fa5#4	F5#4	344	344	1	16	250	99	96		1.075
266	9	Mi5	E5	336	336	1	4	1000	99	96		1.08333333333
267	9	Mi5	E5	336	336	1	8	500	99	96		1.0875
268	8	Sol5	G5	349	349	0	0	0	99	96		1.0875
269	9	Fa5#4	F5#4	344	344	1	16	250	99	96		1.08958333333
270	9	Mi5	E5	336	336	1	16	250	99	96		1.09166666667
271	9	Re5	D5	327	327	1	4	1000	95	96		1.1
272	9	Es	Es	-1	-1	1	8	500	100	0		1.10416666667
273	9	Sol5	G5	349	349	1	4	1000	99	96		1.1125
274	9	La5	A5	358	358	1	8	500	99	96		1.11666666667
275	8	La5	A5	358	358	0	0	0	99	96		1.11666666667
276	9	Sol5	G5	349	349	1	8	500	99	96		1.12083333333
277	9	Fa5	F5	340	340	1	8	500	99	96		1.125
278	9	Mi5	E5	336	336	1	8	500	99	96		1.12916666667
279	9	Re5	D5	327	327	1	8	500	99	96		1.13333333333
280	8	Mi5	E5	336	336	0	0	0	99	96		1.13333333333
281	9	Re5	D5	327	327	1	8	500	99	96		1.1375
282	9	Do5	C5	318	318	1	8	500	99	96		1.14166666667
283	9	Si4b1	B4b1	313	313	1	8	500	99	96		1.14583333333
284	9	La4	A4	305	305	1	8	500	99	96		1.15
285	9	La4	A4	305	305	1	8	500	99	96		1.15416666667
286	8	Si4b1	B4b1	313	313	0	0	0	99	96		1.15416666667
287	9	La4	A4	305	305	1	16	250	95	96		1.15625
288	9	Sol4	G4	296	296	1	16	250	95	96		1.15833333333
289	9	Si4b1	B4b1	313	313	1	8	500	95	96		1.1625
290	9	Do5	C5	318	318	1	8	500	95	96		1.16666666667
291	9	Re5	D5	327	327	3	8	1500	95	96		1.17916666667
292	9	Es	Es	-1	-1	1	8	500	100	0		1.18333333333
293	9	Re5	D5	327	327	1	8	500	99	96		1.1875
294	9	Mi5	E5	336	336	1	8	500	99	96		1.19166666667
295	9	Re5	D5	327	327	1	8	500	99	96		1.19583333333
296	9	Do5	C5	318	318	1	16	250	99	96		1.19791666667
297	9	Si4b1	B4b1	313	313	1	16	250	99	96		1.2
298	9	Do5	C5	318	318	1	2	2000	95	96		1.21666666667
299	9	Es	Es	-1	-1	1	8	500	100	0		1.22083333333
300	9	Fa5#4	F5#4	344	344	1	4	1000	95	96		1.22916666667
301	9	Fa5#4	F5#4	344	344	1	8	500	95	96		1.23333333333
302	9	Es	Es	-1	-1	1	8	500	100	0		1.2375
303	9	Re5	D5	327	327	1	16	250	99	96		1.23958333333
304	9	Mi5	E5	336	336	1	16	250	99	96		1.24166666667
305	9	Re5	D5	327	327	1	8	500	99	96		1.24583333333
306	9	Mi5	E5	336	336	1	16	250	99	96		1.24791666667
307	9	Fa5#4	F5#4	344	344	1	16	250	99	96		1.25
308	8	Mi5	E5	336	336	0	0	0	99	96		1.25
309	9	Sol5	G5	349	349	1	8	500	99	96		1.25416666667
310	9	Fa5#4	F5#4	344	344	1	8	500	99	96		1.25833333333
311	9	Mi5	E5	336	336	1	8	500	99	96		1.2625
312	9	Re5	D5	327	327	1	8	500	99	96		1.26666666667
313	9	Re5	D5	327	327	3	8	1500	95	96		1.27916666667
314	9	Fa5#4	F5#4	344	344	1	16	250	95	96		1.28125
315	9	Sol5	G5	349	349	1	16	250	95	96		1.28333333333
316	9	La5	A5	358	358	1	16	250	95	96		1.28541666667
317	9	Sol5	G5	349	349	1	16	250	95	96		1.2875
318	9	Fa5#4	F5#4	344	344	1	16	250	95	96		1.28958333333
319	9	Sol5	G5	349	349	1	16	250	95	96		1.29166666667
320	9	La5	A5	358	358	1	4	1000	95	96		1.3
321	9	La5	A5	358	358	3	16	750	99	96		1.30625
322	9	Sol5	G5	349	349	1	16	250	99	96		1.30833333333
323	9	Fa5#4	F5#4	344	344	1	8	500	99	96		1.3125
324	9	Sol5	G5	349	349	1	16	250	99	96		1.31458333333
325	9	La5	A5	358	358	1	16	250	95	96		1.31666666667
326	9	Sol5	G5	349	349	1	8	500	99	96		1.32083333333
327	9	La5	A5	358	358	1	4	1000	99	96		1.32916666667
328	9	Si5b1	B5b1	366	366	1	8	500	99	96		1.33333333333
329	9	La5	A5	358	358	1	8	500	99	96		1.3375
330	9	Sol5	G5	349	349	1	8	500	99	96		1.34166666667
331	9	Fa5#4	F5#4	344	344	1	8	500	99	96		1.34583333333
332	9	Mi5	E5	336	336	1	8	500	95	96		1.35
333	8	Sol5	G5	349	349	0	0	0	95	96		1.35
334	9	Fa5#4	F5#4	344	344	1	16	250	99	96		1.35208333333
335	9	Mi5	E5	336	336	1	16	250	99	96		1.35416666667
336	9	Fa5#4	F5#4	344	344	1	4	1000	95	96		1.3625
337	9	Si5b1	B5b1	366	366	1	8	500	95	96		1.36666666667
338	9	Si5b1	B5b1	366	366	1	8	500	99	96		1.37083333333
339	9	La5	A5	358	358	1	4	1000	99	96		1.37916666667
340	9	Sol5	G5	349	349	1	8	500	99	96		1.38333333333
341	9	Sol5	G5	349	349	1	8	500	99	96		1.3875
342	9	Fa5#4	F5#4	344	344	1	4	1000	99	96		1.39583333333
343	9	Mi5	E5	336	336	1	8	500	99	96		1.4
344	8	Mi5	E5	336	336	0	0	0	99	96		1.4
345	9	Re5	D5	327	327	1	8	500	99	96		1.40416666667
346	9	Mi5	E5	336	336	1	8	500	99	96		1.40833333333
347	9	Do5	C5	318	318	1	4	1000	99	96		1.41666666667
348	9	Do5	C5	318	318	1	8	500	95	96		1.42083333333
349	9	Es	Es	-1	-1	1	8	500	100	0		1.425
350	9	Sol5	G5	349	349	1	8	500	99	96		1.42916666667
351	9	Sol5	G5	349	349	1	8	500	99	96		1.43333333333
352	9	Sol5	G5	349	349	3	16	750	99	96		1.43958333333
353	9	Fa5#4	F5#4	344	344	1	16	250	95	96		1.44166666667
354	9	Sol5	G5	349	349	3	16	750	99	96		1.44791666667
355	9	Fa5#4	F5#4	344	344	1	16	250	99	96		1.45
356	9	Sol5	G5	349	349	1	8	500	99	96		1.45416666667
357	9	La5	A5	358	358	1	8	500	95	96		1.45833333333
358	9	Fa5#4	F5#4	344	344	1	4	1000	95	96		1.46666666667
359	9	Es	Es	-1	-1	1	8	500	100	0		1.47083333333
360	9	Mi5	E5	336	336	1	16	250	99	96		1.47291666667
361	9	Fa5#4	F5#4	344	344	1	16	250	99	96		1.475
362	9	Mi5	E5	336	336	1	8	500	99	96		1.47916666667
363	9	Fa5#4	F5#4	344	344	1	8	500	99	96		1.48333333333
364	8	La5	A5	358	358	0	0	0	99	96		1.48333333333
365	9	Sol5	G5	349	349	1	8	500	99	96		1.4875
366	9	Fa5#4	F5#4	344	344	1	8	500	99	96		1.49166666667
367	9	Mi5	E5	336	336	1	8	500	99	96		1.49583333333
368	9	Re5	D5	327	327	1	8	500	99	96		1.5
369	9	Re5	D5	327	327	1	8	500	95	96		1.50416666667
370	9	Es	Es	-1	-1	1	8	500	100	0		1.50833333333
371	9	Fa5#4	F5#4	344	344	1	8	500	95	96		1.5125
372	9	Fa5#4	F5#4	344	344	1	8	500	95	96		1.51666666667
373	9	Fa5#4	F5#4	344	344	1	8	500	99	96		1.52083333333
374	8	Sol5	G5	349	349	0	0	0	99	96		1.52083333333
375	9	Fa5#4	F5#4	344	344	1	16	250	99	96		1.52291666667
376	9	Mi5	E5	336	336	1	16	250	99	96		1.525
377	9	Fa5#4	F5#4	344	344	1	8	500	99	96		1.52916666667
378	9	Sol5	G5	349	349	1	8	500	95	96		1.53333333333
379	9	Sol5	G5	349	349	3	16	750	99	96		1.53958333333
380	9	Fa5#4	F5#4	344	344	1	16	250	99	96		1.54166666667
381	9	Mi5	E5	336	336	1	4	1000	99	96		1.55
382	9	Mi5	E5	336	336	3	16	750	99	96		1.55625
383	9	Re5	D5	327	327	1	16	250	95	96		1.55833333333
384	9	Mi5	E5	336	336	1	16	250	99	96		1.56041666667
385	9	Re5	D5	327	327	1	16	250	95	96		1.5625
386	8	Mi5	E5	336	336	0	0	0	95	96		1.5625
387	9	Re5	D5	327	327	1	16	250	99	96		1.56458333333
388	9	Do5	C5	318	318	1	16	250	95	96		1.56666666667
389	9	Re5	D5	327	327	1	4	1000	95	96		1.575
390	9	Es	Es	-1	-1	1	8	500	100	0		1.57916666667
391	9	Sol5	G5	349	349	1	8	500	95	96		1.58333333333
392	9	Sol5	G5	349	349	1	8	500	99	96		1.5875
393	9	Fa5	F5	340	340	1	8	500	99	96		1.59166666667
394	9	Mi5	E5	336	336	1	8	500	99	96		1.59583333333
395	9	Re5	D5	327	327	1	8	500	99	96		1.6
396	9	Mi5	E5	336	336	1	16	250	99	96		1.60208333333
397	9	Re5	D5	327	327	1	16	250	99	96		1.60416666667
398	9	Do5	C5	318	318	1	16	250	99	96		1.60625
399	9	Si4b1	B4b1	313	313	1	16	250	99	96		1.60833333333
400	9	Do5	C5	318	318	1	4	1000	95	96		1.61666666667
401	9	Sol5	G5	349	349	3	16	750	99	96		1.62291666667
402	9	Fa5#4	F5#4	344	344	1	16	250	95	96		1.625
403	9	Sol5	G5	349	349	3	16	750	99	96		1.63125
404	9	Fa5#4	F5#4	344	344	1	16	250	95	96		1.63333333333
405	9	Sol5	G5	349	349	3	16	750	99	96		1.63958333333
406	9	Fa5#4	F5#4	344	344	1	16	250	99	96		1.64166666667
407	9	Sol5	G5	349	349	3	16	750	99	96		1.64791666667
408	9	Fa5#4	F5#4	344	344	1	16	250	99	96		1.65
409	9	Sol5	G5	349	349	3	16	750	99	96		1.65625
410	9	Fa5#4	F5#4	344	344	1	16	250	99	96		1.65833333333
411	9	La5	A5	358	358	3	16	750	95	96		1.66458333333
412	9	Sol5	G5	349	349	1	16	250	95	96		1.66666666667
413	9	La5	A5	358	358	3	16	750	99	96		1.67291666667
414	9	Sol5	G5	349	349	1	16	250	99	96		1.675
415	9	Fa5	F5	340	340	1	8	500	99	96		1.67916666667
416	9	Sol5	G5	349	349	1	8	500	99	96		1.68333333333
417	8	Sol5	G5	349	349	0	0	0	99	96		1.68333333333
418	9	Fa5	F5	340	340	3	16	750	99	96		1.68958333333
419	9	Mi5b1	E5b1	335	335	1	16	250	99	96		1.69166666667
420	9	Re5	D5	327	327	1	8	500	95	96		1.69583333333
421	9	Mi5b1	E5b1	335	335	1	8	500	95	96		1.7
422	9	Fa5	F5	340	340	3	16	750	99	96		1.70625
423	9	La5	A5	358	358	1	16	250	99	96		1.70833333333
424	9	Sol5	G5	349	349	1	8	500	95	96		1.7125
425	9	Fa5	F5	340	340	1	8	500	95	96		1.71666666667
426	9	Fa5	F5	340	340	1	16	250	99	96		1.71875
427	9	Mi5b1	E5b1	335	335	1	16	250	99	96		1.72083333333
428	9	Mi5b1	E5b1	335	335	1	16	250	99	96		1.72291666667
429	9	Re5	D5	327	327	1	16	250	95	96		1.725
430	9	Re5	D5	327	327	1	4	1000	95	96		1.73333333333
431	9	Fa5	F5	340	340	1	4	1000	99	96		1.74166666667
432	9	Sol5	G5	349	349	1	8	500	99	96		1.74583333333
433	9	Sol5	G5	349	349	1	8	500	99	96		1.75
434	9	Sol5	G5	349	349	3	8	1500	99	96		1.7625
435	9	Fa5	F5	340	340	1	8	500	95	96		1.76666666667
436	9	Sol5	G5	349	349	1	8	500	99	96		1.77083333333
437	9	La5	A5	358	358	1	8	500	99	96		1.775
438	9	Sol5	G5	349	349	1	8	500	99	96		1.77916666667
439	9	Fa5	F5	340	340	1	8	500	95	96		1.78333333333
440	9	Fa5	F5	340	340	1	8	500	99	96		1.7875
441	9	Sol5	G5	349	349	1	8	500	99	96		1.79166666667
442	9	Fa5	F5	340	340	1	8	500	99	96		1.79583333333
443	9	Mi5b1	E5b1	335	335	1	8	500	99	96		1.8
444	9	Mi5b1	E5b1	335	335	1	8	500	99	96		1.80416666667
445	9	Fa5	F5	340	340	1	8	500	99	96		1.80833333333
446	9	Mi5b1	E5b1	335	335	1	8	500	99	96		1.8125
447	9	Re5	D5	327	327	1	8	500	95	96		1.81666666667
448	9	Es	Es	-1	-1	1	8	500	100	0		1.82083333333
449	9	Re5	D5	327	327	1	4	1000	95	96		1.82916666667
450	9	Mi5	E5	336	336	1	8	500	95	96		1.83333333333
451	9	Es	Es	-1	-1	1	8	500	100	0		1.8375
452	9	Si4b1	B4b1	313	313	1	16	250	99	96		1.83958333333
453	9	Do5	C5	318	318	1	16	250	99	96		1.84166666667
454	9	Si4b1	B4b1	313	313	1	8	500	99	96		1.84583333333
455	9	Do5	C5	318	318	1	16	250	99	96		1.84791666667
456	9	Re5	D5	327	327	1	16	250	99	96		1.85
457	9	Do5	C5	318	318	1	8	500	99	96		1.85416666667
458	9	Re5	D5	327	327	1	16	250	99	96		1.85625
459	9	Mi5	E5	336	336	1	16	250	99	96		1.85833333333
460	9	Re5	D5	327	327	1	8	500	99	96		1.8625
461	9	Mi5	E5	336	336	1	16	250	99	96		1.86458333333
462	9	Fa5#4	F5#4	344	344	1	16	250	99	96		1.86666666667
463	9	Mi5	E5	336	336	1	8	500	99	96		1.87083333333
464	9	Fa5#4	F5#4	344	344	1	16	250	99	96		1.87291666667
465	9	Sol5	G5	349	349	1	16	250	99	96		1.875
466	9	Fa5#4	F5#4	344	344	1	8	500	99	96		1.87916666667
467	9	Sol5	G5	349	349	1	8	500	99	96		1.88333333333
468	9	La5	A5	358	358	1	8	500	99	96		1.8875
469	9	Sol5	G5	349	349	1	8	500	99	96		1.89166666667
470	9	Fa5	F5	340	340	1	8	500	99	96		1.89583333333
471	9	Mi5	E5	336	336	1	8	500	99	96		1.9
472	9	Re5	D5	327	327	1	8	500	95	96		1.90416666667
473	9	Es	Es	-1	-1	1	8	500	100	0		1.90833333333
474	9	Re5	D5	327	327	1	8	500	99	96		1.9125
475	9	Re5	D5	327	327	1	8	500	99	96		1.91666666667
476	9	Re5	D5	327	327	1	8	500	99	96		1.92083333333
477	9	Mi5	E5	336	336	1	8	500	95	96		1.925
478	9	Do5	C5	318	318	3	16	750	99	96		1.93125
479	9	Si4b1	B4b1	313	313	1	16	250	95	96		1.93333333333
480	9	Re5	D5	327	327	1	16	250	99	96		1.93541666667
481	9	Do5	C5	318	318	1	16	250	99	96		1.9375
482	9	Si4b1	B4b1	313	313	1	4	1000	99	96		1.94583333333
483	9	La4	A4	305	305	1	8	500	99	96		1.95
484	9	La4	A4	305	305	3	8	1500	95	96		1.9625
485	9	Es	Es	-1	-1	1	8	500	100	0		1.96666666667
486	9	Sol5	G5	349	349	1	4	1000	95	96		1.975
487	9	La5	A5	358	358	1	4	1000	95	96		1.98333333333
488	9	La5	A5	358	358	3	8	1500	95	96		1.99583333333
489	9	Es	Es	-1	-1	1	8	500	100	0		2.0
490	9	La5	A5	358	358	1	8	500	99	96		2.00416666667
491	9	Sol5	G5	349	349	1	8	500	99	96		2.00833333333
492	9	Fa5#4	F5#4	344	344	1	8	500	95	96		2.0125
493	9	Sol5	G5	349	349	1	8	500	95	96		2.01666666667
494	9	La5	A5	358	358	3	8	1500	99	96		2.02916666667
495	9	La5	A5	358	358	1	8	500	99	96		2.03333333333
496	9	La5	A5	358	358	1	4	1000	99	96		2.04166666667
497	9	La5	A5	358	358	1	8	500	99	96		2.04583333333
498	9	La5	A5	358	358	1	8	500	95	96		2.05
499	9	Es	Es	-1	-1	1	4	1000	100	0		2.05833333333
500	9	La5	A5	358	358	1	8	500	99	96		2.0625
501	9	Si5b4	B5b4	363	363	1	16	250	95	96		2.06458333333
502	9	Do6#4	C6#4	375	375	1	16	250	95	96		2.06666666667
503	9	Si5b4	B5b4	363	363	1	8	500	99	96		2.07083333333
504	9	La5	A5	358	358	1	8	500	99	96		2.075
505	9	Sol5#4	G5#4	353	353	1	8	500	99	96		2.07916666667
506	9	La5	A5	358	358	1	8	500	99	96		2.08333333333
507	9	Sol5#4	G5#4	353	353	1	4	1000	99	96		2.09166666667
508	9	La5	A5	358	358	1	4	1000	95	96		2.1
509	9	Es	Es	-1	-1	1	8	500	100	0		2.10416666667
510	9	Do6#4	C6#4	375	375	1	8	500	99	96		2.10833333333
511	9	Si5b4	B5b4	363	363	1	8	500	99	96		2.1125
512	9	La5	A5	358	358	1	8	500	99	96		2.11666666667
513	9	Sol5	G5	349	349	1	4	1000	99	96		2.125
514	9	Fa5#4	F5#4	344	344	1	4	1000	99	96		2.13333333333
515	9	Sol5	G5	349	349	1	8	500	99	96		2.1375
516	9	Do6#4	C6#4	375	375	1	8	500	99	96		2.14166666667
517	9	Si5b4	B5b4	363	363	1	8	500	99	96		2.14583333333
518	9	La5	A5	358	358	1	8	500	95	96		2.15
519	9	Sol5	G5	349	349	1	8	500	99	96		2.15416666667
520	9	La5	A5	358	358	1	8	500	95	96		2.15833333333
521	9	Fa5#4	F5#4	344	344	1	4	1000	95	96		2.16666666667
522	9	Es	Es	-1	-1	1	8	500	100	0		2.17083333333
523	9	Mi5b4	E5b4	332	332	1	16	250	99	96		2.17291666667
524	9	Fa5#4	F5#4	344	344	1	16	250	99	96		2.175
525	9	Mi5b4	E5b4	332	332	1	8	500	99	96		2.17916666667
526	9	Fa5#4	F5#4	344	344	1	16	250	99	96		2.18125
527	9	Sol5	G5	349	349	1	16	250	99	96		2.18333333333
528	9	Fa5#4	F5#4	344	344	1	8	500	99	96		2.1875
529	8	La5	A5	358	358	0	0	0	99	96		2.1875
530	9	Sol5	G5	349	349	1	8	500	99	96		2.19166666667
531	9	Fa5#4	F5#4	344	344	1	8	500	99	96		2.19583333333
532	9	Mi5b4	E5b4	332	332	1	8	500	99	96		2.2
533	8	Fa5#4	F5#4	344	344	0	0	0	99	96		2.2
534	9	Mi5b4	E5b4	332	332	1	8	500	99	96		2.20416666667
535	9	Re5	D5	327	327	1	16	250	99	96		2.20625
536	9	Mi5b4	E5b4	332	332	1	16	250	99	96		2.20833333333
537	9	Re5	D5	327	327	1	8	500	99	96		2.2125
538	9	Mi5b4	E5b4	332	332	1	16	250	99	96		2.21458333333
539	9	Fa5#4	F5#4	344	344	1	16	250	99	96		2.21666666667
540	9	Mi5b4	E5b4	332	332	1	8	500	99	96		2.22083333333
541	8	Sol5	G5	349	349	0	0	0	99	96		2.22083333333
542	9	Fa5#4	F5#4	344	344	1	8	500	99	96		2.225
543	9	Mi5b4	E5b4	332	332	1	8	500	99	96		2.22916666667
544	9	Re5	D5	327	327	1	8	500	99	96		2.23333333333
545	9	Re5	D5	327	327	1	8	500	95	96		2.2375
546	9	Es	Es	-1	-1	1	8	500	100	0		2.24166666667
547	9	Fa5#4	F5#4	344	344	1	8	500	99	96		2.24583333333
548	9	Mi5b4	E5b4	332	332	1	16	250	99	96		2.24791666667
549	9	Re5	D5	327	327	1	16	250	99	96		2.25
550	9	Do5#4	C5#4	322	322	1	8	500	99	96		2.25416666667
551	9	Re5	D5	327	327	1	8	500	99	96		2.25833333333
552	9	Mi5b4	E5b4	332	332	1	8	500	99	96		2.2625
553	9	Fa5#4	F5#4	344	344	1	8	500	99	96		2.26666666667
554	9	Fa5#4	F5#4	344	344	1	16	250	99	96		2.26875
555	9	Mi5b4	E5b4	332	332	1	16	250	99	96		2.27083333333
556	9	Re5	D5	327	327	1	16	250	99	96		2.27291666667
557	9	Do5#4	C5#4	322	322	1	16	250	99	96		2.275
558	9	Re5	D5	327	327	1	4	1000	99	96		2.28333333333
559	9	La5	A5	358	358	1	16	250	99	96		2.28541666667
560	9	Sol5	G5	349	349	1	16	250	99	96		2.2875
561	9	Fa5#4	F5#4	344	344	1	16	250	99	96		2.28958333333
562	9	Sol5	G5	349	349	1	16	250	99	96		2.29166666667
563	9	La5	A5	358	358	1	4	1000	95	96		2.3
564	9	La5	A5	358	358	3	16	750	99	96		2.30625
565	9	Sol5	G5	349	349	1	16	250	99	96		2.30833333333
566	9	Fa5#4	F5#4	344	344	1	8	500	99	96		2.3125
567	9	Sol5	G5	349	349	1	16	250	99	96		2.31458333333
568	9	La5	A5	358	358	1	16	250	95	96		2.31666666667
569	9	Sol5	G5	349	349	1	8	500	99	96		2.32083333333
570	9	La5	A5	358	358	3	8	1500	99	96		2.33333333333
571	9	La5	A5	358	358	3	8	1500	95	96		2.34583333333
572	9	Es	Es	-1	-1	1	8	500	100	0		2.35
573	9	Es	Es	-1	-1	1	8	500	100	0		2.35416666667
574	9	La5	A5	358	358	1	4	1000	95	96		2.3625
575	9	La5	A5	358	358	1	8	500	95	96		2.36666666667
576	9	Do6#4	C6#4	375	375	1	8	500	95	96		2.37083333333
577	9	Si5b4	B5b4	363	363	1	4	1000	95	96		2.37916666667
578	9	La5	A5	358	358	1	8	500	95	96		2.38333333333
579	9	Sol5	G5	349	349	1	4	1000	95	96		2.39166666667
580	9	Fa5#4	F5#4	344	344	1	8	500	95	96		2.39583333333
581	9	Si5b4	B5b4	363	363	1	8	500	95	96		2.4
582	9	La5	A5	358	358	1	8	500	99	96		2.40416666667
583	9	Sol5	G5	349	349	1	16	250	99	96		2.40625
584	9	La5	A5	358	358	1	16	250	99	96		2.40833333333
585	9	Sol5	G5	349	349	1	8	500	99	96		2.4125
586	9	Fa5#4	F5#4	344	344	1	16	250	99	96		2.41458333333
587	9	Sol5	G5	349	349	1	16	250	99	96		2.41666666667
588	9	Fa5#4	F5#4	344	344	1	8	500	99	96		2.42083333333
589	9	Mi5b4	E5b4	332	332	1	16	250	99	96		2.42291666667
590	9	Fa5#4	F5#4	344	344	1	16	250	99	96		2.425
591	9	Mi5b4	E5b4	332	332	1	8	500	99	96		2.42916666667
592	9	Re5	D5	327	327	1	8	500	99	96		2.43333333333
593	9	Re5	D5	327	327	1	8	500	95	96		2.4375
594	9	Es	Es	-1	-1	1	8	500	100	0		2.44166666667
595	9	Fa5#4	F5#4	344	344	1	8	500	99	96		2.44583333333
596	9	Mi5b4	E5b4	332	332	1	8	500	99	96		2.45
597	9	Fa5#4	F5#4	344	344	1	4	1000	99	96		2.45833333333
598	9	Sol5	G5	349	349	1	4	1000	95	96		2.46666666667
599	9	La5	A5	358	358	1	16	250	99	96		2.46875
600	9	Si5	B5	367	367	1	16	250	99	96		2.47083333333
601	9	Do6	C6	371	371	1	4	1000	99	96		2.47916666667
602	9	Si5b5	B5b5	362	362	1	16	250	99	96		2.48125
603	9	La5	A5	358	358	1	16	250	99	96		2.48333333333
604	9	La5	A5	358	358	1	16	250	99	96		2.48541666667
605	9	Sol5	G5	349	349	1	16	250	99	96		2.4875
606	8	La5	A5	358	358	0	0	0	99	96		2.4875
607	9	Sol5	G5	349	349	1	16	250	99	96		2.48958333333
608	9	Fa5#4	F5#4	344	344	1	16	250	99	96		2.49166666667
609	9	Sol5	G5	349	349	1	4	1000	99	96		2.5
610	9	Sol5	G5	349	349	1	8	500	95	96		2.50416666667
611	9	Es	Es	-1	-1	1	8	500	100	0		2.50833333333
612	9	Sol5	G5	349	349	1	8	500	95	96		2.5125
613	9	Sol5	G5	349	349	1	8	500	95	96		2.51666666667
614	9	Sol5	G5	349	349	3	16	750	99	96		2.52291666667
615	9	Fa5#4	F5#4	344	344	1	16	250	99	96		2.525
616	9	Do6	C6	371	371	1	8	500	99	96		2.52916666667
617	9	Si5b4	B5b4	363	363	1	16	250	99	96		2.53125
618	9	La5	A5	358	358	1	16	250	95	96		2.53333333333
619	9	La5	A5	358	358	1	8	500	99	96		2.5375
620	9	Sol5	G5	349	349	1	8	500	99	96		2.54166666667
621	9	Fa5#4	F5#4	344	344	1	8	500	99	96		2.54583333333
622	8	Si5b5	B5b5	362	362	0	0	0	99	96		2.54583333333
623	9	La5	A5	358	358	1	16	250	99	96		2.54791666667
624	9	Sol5	G5	349	349	1	16	250	99	96		2.55
625	9	Sol5	G5	349	349	3	16	750	99	96		2.55625
626	9	Fa5#4	F5#4	344	344	1	16	250	95	96		2.55833333333
627	9	La5	A5	358	358	1	16	250	99	96		2.56041666667
628	9	Sol5	G5	349	349	1	16	250	95	96		2.5625
629	8	La5	A5	358	358	0	0	0	95	96		2.5625
630	9	Sol5	G5	349	349	1	16	250	99	96		2.56458333333
631	9	Fa5#4	F5#4	344	344	1	16	250	95	96		2.56666666667
632	9	Sol5	G5	349	349	1	4	1000	95	96		2.575
633	9	Es	Es	-1	-1	1	8	500	100	0		2.57916666667
634	9	Do6	C6	371	371	1	8	500	95	96		2.58333333333
635	9	Do6	C6	371	371	1	8	500	99	96		2.5875
636	9	Si5b4	B5b4	363	363	1	8	500	99	96		2.59166666667
637	9	La5	A5	358	358	1	8	500	99	96		2.59583333333
638	9	Sol5	G5	349	349	1	8	500	99	96		2.6
639	9	Si5b4	B5b4	363	363	1	16	250	99	96		2.60208333333
640	9	La5	A5	358	358	1	16	250	99	96		2.60416666667
641	9	Sol5	G5	349	349	1	16	250	99	96		2.60625
642	9	Fa5	F5	340	340	1	16	250	99	96		2.60833333333
643	9	Sol5	G5	349	349	3	16	750	99	96		2.61458333333
644	9	Fa5	F5	340	340	1	16	250	95	96		2.61666666667
645	9	Sol5	G5	349	349	3	16	750	99	96		2.62291666667
646	9	Fa5	F5	340	340	1	16	250	95	96		2.625
647	9	Sol5	G5	349	349	3	16	750	99	96		2.63125
648	9	Fa5	F5	340	340	1	16	250	95	96		2.63333333333
649	9	Sol5	G5	349	349	3	16	750	99	96		2.63958333333
650	9	Fa5#4	F5#4	344	344	1	16	250	99	96		2.64166666667
651	9	Sol5	G5	349	349	3	16	750	99	96		2.64791666667
652	9	Fa5#4	F5#4	344	344	1	16	250	99	96		2.65
653	9	Sol5	G5	349	349	3	16	750	99	96		2.65625
654	9	Fa5#4	F5#4	344	344	1	16	250	99	96		2.65833333333
655	9	La5	A5	358	358	3	16	750	95	96		2.66458333333
656	9	Sol5	G5	349	349	1	16	250	95	96		2.66666666667
657	9	La5	A5	358	358	3	16	750	99	96		2.67291666667
658	9	Sol5	G5	349	349	1	16	250	99	96		2.675
659	9	Fa5	F5	340	340	1	8	500	99	96		2.67916666667
660	9	Sol5	G5	349	349	1	8	500	99	96		2.68333333333
661	9	Fa5	F5	340	340	3	16	750	99	96		2.68958333333
662	9	Mi5b1	E5b1	335	335	1	16	250	99	96		2.69166666667
663	9	Re5	D5	327	327	1	8	500	95	96		2.69583333333
664	9	Mi5b1	E5b1	335	335	1	8	500	95	96		2.7
665	9	Fa5	F5	340	340	3	16	750	99	96		2.70625
666	9	La5	A5	358	358	1	16	250	99	96		2.70833333333
667	9	Sol5	G5	349	349	1	8	500	95	96		2.7125
668	9	Fa5	F5	340	340	1	8	500	95	96		2.71666666667
669	9	Fa5	F5	340	340	1	16	250	99	96		2.71875
670	9	Mi5b1	E5b1	335	335	1	16	250	99	96		2.72083333333
671	9	Mi5b1	E5b1	335	335	1	16	250	99	96		2.72291666667
672	9	Re5	D5	327	327	1	16	250	95	96		2.725
673	9	Re5	D5	327	327	1	4	1000	95	96		2.73333333333
674	9	Mi5b4	E5b4	332	332	3	16	750	99	96		2.73958333333
675	9	Re5	D5	327	327	1	16	250	99	96		2.74166666667
676	9	Do5#4	C5#4	322	322	1	8	500	99	96		2.74583333333
677	9	Re5	D5	327	327	1	8	500	99	96		2.75
678	9	Do5#4	C5#4	322	322	1	8	500	99	96		2.75416666667
679	9	Re5	D5	327	327	1	8	500	99	96		2.75833333333
680	9	Si4b5	B4b5	309	309	1	4	1000	95	96		2.76666666667
681	9	Mi5b4	E5b4	332	332	1	8	500	99	96		2.77083333333
682	9	Re5	D5	327	327	1	8	500	99	96		2.775
683	9	Mi5b4	E5b4	332	332	1	8	500	95	96		2.77916666667
684	9	Fa5#4	F5#4	344	344	1	16	250	99	96		2.78125
685	9	Sol5	G5	349	349	1	16	250	95	96		2.78333333333
686	9	Fa5#4	F5#4	344	344	1	8	500	99	96		2.7875
687	9	Mi5b4	E5b4	332	332	1	4	1000	99	96		2.79583333333
688	8	Fa5#4	F5#4	344	344	0	0	0	99	96		2.79583333333
689	9	Mi5b4	E5b4	332	332	1	16	250	99	96		2.79791666667
690	9	Re5	D5	327	327	1	16	250	99	96		2.8
691	9	Re5	D5	327	327	1	2	2000	95	96		2.81666666667
692	9	Es	Es	-1	-1	1	8	500	100	0		2.82083333333
693	9	Sol5	G5	349	349	1	8	500	95	96		2.825
694	9	Fa5#4	F5#4	344	344	1	8	500	95	96		2.82916666667
695	9	Sol5	G5	349	349	1	8	500	95	96		2.83333333333
696	9	La5	A5	358	358	3	8	1500	99	96		2.84583333333
697	9	Si5b1	B5b1	366	366	1	8	500	99	96		2.85
698	9	Do6	C6	371	371	1	4	1000	99	96		2.85833333333
699	9	Si5b4	B5b4	363	363	1	8	500	99	96		2.8625
700	9	La5	A5	358	358	1	8	500	99	96		2.86666666667
701	9	Sol5	G5	349	349	1	4	1000	99	96		2.875
702	9	Fa5	F5	340	340	1	8	500	99	96		2.87916666667
703	9	Sol5	G5	349	349	1	8	500	99	96		2.88333333333
704	9	Fa5	F5	340	340	1	16	250	99	96		2.88541666667
705	9	Mi5b1	E5b1	335	335	1	16	250	99	96		2.8875
706	9	Re5	D5	327	327	1	8	500	99	96		2.89166666667
707	9	Mi5b1	E5b1	335	335	1	8	500	99	96		2.89583333333
708	9	Fa5	F5	340	340	1	8	500	99	96		2.9
709	9	Mi5b1	E5b1	335	335	1	4	1000	95	96		2.90833333333
710	9	Fa5	F5	340	340	1	8	500	95	96		2.9125
711	9	Mi5b1	E5b1	335	335	1	8	500	95	96		2.91666666667
712	9	Fa5	F5	340	340	1	8	500	95	96		2.92083333333
713	9	Mi5b1	E5b1	335	335	1	8	500	95	96		2.925
714	9	Fa5	F5	340	340	1	8	500	95	96		2.92916666667
715	9	Sol5	G5	349	349	1	8	500	95	96		2.93333333333
716	9	Fa5	F5	340	340	1	8	500	99	96		2.9375
717	8	La5	A5	358	358	0	0	0	99	96		2.9375
718	9	Sol5	G5	349	349	1	8	500	99	96		2.94166666667
719	9	Fa5	F5	340	340	1	8	500	99	96		2.94583333333
720	9	Mi5b1	E5b1	335	335	1	8	500	99	96		2.95
721	9	Mi5b1	E5b1	335	335	1	8	500	99	96		2.95416666667
722	8	Fa5	F5	340	340	0	0	0	99	96		2.95416666667
723	9	Fa5	F5	340	340	1	8	500	99	96		2.95833333333
724	9	Mi5b1	E5b1	335	335	1	8	500	99	96		2.9625
725	9	Re5	D5	327	327	1	8	500	99	96		2.96666666667
726	9	Re5	D5	327	327	1	2	2000	95	96		2.98333333333
727	9	Re5	D5	327	327	1	16	250	95	96		2.98541666667
728	9	Do5	C5	318	318	1	16	250	95	96		2.9875
729	9	Si4b1	B4b1	313	313	1	16	250	95	96		2.98958333333
730	9	Do5	C5	318	318	1	16	250	95	96		2.99166666667
731	9	Re5	D5	327	327	1	4	1000	95	96		3.0
732	9	Re5	D5	327	327	1	8	500	95	96		3.00416666667
733	9	Re5	D5	327	327	1	4	1000	95	96		3.0125
734	9	La5	A5	358	358	1	8	500	95	96		3.01666666667
735	9	La5	A5	358	358	1	8	500	99	96		3.02083333333
736	9	Sol5	G5	349	349	1	8	500	99	96		3.025
737	9	Fa5#4	F5#4	344	344	1	8	500	99	96		3.02916666667
738	9	Mi5	E5	336	336	1	8	500	99	96		3.03333333333
739	9	Fa5#4	F5#4	344	344	1	8	500	99	96		3.0375
740	9	Sol5	G5	349	349	1	8	500	99	96		3.04166666667
741	9	Fa5#4	F5#4	344	344	1	8	500	99	96		3.04583333333
742	9	Mi5	E5	336	336	1	8	500	95	96		3.05
743	9	Fa5#4	F5#4	344	344	1	8	500	99	96		3.05416666667
744	8	Sol5	G5	349	349	0	0	0	99	96		3.05416666667
745	9	Fa5#4	F5#4	344	344	1	16	250	99	96		3.05625
746	9	Mi5	E5	336	336	1	16	250	95	96		3.05833333333
747	9	Fa5#4	F5#4	344	344	1	8	500	95	96		3.0625
748	9	Sol5	G5	349	349	1	8	500	95	96		3.06666666667
749	8	La5	A5	358	358	0	0	0	95	96		3.06666666667
750	9	Sol5	G5	349	349	3	16	750	99	96		3.07291666667
751	9	Fa5#4	F5#4	344	344	1	16	250	99	96		3.075
752	9	Mi5	E5	336	336	1	4	1000	99	96		3.08333333333
753	9	Mi5	E5	336	336	1	8	500	99	96		3.0875
754	8	Sol5	G5	349	349	0	0	0	99	96		3.0875
755	9	Fa5#4	F5#4	344	344	1	16	250	99	96		3.08958333333
756	9	Mi5	E5	336	336	1	16	250	99	96		3.09166666667
757	9	Re5	D5	327	327	1	4	1000	95	96		3.1
758	9	Es	Es	-1	-1	1	8	500	100	0		3.10416666667
759	9	Sol5	G5	349	349	1	4	1000	99	96		3.1125
760	9	La5	A5	358	358	1	8	500	99	96		3.11666666667
761	8	La5	A5	358	358	0	0	0	99	96		3.11666666667
762	9	Sol5	G5	349	349	1	8	500	99	96		3.12083333333
763	9	Fa5	F5	340	340	1	8	500	99	96		3.125
764	9	Mi5	E5	336	336	1	8	500	99	96		3.12916666667
765	9	Re5	D5	327	327	1	8	500	99	96		3.13333333333
766	8	Mi5	E5	336	336	0	0	0	99	96		3.13333333333
767	9	Re5	D5	327	327	1	8	500	99	96		3.1375
768	9	Do5	C5	318	318	1	8	500	99	96		3.14166666667
769	9	Si4b1	B4b1	313	313	1	8	500	99	96		3.14583333333
770	9	La4	A4	305	305	1	8	500	99	96		3.15
771	9	La4	A4	305	305	1	8	500	99	96		3.15416666667
772	8	Si4b1	B4b1	313	313	0	0	0	99	96		3.15416666667
773	9	La4	A4	305	305	1	16	250	95	96		3.15625
774	9	Sol4	G4	296	296	1	16	250	95	96		3.15833333333
775	9	Si4b1	B4b1	313	313	1	8	500	95	96		3.1625
776	9	Do5	C5	318	318	1	8	500	95	96		3.16666666667
777	9	Re5	D5	327	327	3	8	1500	95	96		3.17916666667
778	9	Es	Es	-1	-1	1	8	500	100	0		3.18333333333
779	9	Re5	D5	327	327	1	8	500	99	96		3.1875
780	9	Mi5	E5	336	336	1	8	500	99	96		3.19166666667
781	9	Re5	D5	327	327	1	8	500	99	96		3.19583333333
782	9	Do5	C5	318	318	1	16	250	99	96		3.19791666667
783	9	Si4b1	B4b1	313	313	1	16	250	99	96		3.2
784	9	Do5	C5	318	318	1	2	2000	95	96		3.21666666667
785	9	Es	Es	-1	-1	1	8	500	100	0		3.22083333333
786	9	Fa5#4	F5#4	344	344	1	4	1000	95	96		3.22916666667
787	9	Fa5#4	F5#4	344	344	1	8	500	95	96		3.23333333333
788	9	Es	Es	-1	-1	1	8	500	100	0		3.2375
789	9	Re5	D5	327	327	1	16	250	99	96		3.23958333333
790	9	Mi5	E5	336	336	1	16	250	99	96		3.24166666667
791	9	Re5	D5	327	327	1	8	500	99	96		3.24583333333
792	9	Mi5	E5	336	336	1	16	250	99	96		3.24791666667
793	9	Fa5#4	F5#4	344	344	1	16	250	99	96		3.25
794	9	Mi5	E5	336	336	1	8	500	99	96		3.25416666667
795	8	Sol5	G5	349	349	0	0	0	99	96		3.25416666667
796	9	Fa5#4	F5#4	344	344	1	8	500	99	96		3.25833333333
797	9	Mi5	E5	336	336	1	8	500	99	96		3.2625
798	9	Re5	D5	327	327	1	8	500	99	96		3.26666666667
799	9	Re5	D5	327	327	3	8	1500	95	96		3.27916666667
800	9	Fa5#4	F5#4	344	344	1	16	250	95	96		3.28125
801	9	Sol5	G5	349	349	1	16	250	95	96		3.28333333333
802	9	La5	A5	358	358	1	16	250	95	96		3.28541666667
803	9	Sol5	G5	349	349	1	16	250	95	96		3.2875
804	9	Fa5#4	F5#4	344	344	1	16	250	95	96		3.28958333333
805	9	Sol5	G5	349	349	1	16	250	95	96		3.29166666667
806	9	La5	A5	358	358	1	4	1000	95	96		3.3
807	9	La5	A5	358	358	3	16	750	99	96		3.30625
808	9	Sol5	G5	349	349	1	16	250	99	96		3.30833333333
809	9	Fa5#4	F5#4	344	344	1	8	500	99	96		3.3125
810	9	Sol5	G5	349	349	1	16	250	99	96		3.31458333333
811	9	La5	A5	358	358	1	16	250	95	96		3.31666666667
812	9	Sol5	G5	349	349	1	8	500	99	96		3.32083333333
813	9	La5	A5	358	358	1	4	1000	99	96		3.32916666667
814	9	Si5b1	B5b1	366	366	1	8	500	99	96		3.33333333333
815	9	La5	A5	358	358	1	8	500	99	96		3.3375
816	9	Sol5	G5	349	349	1	8	500	99	96		3.34166666667
817	9	Fa5#4	F5#4	344	344	1	8	500	99	96		3.34583333333
818	9	Mi5	E5	336	336	1	8	500	95	96		3.35
819	8	Sol5	G5	349	349	0	0	0	95	96		3.35
820	9	Fa5#4	F5#4	344	344	1	16	250	99	96		3.35208333333
821	9	Mi5	E5	336	336	1	16	250	99	96		3.35416666667
822	9	Fa5#4	F5#4	344	344	1	4	1000	95	96		3.3625
823	9	Si5b1	B5b1	366	366	1	8	500	95	96		3.36666666667
824	9	Si5b1	B5b1	366	366	1	8	500	95	96		3.37083333333
825	9	La5	A5	358	358	1	4	1000	95	96		3.37916666667
826	9	Sol5	G5	349	349	1	8	500	95	96		3.38333333333
827	9	Sol5	G5	349	349	1	8	500	95	96		3.3875
828	9	Fa5#4	F5#4	344	344	1	4	1000	95	96		3.39583333333
829	9	Mi5	E5	336	336	1	8	500	95	96		3.4
830	9	La5	A5	358	358	3	16	750	99	96		3.40625
831	9	Sol5	G5	349	349	1	16	250	99	96		3.40833333333
832	9	Fa5#4	F5#4	344	344	1	8	500	99	96		3.4125
833	9	Sol5	G5	349	349	1	16	250	99	96		3.41458333333
834	9	La5	A5	358	358	1	16	250	95	96		3.41666666667
835	9	Sol5	G5	349	349	1	8	500	99	96		3.42083333333
836	9	La5	A5	358	358	1	4	1000	99	96		3.42916666667
837	9	Si5b1	B5b1	366	366	1	8	500	99	96		3.43333333333
838	9	La5	A5	358	358	1	8	500	99	96		3.4375
839	9	Sol5	G5	349	349	1	8	500	99	96		3.44166666667
840	9	Fa5#4	F5#4	344	344	1	8	500	99	96		3.44583333333
841	9	Mi5	E5	336	336	1	8	500	95	96		3.45
842	8	Sol5	G5	349	349	0	0	0	95	96		3.45
843	9	Fa5#4	F5#4	344	344	1	16	250	99	96		3.45208333333
844	9	Mi5	E5	336	336	1	16	250	99	96		3.45416666667
845	9	Fa5#4	F5#4	344	344	1	4	1000	95	96		3.4625
846	9	Si5b1	B5b1	366	366	1	8	500	95	96		3.46666666667
847	9	Si5b1	B5b1	366	366	1	8	500	95	96		3.47083333333
848	9	La5	A5	358	358	1	4	1000	95	96		3.47916666667
849	9	Sol5	G5	349	349	1	8	500	95	96		3.48333333333
850	9	Sol5	G5	349	349	1	8	500	95	96		3.4875
851	9	Fa5#4	F5#4	344	344	1	4	1000	95	96		3.49583333333
852	9	Mi5	E5	336	336	1	8	500	95	96		3.5
853	8	Mi5	E5	336	336	0	0	0	95	96		3.5
854	9	Re5	D5	327	327	1	8	500	95	96		3.50416666667
855	9	Mi5	E5	336	336	1	8	500	95	96		3.50833333333
856	9	Do5	C5	318	318	1	4	1000	95	96		3.51666666667
857	9	Es	Es	-1	-1	1	4	1000	100	0		3.525
858	9	Sol5	G5	349	349	1	8	500	99	96		3.52916666667
859	9	Sol5	G5	349	349	1	8	500	99	96		3.53333333333
860	9	Sol5	G5	349	349	3	16	750	99	96		3.53958333333
861	9	Fa5#4	F5#4	344	344	1	16	250	95	96		3.54166666667
862	9	Sol5	G5	349	349	3	16	750	99	96		3.54791666667
863	9	Fa5#4	F5#4	344	344	1	16	250	99	96		3.55
864	9	Sol5	G5	349	349	1	8	500	99	96		3.55416666667
865	9	La5	A5	358	358	1	8	500	95	96		3.55833333333
866	9	Fa5#4	F5#4	344	344	1	4	1000	95	96		3.56666666667
867	9	Es	Es	-1	-1	1	8	500	100	0		3.57083333333
868	9	Mi5	E5	336	336	1	16	250	99	96		3.57291666667
869	9	Fa5#4	F5#4	344	344	1	16	250	99	96		3.575
870	9	Mi5	E5	336	336	1	8	500	99	96		3.57916666667
871	9	Fa5#4	F5#4	344	344	1	8	500	99	96		3.58333333333
872	8	La5	A5	358	358	0	0	0	99	96		3.58333333333
873	9	Sol5	G5	349	349	1	8	500	99	96		3.5875
874	9	Fa5#4	F5#4	344	344	1	8	500	99	96		3.59166666667
875	9	Mi5	E5	336	336	1	8	500	99	96		3.59583333333
876	9	Re5	D5	327	327	1	8	500	99	96		3.6
877	9	Re5	D5	327	327	1	8	500	95	96		3.60416666667
878	9	Es	Es	-1	-1	1	8	500	100	0		3.60833333333
879	9	Fa5#4	F5#4	344	344	1	8	500	95	96		3.6125
880	9	Fa5#4	F5#4	344	344	1	8	500	95	96		3.61666666667
881	9	Fa5#4	F5#4	344	344	1	8	500	99	96		3.62083333333
882	8	Sol5	G5	349	349	0	0	0	99	96		3.62083333333
883	9	Fa5#4	F5#4	344	344	1	16	250	99	96		3.62291666667
884	9	Mi5	E5	336	336	1	16	250	99	96		3.625
885	9	Fa5#4	F5#4	344	344	1	8	500	99	96		3.62916666667
886	9	Sol5	G5	349	349	1	8	500	95	96		3.63333333333
887	9	Sol5	G5	349	349	3	16	750	99	96		3.63958333333
888	9	Fa5#4	F5#4	344	344	1	16	250	99	96		3.64166666667
889	9	Mi5	E5	336	336	1	4	1000	99	96		3.65
890	9	Mi5	E5	336	336	3	16	750	99	96		3.65625
891	9	Re5	D5	327	327	1	16	250	95	96		3.65833333333
892	9	Mi5	E5	336	336	1	16	250	99	96		3.66041666667
893	9	Re5	D5	327	327	1	16	250	95	96		3.6625
894	8	Mi5	E5	336	336	0	0	0	95	96		3.6625
895	9	Re5	D5	327	327	1	16	250	99	96		3.66458333333
896	9	Do5	C5	318	318	1	16	250	95	96		3.66666666667
897	9	Re5	D5	327	327	1	4	1000	95	96		3.675
898	9	Es	Es	-1	-1	1	8	500	100	0		3.67916666667
899	9	Sol5	G5	349	349	1	8	500	95	96		3.68333333333
900	9	Sol5	G5	349	349	1	8	500	99	96		3.6875
901	9	Fa5	F5	340	340	1	8	500	99	96		3.69166666667
902	9	Mi5	E5	336	336	1	8	500	99	96		3.69583333333
903	9	Re5	D5	327	327	1	8	500	99	96		3.7
904	9	Mi5	E5	336	336	1	16	250	99	96		3.70208333333
905	9	Re5	D5	327	327	1	16	250	99	96		3.70416666667
906	9	Do5	C5	318	318	1	16	250	99	96		3.70625
907	9	Si4b1	B4b1	313	313	1	16	250	95	96		3.70833333333
908	9	Do5	C5	318	318	1	4	1000	95	96		3.71666666667
909	9	Sol5	G5	349	349	3	16	750	99	96		3.72291666667
910	9	Fa5#4	F5#4	344	344	1	16	250	95	96		3.725
911	9	Sol5	G5	349	349	3	16	750	99	96		3.73125
912	9	Fa5#4	F5#4	344	344	1	16	250	95	96		3.73333333333
913	9	Sol5	G5	349	349	3	16	750	99	96		3.73958333333
914	9	Fa5#4	F5#4	344	344	1	16	250	99	96		3.74166666667
915	9	Sol5	G5	349	349	3	16	750	99	96		3.74791666667
916	9	Fa5#4	F5#4	344	344	1	16	250	99	96		3.75
917	9	Sol5	G5	349	349	3	16	750	99	96		3.75625
918	9	Fa5#4	F5#4	344	344	1	16	250	99	96		3.75833333333
919	9	La5	A5	358	358	3	16	750	95	96		3.76458333333
920	9	Sol5	G5	349	349	1	16	250	95	96		3.76666666667
921	9	La5	A5	358	358	3	16	750	99	96		3.77291666667
922	9	Sol5	G5	349	349	1	16	250	99	96		3.775
923	9	Fa5	F5	340	340	1	8	500	99	96		3.77916666667
924	9	Sol5	G5	349	349	1	8	500	99	96		3.78333333333
925	9	Fa5	F5	340	340	3	16	750	99	96		3.78958333333
926	9	Mi5b1	E5b1	335	335	1	16	250	99	96		3.79166666667
927	9	Re5	D5	327	327	1	8	500	95	96		3.79583333333
928	9	Mi5b1	E5b1	335	335	1	8	500	95	96		3.8
929	9	Fa5	F5	340	340	3	16	750	99	96		3.80625
930	9	La5	A5	358	358	1	16	250	99	96		3.80833333333
931	9	Sol5	G5	349	349	1	8	500	95	96		3.8125
932	9	Fa5	F5	340	340	1	8	500	95	96		3.81666666667
933	9	Fa5	F5	340	340	1	16	250	99	96		3.81875
934	9	Mi5b1	E5b1	335	335	1	16	250	99	96		3.82083333333
935	9	Mi5b1	E5b1	335	335	1	16	250	99	96		3.82291666667
936	9	Re5	D5	327	327	1	16	250	95	96		3.825
937	9	Re5	D5	327	327	1	4	1000	95	96		3.83333333333
938	9	Fa5	F5	340	340	1	4	1000	99	96		3.84166666667
939	9	Sol5	G5	349	349	1	8	500	99	96		3.84583333333
940	9	Sol5	G5	349	349	1	8	500	99	96		3.85
941	9	Sol5	G5	349	349	3	8	1500	99	96		3.8625
942	9	Fa5	F5	340	340	1	8	500	95	96		3.86666666667
943	9	Sol5	G5	349	349	1	8	500	99	96		3.87083333333
944	9	La5	A5	358	358	1	8	500	99	96		3.875
945	9	Sol5	G5	349	349	1	8	500	99	96		3.87916666667
946	9	Fa5	F5	340	340	1	8	500	95	96		3.88333333333
947	9	Fa5	F5	340	340	1	8	500	99	96		3.8875
948	9	Sol5	G5	349	349	1	8	500	99	96		3.89166666667
949	9	Fa5	F5	340	340	1	8	500	99	96		3.89583333333
950	9	Mi5b1	E5b1	335	335	1	8	500	99	96		3.9
951	9	Mi5b1	E5b1	335	335	1	8	500	99	96		3.90416666667
952	9	Fa5	F5	340	340	1	8	500	99	96		3.90833333333
953	9	Mi5b1	E5b1	335	335	1	8	500	99	96		3.9125
954	9	Re5	D5	327	327	1	8	500	95	96		3.91666666667
955	9	Es	Es	-1	-1	1	8	500	100	0		3.92083333333
956	9	Re5	D5	327	327	1	4	1000	95	96		3.92916666667
957	9	Mi5	E5	336	336	1	8	500	95	96		3.93333333333
958	9	Es	Es	-1	-1	1	8	500	100	0		3.9375
959	9	Si4b1	B4b1	313	313	1	16	250	99	96		3.93958333333
960	9	Do5	C5	318	318	1	16	250	99	96		3.94166666667
961	9	Si4b1	B4b1	313	313	1	8	500	99	96		3.94583333333
962	9	Do5	C5	318	318	1	16	250	99	96		3.94791666667
963	9	Re5	D5	327	327	1	16	250	99	96		3.95
964	9	Do5	C5	318	318	1	8	500	99	96		3.95416666667
965	9	Re5	D5	327	327	1	16	250	99	96		3.95625
966	9	Mi5	E5	336	336	1	16	250	99	96		3.95833333333
967	9	Re5	D5	327	327	1	8	500	99	96		3.9625
968	9	Mi5	E5	336	336	1	16	250	99	96		3.96458333333
969	9	Fa5#4	F5#4	344	344	1	16	250	99	96		3.96666666667
970	9	Mi5	E5	336	336	1	8	500	99	96		3.97083333333
971	9	Fa5#4	F5#4	344	344	1	16	250	99	96		3.97291666667
972	9	Sol5	G5	349	349	1	16	250	99	96		3.975
973	9	Fa5#4	F5#4	344	344	1	8	500	99	96		3.97916666667
974	9	Sol5	G5	349	349	1	8	500	99	96		3.98333333333
975	9	La5	A5	358	358	1	8	500	99	96		3.9875
976	9	Sol5	G5	349	349	1	8	500	99	96		3.99166666667
977	9	Fa5	F5	340	340	1	8	500	99	96		3.99583333333
978	9	Mi5	E5	336	336	1	8	500	99	96		4.0
979	9	Re5	D5	327	327	1	8	500	95	96		4.00416666667
980	9	Es	Es	-1	-1	1	8	500	100	0		4.00833333333
981	9	Re5	D5	327	327	1	8	500	99	96		4.0125
982	9	Re5	D5	327	327	1	8	500	99	96		4.01666666667
983	9	Re5	D5	327	327	1	8	500	99	96		4.02083333333
984	9	Mi5	E5	336	336	1	8	500	95	96		4.025
985	9	Do5	C5	318	318	3	16	750	99	96		4.03125
986	9	Si4b1	B4b1	313	313	1	16	250	95	96		4.03333333333
987	9	Re5	D5	327	327	1	16	250	99	96		4.03541666667
988	9	Do5	C5	318	318	1	16	250	99	96		4.0375
989	9	Si4b1	B4b1	313	313	1	4	1000	99	96		4.04583333333
990	9	La4	A4	305	305	1	4	1000	99	96		4.05416666667
991	9	La4	A4	305	305	3	8	1500	95	96		4.06666666667
992	9	Do5	C5	318	318	1	4	1000	95	96		4.075
993	9	Re5	D5	327	327	1	4	1000	95	96		4.08333333333
994	9	Re5	D5	327	327	3	8	1500	95	96		4.09583333333
995	9	Es	Es	-1	-1	1	8	500	100	0		4.1
996	9	Re5	D5	327	327	1	8	500	95	96		4.10416666667
997	9	Re5	D5	327	327	1	4	1000	95	96		4.1125
998	9	La5	A5	358	358	1	8	500	95	96		4.11666666667
999	9	La5	A5	358	358	1	8	500	99	96		4.12083333333
1000	9	Sol5	G5	349	349	1	8	500	99	96		4.125
1001	9	Fa5#4	F5#4	344	344	1	8	500	99	96		4.12916666667
1002	9	Mi5	E5	336	336	1	8	500	99	96		4.13333333333
1003	9	Fa5#4	F5#4	344	344	1	8	500	99	96		4.1375
1004	9	Sol5	G5	349	349	1	8	500	99	96		4.14166666667
1005	9	Fa5#4	F5#4	344	344	1	8	500	99	96		4.14583333333
1006	9	Mi5	E5	336	336	1	8	500	95	96		4.15
1007	9	Fa5#4	F5#4	344	344	1	8	500	99	96		4.15416666667
1008	8	Sol5	G5	349	349	0	0	0	99	96		4.15416666667
1009	9	Fa5#4	F5#4	344	344	1	16	250	99	96		4.15625
1010	9	Mi5	E5	336	336	1	16	250	99	96		4.15833333333
1011	9	Fa5#4	F5#4	344	344	1	8	500	95	96		4.1625
1012	9	Sol5	G5	349	349	1	8	500	95	96		4.16666666667
1013	8	La5	A5	358	358	0	0	0	95	96		4.16666666667
1014	9	Sol5	G5	349	349	3	16	750	99	96		4.17291666667
1015	9	Fa5#4	F5#4	344	344	1	16	250	99	96		4.175
1016	9	Mi5	E5	336	336	1	4	1000	99	96		4.18333333333
1017	9	Mi5	E5	336	336	1	8	500	99	96		4.1875
1018	8	Sol5	G5	349	349	0	0	0	99	96		4.1875
1019	9	Fa5#4	F5#4	344	344	1	16	250	99	96		4.18958333333
1020	9	Mi5	E5	336	336	1	16	250	99	96		4.19166666667
1021	9	Re5	D5	327	327	1	4	1000	95	96		4.2
1022	9	Es	Es	-1	-1	1	8	500	100	0		4.20416666667
1023	9	Sol5	G5	349	349	1	4	1000	99	96		4.2125
1024	9	La5	A5	358	358	1	8	500	99	96		4.21666666667
1025	8	La5	A5	358	358	0	0	0	99	96		4.21666666667
1026	9	Sol5	G5	349	349	1	8	500	99	96		4.22083333333
1027	9	Fa5	F5	340	340	1	8	500	99	96		4.225
1028	9	Mi5	E5	336	336	1	8	500	99	96		4.22916666667
1029	9	Re5	D5	327	327	1	8	500	99	96		4.23333333333
1030	8	Mi5	E5	336	336	0	0	0	99	96		4.23333333333
1031	9	Re5	D5	327	327	1	8	500	99	96		4.2375
1032	9	Do5	C5	318	318	1	8	500	99	96		4.24166666667
1033	9	Si4b1	B4b1	313	313	1	8	500	99	96		4.24583333333
1034	9	La4	A4	305	305	1	8	500	99	96		4.25
1035	9	La4	A4	305	305	1	8	500	99	96		4.25416666667
1036	8	Si4b1	B4b1	313	313	0	0	0	99	96		4.25416666667
1037	9	La4	A4	305	305	1	16	250	95	96		4.25625
1038	9	Sol4	G4	296	296	1	16	250	95	96		4.25833333333
1039	9	Si4b1	B4b1	313	313	1	8	500	95	96		4.2625
1040	9	Do5	C5	318	318	1	8	500	95	96		4.26666666667
1041	9	Re5	D5	327	327	3	8	1500	95	96		4.27916666667
1042	9	Es	Es	-1	-1	1	8	500	100	0		4.28333333333
1043	9	Re5	D5	327	327	1	8	500	99	96		4.2875
1044	9	Mi5	E5	336	336	1	8	500	99	96		4.29166666667
1045	9	Re5	D5	327	327	1	8	500	99	96		4.29583333333
1046	9	Do5	C5	318	318	1	16	250	99	96		4.29791666667
1047	9	Si4b1	B4b1	313	313	1	16	250	99	96		4.3
1048	9	Do5	C5	318	318	1	2	2000	95	96		4.31666666667
1049	9	Es	Es	-1	-1	1	8	500	100	0		4.32083333333
1050	9	Fa5#4	F5#4	344	344	1	4	1000	95	96		4.32916666667
1051	9	Fa5#4	F5#4	344	344	1	8	500	95	96		4.33333333333
1052	9	Es	Es	-1	-1	1	8	500	100	0		4.3375
1053	9	Re5	D5	327	327	1	16	250	99	96		4.33958333333
1054	9	Mi5	E5	336	336	1	16	250	99	96		4.34166666667
1055	9	Re5	D5	327	327	1	8	500	99	96		4.34583333333
1056	9	Mi5	E5	336	336	1	16	250	99	96		4.34791666667
1057	9	Fa5#4	F5#4	344	344	1	16	250	99	96		4.35
1058	8	Mi5	E5	336	336	0	0	0	99	96		4.35
1059	9	Sol5	G5	349	349	1	8	500	99	96		4.35416666667
1060	9	Fa5#4	F5#4	344	344	1	8	500	99	96		4.35833333333
1061	9	Mi5	E5	336	336	1	8	500	99	96		4.3625
1062	9	Re5	D5	327	327	1	8	500	99	96		4.36666666667
1063	9	Re5	D5	327	327	3	8	1500	95	96		4.37916666667
1064	9	Fa5#4	F5#4	344	344	1	16	250	95	96		4.38125
1065	9	Sol5	G5	349	349	1	16	250	95	96		4.38333333333
1066	9	La5	A5	358	358	1	16	250	95	96		4.38541666667
1067	9	Sol5	G5	349	349	1	16	250	95	96		4.3875
1068	9	Fa5#4	F5#4	344	344	1	16	250	95	96		4.38958333333
1069	9	Sol5	G5	349	349	1	16	250	95	96		4.39166666667
1070	9	La5	A5	358	358	1	4	1000	95	96		4.4
1071	9	La5	A5	358	358	3	16	750	99	96		4.40625
1072	9	Sol5	G5	349	349	1	16	250	99	96		4.40833333333
1073	9	Fa5#4	F5#4	344	344	1	8	500	99	96		4.4125
1074	9	Sol5	G5	349	349	1	16	250	99	96		4.41458333333
1075	9	La5	A5	358	358	1	16	250	95	96		4.41666666667
1076	9	Sol5	G5	349	349	1	8	500	99	96		4.42083333333
1077	9	La5	A5	358	358	1	4	1000	99	96		4.42916666667
1078	9	Si5b1	B5b1	366	366	1	8	500	99	96		4.43333333333
1079	9	La5	A5	358	358	1	8	500	99	96		4.4375
1080	9	Sol5	G5	349	349	1	8	500	99	96		4.44166666667
1081	9	Fa5#4	F5#4	344	344	1	8	500	99	96		4.44583333333
1082	9	Mi5	E5	336	336	1	8	500	95	96		4.45
1083	8	Sol5	G5	349	349	0	0	0	95	96		4.45
1084	9	Fa5#4	F5#4	344	344	1	16	250	99	96		4.45208333333
1085	9	Mi5	E5	336	336	1	16	250	99	96		4.45416666667
1086	9	Fa5#4	F5#4	344	344	1	4	1000	95	96		4.4625
1087	9	Si5b1	B5b1	366	366	1	8	500	95	96		4.46666666667
1088	9	Si5b1	B5b1	366	366	1	8	500	99	96		4.47083333333
1089	9	La5	A5	358	358	1	4	1000	99	96		4.47916666667
1090	9	Sol5	G5	349	349	1	8	500	99	96		4.48333333333
1091	9	Sol5	G5	349	349	1	8	500	99	96		4.4875
1092	9	Fa5#4	F5#4	344	344	1	4	1000	99	96		4.49583333333
1093	9	Mi5	E5	336	336	1	8	500	99	96		4.5
1094	8	Mi5	E5	336	336	0	0	0	99	96		4.5
1095	9	Re5	D5	327	327	1	8	500	99	96		4.50416666667
1096	9	Mi5	E5	336	336	1	8	500	99	96		4.50833333333
1097	9	Do5	C5	318	318	1	4	1000	99	96		4.51666666667
1098	9	Do5	C5	318	318	1	8	500	95	96		4.52083333333
1099	9	Es	Es	-1	-1	1	8	500	100	0		4.525
1100	9	Sol5	G5	349	349	1	8	500	99	96		4.52916666667
1101	9	Sol5	G5	349	349	1	8	500	99	96		4.53333333333
1102	9	Sol5	G5	349	349	3	16	750	99	96		4.53958333333
1103	9	Fa5#4	F5#4	344	344	1	16	250	95	96		4.54166666667
1104	9	Sol5	G5	349	349	3	16	750	99	96		4.54791666667
1105	9	Fa5#4	F5#4	344	344	1	16	250	99	96		4.55
1106	9	Sol5	G5	349	349	1	8	500	99	96		4.55416666667
1107	9	La5	A5	358	358	1	8	500	95	96		4.55833333333
1108	9	Fa5#4	F5#4	344	344	1	4	1000	95	96		4.56666666667
1109	9	Es	Es	-1	-1	1	8	500	100	0		4.57083333333
1110	9	Mi5	E5	336	336	1	16	250	99	96		4.57291666667
1111	9	Fa5#4	F5#4	344	344	1	16	250	99	96		4.575
1112	9	Mi5	E5	336	336	1	8	500	99	96		4.57916666667
1113	9	Fa5#4	F5#4	344	344	1	8	500	99	96		4.58333333333
1114	8	La5	A5	358	358	0	0	0	99	96		4.58333333333
1115	9	Sol5	G5	349	349	1	8	500	99	96		4.5875
1116	9	Fa5#4	F5#4	344	344	1	8	500	99	96		4.59166666667
1117	9	Mi5	E5	336	336	1	8	500	99	96		4.59583333333
1118	9	Re5	D5	327	327	1	8	500	99	96		4.6
1119	9	Re5	D5	327	327	1	8	500	95	96		4.60416666667
1120	9	Es	Es	-1	-1	1	8	500	100	0		4.60833333333
1121	9	Fa5#4	F5#4	344	344	1	8	500	95	96		4.6125
1122	9	Fa5#4	F5#4	344	344	1	8	500	95	96		4.61666666667
1123	9	Fa5#4	F5#4	344	344	1	8	500	99	96		4.62083333333
1124	8	Sol5	G5	349	349	0	0	0	99	96		4.62083333333
1125	9	Fa5#4	F5#4	344	344	1	16	250	99	96		4.62291666667
1126	9	Mi5	E5	336	336	1	16	250	99	96		4.625
1127	9	Fa5#4	F5#4	344	344	1	8	500	99	96		4.62916666667
1128	9	Sol5	G5	349	349	1	8	500	95	96		4.63333333333
1129	9	Sol5	G5	349	349	3	16	750	99	96		4.63958333333
1130	9	Fa5#4	F5#4	344	344	1	16	250	99	96		4.64166666667
1131	9	Mi5	E5	336	336	1	4	1000	99	96		4.65
1132	9	Mi5	E5	336	336	3	16	750	99	96		4.65625
1133	9	Re5	D5	327	327	1	16	250	95	96		4.65833333333
1134	9	Mi5	E5	336	336	1	16	250	99	96		4.66041666667
1135	9	Re5	D5	327	327	1	16	250	95	96		4.6625
1136	8	Mi5	E5	336	336	0	0	0	95	96		4.6625
1137	9	Re5	D5	327	327	1	16	250	99	96		4.66458333333
1138	9	Do5	C5	318	318	1	16	250	95	96		4.66666666667
1139	9	Re5	D5	327	327	1	4	1000	95	96		4.675
1140	9	Es	Es	-1	-1	1	8	500	100	0		4.67916666667
1141	9	Sol5	G5	349	349	1	8	500	95	96		4.68333333333
1142	9	Sol5	G5	349	349	1	8	500	99	96		4.6875
1143	9	Fa5	F5	340	340	1	8	500	99	96		4.69166666667
1144	9	Mi5	E5	336	336	1	8	500	99	96		4.69583333333
1145	9	Re5	D5	327	327	1	8	500	99	96		4.7
1146	9	Mi5	E5	336	336	1	16	250	99	96		4.70208333333
1147	9	Re5	D5	327	327	1	16	250	99	96		4.70416666667
1148	9	Do5	C5	318	318	1	16	250	99	96		4.70625
1149	9	Si4b1	B4b1	313	313	1	16	250	99	96		4.70833333333
1150	9	Do5	C5	318	318	1	4	1000	95	96		4.71666666667
1151	9	Sol5	G5	349	349	3	16	750	99	96		4.72291666667
1152	9	Fa5#4	F5#4	344	344	1	16	250	95	96		4.725
1153	9	Sol5	G5	349	349	3	16	750	99	96		4.73125
1154	9	Fa5#4	F5#4	344	344	1	16	250	95	96		4.73333333333
1155	9	Sol5	G5	349	349	3	16	750	99	96		4.73958333333
1156	9	Fa5#4	F5#4	344	344	1	16	250	99	96		4.74166666667
1157	9	Sol5	G5	349	349	3	16	750	99	96		4.74791666667
1158	9	Fa5#4	F5#4	344	344	1	16	250	99	96		4.75
1159	9	Sol5	G5	349	349	3	16	750	99	96		4.75625
1160	9	Fa5#4	F5#4	344	344	1	16	250	99	96		4.75833333333
1161	9	La5	A5	358	358	3	16	750	95	96		4.76458333333
1162	9	Sol5	G5	349	349	1	16	250	95	96		4.76666666667
1163	9	La5	A5	358	358	3	16	750	99	96		4.77291666667
1164	9	Sol5	G5	349	349	1	16	250	99	96		4.775
1165	9	Fa5	F5	340	340	1	8	500	99	96		4.77916666667
1166	9	Sol5	G5	349	349	1	8	500	99	96		4.78333333333
1167	8	Sol5	G5	349	349	0	0	0	99	96		4.78333333333
1168	9	Fa5	F5	340	340	3	16	750	99	96		4.78958333333
1169	9	Mi5b1	E5b1	335	335	1	16	250	99	96		4.79166666667
1170	9	Re5	D5	327	327	1	8	500	95	96		4.79583333333
1171	9	Mi5b1	E5b1	335	335	1	8	500	95	96		4.8
1172	9	Fa5	F5	340	340	3	16	750	99	96		4.80625
1173	9	La5	A5	358	358	1	16	250	99	96		4.80833333333
1174	9	Sol5	G5	349	349	1	8	500	95	96		4.8125
1175	9	Fa5	F5	340	340	1	8	500	95	96		4.81666666667
1176	9	Fa5	F5	340	340	1	16	250	99	96		4.81875
1177	9	Mi5b1	E5b1	335	335	1	16	250	99	96		4.82083333333
1178	9	Mi5b1	E5b1	335	335	1	16	250	99	96		4.82291666667
1179	9	Re5	D5	327	327	1	16	250	95	96		4.825
1180	9	Re5	D5	327	327	1	4	1000	95	96		4.83333333333
1181	9	Fa5	F5	340	340	1	4	1000	99	96		4.84166666667
1182	9	Sol5	G5	349	349	1	8	500	99	96		4.84583333333
1183	9	Sol5	G5	349	349	1	8	500	99	96		4.85
1184	9	Sol5	G5	349	349	3	8	1500	99	96		4.8625
1185	9	Fa5	F5	340	340	1	8	500	95	96		4.86666666667
1186	9	Sol5	G5	349	349	1	8	500	99	96		4.87083333333
1187	9	La5	A5	358	358	1	8	500	99	96		4.875
1188	9	Sol5	G5	349	349	1	8	500	99	96		4.87916666667
1189	9	Fa5	F5	340	340	1	8	500	95	96		4.88333333333
1190	9	Fa5	F5	340	340	1	8	500	99	96		4.8875
1191	9	Sol5	G5	349	349	1	8	500	99	96		4.89166666667
1192	9	Fa5	F5	340	340	1	8	500	99	96		4.89583333333
1193	9	Mi5b1	E5b1	335	335	1	8	500	99	96		4.9
1194	9	Mi5b1	E5b1	335	335	1	8	500	99	96		4.90416666667
1195	9	Fa5	F5	340	340	1	8	500	99	96		4.90833333333
1196	9	Mi5b1	E5b1	335	335	1	8	500	99	96		4.9125
1197	9	Re5	D5	327	327	1	8	500	95	96		4.91666666667
1198	9	Es	Es	-1	-1	1	8	500	100	0		4.92083333333
1199	9	Re5	D5	327	327	1	4	1000	95	96		4.92916666667
1200	9	Mi5	E5	336	336	1	8	500	95	96		4.93333333333
1201	9	Es	Es	-1	-1	1	8	500	100	0		4.9375
1202	9	Si4b1	B4b1	313	313	1	16	250	99	96		4.93958333333
1203	9	Do5	C5	318	318	1	16	250	99	96		4.94166666667
1204	9	Si4b1	B4b1	313	313	1	8	500	99	96		4.94583333333
1205	9	Do5	C5	318	318	1	16	250	99	96		4.94791666667
1206	9	Re5	D5	327	327	1	16	250	99	96		4.95
1207	9	Do5	C5	318	318	1	8	500	99	96		4.95416666667
1208	9	Re5	D5	327	327	1	16	250	99	96		4.95625
1209	9	Mi5	E5	336	336	1	16	250	99	96		4.95833333333
1210	9	Re5	D5	327	327	1	8	500	99	96		4.9625
1211	9	Mi5	E5	336	336	1	16	250	99	96		4.96458333333
1212	9	Fa5#4	F5#4	344	344	1	16	250	99	96		4.96666666667
1213	9	Mi5	E5	336	336	1	8	500	99	96		4.97083333333
1214	9	Fa5#4	F5#4	344	344	1	16	250	99	96		4.97291666667
1215	9	Sol5	G5	349	349	1	16	250	99	96		4.975
1216	9	Fa5#4	F5#4	344	344	1	8	500	99	96		4.97916666667
1217	9	Sol5	G5	349	349	1	8	500	99	96		4.98333333333
1218	9	La5	A5	358	358	1	8	500	99	96		4.9875
1219	9	Sol5	G5	349	349	1	8	500	99	96		4.99166666667
1220	9	Fa5	F5	340	340	1	8	500	99	96		4.99583333333
1221	9	Mi5	E5	336	336	1	8	500	99	96		5.0
1222	9	Re5	D5	327	327	1	8	500	95	96		5.00416666667
1223	9	Es	Es	-1	-1	1	8	500	100	0		5.00833333333
1224	9	Re5	D5	327	327	1	8	500	99	96		5.0125
1225	9	Re5	D5	327	327	1	8	500	99	96		5.01666666667
1226	9	Re5	D5	327	327	1	8	500	99	96		5.02083333333
1227	9	Mi5	E5	336	336	1	8	500	95	96		5.025
1228	9	Do5	C5	318	318	3	16	750	99	96		5.03125
1229	9	Si4b1	B4b1	313	313	1	16	250	95	96		5.03333333333
1230	9	Re5	D5	327	327	1	16	250	99	96		5.03541666667
1231	9	Do5	C5	318	318	1	16	250	99	96		5.0375
1232	9	Si4b1	B4b1	313	313	1	4	1000	99	96		5.04583333333
1233	9	La4	A4	305	305	1	8	500	99	96		5.05
1234	9	La4	A4	305	305	3	8	1500	95	96		5.0625
1235	9	Es	Es	-1	-1	1	8	500	100	0		5.06666666667
