Sýra	Kod	Nota53	NotaAE	Koma53	KomaAE	Pay	Payda	Ms	LNS	VelOn	Söz-1
1	9	Sol4	G4	296	296	1	4	870	95	96	ARANAÐME
2	9	Si4b5	B4b5	309	309	1	4	870	95	96	.
3	9	Re5	D5	327	327	1	4	870	95	96	.
4	9	Si4b5	B4b5	309	309	1	4	870	95	96	.
5	9	La4	A4	305	305	1	2	1739	95	96	.
6	9	Re5	D5	327	327	1	4	870	95	96	.
7	9	Do5#4	C5#4	322	322	1	4	870	95	96	.
8	9	Re5	D5	327	327	1	4	870	95	96	.
9	9	Fa5#4	F5#4	344	344	1	16	217	95	96	.
10	9	Mi5b5	E5b5	331	331	1	16	217	95	96	.
11	9	Re5	D5	327	327	1	16	217	95	96	.
12	9	Do5#4	C5#4	322	322	1	16	217	95	96	.
13	9	Re5	D5	327	327	1	2	1739	95	96	.
14	9	Re5	D5	327	327	1	4	870	95	96	.
15	9	Sol5	G5	349	349	1	4	870	95	96	.
16	9	Fa5#4	F5#4	344	344	1	4	870	95	96	.
17	9	Mi5b5	E5b5	331	331	1	4	870	95	96	.
18	9	Re5	D5	327	327	1	4	870	95	96	.
19	9	Do5#4	C5#4	322	322	1	4	870	95	96	.
20	9	Si4b5	B4b5	309	309	1	4	870	95	96	.
21	9	La4	A4	305	305	1	4	870	95	96	.
22	9	Sol4	G4	296	296	1	4	870	95	96	.
23	9	Fa4#4	F4#4	291	291	3	16	652	95	96	.
24	9	La4	A4	305	305	1	16	217	95	96	.
25	9	Sol4	G4	296	296	1	2	1739	95	96	.
26	9	Sol4	G4	296	296	1	4	870	95	96	ARANAÐME
27	9	Si4b5	B4b5	309	309	1	4	870	95	96	.
28	9	Re5	D5	327	327	1	4	870	95	96	.
29	9	Si4b5	B4b5	309	309	1	4	870	95	96	.
30	9	La4	A4	305	305	1	2	1739	95	96	.
31	9	Re5	D5	327	327	1	4	870	95	96	.
32	9	Do5#4	C5#4	322	322	1	4	870	95	96	.
33	9	Re5	D5	327	327	1	4	870	95	96	.
34	9	Fa5#4	F5#4	344	344	1	16	217	95	96	.
35	9	Mi5b5	E5b5	331	331	1	16	217	95	96	.
36	9	Re5	D5	327	327	1	16	217	95	96	.
37	9	Do5#4	C5#4	322	322	1	16	217	95	96	.
38	9	Re5	D5	327	327	1	2	1739	95	96	.
39	9	Re5	D5	327	327	1	4	870	95	96	.
40	9	Sol5	G5	349	349	1	4	870	95	96	.
41	9	Fa5#4	F5#4	344	344	1	4	870	95	96	.
42	9	Mi5b5	E5b5	331	331	1	4	870	95	96	.
43	9	Re5	D5	327	327	1	4	870	95	96	.
44	9	Do5#4	C5#4	322	322	1	4	870	95	96	.
45	9	Si4b5	B4b5	309	309	1	4	870	95	96	.
46	9	La4	A4	305	305	1	4	870	95	96	.
47	9	Sol4	G4	296	296	1	4	870	95	96	.
48	9	Fa4#4	F4#4	291	291	3	16	652	95	96	.
49	9	La4	A4	305	305	1	16	217	95	96	.
50	9	Sol4	G4	296	296	1	2	1739	95	96	.
51	9	Sol4	G4	296	296	1	4	870	95	96	Bir 
52	9	Si4b5	B4b5	309	309	1	4	870	95	96	â
53	9	La4	A4	305	305	1	4	870	95	96	þýk_
54	9	Sol4	G4	296	296	1	4	870	95	96	ý 
55	9	Fa4#4	F4#4	291	291	1	2	1739	95	96	dil 
56	9	Do5#4	C5#4	322	322	1	4	870	99	96	has
57	9	Re5	D5	327	327	1	4	870	95	96	
58	9	Mi5b5	E5b5	331	331	1	8	435	99	96	ta
59	9	Fa5#4	F5#4	344	344	1	16	217	99	96	
60	9	Sol5	G5	349	349	1	16	217	95	90	
61	9	Fa5#4	F5#4	344	344	1	16	217	99	96	yý 
62	9	Mi5b5	E5b5	331	331	1	16	217	99	90	
63	9	Re5	D5	327	327	1	16	217	99	96	
64	9	Do5#4	C5#4	322	322	1	16	217	95	90	
65	9	Re5	D5	327	327	1	2	1739	95	96	dil
66	9	Re5	D5	327	327	1	4	870	99	96	þâd_
67	9	Sol5	G5	349	349	1	4	870	95	96	
68	9	Fa5#4	F5#4	344	344	1	4	870	95	96	e
69	9	Mi5b5	E5b5	331	331	1	8	435	99	96	de
70	9	Re5	D5	327	327	1	8	435	95	96	
71	9	Do5#4	C5#4	322	322	1	8	435	99	96	cek 
72	9	Re5	D5	327	327	1	8	435	99	96	
73	9	Mi5b5	E5b5	331	331	1	16	217	99	96	
74	9	Fa5#4	F5#4	344	344	1	16	217	99	90	
75	9	Mi5b5	E5b5	331	331	1	16	217	99	96	
76	9	Re5	D5	327	327	1	16	217	95	90	
77	9	Re5	D5	327	327	1	2	1739	95	96	yok  
78	9	Si4b5	B4b5	309	309	1	4	870	95	96	SAZ
79	9	Fa5#4	F5#4	344	344	1	16	217	95	96	.
80	9	Mi5b5	E5b5	331	331	1	16	217	95	90	.
81	9	Re5	D5	327	327	1	16	217	95	96	.
82	9	Do5#4	C5#4	322	322	1	16	217	95	90	.
83	9	Re5	D5	327	327	1	2	1739	95	96	.
84	9	Re5	D5	327	327	1	4	870	95	96	Sû
85	9	Sol5	G5	349	349	1	4	870	95	96	zân 
86	9	Fa5	F5	340	340	3	16	652	99	96	o
87	9	Mi5b5	E5b5	331	331	1	16	217	95	90	
88	9	Fa5	F5	340	340	1	16	217	99	96	la
89	9	Mi5b5	E5b5	331	331	1	16	217	99	90	
90	9	Mi5b5	E5b5	331	331	1	16	217	99	96	
91	9	Re5	D5	327	327	1	16	217	95	90	
92	9	Re5	D5	327	327	1	16	217	99	96	na 
93	9	Mi5b5	E5b5	331	331	1	16	217	99	90	
94	9	Re5	D5	327	327	1	16	217	99	96	
95	9	Mi5b5	E5b5	331	331	1	16	217	99	90	
96	9	Re5	D5	327	327	1	16	217	99	96	
97	9	Mi5b5	E5b5	331	331	1	16	217	99	90	
98	9	Re5	D5	327	327	1	16	217	99	96	
99	9	Do5	C5	318	318	1	16	217	95	90	
100	9	Do5	C5	318	318	1	2	1739	95	96	ça
101	9	Si4b5	B4b5	309	309	1	4	870	95	96	re 
102	9	Re5	D5	327	327	1	4	870	95	96	ne 
103	9	Re5	D5	327	327	1	16	217	99	96	im
104	9	Do5	C5	318	318	1	16	217	99	90	
105	9	Si4b5	B4b5	309	309	1	16	217	99	96	
106	9	La4	A4	305	305	1	16	217	99	90	
107	9	Sol4	G4	296	296	1	4	870	95	96	
108	9	Si4b5	B4b5	309	309	1	2	1739	95	96	dâd_
109	9	La4	A4	305	305	1	4	870	95	96	e
110	9	Sol4	G4	296	296	1	4	870	95	96	de
111	9	Fa4#4	F4#4	291	291	1	8	435	99	96	cek 
112	9	Sol4	G4	296	296	1	8	435	99	96	
113	9	La4	A4	305	305	1	16	217	99	96	
114	9	Si4b5	B4b5	309	309	1	16	217	99	90	
115	9	La4	A4	305	305	1	16	217	99	96	
116	9	Sol4	G4	296	296	1	16	217	95	90	
117	9	Sol4	G4	296	296	3	16	652	95	96	yok  
118	9	La4	A4	305	305	1	16	217	95	90	SAZ
119	9	Si4b5	B4b5	309	309	1	8	435	95	96	.
120	9	Do5	C5	318	318	1	8	435	95	96	.
121	9	Re5	D5	327	327	3	16	652	95	96	.
122	9	Do5	C5	318	318	1	16	217	95	90	.
123	9	Do5	C5	318	318	1	16	217	95	96	.
124	9	Si4b5	B4b5	309	309	1	16	217	95	90	.
125	9	Si4b5	B4b5	309	309	1	16	217	95	96	.
126	9	Do5	C5	318	318	1	16	217	95	90	.
127	9	Re5	D5	327	327	1	2	1739	95	96	.
128	9	Re5	D5	327	327	1	4	870	95	96	Sû
129	9	Sol5	G5	349	349	1	4	870	95	96	zân 
130	9	Fa5	F5	340	340	3	16	652	99	96	o
131	9	Mi5b5	E5b5	331	331	1	16	217	95	90	
132	9	Fa5	F5	340	340	1	16	217	99	96	la
133	9	Mi5b5	E5b5	331	331	1	16	217	99	90	
134	9	Mi5b5	E5b5	331	331	1	16	217	99	96	
135	9	Re5	D5	327	327	1	16	217	95	90	
136	9	Re5	D5	327	327	1	16	217	99	96	na 
137	9	Mi5b5	E5b5	331	331	1	16	217	99	90	
138	9	Re5	D5	327	327	1	16	217	99	96	
139	9	Mi5b5	E5b5	331	331	1	16	217	99	90	
140	9	Re5	D5	327	327	1	16	217	99	96	
141	9	Mi5b5	E5b5	331	331	1	16	217	99	90	
142	9	Re5	D5	327	327	1	16	217	99	96	
143	9	Do5	C5	318	318	1	16	217	95	90	
144	9	Do5	C5	318	318	1	2	1739	95	96	ça
145	9	Si4b5	B4b5	309	309	1	4	870	95	96	re 
146	9	Re5	D5	327	327	1	4	870	95	96	ne 
147	9	Re5	D5	327	327	1	16	217	99	96	im
148	9	Do5	C5	318	318	1	16	217	99	90	
149	9	Si4b5	B4b5	309	309	1	16	217	99	96	
150	9	La4	A4	305	305	1	16	217	99	90	
151	9	Sol4	G4	296	296	1	4	870	95	96	
152	9	Si4b5	B4b5	309	309	1	2	1739	95	96	dâd_
153	9	La4	A4	305	305	1	4	870	95	96	e
154	9	Sol4	G4	296	296	1	4	870	95	96	de
155	9	Fa4#4	F4#4	291	291	1	8	435	99	96	cek 
156	9	Sol4	G4	296	296	1	8	435	99	96	
157	9	La4	A4	305	305	1	16	217	99	96	
158	9	Si4b5	B4b5	309	309	1	16	217	99	90	
159	9	La4	A4	305	305	1	16	217	99	96	
160	9	Sol4	G4	296	296	1	16	217	95	90	
161	9	Sol4	G4	296	296	1	4	870	95	96	yok  
162	9	Sol5	G5	349	349	1	4	870	95	96	SAZ
163	9	Sol5	G5	349	349	1	8	435	95	96	.
164	9	Fa5	F5	340	340	1	16	217	95	96	.
165	9	Sol5	G5	349	349	1	16	217	95	90	.
166	9	La5	A5	358	358	1	8	435	95	96	.
167	8	Si5b5	B5b5	362	362	1	128	27	95	96	.
168	9	La5	A5	358	358	1	16	217	95	96	.
169	9	Sol5	G5	349	349	1	16	217	95	90	.
170	9	Sol5	G5	349	349	1	2	1739	95	96	.
171	9	Sol5	G5	349	349	1	4	870	95	96	Fer
172	9	Si5b5	B5b5	362	362	1	4	870	95	96	yad_
173	9	La5	A5	358	358	1	4	870	95	96	e
174	9	Sol5	G5	349	349	1	4	870	95	96	de
175	9	Sol5	G5	349	349	1	16	217	99	96	rim 
176	9	Fa5	F5	340	340	1	16	217	99	90	
177	9	Sol5	G5	349	349	1	16	217	99	96	
178	9	La5	A5	358	358	1	16	217	99	90	
179	9	Fa5	F5	340	340	1	8	435	99	96	
180	9	Mi5b1	E5b1	335	335	1	8	435	95	96	
181	9	Re5	D5	327	327	3	8	1304	99	96	hal
182	9	Mi5b1	E5b1	335	335	1	8	435	95	96	
183	9	Do5	C5	318	318	1	4	870	95	96	bu
184	9	Sol5	G5	349	349	1	8	435	99	96	ki 
185	8	Si5b5	B5b5	362	362	1	128	27	95	96	.
186	9	La5	A5	358	358	1	16	217	99	96	
187	9	Sol5	G5	349	349	1	16	217	95	90	
188	9	Sol5	G5	349	349	1	2	1739	95	96	bir 
189	9	Fa5	F5	340	340	3	16	652	99	96	dâd_
190	9	Mi5b1	E5b1	335	335	1	16	217	99	90	
191	9	Re5	D5	327	327	1	4	870	95	96	
192	9	Mi5b1	E5b1	335	335	1	8	435	99	96	e
193	9	Re5	D5	327	327	1	8	435	95	96	
194	9	La5	A5	358	358	1	8	435	99	96	de
195	9	Sol5	G5	349	349	1	8	435	95	96	
196	9	Sol5	G5	349	349	1	16	217	99	90	cek 
197	9	Fa5	F5	340	340	1	8	435	99	96	
198	9	Mi5b1	E5b1	335	335	1	16	217	99	90	
199	9	Fa5	F5	340	340	1	16	217	99	96	
200	9	Mi5b1	E5b1	335	335	1	16	217	99	90	
201	9	Mi5b1	E5b1	335	335	1	16	217	99	96	
202	9	Re5	D5	327	327	1	16	217	95	90	
203	9	Re5	D5	327	327	3	16	652	95	96	yok  
204	9	Mi5b1	E5b1	335	335	1	16	217	95	90	SAZ
205	9	Fa5	F5	340	340	1	8	435	95	96	.
206	9	Sol5	G5	349	349	1	8	435	95	96	.
207	9	La5	A5	358	358	1	16	217	95	96	.
208	9	Si5b5	B5b5	362	362	1	16	217	95	90	.
209	9	Si5b5	B5b5	362	362	1	16	217	95	96	.
210	9	La5	A5	358	358	1	16	217	95	90	.
211	9	La5	A5	358	358	1	16	217	95	96	.
212	9	Sol5	G5	349	349	1	16	217	95	90	.
213	9	Sol5	G5	349	349	1	16	217	95	96	.
214	9	Fa5	F5	340	340	1	16	217	95	90	.
215	9	Sol5	G5	349	349	1	2	1739	95	96	.
216	9	Sol5	G5	349	349	1	4	870	95	96	Fer
217	9	Si5b5	B5b5	362	362	1	4	870	95	96	yad_
218	9	La5	A5	358	358	3	16	652	99	96	e
219	9	Sol5	G5	349	349	1	16	217	95	90	
220	9	La5	A5	358	358	1	16	217	99	96	de
221	9	Sol5	G5	349	349	1	16	217	99	90	
222	9	Fa5#4	F5#4	344	344	1	16	217	99	96	
223	9	Sol5	G5	349	349	1	16	217	95	90	
224	9	La5	A5	358	358	1	2	1739	95	96	rim 
225	9	Sol5	G5	349	349	1	16	217	99	96	hal
226	9	Fa5#4	F5#4	344	344	1	16	217	99	90	
227	9	Sol5	G5	349	349	1	16	217	99	96	
228	9	La5	A5	358	358	1	16	217	99	90	
229	9	Fa5#4	F5#4	344	344	3	16	652	99	96	
230	9	Mi5b5	E5b5	331	331	1	16	217	95	90	
231	9	Mi5b5	E5b5	331	331	1	4	870	95	96	bu
232	9	Re5	D5	327	327	1	4	870	95	96	ki 
233	9	Do5#4	C5#4	322	322	1	2	1739	95	96	bir 
234	9	Re5	D5	327	327	1	4	870	99	96	dâd_
235	9	Sol5	G5	349	349	1	4	870	95	96	
236	9	Fa5#4	F5#4	344	344	1	4	870	95	96	e
237	9	Mi5b5	E5b5	331	331	1	8	435	99	96	de
238	9	Re5	D5	327	327	1	8	435	95	96	
239	9	Do5#4	C5#4	322	322	1	8	435	99	96	cek 
240	9	Re5	D5	327	327	1	8	435	99	96	
241	9	Mi5b5	E5b5	331	331	1	16	217	99	96	
242	9	Fa5#4	F5#4	344	344	1	16	217	99	90	
243	9	Mi5b5	E5b5	331	331	1	16	217	99	96	
244	9	Re5	D5	327	327	1	16	217	95	90	
245	9	Re5	D5	327	327	1	2	1739	95	96	yok  
246	9	Si4b5	B4b5	309	309	1	4	870	95	96	SAZ
247	9	Fa5#4	F5#4	344	344	1	16	217	95	96	.
248	9	Mi5b5	E5b5	331	331	1	16	217	95	90	.
249	9	Re5	D5	327	327	1	16	217	95	96	.
250	9	Do5#4	C5#4	322	322	1	16	217	95	90	.
251	9	Re5	D5	327	327	1	2	1739	95	96	.
252	9	Re5	D5	327	327	1	4	870	95	96	Sû
253	9	Sol5	G5	349	349	1	4	870	95	96	zân 
254	9	Fa5	F5	340	340	3	16	652	99	96	o
255	9	Mi5b5	E5b5	331	331	1	16	217	95	90	
256	9	Fa5	F5	340	340	1	16	217	99	96	la
257	9	Mi5b5	E5b5	331	331	1	16	217	99	90	
258	9	Mi5b5	E5b5	331	331	1	16	217	99	96	
259	9	Re5	D5	327	327	1	16	217	95	90	
260	9	Re5	D5	327	327	1	16	217	99	96	na 
261	9	Mi5b5	E5b5	331	331	1	16	217	99	90	
262	9	Re5	D5	327	327	1	16	217	99	96	
263	9	Mi5b5	E5b5	331	331	1	16	217	99	90	
264	9	Re5	D5	327	327	1	16	217	99	96	
265	9	Mi5b5	E5b5	331	331	1	16	217	99	90	
266	9	Re5	D5	327	327	1	16	217	99	96	
267	9	Do5	C5	318	318	1	16	217	95	90	
268	9	Do5	C5	318	318	1	2	1739	95	96	ça
269	9	Si4b5	B4b5	309	309	1	4	870	95	96	re 
270	9	Re5	D5	327	327	1	4	870	95	96	ne 
271	9	Re5	D5	327	327	1	16	217	99	96	im
272	9	Do5	C5	318	318	1	16	217	99	90	
273	9	Si4b5	B4b5	309	309	1	16	217	99	96	
274	9	La4	A4	305	305	1	16	217	99	90	
275	9	Sol4	G4	296	296	1	4	870	95	96	
276	9	Si4b5	B4b5	309	309	1	2	1739	95	96	dâd_
277	9	La4	A4	305	305	1	4	870	95	96	e
278	9	Sol4	G4	296	296	1	4	870	95	96	de
279	9	Fa4#4	F4#4	291	291	1	8	435	99	96	cek 
280	9	Sol4	G4	296	296	1	8	435	99	96	
281	9	La4	A4	305	305	1	16	217	99	96	
282	9	Si4b5	B4b5	309	309	1	16	217	99	90	
283	9	La4	A4	305	305	1	16	217	99	96	
284	9	Sol4	G4	296	296	1	16	217	95	90	
285	9	Sol4	G4	296	296	3	16	652	95	96	yok  
286	9	La4	A4	305	305	1	16	217	95	90	SAZ
287	9	Si4b5	B4b5	309	309	1	8	435	95	96	.
288	9	Do5	C5	318	318	1	8	435	95	96	.
289	9	Re5	D5	327	327	3	16	652	95	96	.
290	9	Do5	C5	318	318	1	16	217	95	90	.
291	9	Do5	C5	318	318	1	16	217	95	96	.
292	9	Si4b5	B4b5	309	309	1	16	217	95	90	.
293	9	Si4b5	B4b5	309	309	1	16	217	95	96	.
294	9	Do5	C5	318	318	1	16	217	95	90	.
295	9	Re5	D5	327	327	1	2	1739	95	96	.
296	9	Re5	D5	327	327	1	4	870	95	96	Sû
297	9	Sol5	G5	349	349	1	4	870	95	96	zân 
298	9	Fa5	F5	340	340	3	16	652	99	96	o
299	9	Mi5b5	E5b5	331	331	1	16	217	95	90	
300	9	Fa5	F5	340	340	1	16	217	99	96	la
301	9	Mi5b5	E5b5	331	331	1	16	217	99	90	
302	9	Mi5b5	E5b5	331	331	1	16	217	99	96	
303	9	Re5	D5	327	327	1	16	217	95	90	
304	9	Re5	D5	327	327	1	16	217	99	96	na 
305	9	Mi5b5	E5b5	331	331	1	16	217	99	90	
306	9	Re5	D5	327	327	1	16	217	99	96	
307	9	Mi5b5	E5b5	331	331	1	16	217	99	90	
308	9	Re5	D5	327	327	1	16	217	99	96	
309	9	Mi5b5	E5b5	331	331	1	16	217	99	90	
310	9	Re5	D5	327	327	1	16	217	99	96	
311	9	Do5	C5	318	318	1	16	217	95	90	
312	9	Do5	C5	318	318	1	2	1739	95	96	ça
313	9	Si4b5	B4b5	309	309	1	4	870	95	96	re 
314	9	Re5	D5	327	327	1	4	870	95	96	ne 
315	9	Re5	D5	327	327	1	16	217	99	96	im
316	9	Do5	C5	318	318	1	16	217	99	90	
317	9	Si4b5	B4b5	309	309	1	16	217	99	96	
318	9	La4	A4	305	305	1	16	217	99	90	
319	9	Sol4	G4	296	296	1	4	870	95	96	
320	9	Si4b5	B4b5	309	309	1	2	1739	95	96	dâd_
321	9	La4	A4	305	305	1	4	870	95	96	e
322	9	Sol4	G4	296	296	1	4	870	95	96	de
323	9	Fa4#4	F4#4	291	291	1	8	435	99	96	cek 
324	9	Sol4	G4	296	296	1	8	435	99	96	
325	9	La4	A4	305	305	1	16	217	99	96	
326	9	Si4b5	B4b5	309	309	1	16	217	99	90	
327	9	La4	A4	305	305	1	16	217	99	96	
328	9	Sol4	G4	296	296	1	16	217	95	90	
329	9	Sol4	G4	296	296	1	4	870	95	96	yok  
330	9	Mi5b5	E5b5	331	331	1	16	217	95	96	SAZ
331	9	Re5	D5	327	327	1	16	217	95	90	KARAR
332	9	Do5	C5	318	318	1	8	435	95	96	.
333	9	Si4b5	B4b5	309	309	3	16	652	95	96	.
334	9	La4	A4	305	305	1	16	217	95	90	.
335	9	Si4b5	B4b5	309	309	1	16	217	95	96	.
336	9	La4	A4	305	305	1	16	217	95	90	.
337	9	Sol4	G4	296	296	1	16	217	95	96	.
338	9	Fa4#4	F4#4	291	291	1	16	217	95	90	.
339	9	Sol4	G4	296	296	1	2	1739	95	96	.
