Sira	Kod	Nota53	NotaAE	Koma53	KomaAE	Pay	Payda	Ms	LNS	Bas	Soz1	Offset
1	51			0	0	8	8	0	17	0	Düyek	0.0
2	9	Es	Es	-1	-1	1	8	312	100	0	ARANAĞME	0.125
3	9	Re5	D5	327	327	1	8	312	95	96		0.25
4	9	Do5#4	C5#4	322	322	1	8	312	95	96	.	0.375
5	9	Re5	D5	327	327	1	8	312	95	96	.	0.5
6	9	Mi5b5	E5b5	331	331	1	8	312	95	96	.	0.625
7	9	Re5	D5	327	327	1	8	312	95	96	.	0.75
8	9	Do5#4	C5#4	322	322	1	8	312	95	96	.	0.875
9	9	Re5	D5	327	327	1	8	312	95	96	.	1.0
10	9	Es	Es	-1	-1	1	8	312	100	0	.	1.125
11	9	Sol5	G5	349	349	1	4	625	95	96	.	1.375
12	9	Re5	D5	327	327	1	8	312	95	96	.	1.5
13	9	Mi5b5	E5b5	331	331	1	4	625	95	96	.	1.75
14	9	Re5	D5	327	327	1	4	625	95	96	.	2.0
15	9	Es	Es	-1	-1	1	8	312	100	0	.	2.125
16	9	Do5	C5	318	318	1	8	312	95	96	.	2.25
17	9	Si4	B4	314	314	1	8	312	95	96	.	2.375
18	9	Do5	C5	318	318	1	8	312	95	96	.	2.5
19	9	Re5	D5	327	327	1	8	312	95	96	.	2.625
20	9	Do5	C5	318	318	1	8	312	95	96	.	2.75
21	9	Si4	B4	314	314	1	8	312	95	96	.	2.875
22	9	Do5	C5	318	318	1	8	312	95	96	.	3.0
23	9	Es	Es	-1	-1	1	8	312	100	0	.	3.125
24	9	Fa5	F5	340	340	1	4	625	95	96	.	3.375
25	9	Mi5b5	E5b5	331	331	1	8	312	95	96	.	3.5
26	9	Re5	D5	327	327	1	4	625	95	96	.	3.75
27	9	Si4b5	B4b5	309	309	1	4	625	95	96	.	4.0
28	9	Es	Es	-1	-1	1	8	312	100	0	.	4.125
29	9	Re5	D5	327	327	1	8	312	95	96	.	4.25
30	9	Do5#4	C5#4	322	322	1	8	312	95	96	.	4.375
31	9	Re5	D5	327	327	1	8	312	95	96	.	4.5
32	9	Mi5b5	E5b5	331	331	1	8	312	95	96	.	4.625
33	9	Re5	D5	327	327	1	8	312	95	96	.	4.75
34	9	Do5#4	C5#4	322	322	1	8	312	95	96	.	4.875
35	9	Re5	D5	327	327	1	8	312	95	96	.	5.0
36	9	Es	Es	-1	-1	1	8	312	100	0	.	5.125
37	9	Si5b5	B5b5	362	362	1	4	625	95	96	.	5.375
38	9	La5	A5	358	358	1	8	312	95	96	.	5.5
39	9	Sol5	G5	349	349	1	2	1250	95	96	.	6.0
40	9	Es	Es	-1	-1	1	8	312	100	0		6.125
41	9	Si5b5	B5b5	362	362	1	4	625	95	96	.	6.375
42	9	La5	A5	358	358	1	8	312	95	96	.	6.5
43	9	Sol5	G5	349	349	1	4	625	95	96	.	6.75
44	9	Fa5	F5	340	340	1	4	625	95	96	.	7.0
45	9	Es	Es	-1	-1	1	8	312	100	0	.	7.125
46	9	Mi5b5	E5b5	331	331	1	4	625	95	96	.	7.375
47	9	Re5	D5	327	327	1	8	312	95	96	.	7.5
48	9	Do5	C5	318	318	1	2	1250	95	96	.	8.0
49	9	Es	Es	-1	-1	1	8	312	100	0	.	8.125
50	9	La5	A5	358	358	1	4	625	95	96	.	8.375
51	9	Sol5	G5	349	349	1	8	312	95	96	.	8.5
52	9	Fa5	F5	340	340	1	4	625	95	96	.	8.75
53	9	Mi5b5	E5b5	331	331	1	4	625	95	96	.	9.0
54	9	Es	Es	-1	-1	1	8	312	100	0	.	9.125
55	9	Re5	D5	327	327	1	4	625	95	96	.	9.375
56	9	Do5	C5	318	318	1	8	312	95	96	.	9.5
57	9	Si4b5	B4b5	309	309	1	2	1250	95	96	.	10.0
58	9	Es	Es	-1	-1	1	8	312	100	0	.	10.125
59	9	Mi5b5	E5b5	331	331	1	4	625	95	96	.	10.375
60	9	Re5	D5	327	327	1	8	312	95	96	.	10.5
61	9	Do5	C5	318	318	1	4	625	95	96	.	10.75
62	9	Si4b5	B4b5	309	309	1	4	625	95	96	.	11.0
63	9	Es	Es	-1	-1	1	8	312	100	0	.	11.125
64	9	Do5	C5	318	318	1	4	625	95	96	.	11.375
65	9	Si4b5	B4b5	309	309	1	8	312	95	96	.	11.5
66	9	La4	A4	305	305	1	2	1250	95	96	.	12.0
67	9	Es	Es	-1	-1	1	8	312	100	0	.	12.125
68	9	Re5	D5	327	327	1	8	312	95	96	.	12.25
69	9	Do5#4	C5#4	322	322	1	8	312	95	96	.	12.375
70	9	Re5	D5	327	327	1	8	312	95	96	.	12.5
71	9	Re5	D5	327	327	1	8	312	95	96	.	12.625
72	9	Si4b5	B4b5	309	309	1	4	625	95	96	.	12.875
73	9	Do5#4	C5#4	322	322	1	8	312	95	96	.	13.0
74	9	Re5	D5	327	327	1	8	312	95	96	.	13.125
75	9	Si4b5	B4b5	309	309	1	4	625	95	96	.	13.375
76	9	La4	A4	305	305	1	8	312	95	96	.	13.5
77	9	Sol4	G4	296	296	1	2	1250	95	96	.	14.0
78	9	Es	Es	-1	-1	1	8	312	100	0		14.125
79	9	Si5b5	B5b5	362	362	1	4	625	95	96	.	14.375
80	9	La5	A5	358	358	1	8	312	95	96	.	14.5
81	9	Sol5	G5	349	349	1	4	625	95	96	.	14.75
82	9	Fa5	F5	340	340	1	4	625	95	96	.	15.0
83	9	Es	Es	-1	-1	1	8	312	100	0	.	15.125
84	9	Mi5b5	E5b5	331	331	1	4	625	95	96	.	15.375
85	9	Re5	D5	327	327	1	8	312	95	96	.	15.5
86	9	Do5	C5	318	318	1	2	1250	95	96	.	16.0
87	9	Es	Es	-1	-1	1	8	312	100	0	.	16.125
88	9	La5	A5	358	358	1	4	625	95	96	.	16.375
89	9	Sol5	G5	349	349	1	8	312	95	96	.	16.5
90	9	Fa5	F5	340	340	1	4	625	95	96	.	16.75
91	9	Mi5b5	E5b5	331	331	1	4	625	95	96	.	17.0
92	9	Es	Es	-1	-1	1	8	312	100	0	.	17.125
93	9	Re5	D5	327	327	1	4	625	95	96	.	17.375
94	9	Do5	C5	318	318	1	8	312	95	96	.	17.5
95	9	Si4b5	B4b5	309	309	1	2	1250	95	96	.	18.0
96	9	Es	Es	-1	-1	1	8	312	100	0	.	18.125
97	9	Mi5b5	E5b5	331	331	1	4	625	95	96	.	18.375
98	9	Re5	D5	327	327	1	8	312	95	96	.	18.5
99	9	Do5	C5	318	318	1	4	625	95	96	.	18.75
100	9	Si4b5	B4b5	309	309	1	4	625	95	96	.	19.0
101	9	Es	Es	-1	-1	1	8	312	100	0	.	19.125
102	9	Do5	C5	318	318	1	4	625	95	96	.	19.375
103	9	Si4b5	B4b5	309	309	1	8	312	95	96	.	19.5
104	9	La4	A4	305	305	1	2	1250	95	96	.	20.0
105	9	Es	Es	-1	-1	1	8	312	100	0	.	20.125
106	9	Re5	D5	327	327	1	8	312	95	96	.	20.25
107	9	Do5#4	C5#4	322	322	1	8	312	95	96	.	20.375
108	9	Re5	D5	327	327	1	8	312	95	96	.	20.5
109	9	Re5	D5	327	327	1	8	312	95	96	.	20.625
110	9	Si4b5	B4b5	309	309	1	4	625	95	96	.	20.875
111	9	Do5#4	C5#4	322	322	1	8	312	95	96	.	21.0
112	9	Re5	D5	327	327	1	8	312	95	96	.	21.125
113	9	Si4b5	B4b5	309	309	1	4	625	95	96	.	21.375
114	9	La4	A4	305	305	1	8	312	95	96	.	21.5
115	9	Sol4	G4	296	296	1	2	1250	95	96	.	22.0
116	9	Es	Es	-1	-1	1	8	312	100	0		22.125
117	9	Re5	D5	327	327	1	4	625	95	96	Sen 	22.375
118	9	Re5	D5	327	327	1	8	312	95	96	be	22.5
119	9	Re5	D5	327	327	1	4	625	95	96	nim 	22.75
120	9	Re5	D5	327	327	1	4	625	95	96	gön	23.0
121	9	Mi5b5	E5b5	331	331	1	4	625	95	96	lüm	23.25
122	9	Re5	D5	327	327	1	2	1250	95	96	de 	23.75
123	9	Es	Es	-1	-1	1	4	625	100	0		24.0
124	9	Sol5	G5	349	349	1	8	312	95	96	a	24.125
125	9	La5	A5	358	358	1	4	625	99	96	çan 	24.375
126	9	Sol5	G5	349	349	1	8	312	95	96		24.5
127	9	Fa5	F5	340	340	1	4	625	95	96	son 	24.75
128	9	Mi5b5	E5b5	331	331	1	4	625	95	96	gül	25.0
129	9	Re5	D5	327	327	1	4	625	95	96	dün  	25.25
130	1	Do5	C5	318	318	1	4	625	95	96	SAZ	25.5
131	1	Si4b5	B4b5	309	309	1	4	625	95	96	.	25.75
132	1	Do5	C5	318	318	1	4	625	95	96	.	26.0
133	9	Es	Es	-1	-1	1	8	312	100	0		26.125
134	9	Re5	D5	327	327	1	4	625	95	96	Sen 	26.375
135	9	Re5	D5	327	327	1	8	312	95	96	be	26.5
136	9	Re5	D5	327	327	1	4	625	95	96	nim 	26.75
137	9	Re5	D5	327	327	1	4	625	95	96	gön	27.0
138	9	Mi5b5	E5b5	331	331	1	4	625	95	96	lüm	27.25
139	9	Re5	D5	327	327	1	2	1250	95	96	de 	27.75
140	9	Es	Es	-1	-1	1	4	625	100	0		28.0
141	9	Sol5	G5	349	349	1	8	312	95	96	a	28.125
142	9	La5	A5	358	358	1	4	625	99	96	çan 	28.375
143	9	Sol5	G5	349	349	1	8	312	95	96		28.5
144	9	Fa5	F5	340	340	1	4	625	95	96	son 	28.75
145	9	Mi5b5	E5b5	331	331	1	4	625	95	96	gül	29.0
146	9	Re5	D5	327	327	1	1	2500	95	96	dün  	30.0
147	9	Es	Es	-1	-1	1	8	312	100	0		30.125
148	9	Si5b5	B5b5	362	362	1	4	625	95	96	Has	30.375
149	9	La5	A5	358	358	1	8	312	95	96	re	30.5
150	9	Sol5	G5	349	349	1	4	625	95	96	tin	30.75
151	9	Fa5	F5	340	340	1	4	625	95	96	dir 	31.0
152	9	Sol5	G5	349	349	1	8	312	95	96	ya	31.125
153	9	Mi5b5	E5b5	331	331	1	2	1250	95	96	nan 	31.625
154	9	Es	Es	-1	-1	3	8	938	100	0		32.0
155	9	Sol5	G5	349	349	1	8	312	95	96	i	32.125
156	9	La5	A5	358	358	1	4	625	99	96	çim	32.375
157	9	Sol5	G5	349	349	1	8	312	95	96		32.5
158	9	Fa5	F5	340	340	1	4	625	95	96	de 	32.75
159	9	Sol5	G5	349	349	1	4	625	95	96	şim	33.0
160	9	Re5	D5	327	327	1	1	2500	95	96	di  	34.0
161	9	Es	Es	-1	-1	1	8	312	100	0		34.125
162	9	Sol5	G5	349	349	1	4	625	95	96	Has	34.375
163	9	Fa5	F5	340	340	1	8	312	95	96	re	34.5
164	9	Mi5b5	E5b5	331	331	1	4	625	95	96	tin	34.75
165	9	Re5	D5	327	327	1	4	625	95	96	dir 	35.0
166	9	Do5	C5	318	318	1	8	312	95	96	ya	35.125
167	9	Si4	B4	314	314	3	8	938	99	96	nan 	35.5
168	9	Mi5b5	E5b5	331	331	1	2	1250	95	96		36.0
169	9	Re5	D5	327	327	1	8	312	95	96	i	36.125
170	9	Do5#4	C5#4	322	322	3	8	938	95	96	çim	36.5
171	9	Re5	D5	327	327	1	4	625	95	96	de 	36.75
172	9	Si4b5	B4b5	309	309	1	4	625	95	96	şim	37.0
173	9	Sol4	G4	296	296	1	1	2500	95	96	di  	38.0
174	9	Es	Es	-1	-1	1	8	312	100	0		38.125
175	9	Sol5	G5	349	349	1	4	625	95	96	Kır	38.375
176	9	La5	A5	358	358	1	8	312	95	96	dı	38.5
177	9	Si5b5	B5b5	362	362	3	8	938	95	96	ğın 	38.875
178	9	Sol5	G5	349	349	1	8	312	95	96	ka	39.0
179	9	Si5b5	B5b5	362	362	1	1	2500	95	96	deh 	40.0
180	9	Es	Es	-1	-1	1	8	312	100	0		40.125
181	9	Re6	D6	380	380	1	4	625	95	96	son 	40.375
182	9	Do6	C6	371	371	1	8	312	95	96	te	40.5
183	9	Si5b5	B5b5	362	362	1	4	625	95	96	sel	40.75
184	9	La5	A5	358	358	1	4	625	95	96	lîm	41.0
185	9	Sol5	G5	349	349	1	1	2500	95	96	di  	42.0
186	9	Es	Es	-1	-1	1	8	312	100	0		42.125
187	9	Si5b5	B5b5	362	362	1	4	625	95	96	Kır	42.375
188	9	La5	A5	358	358	1	8	312	95	96	dı	42.5
189	9	Sol5	G5	349	349	3	8	938	95	96	ğın 	42.875
190	9	Fa5	F5	340	340	1	8	312	95	96	ka	43.0
191	9	Mi5b5	E5b5	331	331	1	1	2500	95	96	deh 	44.0
192	9	Es	Es	-1	-1	1	8	312	100	0		44.125
193	9	La5	A5	358	358	1	4	625	95	96	son 	44.375
194	9	Sol5	G5	349	349	1	8	312	95	96	te	44.5
195	9	Fa5	F5	340	340	1	4	625	95	96	sel	44.75
196	9	Sol5	G5	349	349	1	4	625	95	96	lîm	45.0
197	9	Re5	D5	327	327	1	1	2500	95	96	di  	46.0
198	9	Re5	D5	327	327	1	8	312	95	96	İ	46.125
199	9	Sol5	G5	349	349	1	4	625	95	96	çim	46.375
200	9	Fa5	F5	340	340	1	8	312	95	96	de	46.5
201	9	Mi5b5	E5b5	331	331	1	4	625	95	96	ki 	46.75
202	9	Sol5	G5	349	349	1	4	625	95	96	mey	47.0
203	9	Mi5b5	E5b5	331	331	1	1	2500	95	96	le 	48.0
204	9	Es	Es	-1	-1	1	8	312	100	0		48.125
205	9	La5	A5	358	358	1	4	625	95	96	sen 	48.375
206	9	Sol5	G5	349	349	1	8	312	95	96	de 	48.5
207	9	Fa5	F5	340	340	1	8	312	95	96	dö	48.625
208	9	Sol5	G5	349	349	3	8	938	95	96	kül	49.0
209	9	Re5	D5	327	327	1	1	2500	95	96	dün  	50.0
210	9	Re5	D5	327	327	1	8	312	95	96	Ne 	50.125
211	9	Sol5	G5	349	349	3	8	938	95	96	yap	50.5
212	9	Mi5b5	E5b5	331	331	1	4	625	95	96	tım 	50.75
213	9	Re5	D5	327	327	1	8	312	95	96	sa	50.875
214	9	Mi5b5	E5b5	331	331	1	8	312	95	96	na 	51.0
215	9	Do5	C5	318	318	1	1	2500	95	96	ben 	52.0
216	9	Re5	D5	327	327	1	8	312	95	96	ne	52.125
217	9	Fa5	F5	340	340	1	4	625	95	96	den 	52.375
218	9	Mi5b5	E5b5	331	331	1	8	312	95	96	u	52.5
219	9	Re5	D5	327	327	1	4	625	95	96	zak	52.75
220	9	Do5	C5	318	318	1	4	625	95	96	laş	53.0
221	9	Si4b5	B4b5	309	309	1	1	2500	95	96	tın  	54.0
222	9	Re5	D5	327	327	1	8	312	95	96	Ye	54.125
223	9	Mi5b5	E5b5	331	331	1	4	625	95	96	ter 	54.375
224	9	Re5	D5	327	327	1	8	312	95	96	bu 	54.5
225	9	Do5	C5	318	318	1	4	625	95	96	has	54.75
226	9	Si4b5	B4b5	309	309	1	4	625	95	96	ret 	55.0
227	9	Do5	C5	318	318	1	8	312	95	96	ye	55.125
228	9	La4	A4	305	305	1	2	1250	95	96	ter 	55.625
229	9	Es	Es	-1	-1	3	8	938	100	0		56.0
230	9	Re5	D5	327	327	1	4	625	95	96	gel 	56.25
231	9	Do5	C5	318	318	1	8	312	95	96	dö	56.375
232	9	Si4	B4	314	314	1	8	312	95	96	ne	56.5
233	9	Do5	C5	318	318	1	4	625	95	96	lim 	56.75
234	9	Si4b5	B4b5	309	309	1	4	625	95	96	sev	57.0
235	9	La4	A4	305	305	1	8	312	95	96	gi	57.125
236	9	Si4b5	B4b5	309	309	1	8	312	95	96	mi	57.25
237	9	Sol4	G4	296	296	3	4	1875	95	96	ze  	58.0
238	9	Re5	D5	327	327	1	8	312	95	96	Ne 	58.125
239	9	Sol5	G5	349	349	3	8	938	95	96	yap	58.5
240	9	Mi5b5	E5b5	331	331	1	4	625	95	96	tım 	58.75
241	9	Re5	D5	327	327	1	8	312	95	96	sa	58.875
242	9	Mi5b5	E5b5	331	331	1	8	312	95	96	na 	59.0
243	9	Do5	C5	318	318	1	1	2500	95	96	ben 	60.0
244	9	Re5	D5	327	327	1	8	312	95	96	ne	60.125
245	9	Fa5	F5	340	340	1	4	625	95	96	den 	60.375
246	9	Mi5b5	E5b5	331	331	1	8	312	95	96	u	60.5
247	9	Re5	D5	327	327	1	4	625	95	96	zak	60.75
248	9	Do5	C5	318	318	1	4	625	95	96	laş	61.0
249	9	Si4b5	B4b5	309	309	1	1	2500	95	96	tın  	62.0
250	9	Re5	D5	327	327	1	8	312	95	96	Ye	62.125
251	9	Mi5b5	E5b5	331	331	1	4	625	95	96	ter 	62.375
252	9	Re5	D5	327	327	1	8	312	95	96	bu 	62.5
253	9	Do5	C5	318	318	1	4	625	95	96	has	62.75
254	9	Si4b5	B4b5	309	309	1	4	625	95	96	ret 	63.0
255	9	Do5	C5	318	318	1	8	312	95	96	ye	63.125
256	9	La4	A4	305	305	1	2	1250	95	96	ter 	63.625
257	9	Es	Es	-1	-1	3	8	938	100	0		64.0
258	9	Re5	D5	327	327	1	4	625	95	96	gel 	64.25
259	9	Do5	C5	318	318	1	8	312	95	96	dö	64.375
260	9	Si4	B4	314	314	1	8	312	95	96	ne	64.5
261	9	Do5	C5	318	318	1	4	625	95	96	lim 	64.75
262	9	Si4b5	B4b5	309	309	1	4	625	95	96	sev	65.0
263	9	La4	A4	305	305	1	8	312	95	96	gi	65.125
264	9	Si4b5	B4b5	309	309	1	8	312	95	96	mi	65.25
265	9	Sol4	G4	296	296	3	4	1875	95	96	ze  	66.0
266	9	Es	Es	-1	-1	1	8	312	100	0	ARANAĞME	66.125
267	9	Re5	D5	327	327	1	8	312	95	96		66.25
268	9	Do5#4	C5#4	322	322	1	8	312	95	96	.	66.375
269	9	Re5	D5	327	327	1	8	312	95	96	.	66.5
270	9	Mi5b5	E5b5	331	331	1	8	312	95	96	.	66.625
271	9	Re5	D5	327	327	1	8	312	95	96	.	66.75
272	9	Do5#4	C5#4	322	322	1	8	312	95	96	.	66.875
273	9	Re5	D5	327	327	1	8	312	95	96	.	67.0
274	9	Es	Es	-1	-1	1	8	312	100	0	.	67.125
275	9	Sol5	G5	349	349	1	4	625	95	96	.	67.375
276	9	Re5	D5	327	327	1	8	312	95	96	.	67.5
277	9	Mi5b5	E5b5	331	331	1	4	625	95	96	.	67.75
278	9	Re5	D5	327	327	1	4	625	95	96	.	68.0
279	9	Es	Es	-1	-1	1	8	312	100	0	.	68.125
280	9	Do5	C5	318	318	1	8	312	95	96	.	68.25
281	9	Si4	B4	314	314	1	8	312	95	96	.	68.375
282	9	Do5	C5	318	318	1	8	312	95	96	.	68.5
283	9	Re5	D5	327	327	1	8	312	95	96	.	68.625
284	9	Do5	C5	318	318	1	8	312	95	96	.	68.75
285	9	Si4	B4	314	314	1	8	312	95	96	.	68.875
286	9	Do5	C5	318	318	1	8	312	95	96	.	69.0
287	9	Es	Es	-1	-1	1	8	312	100	0	.	69.125
288	9	Fa5	F5	340	340	1	4	625	95	96	.	69.375
289	9	Mi5b5	E5b5	331	331	1	8	312	95	96	.	69.5
290	9	Re5	D5	327	327	1	4	625	95	96	.	69.75
291	9	Si4b5	B4b5	309	309	1	4	625	95	96	.	70.0
292	9	Es	Es	-1	-1	1	8	312	100	0	.	70.125
293	9	Re5	D5	327	327	1	8	312	95	96	.	70.25
294	9	Do5#4	C5#4	322	322	1	8	312	95	96	.	70.375
295	9	Re5	D5	327	327	1	8	312	95	96	.	70.5
296	9	Mi5b5	E5b5	331	331	1	8	312	95	96	.	70.625
297	9	Re5	D5	327	327	1	8	312	95	96	.	70.75
298	9	Do5#4	C5#4	322	322	1	8	312	95	96	.	70.875
299	9	Re5	D5	327	327	1	8	312	95	96	.	71.0
300	9	Es	Es	-1	-1	1	8	312	100	0	.	71.125
301	9	Si5b5	B5b5	362	362	1	4	625	95	96	.	71.375
302	9	La5	A5	358	358	1	8	312	95	96	.	71.5
303	9	Sol5	G5	349	349	1	2	1250	95	96	.	72.0
304	9	Es	Es	-1	-1	1	8	312	100	0		72.125
305	9	Si5b5	B5b5	362	362	1	4	625	95	96	.	72.375
306	9	La5	A5	358	358	1	8	312	95	96	.	72.5
307	9	Sol5	G5	349	349	1	4	625	95	96	.	72.75
308	9	Fa5	F5	340	340	1	4	625	95	96	.	73.0
309	9	Es	Es	-1	-1	1	8	312	100	0	.	73.125
310	9	Mi5b5	E5b5	331	331	1	4	625	95	96	.	73.375
311	9	Re5	D5	327	327	1	8	312	95	96	.	73.5
312	9	Do5	C5	318	318	1	2	1250	95	96	.	74.0
313	9	Es	Es	-1	-1	1	8	312	100	0	.	74.125
314	9	La5	A5	358	358	1	4	625	95	96	.	74.375
315	9	Sol5	G5	349	349	1	8	312	95	96	.	74.5
316	9	Fa5	F5	340	340	1	4	625	95	96	.	74.75
317	9	Mi5b5	E5b5	331	331	1	4	625	95	96	.	75.0
318	9	Es	Es	-1	-1	1	8	312	100	0	.	75.125
319	9	Re5	D5	327	327	1	4	625	95	96	.	75.375
320	9	Do5	C5	318	318	1	8	312	95	96	.	75.5
321	9	Si4b5	B4b5	309	309	1	2	1250	95	96	.	76.0
322	9	Es	Es	-1	-1	1	8	312	100	0	.	76.125
323	9	Mi5b5	E5b5	331	331	1	4	625	95	96	.	76.375
324	9	Re5	D5	327	327	1	8	312	95	96	.	76.5
325	9	Do5	C5	318	318	1	4	625	95	96	.	76.75
326	9	Si4b5	B4b5	309	309	1	4	625	95	96	.	77.0
327	9	Es	Es	-1	-1	1	8	312	100	0	.	77.125
328	9	Do5	C5	318	318	1	4	625	95	96	.	77.375
329	9	Si4b5	B4b5	309	309	1	8	312	95	96	.	77.5
330	9	La4	A4	305	305	1	2	1250	95	96	.	78.0
331	9	Es	Es	-1	-1	1	8	312	100	0	.	78.125
332	9	Re5	D5	327	327	1	8	312	95	96	.	78.25
333	9	Do5#4	C5#4	322	322	1	8	312	95	96	.	78.375
334	9	Re5	D5	327	327	1	8	312	95	96	.	78.5
335	9	Re5	D5	327	327	1	8	312	95	96	.	78.625
336	9	Si4b5	B4b5	309	309	1	4	625	95	96	.	78.875
337	9	Do5#4	C5#4	322	322	1	8	312	95	96	.	79.0
338	9	Re5	D5	327	327	1	8	312	95	96	.	79.125
339	9	Si4b5	B4b5	309	309	1	4	625	95	96	.	79.375
340	9	La4	A4	305	305	1	8	312	95	96	.	79.5
341	9	Sol4	G4	296	296	1	2	1250	95	96	.	80.0
342	9	Es	Es	-1	-1	1	8	312	100	0		80.125
343	9	Si5b5	B5b5	362	362	1	4	625	95	96	.	80.375
344	9	La5	A5	358	358	1	8	312	95	96	.	80.5
345	9	Sol5	G5	349	349	1	4	625	95	96	.	80.75
346	9	Fa5	F5	340	340	1	4	625	95	96	.	81.0
347	9	Es	Es	-1	-1	1	8	312	100	0	.	81.125
348	9	Mi5b5	E5b5	331	331	1	4	625	95	96	.	81.375
349	9	Re5	D5	327	327	1	8	312	95	96	.	81.5
350	9	Do5	C5	318	318	1	2	1250	95	96	.	82.0
351	9	Es	Es	-1	-1	1	8	312	100	0	.	82.125
352	9	La5	A5	358	358	1	4	625	95	96	.	82.375
353	9	Sol5	G5	349	349	1	8	312	95	96	.	82.5
354	9	Fa5	F5	340	340	1	4	625	95	96	.	82.75
355	9	Mi5b5	E5b5	331	331	1	4	625	95	96	.	83.0
356	9	Es	Es	-1	-1	1	8	312	100	0	.	83.125
357	9	Re5	D5	327	327	1	4	625	95	96	.	83.375
358	9	Do5	C5	318	318	1	8	312	95	96	.	83.5
359	9	Si4b5	B4b5	309	309	1	2	1250	95	96	.	84.0
360	9	Es	Es	-1	-1	1	8	312	100	0	.	84.125
361	9	Mi5b5	E5b5	331	331	1	4	625	95	96	.	84.375
362	9	Re5	D5	327	327	1	8	312	95	96	.	84.5
363	9	Do5	C5	318	318	1	4	625	95	96	.	84.75
364	9	Si4b5	B4b5	309	309	1	4	625	95	96	.	85.0
365	9	Es	Es	-1	-1	1	8	312	100	0	.	85.125
366	9	Do5	C5	318	318	1	4	625	95	96	.	85.375
367	9	Si4b5	B4b5	309	309	1	8	312	95	96	.	85.5
368	9	La4	A4	305	305	1	2	1250	95	96	.	86.0
369	9	Es	Es	-1	-1	1	8	312	100	0	.	86.125
370	9	Re5	D5	327	327	1	8	312	95	96	.	86.25
371	9	Do5#4	C5#4	322	322	1	8	312	95	96	.	86.375
372	9	Re5	D5	327	327	1	8	312	95	96	.	86.5
373	9	Re5	D5	327	327	1	8	312	95	96	.	86.625
374	9	Si4b5	B4b5	309	309	1	4	625	95	96	.	86.875
375	9	Do5#4	C5#4	322	322	1	8	312	95	96	.	87.0
376	9	Re5	D5	327	327	1	8	312	95	96	.	87.125
377	9	Si4b5	B4b5	309	309	1	4	625	95	96	.	87.375
378	9	La4	A4	305	305	1	8	312	95	96	.	87.5
379	9	Sol4	G4	296	296	1	2	1250	95	96	.	88.0
380	9	Es	Es	-1	-1	1	8	312	100	0		88.125
381	9	Re5	D5	327	327	1	4	625	95	96	Sen 	88.375
382	9	Re5	D5	327	327	1	8	312	95	96	be	88.5
383	9	Re5	D5	327	327	1	4	625	95	96	nim 	88.75
384	9	Re5	D5	327	327	1	4	625	95	96	gü	89.0
385	9	Mi5b5	E5b5	331	331	1	4	625	95	96	ne	89.25
386	9	Re5	D5	327	327	1	2	1250	95	96	şim 	89.75
387	9	Es	Es	-1	-1	1	4	625	100	0		90.0
388	9	Es	Es	-1	-1	1	8	312	100	0		90.125
389	9	La5	A5	358	358	1	4	625	95	96	tat	90.375
390	9	Sol5	G5	349	349	1	8	312	95	96	lı 	90.5
391	9	Fa5	F5	340	340	1	4	625	95	96	ba	90.75
392	9	Mi5b5	E5b5	331	331	1	4	625	95	96	ha	91.0
393	9	Re5	D5	327	327	1	4	625	95	96	rım  	91.25
394	1	Do5	C5	318	318	1	4	625	95	96	SAZ	91.5
395	1	Si4b5	B4b5	309	309	1	4	625	95	96	.	91.75
396	1	Do5	C5	318	318	1	4	625	95	96	.	92.0
397	9	Es	Es	-1	-1	1	8	312	100	0		92.125
398	9	Re5	D5	327	327	1	4	625	95	96	Sen 	92.375
399	9	Re5	D5	327	327	1	8	312	95	96	be	92.5
400	9	Re5	D5	327	327	1	4	625	95	96	nim 	92.75
401	9	Re5	D5	327	327	1	4	625	95	96	gü	93.0
402	9	Mi5b5	E5b5	331	331	1	4	625	95	96	ne	93.25
403	9	Re5	D5	327	327	1	2	1250	95	96	şim 	93.75
404	9	Es	Es	-1	-1	1	4	625	100	0		94.0
405	9	Es	Es	-1	-1	1	8	312	100	0		94.125
406	9	La5	A5	358	358	1	4	625	95	96	tat	94.375
407	9	Sol5	G5	349	349	1	8	312	95	96	lı 	94.5
408	9	Fa5	F5	340	340	1	4	625	95	96	ba	94.75
409	9	Mi5b5	E5b5	331	331	1	4	625	95	96	ha	95.0
410	9	Re5	D5	327	327	1	1	2500	95	96	rım  	96.0
411	9	Es	Es	-1	-1	1	8	312	100	0		96.125
412	9	Si5b5	B5b5	362	362	1	4	625	95	96	Her 	96.375
413	9	La5	A5	358	358	1	8	312	95	96	şe	96.5
414	9	Sol5	G5	349	349	1	4	625	95	96	yim	96.75
415	9	Fa5	F5	340	340	1	4	625	95	96	din 	97.0
416	9	Sol5	G5	349	349	1	8	312	95	96	be	97.125
417	9	Mi5b5	E5b5	331	331	1	2	1250	95	96	nim 	97.625
418	9	Es	Es	-1	-1	3	8	938	100	0		98.0
419	9	Sol5	G5	349	349	1	8	312	95	96	gü	98.125
420	9	La5	A5	358	358	1	4	625	99	96	len 	98.375
421	9	Sol5	G5	349	349	1	8	312	95	96		98.5
422	9	Fa5	F5	340	340	1	4	625	95	96	bah	98.75
423	9	Sol5	G5	349	349	1	4	625	95	96	tım	99.0
424	9	Re5	D5	327	327	1	1	2500	95	96	dın  	100.0
425	9	Es	Es	-1	-1	1	8	312	100	0		100.125
426	9	Sol5	G5	349	349	1	4	625	95	96	Her 	100.375
427	9	Fa5	F5	340	340	1	8	312	95	96	şe	100.5
428	9	Mi5b5	E5b5	331	331	1	4	625	95	96	yim	100.75
429	9	Re5	D5	327	327	1	4	625	95	96	din 	101.0
430	9	Do5	C5	318	318	1	8	312	95	96	be	101.125
431	9	Si4	B4	314	314	3	8	938	99	96	nim 	101.5
432	9	Mi5b5	E5b5	331	331	1	2	1250	95	96		102.0
433	9	Re5	D5	327	327	1	8	312	95	96	gü	102.125
434	9	Do5#4	C5#4	322	322	3	8	938	95	96	len 	102.5
435	9	Re5	D5	327	327	1	4	625	95	96	bah	102.75
436	9	Si4b5	B4b5	309	309	1	4	625	95	96	tım	103.0
437	9	Sol4	G4	296	296	1	1	2500	95	96	dın  	104.0
438	9	Sol5	G5	349	349	1	8	312	95	96	Son_	104.125
439	9	Sol5	G5	349	349	1	4	625	99	96	aş	104.375
440	9	La5	A5	358	358	1	8	312	95	96		104.5
441	9	Si5b5	B5b5	362	362	1	4	625	95	96	kım 	104.75
442	9	Sol5	G5	349	349	1	8	312	95	96	son_	104.875
443	9	La5	A5	358	358	1	8	312	95	96	e	105.0
444	9	Si5b5	B5b5	362	362	1	1	2500	95	96	şim 	106.0
445	9	Re6	D6	380	380	1	8	312	95	96	gö	106.125
446	9	Re6	D6	380	380	1	4	625	99	96	nül 	106.375
447	9	Do6	C6	371	371	1	8	312	95	96		106.5
448	9	Si5b5	B5b5	362	362	1	4	625	95	96	tah	106.75
449	9	La5	A5	358	358	1	4	625	95	96	tım	107.0
450	9	Sol5	G5	349	349	1	1	2500	95	96	dın  	108.0
451	9	Si5b5	B5b5	362	362	1	8	312	95	96	Son_	108.125
452	9	Si5b5	B5b5	362	362	1	4	625	99	96	aş	108.375
453	9	La5	A5	358	358	1	8	312	95	96		108.5
454	9	Sol5	G5	349	349	1	4	625	95	96	kım 	108.75
455	9	Fa5	F5	340	340	1	8	312	95	96	son_	108.875
456	9	Sol5	G5	349	349	1	8	312	95	96	e	109.0
457	9	Mi5b5	E5b5	331	331	1	1	2500	95	96	şim 	110.0
458	9	Sol5	G5	349	349	1	8	312	95	96	gö	110.125
459	9	Sol5	G5	349	349	1	4	625	99	96	nül 	110.375
460	9	Fa5	F5	340	340	1	8	312	95	96		110.5
461	9	Mi5b5	E5b5	331	331	1	4	625	95	96	tah	110.75
462	9	Fa5	F5	340	340	1	4	625	95	96	tım	111.0
463	9	Re5	D5	327	327	1	1	2500	95	96	dın  	112.0
464	9	Es	Es	-1	-1	1	8	312	100	0		112.125
465	9	Sol5	G5	349	349	1	4	625	95	96	Sen	112.375
466	9	Fa5	F5	340	340	1	8	312	95	96	si	112.5
467	9	Mi5b5	E5b5	331	331	1	4	625	95	96	zim 	112.75
468	9	Sol5	G5	349	349	1	4	625	95	96	şim	113.0
469	9	Mi5b5	E5b5	331	331	1	1	2500	95	96	di 	114.0
470	9	La5	A5	358	358	1	8	312	95	96	na	114.125
471	9	La5	A5	358	358	1	4	625	99	96	sıl 	114.375
472	9	Sol5	G5	349	349	1	8	312	95	96		114.5
473	9	Fa5	F5	340	340	1	8	312	95	96	ha	114.625
474	9	Sol5	G5	349	349	3	8	938	95	96	râ	115.0
475	9	Re5	D5	327	327	1	1	2500	95	96	bım  	116.0
476	9	Re5	D5	327	327	1	8	312	95	96	Ne 	116.125
477	9	Sol5	G5	349	349	3	8	938	95	96	yap	116.5
478	9	Mi5b5	E5b5	331	331	1	4	625	95	96	tım 	116.75
479	9	Re5	D5	327	327	1	8	312	95	96	sa	116.875
480	9	Mi5b5	E5b5	331	331	1	8	312	95	96	na 	117.0
481	9	Do5	C5	318	318	1	1	2500	95	96	ben 	118.0
482	9	Re5	D5	327	327	1	8	312	95	96	ne	118.125
483	9	Fa5	F5	340	340	1	4	625	95	96	den 	118.375
484	9	Mi5b5	E5b5	331	331	1	8	312	95	96	u	118.5
485	9	Re5	D5	327	327	1	4	625	95	96	zak	118.75
486	9	Do5	C5	318	318	1	4	625	95	96	laş	119.0
487	9	Si4b5	B4b5	309	309	1	1	2500	95	96	tın  	120.0
488	9	Re5	D5	327	327	1	8	312	95	96	Ye	120.125
489	9	Mi5b5	E5b5	331	331	1	4	625	95	96	ter 	120.375
490	9	Re5	D5	327	327	1	8	312	95	96	bu 	120.5
491	9	Do5	C5	318	318	1	4	625	95	96	has	120.75
492	9	Si4b5	B4b5	309	309	1	4	625	95	96	ret 	121.0
493	9	Do5	C5	318	318	1	8	312	95	96	ye	121.125
494	9	La4	A4	305	305	1	2	1250	95	96	ter 	121.625
495	9	Es	Es	-1	-1	3	8	938	100	0		122.0
496	9	Re5	D5	327	327	1	4	625	95	96	gel 	122.25
497	9	Do5	C5	318	318	1	8	312	95	96	dö	122.375
498	9	Si4	B4	314	314	1	8	312	95	96	ne	122.5
499	9	Do5	C5	318	318	1	4	625	95	96	lim 	122.75
500	9	Si4b5	B4b5	309	309	1	4	625	95	96	sev	123.0
501	9	La4	A4	305	305	1	8	312	95	96	gi	123.125
502	9	Si4b5	B4b5	309	309	1	8	312	95	96	mi	123.25
503	9	Sol4	G4	296	296	3	4	1875	95	96	ze  	124.0
504	9	Re5	D5	327	327	1	8	312	95	96	Ne 	124.125
505	9	Sol5	G5	349	349	3	8	938	95	96	yap	124.5
506	9	Mi5b5	E5b5	331	331	1	4	625	95	96	tım 	124.75
507	9	Re5	D5	327	327	1	8	312	95	96	sa	124.875
508	9	Mi5b5	E5b5	331	331	1	8	312	95	96	na 	125.0
509	9	Do5	C5	318	318	1	1	2500	95	96	ben 	126.0
510	9	Re5	D5	327	327	1	8	312	95	96	ne	126.125
511	9	Fa5	F5	340	340	1	4	625	95	96	den 	126.375
512	9	Mi5b5	E5b5	331	331	1	8	312	95	96	u	126.5
513	9	Re5	D5	327	327	1	4	625	95	96	zak	126.75
514	9	Do5	C5	318	318	1	4	625	95	96	laş	127.0
515	9	Si4b5	B4b5	309	309	1	1	2500	95	96	tın  	128.0
516	9	Re5	D5	327	327	1	8	312	95	96	Ye	128.125
517	9	Mi5b5	E5b5	331	331	1	4	625	95	96	ter 	128.375
518	9	Re5	D5	327	327	1	8	312	95	96	bu 	128.5
519	9	Do5	C5	318	318	1	4	625	95	96	has	128.75
520	9	Si4b5	B4b5	309	309	1	4	625	95	96	ret 	129.0
521	9	Do5	C5	318	318	1	8	312	95	96	ye	129.125
522	9	La4	A4	305	305	1	2	1250	95	96	ter 	129.625
523	9	Es	Es	-1	-1	3	8	938	100	0		130.0
524	9	Re5	D5	327	327	1	4	625	95	96	gel 	130.25
525	9	Do5	C5	318	318	1	8	312	95	96	dö	130.375
526	9	Si4	B4	314	314	1	8	312	95	96	ne	130.5
527	9	Do5	C5	318	318	1	4	625	95	96	lim 	130.75
528	9	Si4b5	B4b5	309	309	1	4	625	95	96	sev	131.0
529	9	La4	A4	305	305	1	8	312	95	96	gi	131.125
530	9	Si4b5	B4b5	309	309	1	8	312	95	96	mi	131.25
531	9	Sol4	G4	296	296	3	4	1875	95	96	ze  	132.0
