Sýra	Kod	Nota53	NotaAE	Koma53	KomaAE	Pay	Payda	Ms	LNS	VelOn	Söz-1
1	9	Sol4	G4	296	296	3	16	517	95	96	
2	9	La4	A4	305	305	1	16	172	95	96	1. HANE VE 
3	9	Si4b5	B4b5	309	309	3	16	517	95	96	MÜLÂZÝME
4	9	Do5	C5	318	318	1	16	172	95	96	
5	9	Re5	D5	327	327	3	16	517	95	96	
6	9	Do5	C5	318	318	1	16	172	95	96	
7	9	Si4b5	B4b5	309	309	3	16	517	95	96	
8	9	La4	A4	305	305	1	16	172	95	96	
9	9	Sol4	G4	296	296	2	4	1380	95	96	
10	9	Sol4	G4	296	296	3	16	517	95	96	
11	9	Re4	D4	274	274	1	16	172	95	96	
12	9	Sol4	G4	296	296	3	16	517	95	96	
13	9	La4	A4	305	305	1	16	172	95	96	
14	9	Si4b5	B4b5	309	309	3	16	517	95	96	
15	9	Do5	C5	318	318	1	16	172	95	96	
16	9	Re5	D5	327	327	3	16	517	95	96	
17	9	Mi5b5	E5b5	331	331	1	16	172	95	96	
18	9	Re5	D5	327	327	2	4	1380	95	96	
19	9	Re5	D5	327	327	3	16	517	95	96	
20	9	Mi5b5	E5b5	331	331	1	16	172	95	96	
21	9	Fa5	F5	340	340	3	16	517	95	96	
22	9	Sol5	G5	349	349	1	16	172	95	96	
23	9	Fa5	F5	340	340	3	16	517	95	96	
24	9	Mi5b5	E5b5	331	331	1	16	172	95	96	
25	9	Re5	D5	327	327	3	16	517	95	96	
26	9	Do5	C5	318	318	1	16	172	95	96	
27	9	Re5	D5	327	327	3	16	517	95	96	
28	9	Do5	C5	318	318	1	16	172	95	96	
29	9	Si4b5	B4b5	309	309	1	4	690	95	96	
30	9	Do5	C5	318	318	3	16	517	95	96	
31	9	Mi5b5	E5b5	331	331	1	16	172	95	96	
32	9	Re5	D5	327	327	3	16	517	95	96	
33	9	Do5	C5	318	318	1	16	172	95	96	
34	9	Si4b5	B4b5	309	309	3	16	517	95	96	
35	9	La4	A4	305	305	1	16	172	95	96	
36	9	Sol4	G4	296	296	3	16	517	95	96	
37	9	Fa4#4	F4#4	291	291	1	16	172	95	96	
38	9	Sol4	G4	296	296	2	4	1380	95	96	
39	9	Sol4	G4	296	296	3	16	517	95	96	
40	9	La4	A4	305	305	1	16	172	95	96	1. HANE VE 
41	9	Si4b5	B4b5	309	309	3	16	517	95	96	MÜLÂZÝME
42	9	Do5	C5	318	318	1	16	172	95	96	
43	9	Re5	D5	327	327	3	16	517	95	96	
44	9	Do5	C5	318	318	1	16	172	95	96	
45	9	Si4b5	B4b5	309	309	3	16	517	95	96	
46	9	La4	A4	305	305	1	16	172	95	96	
47	9	Sol4	G4	296	296	2	4	1380	95	96	
48	9	Sol4	G4	296	296	3	16	517	95	96	
49	9	Re4	D4	274	274	1	16	172	95	96	
50	9	Sol4	G4	296	296	3	16	517	95	96	
51	9	La4	A4	305	305	1	16	172	95	96	
52	9	Si4b5	B4b5	309	309	3	16	517	95	96	
53	9	Do5	C5	318	318	1	16	172	95	96	
54	9	Re5	D5	327	327	3	16	517	95	96	
55	9	Mi5b5	E5b5	331	331	1	16	172	95	96	
56	9	Re5	D5	327	327	2	4	1380	95	96	
57	9	Re5	D5	327	327	3	16	517	95	96	
58	9	Mi5b5	E5b5	331	331	1	16	172	95	96	
59	9	Fa5	F5	340	340	3	16	517	95	96	
60	9	Sol5	G5	349	349	1	16	172	95	96	
61	9	Fa5	F5	340	340	3	16	517	95	96	
62	9	Mi5b5	E5b5	331	331	1	16	172	95	96	
63	9	Re5	D5	327	327	3	16	517	95	96	
64	9	Do5	C5	318	318	1	16	172	95	96	
65	9	Re5	D5	327	327	3	16	517	95	96	
66	9	Do5	C5	318	318	1	16	172	95	96	
67	9	Si4b5	B4b5	309	309	1	4	690	95	96	
68	9	Do5	C5	318	318	3	16	517	95	96	
69	9	Mi5b5	E5b5	331	331	1	16	172	95	96	
70	9	Re5	D5	327	327	3	16	517	95	96	
71	9	Do5	C5	318	318	1	16	172	95	96	
72	9	Si4b5	B4b5	309	309	3	16	517	95	96	
73	9	La4	A4	305	305	1	16	172	95	96	
74	9	Sol4	G4	296	296	3	16	517	95	96	
75	9	Fa4#4	F4#4	291	291	1	16	172	95	96	
76	9	Sol4	G4	296	296	2	4	1380	95	96	
77	9	Re5	D5	327	327	1	8	323	95	96	
78	9	Do5	C5	318	318	1	8	323	95	96	2. HANE
79	9	Si4b5	B4b5	309	309	1	8	323	95	96	
80	9	La4	A4	305	305	1	8	323	95	96	
81	9	Sol4	G4	296	296	1	8	323	95	96	
82	9	La4	A4	305	305	1	8	323	95	96	
83	9	Si4b5	B4b5	309	309	1	8	323	95	96	
84	9	La4	A4	305	305	1	8	323	95	96	
85	9	Si4b5	B4b5	309	309	1	8	323	95	96	
86	9	Do5	C5	318	318	1	8	323	95	96	
87	9	Re5	D5	327	327	1	4	645	95	96	
88	9	Si4b5	B4b5	309	309	1	4	645	95	96	
89	9	La4	A4	305	305	1	8	323	95	96	
90	9	La4	A4	305	305	1	4	645	95	96	
91	9	Sol4	G4	296	296	1	8	323	95	96	
92	9	Sol4	G4	296	296	1	4	645	95	96	
93	9	Fa4#4	F4#4	291	291	1	8	323	95	96	
94	9	Sol4	G4	296	296	3	8	968	95	96	
95	9	La4	A4	305	305	1	8	323	95	96	
96	9	Sol4	G4	296	296	1	8	323	95	96	
97	9	La4	A4	305	305	1	8	323	95	96	
98	9	Si4b5	B4b5	309	309	1	8	323	95	96	
99	9	La4	A4	305	305	1	8	323	95	96	
100	9	Do5	C5	318	318	1	8	323	95	96	
101	9	Si4b5	B4b5	309	309	1	8	323	95	96	
102	9	La4	A4	305	305	1	8	323	95	96	
103	9	Sol4	G4	296	296	1	8	323	95	96	
104	9	La4	A4	305	305	1	8	323	95	96	
105	9	Si4b5	B4b5	309	309	1	4	645	95	96	
106	9	Re5	D5	327	327	1	8	323	95	96	
107	9	Do5	C5	318	318	1	8	323	95	96	
108	9	Si4b5	B4b5	309	309	1	8	323	95	96	
109	9	La4	A4	305	305	1	4	645	95	96	
110	9	Sol4	G4	296	296	1	8	323	95	96	
111	9	La4	A4	305	305	1	8	323	95	96	
112	9	Sol4	G4	296	296	1	8	323	95	96	
113	9	Fa4#4	F4#4	291	291	1	8	323	95	96	
114	9	Sol4	G4	296	296	3	8	968	95	96	
115	9	Re5	D5	327	327	1	8	323	95	96	
116	9	Do5	C5	318	318	1	8	323	95	96	2. HANE
117	9	Si4b5	B4b5	309	309	1	8	323	95	96	
118	9	La4	A4	305	305	1	8	323	95	96	
119	9	Sol4	G4	296	296	1	8	323	95	96	
120	9	La4	A4	305	305	1	8	323	95	96	
121	9	Si4b5	B4b5	309	309	1	8	323	95	96	
122	9	La4	A4	305	305	1	8	323	95	96	
123	9	Si4b5	B4b5	309	309	1	8	323	95	96	
124	9	Do5	C5	318	318	1	8	323	95	96	
125	9	Re5	D5	327	327	1	4	645	95	96	
126	9	Si4b5	B4b5	309	309	1	4	645	95	96	
127	9	La4	A4	305	305	1	8	323	95	96	
128	9	La4	A4	305	305	1	4	645	95	96	
129	9	Sol4	G4	296	296	1	8	323	95	96	
130	9	Sol4	G4	296	296	1	4	645	95	96	
131	9	Fa4#4	F4#4	291	291	1	8	323	95	96	
132	9	Sol4	G4	296	296	3	8	968	95	96	
133	9	La4	A4	305	305	1	8	323	95	96	
134	9	Sol4	G4	296	296	1	8	323	95	96	
135	9	La4	A4	305	305	1	8	323	95	96	
136	9	Si4b5	B4b5	309	309	1	8	323	95	96	
137	9	La4	A4	305	305	1	8	323	95	96	
138	9	Do5	C5	318	318	1	8	323	95	96	
139	9	Si4b5	B4b5	309	309	1	8	323	95	96	
140	9	La4	A4	305	305	1	8	323	95	96	
141	9	Sol4	G4	296	296	1	8	323	95	96	
142	9	La4	A4	305	305	1	8	323	95	96	
143	9	Si4b5	B4b5	309	309	1	4	645	95	96	
144	9	Re5	D5	327	327	1	8	323	95	96	
145	9	Do5	C5	318	318	1	8	323	95	96	
146	9	Si4b5	B4b5	309	309	1	8	323	95	96	
147	9	La4	A4	305	305	1	4	645	95	96	
148	9	Sol4	G4	296	296	1	8	323	95	96	
149	9	La4	A4	305	305	1	8	323	95	96	
150	9	Sol4	G4	296	296	1	8	323	95	96	
151	9	Fa4#4	F4#4	291	291	1	8	323	95	96	
152	9	Sol4	G4	296	296	3	8	968	95	96	
153	9	Sol4	G4	296	296	3	16	517	95	96	
154	9	La4	A4	305	305	1	16	172	95	96	1. HANE VE 
155	9	Si4b5	B4b5	309	309	3	16	517	95	96	MÜLÂZÝME
156	9	Do5	C5	318	318	1	16	172	95	96	
157	9	Re5	D5	327	327	3	16	517	95	96	
158	9	Do5	C5	318	318	1	16	172	95	96	
159	9	Si4b5	B4b5	309	309	3	16	517	95	96	
160	9	La4	A4	305	305	1	16	172	95	96	
161	9	Sol4	G4	296	296	2	4	1380	95	96	
162	9	Sol4	G4	296	296	3	16	517	95	96	
163	9	Re4	D4	274	274	1	16	172	95	96	
164	9	Sol4	G4	296	296	3	16	517	95	96	
165	9	La4	A4	305	305	1	16	172	95	96	
166	9	Si4b5	B4b5	309	309	3	16	517	95	96	
167	9	Do5	C5	318	318	1	16	172	95	96	
168	9	Re5	D5	327	327	3	16	517	95	96	
169	9	Mi5b5	E5b5	331	331	1	16	172	95	96	
170	9	Re5	D5	327	327	2	4	1380	95	96	
171	9	Re5	D5	327	327	3	16	517	95	96	
172	9	Mi5b5	E5b5	331	331	1	16	172	95	96	
173	9	Fa5	F5	340	340	3	16	517	95	96	
174	9	Sol5	G5	349	349	1	16	172	95	96	
175	9	Fa5	F5	340	340	3	16	517	95	96	
176	9	Mi5b5	E5b5	331	331	1	16	172	95	96	
177	9	Re5	D5	327	327	3	16	517	95	96	
178	9	Do5	C5	318	318	1	16	172	95	96	
179	9	Re5	D5	327	327	3	16	517	95	96	
180	9	Do5	C5	318	318	1	16	172	95	96	
181	9	Si4b5	B4b5	309	309	1	4	690	95	96	
182	9	Do5	C5	318	318	3	16	517	95	96	
183	9	Mi5b5	E5b5	331	331	1	16	172	95	96	
184	9	Re5	D5	327	327	3	16	517	95	96	
185	9	Do5	C5	318	318	1	16	172	95	96	
186	9	Si4b5	B4b5	309	309	3	16	517	95	96	
187	9	La4	A4	305	305	1	16	172	95	96	
188	9	Sol4	G4	296	296	3	16	517	95	96	
189	9	Fa4#4	F4#4	291	291	1	16	172	95	96	
190	9	Sol4	G4	296	296	2	4	1380	95	96	
191	9	Sol4	G4	296	296	3	16	517	95	96	
192	9	La4	A4	305	305	1	16	172	95	96	1. HANE VE 
193	9	Si4b5	B4b5	309	309	3	16	517	95	96	MÜLÂZÝME
194	9	Do5	C5	318	318	1	16	172	95	96	
195	9	Re5	D5	327	327	3	16	517	95	96	
196	9	Do5	C5	318	318	1	16	172	95	96	
197	9	Si4b5	B4b5	309	309	3	16	517	95	96	
198	9	La4	A4	305	305	1	16	172	95	96	
199	9	Sol4	G4	296	296	2	4	1380	95	96	
200	9	Sol4	G4	296	296	3	16	517	95	96	
201	9	Re4	D4	274	274	1	16	172	95	96	
202	9	Sol4	G4	296	296	3	16	517	95	96	
203	9	La4	A4	305	305	1	16	172	95	96	
204	9	Si4b5	B4b5	309	309	3	16	517	95	96	
205	9	Do5	C5	318	318	1	16	172	95	96	
206	9	Re5	D5	327	327	3	16	517	95	96	
207	9	Mi5b5	E5b5	331	331	1	16	172	95	96	
208	9	Re5	D5	327	327	2	4	1380	95	96	
209	9	Re5	D5	327	327	3	16	517	95	96	
210	9	Mi5b5	E5b5	331	331	1	16	172	95	96	
211	9	Fa5	F5	340	340	3	16	517	95	96	
212	9	Sol5	G5	349	349	1	16	172	95	96	
213	9	Fa5	F5	340	340	3	16	517	95	96	
214	9	Mi5b5	E5b5	331	331	1	16	172	95	96	
215	9	Re5	D5	327	327	3	16	517	95	96	
216	9	Do5	C5	318	318	1	16	172	95	96	
217	9	Re5	D5	327	327	3	16	517	95	96	
218	9	Do5	C5	318	318	1	16	172	95	96	
219	9	Si4b5	B4b5	309	309	1	4	690	95	96	
220	9	Do5	C5	318	318	3	16	517	95	96	
221	9	Mi5b5	E5b5	331	331	1	16	172	95	96	
222	9	Re5	D5	327	327	3	16	517	95	96	
223	9	Do5	C5	318	318	1	16	172	95	96	
224	9	Si4b5	B4b5	309	309	3	16	517	95	96	
225	9	La4	A4	305	305	1	16	172	95	96	
226	9	Sol4	G4	296	296	3	16	517	95	96	
227	9	Fa4#4	F4#4	291	291	1	16	172	95	96	
228	9	Sol4	G4	296	296	2	4	1380	95	96	
229	9	Sol5	G5	349	349	1	4	690	95	96	3. HANE
230	9	La5	A5	358	358	1	8	345	95	96	
231	9	La5	A5	358	358	1	4	690	95	96	
232	9	Sol5	G5	349	349	1	8	345	95	96	
233	9	Fa5#4	F5#4	344	344	1	4	690	95	96	
234	9	Mi5b5	E5b5	331	331	1	8	345	95	96	
235	9	Re5	D5	327	327	3	8	1035	95	96	
236	9	Si5b5	B5b5	362	362	1	8	345	95	96	
237	9	La5	A5	358	358	1	8	345	95	96	
238	9	Sol5	G5	349	349	1	8	345	95	96	
239	9	Fa5#4	F5#4	344	344	1	8	345	95	96	
240	9	Mi5b5	E5b5	331	331	1	8	345	95	96	
241	9	Sol5	G5	349	349	1	8	345	95	96	
242	9	Fa5#4	F5#4	344	344	1	16	172	95	96	
243	9	Mi5b5	E5b5	331	331	1	16	172	95	96	
244	9	Re5	D5	327	327	1	8	345	95	96	
245	9	Do5#4	C5#4	322	322	1	8	345	95	96	
246	9	Re5	D5	327	327	3	8	1035	95	96	
247	9	Re5	D5	327	327	1	4	690	95	96	
248	9	Fa5	F5	340	340	1	8	345	95	96	
249	9	Fa5	F5	340	340	1	4	690	95	96	
250	9	Mi5b5	E5b5	331	331	1	8	345	95	96	
251	9	Sol5	G5	349	349	1	8	345	95	96	
252	9	Fa5	F5	340	340	1	8	345	95	96	
253	9	Mi5b5	E5b5	331	331	1	8	345	95	96	
254	9	Re5	D5	327	327	1	4	690	95	96	
255	9	Do5	C5	318	318	1	8	345	95	96	
256	9	Mi5b5	E5b5	331	331	1	8	345	95	96	
257	9	Re5	D5	327	327	1	8	345	95	96	
258	9	Do5	C5	318	318	1	8	345	95	96	
259	9	Si4b5	B4b5	309	309	1	4	690	95	96	
260	9	La4	A4	305	305	1	8	345	95	96	
261	9	Sol4	G4	296	296	1	4	690	95	96	
262	9	Fa4#4	F4#4	291	291	1	8	345	95	96	
263	9	Sol4	G4	296	296	3	8	1035	95	96	
264	9	Sol5	G5	349	349	1	4	690	95	96	3. HANE
265	9	La5	A5	358	358	1	8	345	95	96	
266	9	La5	A5	358	358	1	4	690	95	96	
267	9	Sol5	G5	349	349	1	8	345	95	96	
268	9	Fa5#4	F5#4	344	344	1	4	690	95	96	
269	9	Mi5b5	E5b5	331	331	1	8	345	95	96	
270	9	Re5	D5	327	327	3	8	1035	95	96	
271	9	Si5b5	B5b5	362	362	1	8	345	95	96	
272	9	La5	A5	358	358	1	8	345	95	96	
273	9	Sol5	G5	349	349	1	8	345	95	96	
274	9	Fa5#4	F5#4	344	344	1	8	345	95	96	
275	9	Mi5b5	E5b5	331	331	1	8	345	95	96	
276	9	Sol5	G5	349	349	1	8	345	95	96	
277	9	Fa5#4	F5#4	344	344	1	16	172	95	96	
278	9	Mi5b5	E5b5	331	331	1	16	172	95	96	
279	9	Re5	D5	327	327	1	8	345	95	96	
280	9	Do5#4	C5#4	322	322	1	8	345	95	96	
281	9	Re5	D5	327	327	3	8	1035	95	96	
282	9	Re5	D5	327	327	1	4	690	95	96	
283	9	Fa5	F5	340	340	1	8	345	95	96	
284	9	Fa5	F5	340	340	1	4	690	95	96	
285	9	Mi5b5	E5b5	331	331	1	8	345	95	96	
286	9	Sol5	G5	349	349	1	8	345	95	96	
287	9	Fa5	F5	340	340	1	8	345	95	96	
288	9	Mi5b5	E5b5	331	331	1	8	345	95	96	
289	9	Re5	D5	327	327	1	4	690	95	96	
290	9	Do5	C5	318	318	1	8	345	95	96	
291	9	Mi5b5	E5b5	331	331	1	8	345	95	96	
292	9	Re5	D5	327	327	1	8	345	95	96	
293	9	Do5	C5	318	318	1	8	345	95	96	
294	9	Si4b5	B4b5	309	309	1	4	690	95	96	
295	9	La4	A4	305	305	1	8	345	95	96	
296	9	Sol4	G4	296	296	1	4	690	95	96	
297	9	Fa4#4	F4#4	291	291	1	8	345	95	96	
298	9	Sol4	G4	296	296	3	8	1035	95	96	
299	9	Sol4	G4	296	296	3	16	517	95	96	
300	9	La4	A4	305	305	1	16	172	95	96	1. HANE VE 
301	9	Si4b5	B4b5	309	309	3	16	517	95	96	MÜLÂZÝME
302	9	Do5	C5	318	318	1	16	172	95	96	
303	9	Re5	D5	327	327	3	16	517	95	96	
304	9	Do5	C5	318	318	1	16	172	95	96	
305	9	Si4b5	B4b5	309	309	3	16	517	95	96	
306	9	La4	A4	305	305	1	16	172	95	96	
307	9	Sol4	G4	296	296	2	4	1380	95	96	
308	9	Sol4	G4	296	296	3	16	517	95	96	
309	9	Re4	D4	274	274	1	16	172	95	96	
310	9	Sol4	G4	296	296	3	16	517	95	96	
311	9	La4	A4	305	305	1	16	172	95	96	
312	9	Si4b5	B4b5	309	309	3	16	517	95	96	
313	9	Do5	C5	318	318	1	16	172	95	96	
314	9	Re5	D5	327	327	3	16	517	95	96	
315	9	Mi5b5	E5b5	331	331	1	16	172	95	96	
316	9	Re5	D5	327	327	2	4	1380	95	96	
317	9	Re5	D5	327	327	3	16	517	95	96	
318	9	Mi5b5	E5b5	331	331	1	16	172	95	96	
319	9	Fa5	F5	340	340	3	16	517	95	96	
320	9	Sol5	G5	349	349	1	16	172	95	96	
321	9	Fa5	F5	340	340	3	16	517	95	96	
322	9	Mi5b5	E5b5	331	331	1	16	172	95	96	
323	9	Re5	D5	327	327	3	16	517	95	96	
324	9	Do5	C5	318	318	1	16	172	95	96	
325	9	Re5	D5	327	327	3	16	517	95	96	
326	9	Do5	C5	318	318	1	16	172	95	96	
327	9	Si4b5	B4b5	309	309	1	4	690	95	96	
328	9	Do5	C5	318	318	3	16	517	95	96	
329	9	Mi5b5	E5b5	331	331	1	16	172	95	96	
330	9	Re5	D5	327	327	3	16	517	95	96	
331	9	Do5	C5	318	318	1	16	172	95	96	
332	9	Si4b5	B4b5	309	309	3	16	517	95	96	
333	9	La4	A4	305	305	1	16	172	95	96	
334	9	Sol4	G4	296	296	3	16	517	95	96	
335	9	Fa4#4	F4#4	291	291	1	16	172	95	96	
336	9	Sol4	G4	296	296	2	4	1380	95	96	
337	9	Sol4	G4	296	296	3	16	517	95	96	
338	9	La4	A4	305	305	1	16	172	95	96	1. HANE VE 
339	9	Si4b5	B4b5	309	309	3	16	517	95	96	MÜLÂZÝME
340	9	Do5	C5	318	318	1	16	172	95	96	
341	9	Re5	D5	327	327	3	16	517	95	96	
342	9	Do5	C5	318	318	1	16	172	95	96	
343	9	Si4b5	B4b5	309	309	3	16	517	95	96	
344	9	La4	A4	305	305	1	16	172	95	96	
345	9	Sol4	G4	296	296	2	4	1380	95	96	
346	9	Sol4	G4	296	296	3	16	517	95	96	
347	9	Re4	D4	274	274	1	16	172	95	96	
348	9	Sol4	G4	296	296	3	16	517	95	96	
349	9	La4	A4	305	305	1	16	172	95	96	
350	9	Si4b5	B4b5	309	309	3	16	517	95	96	
351	9	Do5	C5	318	318	1	16	172	95	96	
352	9	Re5	D5	327	327	3	16	517	95	96	
353	9	Mi5b5	E5b5	331	331	1	16	172	95	96	
354	9	Re5	D5	327	327	2	4	1380	95	96	
355	9	Re5	D5	327	327	3	16	517	95	96	
356	9	Mi5b5	E5b5	331	331	1	16	172	95	96	
357	9	Fa5	F5	340	340	3	16	517	95	96	
358	9	Sol5	G5	349	349	1	16	172	95	96	
359	9	Fa5	F5	340	340	3	16	517	95	96	
360	9	Mi5b5	E5b5	331	331	1	16	172	95	96	
361	9	Re5	D5	327	327	3	16	517	95	96	
362	9	Do5	C5	318	318	1	16	172	95	96	
363	9	Re5	D5	327	327	3	16	517	95	96	
364	9	Do5	C5	318	318	1	16	172	95	96	
365	9	Si4b5	B4b5	309	309	1	4	690	95	96	
366	9	Do5	C5	318	318	3	16	517	95	96	
367	9	Mi5b5	E5b5	331	331	1	16	172	95	96	
368	9	Re5	D5	327	327	3	16	517	95	96	
369	9	Do5	C5	318	318	1	16	172	95	96	
370	9	Si4b5	B4b5	309	309	3	16	517	95	96	
371	9	La4	A4	305	305	1	16	172	95	96	
372	9	Sol4	G4	296	296	3	16	517	95	96	
373	9	Fa4#4	F4#4	291	291	1	16	172	95	96	
374	9	Sol4	G4	296	296	2	4	1380	95	96	
375	9	Sol4	G4	296	296	1	8	345	95	96	4. HANE
376	9	Re4	D4	274	274	1	8	345	95	96	
377	9	Sol4	G4	296	296	1	8	345	95	96	
378	9	Si4b5	B4b5	309	309	1	4	690	95	96	
379	9	La4	A4	305	305	1	8	345	95	96	
380	9	La4	A4	305	305	1	8	345	95	96	
381	9	Sol4	G4	296	296	1	8	345	95	96	
382	9	Fa4#4	F4#4	291	291	1	8	345	95	96	
383	9	Sol4	G4	296	296	3	8	1035	95	96	
384	9	Sol4	G4	296	296	1	8	345	95	96	
385	9	Fa4#4	F4#4	291	291	1	8	345	95	96	
386	9	Sol4	G4	296	296	1	8	345	95	96	
387	9	La4	A4	305	305	1	8	345	95	96	
388	9	Sol4	G4	296	296	1	8	345	95	96	
389	9	La4	A4	305	305	1	8	345	95	96	
390	9	Si4b5	B4b5	309	309	1	8	345	95	96	
391	9	La4	A4	305	305	1	8	345	95	96	
392	9	Si4b5	B4b5	309	309	1	8	345	95	96	
393	9	Do5	C5	318	318	1	8	345	95	96	
394	9	Re5	D5	327	327	1	4	690	95	96	
395	9	Mi5b5	E5b5	331	331	1	8	345	95	96	
396	9	Re5	D5	327	327	1	8	345	95	96	
397	9	Do5	C5	318	318	1	8	345	95	96	
398	9	Re5	D5	327	327	1	4	690	95	96	
399	9	Mi5b5	E5b5	331	331	1	8	345	95	96	
400	9	Re5	D5	327	327	1	4	690	95	96	
401	9	Do5	C5	318	318	1	8	345	95	96	
402	9	Do5	C5	318	318	1	4	690	95	96	
403	9	Si4b5	B4b5	309	309	1	8	345	95	96	
404	9	Si4b5	B4b5	309	309	1	4	690	95	96	
405	9	La4	A4	305	305	1	8	345	95	96	
406	9	La4	A4	305	305	1	4	690	95	96	
407	9	Sol4	G4	296	296	1	8	345	95	96	
408	9	Sol4	G4	296	296	1	4	690	95	96	
409	9	Fa4#4	F4#4	291	291	1	8	345	95	96	
410	9	Sol4	G4	296	296	3	8	1035	95	96	
411	9	Sol4	G4	296	296	1	8	345	95	96	4. HANE
412	9	Re4	D4	274	274	1	8	345	95	96	
413	9	Sol4	G4	296	296	1	8	345	95	96	
414	9	Si4b5	B4b5	309	309	1	4	690	95	96	
415	9	La4	A4	305	305	1	8	345	95	96	
416	9	La4	A4	305	305	1	8	345	95	96	
417	9	Sol4	G4	296	296	1	8	345	95	96	
418	9	Fa4#4	F4#4	291	291	1	8	345	95	96	
419	9	Sol4	G4	296	296	3	8	1035	95	96	
420	9	Sol4	G4	296	296	1	8	345	95	96	
421	9	Fa4#4	F4#4	291	291	1	8	345	95	96	
422	9	Sol4	G4	296	296	1	8	345	95	96	
423	9	La4	A4	305	305	1	8	345	95	96	
424	9	Sol4	G4	296	296	1	8	345	95	96	
425	9	La4	A4	305	305	1	8	345	95	96	
426	9	Si4b5	B4b5	309	309	1	8	345	95	96	
427	9	La4	A4	305	305	1	8	345	95	96	
428	9	Si4b5	B4b5	309	309	1	8	345	95	96	
429	9	Do5	C5	318	318	1	8	345	95	96	
430	9	Re5	D5	327	327	1	4	690	95	96	
431	9	Mi5b5	E5b5	331	331	1	8	345	95	96	
432	9	Re5	D5	327	327	1	8	345	95	96	
433	9	Do5	C5	318	318	1	8	345	95	96	
434	9	Re5	D5	327	327	1	4	690	95	96	
435	9	Mi5b5	E5b5	331	331	1	8	345	95	96	
436	9	Re5	D5	327	327	1	4	690	95	96	
437	9	Do5	C5	318	318	1	8	345	95	96	
438	9	Do5	C5	318	318	1	4	690	95	96	
439	9	Si4b5	B4b5	309	309	1	8	345	95	96	
440	9	Si4b5	B4b5	309	309	1	4	690	95	96	
441	9	La4	A4	305	305	1	8	345	95	96	
442	9	La4	A4	305	305	1	4	690	95	96	
443	9	Sol4	G4	296	296	1	8	345	95	96	
444	9	Sol4	G4	296	296	1	4	690	95	96	
445	9	Fa4#4	F4#4	291	291	1	8	345	95	96	
446	9	Sol4	G4	296	296	3	8	1035	95	96	
447	9	Sol4	G4	296	296	3	16	517	95	96	
448	9	La4	A4	305	305	1	16	172	95	96	1. HANE VE 
449	9	Si4b5	B4b5	309	309	3	16	517	95	96	MÜLÂZÝME
450	9	Do5	C5	318	318	1	16	172	95	96	
451	9	Re5	D5	327	327	3	16	517	95	96	
452	9	Do5	C5	318	318	1	16	172	95	96	
453	9	Si4b5	B4b5	309	309	3	16	517	95	96	
454	9	La4	A4	305	305	1	16	172	95	96	
455	9	Sol4	G4	296	296	2	4	1380	95	96	
456	9	Sol4	G4	296	296	3	16	517	95	96	
457	9	Re4	D4	274	274	1	16	172	95	96	
458	9	Sol4	G4	296	296	3	16	517	95	96	
459	9	La4	A4	305	305	1	16	172	95	96	
460	9	Si4b5	B4b5	309	309	3	16	517	95	96	
461	9	Do5	C5	318	318	1	16	172	95	96	
462	9	Re5	D5	327	327	3	16	517	95	96	
463	9	Mi5b5	E5b5	331	331	1	16	172	95	96	
464	9	Re5	D5	327	327	2	4	1380	95	96	
465	9	Re5	D5	327	327	3	16	517	95	96	
466	9	Mi5b5	E5b5	331	331	1	16	172	95	96	
467	9	Fa5	F5	340	340	3	16	517	95	96	
468	9	Sol5	G5	349	349	1	16	172	95	96	
469	9	Fa5	F5	340	340	3	16	517	95	96	
470	9	Mi5b5	E5b5	331	331	1	16	172	95	96	
471	9	Re5	D5	327	327	3	16	517	95	96	
472	9	Do5	C5	318	318	1	16	172	95	96	
473	9	Re5	D5	327	327	3	16	517	95	96	
474	9	Do5	C5	318	318	1	16	172	95	96	
475	9	Si4b5	B4b5	309	309	1	4	690	95	96	
476	9	Do5	C5	318	318	3	16	517	95	96	
477	9	Mi5b5	E5b5	331	331	1	16	172	95	96	
478	9	Re5	D5	327	327	3	16	517	95	96	
479	9	Do5	C5	318	318	1	16	172	95	96	
480	9	Si4b5	B4b5	309	309	3	16	517	95	96	
481	9	La4	A4	305	305	1	16	172	95	96	
482	9	Sol4	G4	296	296	3	16	517	95	96	
483	9	Fa4#4	F4#4	291	291	1	16	172	95	96	
484	9	Sol4	G4	296	296	2	4	1380	95	96	
485	9	Sol4	G4	296	296	3	16	517	95	96	
486	9	La4	A4	305	305	1	16	172	95	96	1. HANE VE 
487	9	Si4b5	B4b5	309	309	3	16	517	95	96	MÜLÂZÝME
488	9	Do5	C5	318	318	1	16	172	95	96	
489	9	Re5	D5	327	327	3	16	517	95	96	
490	9	Do5	C5	318	318	1	16	172	95	96	
491	9	Si4b5	B4b5	309	309	3	16	517	95	96	
492	9	La4	A4	305	305	1	16	172	95	96	
493	9	Sol4	G4	296	296	2	4	1380	95	96	
494	9	Sol4	G4	296	296	3	16	517	95	96	
495	9	Re4	D4	274	274	1	16	172	95	96	
496	9	Sol4	G4	296	296	3	16	517	95	96	
497	9	La4	A4	305	305	1	16	172	95	96	
498	9	Si4b5	B4b5	309	309	3	16	517	95	96	
499	9	Do5	C5	318	318	1	16	172	95	96	
500	9	Re5	D5	327	327	3	16	517	95	96	
501	9	Mi5b5	E5b5	331	331	1	16	172	95	96	
502	9	Re5	D5	327	327	2	4	1380	95	96	
503	9	Re5	D5	327	327	3	16	517	95	96	
504	9	Mi5b5	E5b5	331	331	1	16	172	95	96	
505	9	Fa5	F5	340	340	3	16	517	95	96	
506	9	Sol5	G5	349	349	1	16	172	95	96	
507	9	Fa5	F5	340	340	3	16	517	95	96	
508	9	Mi5b5	E5b5	331	331	1	16	172	95	96	
509	9	Re5	D5	327	327	3	16	517	95	96	
510	9	Do5	C5	318	318	1	16	172	95	96	
511	9	Re5	D5	327	327	3	16	517	95	96	
512	9	Do5	C5	318	318	1	16	172	95	96	
513	9	Si4b5	B4b5	309	309	1	4	690	95	96	
514	9	Do5	C5	318	318	3	16	517	95	96	
515	9	Mi5b5	E5b5	331	331	1	16	172	95	96	
516	9	Re5	D5	327	327	3	16	517	95	96	
517	9	Do5	C5	318	318	1	16	172	95	96	
518	9	Si4b5	B4b5	309	309	3	16	517	95	96	
519	9	La4	A4	305	305	1	16	172	95	96	
520	9	Sol4	G4	296	296	3	16	517	95	96	
521	9	Fa4#4	F4#4	291	291	1	16	172	95	96	
522	9	Sol4	G4	296	296	2	4	1380	95	96	
