Sira	Kod	Nota53	NotaAE	Koma53	KomaAE	Pay	Payda	Ms	LNS	Bas	Soz1	Offset
1	51			0	0	10	8	0	30	0	Aksaksemâî	0.0
2	9	La4	A4	305	305	1	4	909	95	96	1. HANE	0.2
3	9	Mi5	E5	336	336	1	8	455	95	96		0.3
4	9	Mi5	E5	336	336	3	16	682	95	96		0.45
5	9	Fa5#5	F5#5	345	345	1	16	227	95	96		0.5
6	9	Mi5	E5	336	336	3	32	341	95	96		0.575
7	9	Re5	D5	327	327	1	32	114	95	96		0.6
8	9	Do5#3	C5#4	321	322	1	16	227	95	96		0.65
9	9	Re5	D5	327	327	1	16	227	95	96		0.7
10	9	Mi5	E5	336	336	1	4	909	95	96		0.9
11	9	Es	Es	-1	-1	1	8	455	100	0		1.0
12	9	Fa5#5	F5#5	345	345	1	8	455	95	96		1.1
13	9	Mi5	E5	336	336	1	8	455	95	96		1.2
14	9	Re5	D5	327	327	1	8	455	95	96		1.3
15	9	Do5#3	C5#4	321	322	1	8	455	95	96		1.4
16	9	Si4	B4	314	314	1	16	227	95	96		1.45
17	9	Fa5#5	F5#5	345	345	1	16	227	95	96		1.5
18	9	Mi5	E5	336	336	1	8	455	95	96		1.6
19	9	Re5	D5	327	327	1	8	455	95	96		1.7
20	9	Do5#3	C5#4	321	322	1	8	455	95	96		1.8
21	9	Si4	B4	314	314	1	8	455	95	96		1.9
22	9	Do5#3	C5#4	321	322	1	8	455	95	96		2.0
23	9	Re5	D5	327	327	1	4	909	95	96		2.2
24	9	Do5#3	C5#4	321	322	1	16	227	95	96		2.25
25	9	Re5	D5	327	327	1	16	227	95	96		2.3
26	9	Mi5	E5	336	336	3	16	682	95	96		2.45
27	9	Fa5#5	F5#5	345	345	1	16	227	95	96		2.5
28	9	Mi5	E5	336	336	1	8	455	95	96		2.6
29	9	Re5	D5	327	327	1	8	455	95	96		2.7
30	9	Do5#3	C5#4	321	322	1	8	455	95	96		2.8
31	9	Si4	B4	314	314	1	8	455	95	96		2.9
32	9	La4	A4	305	305	1	8	455	95	96		3.0
33	9	La5	A5	358	358	1	4	909	95	96		3.2
34	9	Sol5#3	G5#4	352	353	1	8	455	95	96		3.3
35	9	La5	A5	358	358	3	32	341	95	96		3.375
36	9	Sol5#3	G5#4	352	353	1	32	114	95	96		3.4
37	9	La5	A5	358	358	1	16	227	95	96		3.45
38	9	Si5	B5	367	367	1	16	227	95	96		3.5
39	9	Sol5	G5	349	349	1	24	152	95	96		3.53333333333
40	9	Fa5#5	F5#5	345	345	1	24	152	95	96		3.56666666667
41	9	Mi5	E5	336	336	1	24	152	95	96		3.6
42	9	Fa5#5	F5#5	345	345	1	16	227	95	96		3.65
43	9	Sol5	G5	349	349	1	16	227	95	96		3.7
44	9	Mi5	E5	336	336	1	16	227	95	96		3.75
45	9	Re5	D5	327	327	1	16	227	95	96		3.8
46	9	Do5#3	C5#4	321	322	1	16	227	95	96		3.85
47	9	Si4	B4	314	314	1	16	227	95	96		3.9
48	9	Do5#3	C5#4	321	322	1	8	455	95	96		4.0
49	9	Si5	B5	367	367	1	16	227	95	96		4.05
50	10	La5	A5	358	358	1	16	227	95	96		4.1
51	8	Si5	B5	367	367	0	0	0	95	96		4.1
52	9	La5	A5	358	358	1	16	227	95	96		4.15
53	10	Sol5	G5	349	349	1	16	227	95	96		4.2
54	8	La5	A5	358	358	0	0	0	95	96		4.2
55	9	Sol5	G5	349	349	1	16	227	95	96		4.25
56	10	Fa5#5	F5#5	345	345	1	16	227	95	96		4.3
57	8	Sol5	G5	349	349	0	0	0	95	96		4.3
58	9	Fa5#5	F5#5	345	345	1	16	227	95	96		4.35
59	10	Mi5	E5	336	336	1	16	227	95	96		4.4
60	8	Fa5#5	F5#5	345	345	0	0	0	95	96		4.4
61	9	Mi5	E5	336	336	1	16	227	95	96		4.45
62	9	Fa5#5	F5#5	345	345	1	16	227	95	96		4.5
63	9	Mi5	E5	336	336	1	16	227	95	96		4.55
64	9	Re5	D5	327	327	1	16	227	95	96		4.6
65	9	Do5#3	C5#4	321	322	1	16	227	95	96		4.65
66	9	Re5	D5	327	327	1	16	227	95	96		4.7
67	9	Mi5	E5	336	336	1	4	909	95	96		4.9
68	9	La4	A4	305	305	1	16	227	95	96		4.95
69	9	Do5#3	C5#4	321	322	1	16	227	95	96		5.0
70	9	Mi5	E5	336	336	1	8	455	95	96	TESLİM	5.1
71	9	Es	Es	-1	-1	1	8	455	100	0		5.2
72	9	La4	A4	305	305	1	16	227	95	96		5.25
73	9	Do5#3	C5#4	321	322	1	16	227	95	96		5.3
74	9	Mi5	E5	336	336	3	16	682	95	96		5.45
75	9	Fa5#5	F5#5	345	345	1	16	227	95	96		5.5
76	9	Mi5	E5	336	336	1	8	455	95	96		5.6
77	9	Re5	D5	327	327	1	8	455	95	96		5.7
78	9	Do5#3	C5#4	321	322	1	8	455	95	96		5.8
79	9	Si4	B4	314	314	1	8	455	95	96		5.9
80	8	Do5#3	C5#4	321	322	0	0	0	95	96		5.9
81	9	Si4	B4	314	314	1	16	227	95	96		5.95
82	9	Do5#3	C5#4	321	322	1	16	227	95	96		6.0
83	9	Re5	D5	327	327	1	8	455	95	96		6.1
84	9	Es	Es	-1	-1	1	8	455	100	0		6.2
85	9	La4	A4	305	305	1	16	227	95	96		6.25
86	9	Do5#3	C5#4	321	322	1	16	227	95	96		6.3
87	9	Re5	D5	327	327	3	16	682	95	96		6.45
88	9	Fa5#5	F5#5	345	345	1	16	227	95	96		6.5
89	9	Mi5	E5	336	336	1	8	455	95	96		6.6
90	9	Re5	D5	327	327	1	8	455	95	96		6.7
91	9	Do5#3	C5#4	321	322	1	8	455	95	96		6.8
92	9	Si4	B4	314	314	1	16	227	95	96		6.85
93	9	Do5#3	C5#4	321	322	1	16	227	95	96		6.9
94	9	La4	A4	305	305	1	16	227	95	96		6.95
95	9	Si4	B4	314	314	1	16	227	95	96		7.0
96	9	Do5#3	C5#4	321	322	1	8	455	95	96		7.1
97	9	Es	Es	-1	-1	1	8	455	100	0		7.2
98	9	La4	A4	305	305	1	16	227	95	96		7.25
99	9	Si4	B4	314	314	1	16	227	95	96		7.3
100	9	Do5#3	C5#4	321	322	3	16	682	95	96		7.45
101	9	Re5	D5	327	327	1	16	227	95	96		7.5
102	9	Do5#3	C5#4	321	322	1	8	455	95	96		7.6
103	9	Si4	B4	314	314	1	8	455	95	96		7.7
104	9	La4	A4	305	305	1	8	455	95	96		7.8
105	9	Sol4#3	G4#4	299	300	1	16	227	95	96		7.85
106	9	La4	A4	305	305	1	16	227	95	96		7.9
107	8	Si4	B4	314	314	0	0	0	95	96		7.9
108	9	Sol4#3	G4#4	299	300	1	16	227	95	96		7.95
109	9	La4	A4	305	305	1	16	227	95	96		8.0
110	9	Si4	B4	314	314	1	8	455	95	96		8.1
111	9	Es	Es	-1	-1	1	8	455	100	0		8.2
112	9	Mi4	E4	283	283	1	8	455	95	96		8.3
113	9	Fa5#5	F5#5	345	345	1	16	227	95	96		8.35
114	10	Mi5	E5	336	336	1	16	227	95	96		8.4
115	8	Fa5#5	F5#5	345	345	0	0	0	95	96		8.4
116	9	Mi5	E5	336	336	1	16	227	95	96		8.45
117	9	Re5	D5	327	327	1	16	227	95	96		8.5
118	9	Re5	D5	327	327	1	16	227	95	96		8.55
119	10	Do5#3	C5#4	321	322	1	16	227	95	96		8.6
120	8	Re5	D5	327	327	0	0	0	95	96		8.6
121	9	Do5#3	C5#4	321	322	1	16	227	95	96		8.65
122	9	Si4	B4	314	314	1	16	227	95	96		8.7
123	9	Si4	B4	314	314	1	16	227	95	96		8.75
124	9	La4	A4	305	305	1	16	227	95	96		8.8
125	9	Sol4#3	G4#4	299	300	1	16	227	95	96		8.85
126	9	Fa4#5	F4#5	292	292	1	16	227	95	96		8.9
127	9	Mi4	E4	283	283	1	8	455	95	96		9.0
128	9	Mi5	E5	336	336	1	4	909	95	96		9.2
129	9	Re5	D5	327	327	1	8	455	95	96		9.3
130	9	Do5#3	C5#4	321	322	1	24	152	95	96		9.33333333333
131	9	Si4	B4	314	314	1	24	152	95	96		9.36666666667
132	9	Do5#3	C5#4	321	322	1	24	152	95	96		9.4
133	9	Re5	D5	327	327	1	8	455	95	96		9.5
134	9	Si4	B4	314	314	1	24	152	95	96		9.53333333333
135	9	La4	A4	305	305	1	24	152	95	96		9.56666666667
136	9	Si4	B4	314	314	1	24	152	95	96		9.6
137	9	Do5#3	C5#4	321	322	1	8	455	95	96		9.7
138	9	La4	A4	305	305	3	16	682	95	96		9.85
139	9	Fa4#5	F4#5	292	292	1	16	227	95	96		9.9
140	9	La4	A4	305	305	1	16	227	95	96		9.95
141	9	Do5#3	C5#4	321	322	1	16	227	95	96		10.0
142	9	Mi5	E5	336	336	1	8	455	95	96	TESLİM	10.1
143	9	Es	Es	-1	-1	1	8	455	100	0		10.2
144	9	La4	A4	305	305	1	16	227	95	96		10.25
145	9	Do5#3	C5#4	321	322	1	16	227	95	96		10.3
146	9	Mi5	E5	336	336	3	16	682	95	96		10.45
147	9	Fa5#5	F5#5	345	345	1	16	227	95	96		10.5
148	9	Mi5	E5	336	336	1	8	455	95	96		10.6
149	9	Re5	D5	327	327	1	8	455	95	96		10.7
150	9	Do5#3	C5#4	321	322	1	8	455	95	96		10.8
151	9	Si4	B4	314	314	1	8	455	95	96		10.9
152	8	Do5#3	C5#4	321	322	0	0	0	95	96		10.9
153	9	Si4	B4	314	314	1	16	227	95	96		10.95
154	9	Do5#3	C5#4	321	322	1	16	227	95	96		11.0
155	9	Re5	D5	327	327	1	8	455	95	96		11.1
156	9	Es	Es	-1	-1	1	8	455	100	0		11.2
157	9	La4	A4	305	305	1	16	227	95	96		11.25
158	9	Do5#3	C5#4	321	322	1	16	227	95	96		11.3
159	9	Re5	D5	327	327	3	16	682	95	96		11.45
160	9	Fa5#5	F5#5	345	345	1	16	227	95	96		11.5
161	9	Mi5	E5	336	336	1	8	455	95	96		11.6
162	9	Re5	D5	327	327	1	8	455	95	96		11.7
163	9	Do5#3	C5#4	321	322	1	8	455	95	96		11.8
164	9	Si4	B4	314	314	1	16	227	95	96		11.85
165	9	Do5#3	C5#4	321	322	1	16	227	95	96		11.9
166	9	La4	A4	305	305	1	16	227	95	96		11.95
167	9	Si4	B4	314	314	1	16	227	95	96		12.0
168	9	Do5#3	C5#4	321	322	1	8	455	95	96		12.1
169	9	Es	Es	-1	-1	1	8	455	100	0		12.2
170	9	La4	A4	305	305	1	16	227	95	96		12.25
171	9	Si4	B4	314	314	1	16	227	95	96		12.3
172	9	Do5#3	C5#4	321	322	3	16	682	95	96		12.45
173	9	Re5	D5	327	327	1	16	227	95	96		12.5
174	9	Do5#3	C5#4	321	322	1	8	455	95	96		12.6
175	9	Si4	B4	314	314	1	8	455	95	96		12.7
176	9	La4	A4	305	305	1	8	455	95	96		12.8
177	9	Sol4#3	G4#4	299	300	1	16	227	95	96		12.85
178	9	La4	A4	305	305	1	16	227	95	96		12.9
179	8	Si4	B4	314	314	0	0	0	95	96		12.9
180	9	Sol4#3	G4#4	299	300	1	16	227	95	96		12.95
181	9	La4	A4	305	305	1	16	227	95	96		13.0
182	9	Si4	B4	314	314	1	8	455	95	96		13.1
183	9	Es	Es	-1	-1	1	8	455	100	0		13.2
184	9	Mi4	E4	283	283	1	8	455	95	96		13.3
185	9	Fa5#5	F5#5	345	345	1	16	227	95	96		13.35
186	10	Mi5	E5	336	336	1	16	227	95	96		13.4
187	8	Fa5#5	F5#5	345	345	0	0	0	95	96		13.4
188	9	Mi5	E5	336	336	1	16	227	95	96		13.45
189	9	Re5	D5	327	327	1	16	227	95	96		13.5
190	9	Re5	D5	327	327	1	16	227	95	96		13.55
191	10	Do5#3	C5#4	321	322	1	16	227	95	96		13.6
192	8	Re5	D5	327	327	0	0	0	95	96		13.6
193	9	Do5#3	C5#4	321	322	1	16	227	95	96		13.65
194	9	Si4	B4	314	314	1	16	227	95	96		13.7
195	9	Si4	B4	314	314	1	16	227	95	96		13.75
196	9	La4	A4	305	305	1	16	227	95	96		13.8
197	9	Sol4#3	G4#4	299	300	1	16	227	95	96		13.85
198	9	Fa4#5	F4#5	292	292	1	16	227	95	96		13.9
199	9	Mi4	E4	283	283	1	8	455	95	96		14.0
200	9	Mi5	E5	336	336	1	4	909	95	96		14.2
201	9	Re5	D5	327	327	1	8	455	95	96		14.3
202	9	Do5#3	C5#4	321	322	1	24	152	95	96		14.3333333333
203	9	Si4	B4	314	314	1	24	152	95	96		14.3666666667
204	9	Do5#3	C5#4	321	322	1	24	152	95	96		14.4
205	9	Re5	D5	327	327	1	8	455	95	96		14.5
206	9	Si4	B4	314	314	1	24	152	95	96		14.5333333333
207	9	La4	A4	305	305	1	24	152	95	96		14.5666666667
208	9	Si4	B4	314	314	1	24	152	95	96		14.6
209	9	Do5#3	C5#4	321	322	1	8	455	95	96		14.7
210	9	La4	A4	305	305	1	4	909	95	96		14.9
211	9	Es	Es	-1	-1	1	8	455	100	0		15.0
212	9	Mi4	E4	283	283	1	4	909	95	96	2. HANE	15.2
213	9	Do5#3	C5#4	321	322	1	8	455	95	96		15.3
214	9	Si4	B4	314	314	3	16	682	95	96		15.45
215	9	Fa5#5	F5#5	345	345	1	16	227	95	96		15.5
216	9	Mi5	E5	336	336	1	16	227	95	96		15.55
217	9	Do5#3	C5#4	321	322	1	16	227	95	96		15.6
218	9	Re5	D5	327	327	1	16	227	95	96		15.65
219	9	Si4	B4	314	314	1	16	227	95	96		15.7
220	9	La4	A4	305	305	1	4	909	95	96		15.9
221	9	Es	Es	-1	-1	1	8	455	100	0		16.0
222	9	Si4	B4	314	314	1	8	455	95	96		16.1
223	9	Sol4#3	G4#4	299	300	1	8	455	95	96		16.2
224	9	Fa4#5	F4#5	292	292	1	8	455	95	96		16.3
225	9	Mi4	E4	283	283	3	16	682	95	96		16.45
226	9	Re4	D4	274	274	1	16	227	95	96		16.5
227	9	Do4#3	C4#4	268	269	1	16	227	95	96		16.55
228	9	Si3	B3	261	261	1	16	227	95	96		16.6
229	9	Do4#3	C4#4	268	269	1	16	227	95	96		16.65
230	9	Re4	D4	274	274	1	16	227	95	96		16.7
231	9	Mi4	E4	283	283	1	4	909	95	96		16.9
232	9	Mi4	E4	283	283	1	8	455	95	96		17.0
233	9	La4	A4	305	305	1	4	909	95	96		17.2
234	9	Fa4#5	F4#5	292	292	1	16	227	95	96		17.25
235	9	La4	A4	305	305	1	16	227	95	96		17.3
236	9	Do5#3	C5#4	321	322	1	4	909	95	96		17.5
237	9	Si4	B4	314	314	1	8	455	95	96		17.6
238	9	Do5#3	C5#4	321	322	1	8	455	95	96		17.7
239	9	La4	A4	305	305	1	8	455	95	96		17.8
240	9	Mi4	E4	283	283	1	8	455	95	96		17.9
241	9	Re5	D5	327	327	1	8	455	95	96		18.0
242	9	Si4	B4	314	314	1	4	909	95	96		18.2
243	9	Mi4	E4	283	283	1	8	455	95	96		18.3
244	9	Do5#3	C5#4	321	322	1	4	909	95	96		18.5
245	9	Si4	B4	314	314	1	8	455	95	96		18.6
246	9	Do5#3	C5#4	321	322	1	8	455	95	96		18.7
247	9	La4	A4	305	305	1	8	455	95	96		18.8
248	9	Fa4#5	F4#5	292	292	1	8	455	95	96		18.9
249	9	Fa5#5	F5#5	345	345	1	8	455	95	96		19.0
250	9	Mi5	E5	336	336	1	4	909	95	96		19.2
251	9	Do5#3	C5#4	321	322	1	16	227	95	96		19.25
252	9	Re5	D5	327	327	1	16	227	95	96		19.3
253	9	Si5	B5	367	367	1	16	227	95	96		19.35
254	9	La5	A5	358	358	1	16	227	95	96		19.4
255	9	Sol5	G5	349	349	1	16	227	95	96		19.45
256	9	Fa5#5	F5#5	345	345	1	16	227	95	96		19.5
257	9	Fa5#5	F5#5	345	345	1	16	227	95	96		19.55
258	10	Mi5	E5	336	336	1	16	227	95	96		19.6
259	8	Fa5#5	F5#5	345	345	0	0	0	95	96		19.6
260	9	Mi5	E5	336	336	1	16	227	95	96		19.65
261	9	Re5#4	D5#4	331	331	1	16	227	95	96		19.7
262	9	Mi5	E5	336	336	1	4	909	95	96		19.9
263	9	La4	A4	305	305	1	16	227	95	96		19.95
264	9	Do5#3	C5#4	321	322	1	16	227	95	96		20.0
265	9	Mi5	E5	336	336	1	8	455	95	96	TESLİM	20.1
266	9	Es	Es	-1	-1	1	8	455	100	0		20.2
267	9	La4	A4	305	305	1	16	227	95	96		20.25
268	9	Do5#3	C5#4	321	322	1	16	227	95	96		20.3
269	9	Mi5	E5	336	336	3	16	682	95	96		20.45
270	9	Fa5#5	F5#5	345	345	1	16	227	95	96		20.5
271	9	Mi5	E5	336	336	1	8	455	95	96		20.6
272	9	Re5	D5	327	327	1	8	455	95	96		20.7
273	9	Do5#3	C5#4	321	322	1	8	455	95	96		20.8
274	9	Si4	B4	314	314	1	8	455	95	96		20.9
275	8	Do5#3	C5#4	321	322	0	0	0	95	96		20.9
276	9	Si4	B4	314	314	1	16	227	95	96		20.95
277	9	Do5#3	C5#4	321	322	1	16	227	95	96		21.0
278	9	Re5	D5	327	327	1	8	455	95	96		21.1
279	9	Es	Es	-1	-1	1	8	455	100	0		21.2
280	9	La4	A4	305	305	1	16	227	95	96		21.25
281	9	Do5#3	C5#4	321	322	1	16	227	95	96		21.3
282	9	Re5	D5	327	327	3	16	682	95	96		21.45
283	9	Fa5#5	F5#5	345	345	1	16	227	95	96		21.5
284	9	Mi5	E5	336	336	1	8	455	95	96		21.6
285	9	Re5	D5	327	327	1	8	455	95	96		21.7
286	9	Do5#3	C5#4	321	322	1	8	455	95	96		21.8
287	9	Si4	B4	314	314	1	16	227	95	96		21.85
288	9	Do5#3	C5#4	321	322	1	16	227	95	96		21.9
289	9	La4	A4	305	305	1	16	227	95	96		21.95
290	9	Si4	B4	314	314	1	16	227	95	96		22.0
291	9	Do5#3	C5#4	321	322	1	8	455	95	96		22.1
292	9	Es	Es	-1	-1	1	8	455	100	0		22.2
293	9	La4	A4	305	305	1	16	227	95	96		22.25
294	9	Si4	B4	314	314	1	16	227	95	96		22.3
295	9	Do5#3	C5#4	321	322	3	16	682	95	96		22.45
296	9	Re5	D5	327	327	1	16	227	95	96		22.5
297	9	Do5#3	C5#4	321	322	1	8	455	95	96		22.6
298	9	Si4	B4	314	314	1	8	455	95	96		22.7
299	9	La4	A4	305	305	1	8	455	95	96		22.8
300	9	Sol4#3	G4#4	299	300	1	16	227	95	96		22.85
301	9	La4	A4	305	305	1	16	227	95	96		22.9
302	8	Si4	B4	314	314	0	0	0	95	96		22.9
303	9	Sol4#3	G4#4	299	300	1	16	227	95	96		22.95
304	9	La4	A4	305	305	1	16	227	95	96		23.0
305	9	Si4	B4	314	314	1	8	455	95	96		23.1
306	9	Es	Es	-1	-1	1	8	455	100	0		23.2
307	9	Mi4	E4	283	283	1	8	455	95	96		23.3
308	9	Fa5#5	F5#5	345	345	1	16	227	95	96		23.35
309	10	Mi5	E5	336	336	1	16	227	95	96		23.4
310	8	Fa5#5	F5#5	345	345	0	0	0	95	96		23.4
311	9	Mi5	E5	336	336	1	16	227	95	96		23.45
312	9	Re5	D5	327	327	1	16	227	95	96		23.5
313	9	Re5	D5	327	327	1	16	227	95	96		23.55
314	10	Do5#3	C5#4	321	322	1	16	227	95	96		23.6
315	8	Re5	D5	327	327	0	0	0	95	96		23.6
316	9	Do5#3	C5#4	321	322	1	16	227	95	96		23.65
317	9	Si4	B4	314	314	1	16	227	95	96		23.7
318	9	Si4	B4	314	314	1	16	227	95	96		23.75
319	9	La4	A4	305	305	1	16	227	95	96		23.8
320	9	Sol4#3	G4#4	299	300	1	16	227	95	96		23.85
321	9	Fa4#5	F4#5	292	292	1	16	227	95	96		23.9
322	9	Mi4	E4	283	283	1	8	455	95	96		24.0
323	9	Mi5	E5	336	336	1	4	909	95	96		24.2
324	9	Re5	D5	327	327	1	8	455	95	96		24.3
325	9	Do5#3	C5#4	321	322	1	24	152	95	96		24.3333333333
326	9	Si4	B4	314	314	1	24	152	95	96		24.3666666667
327	9	Do5#3	C5#4	321	322	1	24	152	95	96		24.4
328	9	Re5	D5	327	327	1	8	455	95	96		24.5
329	9	Si4	B4	314	314	1	24	152	95	96		24.5333333333
330	9	La4	A4	305	305	1	24	152	95	96		24.5666666667
331	9	Si4	B4	314	314	1	24	152	95	96		24.6
332	9	Do5#3	C5#4	321	322	1	8	455	95	96		24.7
333	9	La4	A4	305	305	3	16	682	95	96		24.85
334	9	Fa4#5	F4#5	292	292	1	16	227	95	96		24.9
335	9	La4	A4	305	305	1	16	227	95	96		24.95
336	9	Do5#3	C5#4	321	322	1	16	227	95	96		25.0
337	9	Mi5	E5	336	336	1	8	455	95	96	TESLİM	25.1
338	9	Es	Es	-1	-1	1	8	455	100	0		25.2
339	9	La4	A4	305	305	1	16	227	95	96		25.25
340	9	Do5#3	C5#4	321	322	1	16	227	95	96		25.3
341	9	Mi5	E5	336	336	3	16	682	95	96		25.45
342	9	Fa5#5	F5#5	345	345	1	16	227	95	96		25.5
343	9	Mi5	E5	336	336	1	8	455	95	96		25.6
344	9	Re5	D5	327	327	1	8	455	95	96		25.7
345	9	Do5#3	C5#4	321	322	1	8	455	95	96		25.8
346	9	Si4	B4	314	314	1	8	455	95	96		25.9
347	8	Do5#3	C5#4	321	322	0	0	0	95	96		25.9
348	9	Si4	B4	314	314	1	16	227	95	96		25.95
349	9	Do5#3	C5#4	321	322	1	16	227	95	96		26.0
350	9	Re5	D5	327	327	1	8	455	95	96		26.1
351	9	Es	Es	-1	-1	1	8	455	100	0		26.2
352	9	La4	A4	305	305	1	16	227	95	96		26.25
353	9	Do5#3	C5#4	321	322	1	16	227	95	96		26.3
354	9	Re5	D5	327	327	3	16	682	95	96		26.45
355	9	Fa5#5	F5#5	345	345	1	16	227	95	96		26.5
356	9	Mi5	E5	336	336	1	8	455	95	96		26.6
357	9	Re5	D5	327	327	1	8	455	95	96		26.7
358	9	Do5#3	C5#4	321	322	1	8	455	95	96		26.8
359	9	Si4	B4	314	314	1	16	227	95	96		26.85
360	9	Do5#3	C5#4	321	322	1	16	227	95	96		26.9
361	9	La4	A4	305	305	1	16	227	95	96		26.95
362	9	Si4	B4	314	314	1	16	227	95	96		27.0
363	9	Do5#3	C5#4	321	322	1	8	455	95	96		27.1
364	9	Es	Es	-1	-1	1	8	455	100	0		27.2
365	9	La4	A4	305	305	1	16	227	95	96		27.25
366	9	Si4	B4	314	314	1	16	227	95	96		27.3
367	9	Do5#3	C5#4	321	322	3	16	682	95	96		27.45
368	9	Re5	D5	327	327	1	16	227	95	96		27.5
369	9	Do5#3	C5#4	321	322	1	8	455	95	96		27.6
370	9	Si4	B4	314	314	1	8	455	95	96		27.7
371	9	La4	A4	305	305	1	8	455	95	96		27.8
372	9	Sol4#3	G4#4	299	300	1	16	227	95	96		27.85
373	9	La4	A4	305	305	1	16	227	95	96		27.9
374	8	Si4	B4	314	314	0	0	0	95	96		27.9
375	9	Sol4#3	G4#4	299	300	1	16	227	95	96		27.95
376	9	La4	A4	305	305	1	16	227	95	96		28.0
377	9	Si4	B4	314	314	1	8	455	95	96		28.1
378	9	Es	Es	-1	-1	1	8	455	100	0		28.2
379	9	Mi4	E4	283	283	1	8	455	95	96		28.3
380	9	Fa5#5	F5#5	345	345	1	16	227	95	96		28.35
381	10	Mi5	E5	336	336	1	16	227	95	96		28.4
382	8	Fa5#5	F5#5	345	345	0	0	0	95	96		28.4
383	9	Mi5	E5	336	336	1	16	227	95	96		28.45
384	9	Re5	D5	327	327	1	16	227	95	96		28.5
385	9	Re5	D5	327	327	1	16	227	95	96		28.55
386	10	Do5#3	C5#4	321	322	1	16	227	95	96		28.6
387	8	Re5	D5	327	327	0	0	0	95	96		28.6
388	9	Do5#3	C5#4	321	322	1	16	227	95	96		28.65
389	9	Si4	B4	314	314	1	16	227	95	96		28.7
390	9	Si4	B4	314	314	1	16	227	95	96		28.75
391	9	La4	A4	305	305	1	16	227	95	96		28.8
392	9	Sol4#3	G4#4	299	300	1	16	227	95	96		28.85
393	9	Fa4#5	F4#5	292	292	1	16	227	95	96		28.9
394	9	Mi4	E4	283	283	1	8	455	95	96		29.0
395	9	Mi5	E5	336	336	1	4	909	95	96		29.2
396	9	Re5	D5	327	327	1	8	455	95	96		29.3
397	9	Do5#3	C5#4	321	322	1	24	152	95	96		29.3333333333
398	9	Si4	B4	314	314	1	24	152	95	96		29.3666666667
399	9	Do5#3	C5#4	321	322	1	24	152	95	96		29.4
400	9	Re5	D5	327	327	1	8	455	95	96		29.5
401	9	Si4	B4	314	314	1	24	152	95	96		29.5333333333
402	9	La4	A4	305	305	1	24	152	95	96		29.5666666667
403	9	Si4	B4	314	314	1	24	152	95	96		29.6
404	9	Do5#3	C5#4	321	322	1	8	455	95	96		29.7
405	9	La4	A4	305	305	1	4	909	95	96		29.9
406	9	Es	Es	-1	-1	1	8	455	100	0		30.0
407	9	La5	A5	358	358	1	4	909	95	96	3. HANE	30.2
408	9	Sol5#3	G5#4	352	353	1	8	455	95	96		30.3
409	9	La5	A5	358	358	1	4	909	95	96		30.5
410	9	Do6	C6	371	371	1	24	152	95	96		30.5333333333
411	9	Si5	B5	367	367	1	24	152	95	96		30.5666666667
412	9	La5	A5	358	358	1	24	152	95	96		30.6
413	9	Sol5#3	G5#4	352	353	1	16	227	95	96		30.65
414	9	Fa5#5	F5#5	345	345	1	16	227	95	96		30.7
415	9	Mi5	E5	336	336	1	16	227	95	96		30.75
416	9	Re5	D5	327	327	1	16	227	95	96		30.8
417	9	Do5#3	C5#4	321	322	1	8	455	95	96		30.9
418	9	Es	Es	-1	-1	1	8	455	100	0		31.0
419	9	Mi5	E5	336	336	1	4	909	95	96		31.2
420	9	Mi5	E5	336	336	1	8	455	95	96		31.3
421	9	Re5#4	D5#4	331	331	1	16	227	95	96		31.35
422	9	Mi5	E5	336	336	1	16	227	95	96		31.4
423	9	Fa5#5	F5#5	345	345	1	16	227	95	96		31.45
424	9	Sol5	G5	349	349	1	16	227	95	96		31.5
425	9	Fa5#5	F5#5	345	345	1	16	227	95	96		31.55
426	10	Mi5	E5	336	336	1	16	227	95	96		31.6
427	8	Fa5#5	F5#5	345	345	0	0	0	95	96		31.6
428	9	Mi5	E5	336	336	1	16	227	95	96		31.65
429	9	Re5#4	D5#4	331	331	1	16	227	95	96		31.7
430	9	Mi5	E5	336	336	1	4	909	95	96		31.9
431	9	Es	Es	-1	-1	1	8	455	100	0		32.0
432	9	Sol5#3	G5#4	352	353	1	4	909	95	96		32.2
433	9	Fa5#5	F5#5	345	345	1	8	455	95	96		32.3
434	9	Sol5#3	G5#4	352	353	3	32	341	95	96		32.375
435	9	Fa5#5	F5#5	345	345	1	32	114	95	96		32.4
436	9	Sol5#3	G5#4	352	353	1	16	227	95	96		32.45
437	9	Si5	B5	367	367	1	16	227	95	96		32.5
438	9	La5	A5	358	358	1	8	455	95	96		32.6
439	9	Sol5#3	G5#4	352	353	1	8	455	95	96		32.7
440	9	Fa5#5	F5#5	345	345	3	32	341	95	96		32.775
441	9	La5	A5	358	358	1	32	114	95	96		32.8
442	9	Sol5#3	G5#4	352	353	1	16	227	95	96		32.85
443	9	Fa5#5	F5#5	345	345	1	16	227	95	96		32.9
444	9	Mi5	E5	336	336	1	16	227	95	96		32.95
445	9	Re5	D5	327	327	1	16	227	95	96		33.0
446	9	Do5#3	C5#4	321	322	1	4	909	95	96		33.2
447	9	Si5	B5	367	367	1	16	227	95	96		33.25
448	9	La5	A5	358	358	1	16	227	95	96		33.3
449	9	Sol5#3	G5#4	352	353	1	16	227	95	96		33.35
450	9	Fa5#5	F5#5	345	345	1	16	227	95	96		33.4
451	9	Mi5	E5	336	336	1	16	227	95	96		33.45
452	9	Fa5#5	F5#5	345	345	1	16	227	95	96		33.5
453	9	Mi5	E5	336	336	1	16	227	95	96		33.55
454	9	Re5	D5	327	327	1	16	227	95	96		33.6
455	9	Do5#4	C5#4	322	322	1	16	227	95	96		33.65
456	9	Si4#4	B4#4	318	318	1	16	227	95	96		33.7
457	9	Do5#4	C5#4	322	322	3	16	682	95	96		33.85
458	9	La4	A4	305	305	1	16	227	95	96		33.9
459	8	Si4#4	B4#4	318	318	0	0	0	95	96		33.9
460	9	La4	A4	305	305	1	16	227	95	96		33.95
461	9	Do5#3	C5#4	321	322	1	16	227	95	96		34.0
462	9	Mi5	E5	336	336	1	8	455	95	96	TESLİM	34.1
463	9	Es	Es	-1	-1	1	8	455	100	0		34.2
464	9	La4	A4	305	305	1	16	227	95	96		34.25
465	9	Do5#3	C5#4	321	322	1	16	227	95	96		34.3
466	9	Mi5	E5	336	336	3	16	682	95	96		34.45
467	9	Fa5#5	F5#5	345	345	1	16	227	95	96		34.5
468	9	Mi5	E5	336	336	1	8	455	95	96		34.6
469	9	Re5	D5	327	327	1	8	455	95	96		34.7
470	9	Do5#3	C5#4	321	322	1	8	455	95	96		34.8
471	9	Si4	B4	314	314	1	8	455	95	96		34.9
472	8	Do5#3	C5#4	321	322	0	0	0	95	96		34.9
473	9	Si4	B4	314	314	1	16	227	95	96		34.95
474	9	Do5#3	C5#4	321	322	1	16	227	95	96		35.0
475	9	Re5	D5	327	327	1	8	455	95	96		35.1
476	9	Es	Es	-1	-1	1	8	455	100	0		35.2
477	9	La4	A4	305	305	1	16	227	95	96		35.25
478	9	Do5#3	C5#4	321	322	1	16	227	95	96		35.3
479	9	Re5	D5	327	327	3	16	682	95	96		35.45
480	9	Fa5#5	F5#5	345	345	1	16	227	95	96		35.5
481	9	Mi5	E5	336	336	1	8	455	95	96		35.6
482	9	Re5	D5	327	327	1	8	455	95	96		35.7
483	9	Do5#3	C5#4	321	322	1	8	455	95	96		35.8
484	9	Si4	B4	314	314	1	16	227	95	96		35.85
485	9	Do5#3	C5#4	321	322	1	16	227	95	96		35.9
486	9	La4	A4	305	305	1	16	227	95	96		35.95
487	9	Si4	B4	314	314	1	16	227	95	96		36.0
488	9	Do5#3	C5#4	321	322	1	8	455	95	96		36.1
489	9	Es	Es	-1	-1	1	8	455	100	0		36.2
490	9	La4	A4	305	305	1	16	227	95	96		36.25
491	9	Si4	B4	314	314	1	16	227	95	96		36.3
492	9	Do5#3	C5#4	321	322	3	16	682	95	96		36.45
493	9	Re5	D5	327	327	1	16	227	95	96		36.5
494	9	Do5#3	C5#4	321	322	1	8	455	95	96		36.6
495	9	Si4	B4	314	314	1	8	455	95	96		36.7
496	9	La4	A4	305	305	1	8	455	95	96		36.8
497	9	Sol4#3	G4#4	299	300	1	16	227	95	96		36.85
498	9	La4	A4	305	305	1	16	227	95	96		36.9
499	8	Si4	B4	314	314	0	0	0	95	96		36.9
500	9	Sol4#3	G4#4	299	300	1	16	227	95	96		36.95
501	9	La4	A4	305	305	1	16	227	95	96		37.0
502	9	Si4	B4	314	314	1	8	455	95	96		37.1
503	9	Es	Es	-1	-1	1	8	455	100	0		37.2
504	9	Mi4	E4	283	283	1	8	455	95	96		37.3
505	9	Fa5#5	F5#5	345	345	1	16	227	95	96		37.35
506	10	Mi5	E5	336	336	1	16	227	95	96		37.4
507	8	Fa5#5	F5#5	345	345	0	0	0	95	96		37.4
508	9	Mi5	E5	336	336	1	16	227	95	96		37.45
509	9	Re5	D5	327	327	1	16	227	95	96		37.5
510	9	Re5	D5	327	327	1	16	227	95	96		37.55
511	10	Do5#3	C5#4	321	322	1	16	227	95	96		37.6
512	8	Re5	D5	327	327	0	0	0	95	96		37.6
513	9	Do5#3	C5#4	321	322	1	16	227	95	96		37.65
514	9	Si4	B4	314	314	1	16	227	95	96		37.7
515	9	Si4	B4	314	314	1	16	227	95	96		37.75
516	9	La4	A4	305	305	1	16	227	95	96		37.8
517	9	Sol4#3	G4#4	299	300	1	16	227	95	96		37.85
518	9	Fa4#5	F4#5	292	292	1	16	227	95	96		37.9
519	9	Mi4	E4	283	283	1	8	455	95	96		38.0
520	9	Mi5	E5	336	336	1	4	909	95	96		38.2
521	9	Re5	D5	327	327	1	8	455	95	96		38.3
522	9	Do5#3	C5#4	321	322	1	24	152	95	96		38.3333333333
523	9	Si4	B4	314	314	1	24	152	95	96		38.3666666667
524	9	Do5#3	C5#4	321	322	1	24	152	95	96		38.4
525	9	Re5	D5	327	327	1	8	455	95	96		38.5
526	9	Si4	B4	314	314	1	24	152	95	96		38.5333333333
527	9	La4	A4	305	305	1	24	152	95	96		38.5666666667
528	9	Si4	B4	314	314	1	24	152	95	96		38.6
529	9	Do5#3	C5#4	321	322	1	8	455	95	96		38.7
530	9	La4	A4	305	305	3	16	682	95	96		38.85
531	9	Fa4#5	F4#5	292	292	1	16	227	95	96		38.9
532	9	La4	A4	305	305	1	16	227	95	96		38.95
533	9	Do5#3	C5#4	321	322	1	16	227	95	96		39.0
534	9	Mi5	E5	336	336	1	8	455	95	96	TESLİM	39.1
535	9	Es	Es	-1	-1	1	8	455	100	0		39.2
536	9	La4	A4	305	305	1	16	227	95	96		39.25
537	9	Do5#3	C5#4	321	322	1	16	227	95	96		39.3
538	9	Mi5	E5	336	336	3	16	682	95	96		39.45
539	9	Fa5#5	F5#5	345	345	1	16	227	95	96		39.5
540	9	Mi5	E5	336	336	1	8	455	95	96		39.6
541	9	Re5	D5	327	327	1	8	455	95	96		39.7
542	9	Do5#3	C5#4	321	322	1	8	455	95	96		39.8
543	9	Si4	B4	314	314	1	8	455	95	96		39.9
544	8	Do5#3	C5#4	321	322	0	0	0	95	96		39.9
545	9	Si4	B4	314	314	1	16	227	95	96		39.95
546	9	Do5#3	C5#4	321	322	1	16	227	95	96		40.0
547	9	Re5	D5	327	327	1	8	455	95	96		40.1
548	9	Es	Es	-1	-1	1	8	455	100	0		40.2
549	9	La4	A4	305	305	1	16	227	95	96		40.25
550	9	Do5#3	C5#4	321	322	1	16	227	95	96		40.3
551	9	Re5	D5	327	327	3	16	682	95	96		40.45
552	9	Fa5#5	F5#5	345	345	1	16	227	95	96		40.5
553	9	Mi5	E5	336	336	1	8	455	95	96		40.6
554	9	Re5	D5	327	327	1	8	455	95	96		40.7
555	9	Do5#3	C5#4	321	322	1	8	455	95	96		40.8
556	9	Si4	B4	314	314	1	16	227	95	96		40.85
557	9	Do5#3	C5#4	321	322	1	16	227	95	96		40.9
558	9	La4	A4	305	305	1	16	227	95	96		40.95
559	9	Si4	B4	314	314	1	16	227	95	96		41.0
560	9	Do5#3	C5#4	321	322	1	8	455	95	96		41.1
561	9	Es	Es	-1	-1	1	8	455	100	0		41.2
562	9	La4	A4	305	305	1	16	227	95	96		41.25
563	9	Si4	B4	314	314	1	16	227	95	96		41.3
564	9	Do5#3	C5#4	321	322	3	16	682	95	96		41.45
565	9	Re5	D5	327	327	1	16	227	95	96		41.5
566	9	Do5#3	C5#4	321	322	1	8	455	95	96		41.6
567	9	Si4	B4	314	314	1	8	455	95	96		41.7
568	9	La4	A4	305	305	1	8	455	95	96		41.8
569	9	Sol4#3	G4#4	299	300	1	16	227	95	96		41.85
570	9	La4	A4	305	305	1	16	227	95	96		41.9
571	8	Si4	B4	314	314	0	0	0	95	96		41.9
572	9	Sol4#3	G4#4	299	300	1	16	227	95	96		41.95
573	9	La4	A4	305	305	1	16	227	95	96		42.0
574	9	Si4	B4	314	314	1	8	455	95	96		42.1
575	9	Es	Es	-1	-1	1	8	455	100	0		42.2
576	9	Mi4	E4	283	283	1	8	455	95	96		42.3
577	9	Fa5#5	F5#5	345	345	1	16	227	95	96		42.35
578	10	Mi5	E5	336	336	1	16	227	95	96		42.4
579	8	Fa5#5	F5#5	345	345	0	0	0	95	96		42.4
580	9	Mi5	E5	336	336	1	16	227	95	96		42.45
581	9	Re5	D5	327	327	1	16	227	95	96		42.5
582	9	Re5	D5	327	327	1	16	227	95	96		42.55
583	10	Do5#3	C5#4	321	322	1	16	227	95	96		42.6
584	8	Re5	D5	327	327	0	0	0	95	96		42.6
585	9	Do5#3	C5#4	321	322	1	16	227	95	96		42.65
586	9	Si4	B4	314	314	1	16	227	95	96		42.7
587	9	Si4	B4	314	314	1	16	227	95	96		42.75
588	9	La4	A4	305	305	1	16	227	95	96		42.8
589	9	Sol4#3	G4#4	299	300	1	16	227	95	96		42.85
590	9	Fa4#5	F4#5	292	292	1	16	227	95	96		42.9
591	9	Mi4	E4	283	283	1	8	455	95	96		43.0
592	9	Mi5	E5	336	336	1	4	909	95	96		43.2
593	9	Re5	D5	327	327	1	8	455	95	96		43.3
594	9	Do5#3	C5#4	321	322	1	24	152	95	96		43.3333333333
595	9	Si4	B4	314	314	1	24	152	95	96		43.3666666667
596	9	Do5#3	C5#4	321	322	1	24	152	95	96		43.4
597	9	Re5	D5	327	327	1	8	455	95	96		43.5
598	9	Si4	B4	314	314	1	24	152	95	96		43.5333333333
599	9	La4	A4	305	305	1	24	152	95	96		43.5666666667
600	9	Si4	B4	314	314	1	24	152	95	96		43.6
601	9	Do5#3	C5#4	321	322	1	8	455	95	96		43.7
602	9	La4	A4	305	305	1	4	909	95	96		43.9
603	9	Es	Es	-1	-1	1	8	455	100	0		44.0
604	51			0	0	10	8	0	28	0	Curcuna	44.0
605	9	Mi5	E5	336	336	1	4	250	95	96	4. HANE	44.2
606	9	Mi5	E5	336	336	1	8	125	95	96		44.3
607	9	La5	A5	358	358	1	4	250	95	96		44.5
608	9	La5	A5	358	358	1	8	125	95	96		44.6
609	9	Sol5#3	G5#4	352	353	1	8	125	95	96		44.7
610	9	La5	A5	358	358	1	4	250	95	96		44.9
611	9	Es	Es	-1	-1	1	8	125	100	0		45.0
612	9	Mi5	E5	336	336	1	4	250	95	96		45.2
613	9	Fa5#5	F5#5	345	345	1	8	125	95	96		45.3
614	9	Mi5	E5	336	336	1	8	125	95	96		45.4
615	9	Re5	D5	327	327	1	8	125	95	96		45.5
616	9	Do5#3	C5#4	321	322	1	8	125	95	96		45.6
617	9	Si4	B4	314	314	1	8	125	95	96		45.7
618	9	La4	A4	305	305	3	8	375	95	96		46.0
619	9	La5	A5	358	358	5	8	625	95	96		46.5
620	9	Sol5	G5	349	349	1	4	250	95	96		46.7
621	9	Fa5#5	F5#5	345	345	1	4	250	95	96		46.9
622	9	Mi5	E5	336	336	1	8	125	95	96		47.0
623	9	Fa5#5	F5#5	345	345	1	4	250	95	96		47.2
624	9	La5	A5	358	358	1	8	125	95	96		47.3
625	9	Sol5	G5	349	349	1	8	125	95	96		47.4
626	9	Fa5#5	F5#5	345	345	1	8	125	95	96		47.5
627	9	Mi5	E5	336	336	1	8	125	95	96		47.6
628	9	Re5#4	D5#4	331	331	1	8	125	95	96		47.7
629	9	Mi5	E5	336	336	1	4	250	95	96		47.9
630	9	Es	Es	-1	-1	1	8	125	100	0		48.0
631	9	Es	Es	-1	-1	1	4	250	100	0		48.2
632	9	Fa5#5	F5#5	345	345	1	8	125	95	96		48.3
633	9	Sol5	G5	349	349	1	4	250	95	96		48.5
634	9	Sol5	G5	349	349	1	16	62	95	96		48.55
635	9	La5	A5	358	358	1	16	62	95	96		48.6
636	9	Sol5	G5	349	349	1	16	62	95	96		48.65
637	9	Fa5#5	F5#5	345	345	1	16	62	95	96		48.7
638	9	Sol5	G5	349	349	1	4	250	95	96		48.9
639	9	Sol5	G5	349	349	1	8	125	95	96		49.0
640	9	Fa5#5	F5#5	345	345	1	8	125	95	96		49.1
641	9	Sol5	G5	349	349	1	8	125	95	96		49.2
642	9	La5	A5	358	358	1	8	125	95	96		49.3
643	9	Si5	B5	367	367	1	8	125	95	96		49.4
644	9	La5	A5	358	358	1	8	125	95	96		49.5
645	9	Sol5	G5	349	349	1	8	125	95	96		49.6
646	9	Fa5#5	F5#5	345	345	1	8	125	95	96		49.7
647	9	Fa5#5	F5#5	345	345	1	4	250	95	96		49.9
648	9	Mi5	E5	336	336	1	8	125	95	96		50.0
649	9	Mi5	E5	336	336	1	4	250	95	96		50.2
650	9	La5	A5	358	358	1	8	125	95	96		50.3
651	9	Sol5	G5	349	349	1	8	125	95	96		50.4
652	10	Fa5#5	F5#5	345	345	1	8	125	95	96		50.5
653	8	Sol5	G5	349	349	0	0	0	95	96		50.5
654	11	Fa5#5	F5#5	345	345	1	8	125	95	96		50.6
655	9	Mi5	E5	336	336	1	8	125	95	96		50.7
656	8	Fa5#5	F5#5	345	345	0	0	0	95	96		50.7
657	9	Mi5	E5	336	336	1	8	125	95	96		50.8
658	9	Re5	D5	327	327	1	8	125	95	96		50.9
659	9	Do5#3	C5#4	321	322	1	8	125	95	96		51.0
660	9	Re5	D5	327	327	5	4	1250	95	96		52.0
661	9	Do5#3	C5#4	321	322	1	8	125	95	96		52.1
662	9	Re5	D5	327	327	1	8	125	95	96		52.2
663	9	Mi5	E5	336	336	1	8	125	95	96		52.3
664	9	Fa5#5	F5#5	345	345	1	8	125	95	96		52.4
665	9	Mi5	E5	336	336	1	8	125	95	96		52.5
666	9	Re5	D5	327	327	1	8	125	95	96		52.6
667	9	Do5#3	C5#4	321	322	1	8	125	95	96		52.7
668	9	Si4	B4	314	314	1	8	125	95	96		52.8
669	9	La4	A4	305	305	1	8	125	95	96		52.9
670	9	Si4	B4	314	314	1	8	125	95	96		53.0
671	9	Do5#3	C5#4	321	322	3	8	375	95	96		53.3
672	9	Re5	D5	327	327	1	8	125	95	96		53.4
673	9	Mi5	E5	336	336	1	8	125	95	96		53.5
674	9	Do5#3	C5#4	321	322	1	8	125	95	96		53.6
675	9	Re5	D5	327	327	1	8	125	95	96		53.7
676	9	Si4	B4	314	314	1	8	125	95	96		53.8
677	9	Do5#3	C5#4	321	322	1	8	125	95	96		53.9
678	9	La4	A4	305	305	1	8	125	95	96		54.0
679	9	Mi5	E5	336	336	3	8	375	95	96		54.3
680	9	Si5	B5	367	367	1	8	125	95	96		54.4
681	9	La5	A5	358	358	1	8	125	95	96		54.5
682	9	Sol5#3	G5#4	352	353	1	4	250	95	96		54.7
683	9	Fa5#5	F5#5	345	345	1	4	250	95	96		54.9
684	9	Mi5	E5	336	336	1	8	125	95	96		55.0
685	9	Mi5	E5	336	336	1	8	125	95	96		55.1
686	9	Re5#4	D5#4	331	331	1	8	125	95	96		55.2
687	9	Mi5	E5	336	336	1	8	125	95	96		55.3
688	9	Fa5#5	F5#5	345	345	1	8	125	95	96		55.4
689	9	Mi5	E5	336	336	1	8	125	95	96		55.5
690	9	Mi5	E5	336	336	1	8	125	95	96		55.6
691	9	Re5	D5	327	327	1	8	125	95	96		55.7
692	9	Do5#3	C5#4	321	322	1	4	250	95	96		55.9
693	9	Es	Es	-1	-1	1	8	125	100	0		56.0
694	9	Si4	B4	314	314	1	8	125	95	96		56.1
695	9	Do5#3	C5#4	321	322	1	8	125	95	96		56.2
696	9	Re5	D5	327	327	1	8	125	95	96		56.3
697	9	Do5#3	C5#4	321	322	1	8	125	95	96		56.4
698	9	Re5	D5	327	327	1	8	125	95	96		56.5
699	9	Do5#3	C5#4	321	322	1	8	125	95	96		56.6
700	9	Re5	D5	327	327	1	8	125	95	96		56.7
701	9	Mi5	E5	336	336	3	8	375	95	96		57.0
702	9	Es	Es	-1	-1	1	4	250	100	0		57.2
703	9	Fa5#5	F5#5	345	345	1	8	125	95	96		57.3
704	9	Mi5	E5	336	336	1	8	125	95	96		57.4
705	9	Re5	D5	327	327	1	8	125	95	96		57.5
706	9	Do5#3	C5#4	321	322	1	8	125	95	96		57.6
707	9	Re5	D5	327	327	1	8	125	95	96		57.7
708	9	Mi5	E5	336	336	1	16	62	95	96		57.75
709	9	Fa5#5	F5#5	345	345	1	16	62	95	96		57.8
710	9	Mi5	E5	336	336	1	16	62	95	96		57.85
711	9	Re5	D5	327	327	1	16	62	95	96		57.9
712	9	Mi5	E5	336	336	1	8	125	95	96		58.0
713	9	Si4	B4	314	314	1	8	125	95	96		58.1
714	9	Do5#3	C5#4	321	322	1	8	125	95	96		58.2
715	9	Re5	D5	327	327	1	8	125	95	96		58.3
716	9	Si4	B4	314	314	1	8	125	95	96		58.4
717	9	Do5#3	C5#4	321	322	1	8	125	95	96		58.5
718	9	La4	A4	305	305	1	8	125	95	96		58.6
719	9	Fa5#5	F5#5	345	345	1	8	125	95	96		58.7
720	9	Mi5	E5	336	336	1	4	250	95	96		58.9
721	9	Es	Es	-1	-1	1	8	125	100	0		59.0
722	9	Mi4	E4	283	283	1	4	250	95	96		59.2
723	9	Mi4	E4	283	283	1	8	125	95	96		59.3
724	9	Fa4#5	F4#5	292	292	1	8	125	95	96		59.4
725	9	Sol4#3	G4#4	299	300	1	8	125	95	96		59.5
726	9	La4	A4	305	305	1	8	125	95	96		59.6
727	9	Si4	B4	314	314	1	8	125	95	96		59.7
728	9	Do5#3	C5#4	321	322	1	8	125	95	96		59.8
729	9	Si4	B4	314	314	1	8	125	95	96		59.9
730	9	Mi4	E4	283	283	1	8	125	95	96		60.0
731	9	La5	A5	358	358	1	8	125	95	96		60.1
732	9	Sol5#3	G5#4	352	353	1	8	125	95	96		60.2
733	9	La5	A5	358	358	1	8	125	95	96		60.3
734	9	Sol5#3	G5#4	352	353	1	8	125	95	96		60.4
735	9	La5	A5	358	358	1	8	125	95	96		60.5
736	9	Sol5#3	G5#4	352	353	1	8	125	95	96		60.6
737	9	La5	A5	358	358	1	8	125	95	96		60.7
738	9	Fa5#5	F5#5	345	345	1	8	125	95	96		60.8
739	9	Mi5	E5	336	336	1	8	125	95	96		60.9
740	9	Re5	D5	327	327	1	8	125	95	96		61.0
741	9	Do5#3	C5#4	321	322	1	8	125	95	96		61.1
742	9	Re5	D5	327	327	1	8	125	95	96		61.2
743	9	Mi5	E5	336	336	1	4	250	95	96		61.4
744	9	La5	A5	358	358	1	8	125	95	96		61.5
745	9	Mi5	E5	336	336	1	8	125	95	96		61.6
746	9	Re5	D5	327	327	1	8	125	95	96		61.7
747	9	Do5#3	C5#4	321	322	1	8	125	95	96		61.8
748	9	Si4	B4	314	314	1	8	125	95	96		61.9
749	9	La4	A4	305	305	1	8	125	95	96		62.0
750	9	Fa5#5	F5#5	345	345	1	8	125	95	96		62.1
751	9	Re5	D5	327	327	1	8	125	95	96		62.2
752	9	Mi5	E5	336	336	1	8	125	95	96		62.3
753	9	Do5#3	C5#4	321	322	1	8	125	95	96		62.4
754	9	Re5	D5	327	327	1	8	125	95	96		62.5
755	9	Si4	B4	314	314	1	8	125	95	96		62.6
756	9	Do5#3	C5#4	321	322	1	8	125	95	96		62.7
757	9	La4	A4	305	305	1	8	125	95	96		62.8
758	9	Si4	B4	314	314	1	8	125	95	96		62.9
759	9	Sol4#4	G4#4	300	300	1	8	125	95	96		63.0
760	9	La4	A4	305	305	1	8	125	95	96		63.1
761	9	Si4	B4	314	314	1	8	125	95	96		63.2
762	9	Do5#3	C5#4	321	322	1	8	125	95	96		63.3
763	9	Re5	D5	327	327	1	8	125	95	96		63.4
764	9	Mi5	E5	336	336	1	8	125	95	96		63.5
765	9	Fa5#5	F5#5	345	345	1	8	125	95	96		63.6
766	9	Sol5#3	G5#4	352	353	1	8	125	95	96		63.7
767	9	La5	A5	358	358	3	8	375	95	96		64.0
768	9	La5	A5	358	358	1	8	125	95	96		64.1
769	9	Sol5#3	G5#4	352	353	1	8	125	95	96		64.2
770	9	La5	A5	358	358	1	8	125	95	96		64.3
771	9	Sol5#3	G5#4	352	353	1	8	125	95	96		64.4
772	9	La5	A5	358	358	1	8	125	95	96		64.5
773	9	Sol5#3	G5#4	352	353	1	8	125	95	96		64.6
774	9	La5	A5	358	358	1	8	125	95	96		64.7
775	9	Fa5#5	F5#5	345	345	1	8	125	95	96		64.8
776	9	Mi5	E5	336	336	1	8	125	95	96		64.9
777	9	Re5	D5	327	327	1	8	125	95	96		65.0
778	9	Do5#3	C5#4	321	322	1	8	125	95	96		65.1
779	9	Re5	D5	327	327	1	8	125	95	96		65.2
780	9	Mi5	E5	336	336	1	4	250	95	96		65.4
781	9	La5	A5	358	358	1	8	125	95	96		65.5
782	9	Mi5	E5	336	336	1	8	125	95	96		65.6
783	9	Re5	D5	327	327	1	8	125	95	96		65.7
784	9	Do5#3	C5#4	321	322	1	8	125	95	96		65.8
785	9	Si4	B4	314	314	1	8	125	95	96		65.9
786	9	La4	A4	305	305	1	8	125	95	96		66.0
787	9	Fa5#5	F5#5	345	345	1	8	125	95	96		66.1
788	9	Re5	D5	327	327	1	8	125	95	96		66.2
789	9	Mi5	E5	336	336	1	8	125	95	96		66.3
790	9	Do5#3	C5#4	321	322	1	8	125	95	96		66.4
791	9	Re5	D5	327	327	1	8	125	95	96		66.5
792	9	Si4	B4	314	314	1	8	125	95	96		66.6
793	9	Do5#3	C5#4	321	322	1	8	125	95	96		66.7
794	9	La4	A4	305	305	1	8	125	95	96		66.8
795	9	Si4	B4	314	314	1	8	125	95	96		66.9
796	9	Sol4#4	G4#4	300	300	1	8	125	95	96		67.0
797	9	La4	A4	305	305	3	4	750	95	96		67.6
798	9	Es	Es	-1	-1	1	4	250	100	0		67.8
799	9	La4	A4	305	305	1	8	125	95	96		67.9
800	9	Do5#3	C5#4	321	322	1	8	125	95	96		68.0
801	51			0	0	10	8	0	30	0		68.0
802	9	Mi5	E5	336	336	1	8	455	95	96	TESLİM	68.1
803	9	Es	Es	-1	-1	1	8	455	100	0		68.2
804	9	La4	A4	305	305	1	16	227	95	96		68.25
805	9	Do5#3	C5#4	321	322	1	16	227	95	96		68.3
806	9	Mi5	E5	336	336	3	16	682	95	96		68.45
807	9	Fa5#5	F5#5	345	345	1	16	227	95	96		68.5
808	9	Mi5	E5	336	336	1	8	455	95	96		68.6
809	9	Re5	D5	327	327	1	8	455	95	96		68.7
810	9	Do5#3	C5#4	321	322	1	8	455	95	96		68.8
811	9	Si4	B4	314	314	1	8	455	95	96		68.9
812	8	Do5#3	C5#4	321	322	0	0	0	95	96		68.9
813	9	Si4	B4	314	314	1	16	227	95	96		68.95
814	9	Do5#3	C5#4	321	322	1	16	227	95	96		69.0
815	9	Re5	D5	327	327	1	8	455	95	96		69.1
816	9	Es	Es	-1	-1	1	8	455	100	0		69.2
817	9	La4	A4	305	305	1	16	227	95	96		69.25
818	9	Do5#3	C5#4	321	322	1	16	227	95	96		69.3
819	9	Re5	D5	327	327	3	16	682	95	96		69.45
820	9	Fa5#5	F5#5	345	345	1	16	227	95	96		69.5
821	9	Mi5	E5	336	336	1	8	455	95	96		69.6
822	9	Re5	D5	327	327	1	8	455	95	96		69.7
823	9	Do5#3	C5#4	321	322	1	8	455	95	96		69.8
824	9	Si4	B4	314	314	1	16	227	95	96		69.85
825	9	Do5#3	C5#4	321	322	1	16	227	95	96		69.9
826	9	La4	A4	305	305	1	16	227	95	96		69.95
827	9	Si4	B4	314	314	1	16	227	95	96		70.0
828	9	Do5#3	C5#4	321	322	1	8	455	95	96		70.1
829	9	Es	Es	-1	-1	1	8	455	100	0		70.2
830	9	La4	A4	305	305	1	16	227	95	96		70.25
831	9	Si4	B4	314	314	1	16	227	95	96		70.3
832	9	Do5#3	C5#4	321	322	3	16	682	95	96		70.45
833	9	Re5	D5	327	327	1	16	227	95	96		70.5
834	9	Do5#3	C5#4	321	322	1	8	455	95	96		70.6
835	9	Si4	B4	314	314	1	8	455	95	96		70.7
836	9	La4	A4	305	305	1	8	455	95	96		70.8
837	9	Sol4#3	G4#4	299	300	1	16	227	95	96		70.85
838	9	La4	A4	305	305	1	16	227	95	96		70.9
839	8	Si4	B4	314	314	0	0	0	95	96		70.9
840	9	Sol4#3	G4#4	299	300	1	16	227	95	96		70.95
841	9	La4	A4	305	305	1	16	227	95	96		71.0
842	9	Si4	B4	314	314	1	8	455	95	96		71.1
843	9	Es	Es	-1	-1	1	8	455	100	0		71.2
844	9	Mi4	E4	283	283	1	8	455	95	96		71.3
845	9	Fa5#5	F5#5	345	345	1	16	227	95	96		71.35
846	10	Mi5	E5	336	336	1	16	227	95	96		71.4
847	8	Fa5#5	F5#5	345	345	0	0	0	95	96		71.4
848	9	Mi5	E5	336	336	1	16	227	95	96		71.45
849	9	Re5	D5	327	327	1	16	227	95	96		71.5
850	9	Re5	D5	327	327	1	16	227	95	96		71.55
851	10	Do5#3	C5#4	321	322	1	16	227	95	96		71.6
852	8	Re5	D5	327	327	0	0	0	95	96		71.6
853	9	Do5#3	C5#4	321	322	1	16	227	95	96		71.65
854	9	Si4	B4	314	314	1	16	227	95	96		71.7
855	9	Si4	B4	314	314	1	16	227	95	96		71.75
856	9	La4	A4	305	305	1	16	227	95	96		71.8
857	9	Sol4#3	G4#4	299	300	1	16	227	95	96		71.85
858	9	Fa4#5	F4#5	292	292	1	16	227	95	96		71.9
859	9	Mi4	E4	283	283	1	8	455	95	96		72.0
860	9	Mi5	E5	336	336	1	4	909	95	96		72.2
861	9	Re5	D5	327	327	1	8	455	95	96		72.3
862	9	Do5#3	C5#4	321	322	1	24	152	95	96		72.3333333333
863	9	Si4	B4	314	314	1	24	152	95	96		72.3666666667
864	9	Do5#3	C5#4	321	322	1	24	152	95	96		72.4
865	9	Re5	D5	327	327	1	8	455	95	96		72.5
866	9	Si4	B4	314	314	1	24	152	95	96		72.5333333333
867	9	La4	A4	305	305	1	24	152	95	96		72.5666666667
868	9	Si4	B4	314	314	1	24	152	95	96		72.6
869	9	Do5#3	C5#4	321	322	1	8	455	95	96		72.7
870	9	La4	A4	305	305	3	16	682	95	96		72.85
871	9	Fa4#5	F4#5	292	292	1	16	227	95	96		72.9
872	9	La4	A4	305	305	1	16	227	95	96		72.95
873	9	Do5#3	C5#4	321	322	1	16	227	95	96		73.0
874	9	Mi5	E5	336	336	1	8	455	95	96	TESLİM	73.1
875	9	Es	Es	-1	-1	1	8	455	100	0		73.2
876	9	La4	A4	305	305	1	16	227	95	96		73.25
877	9	Do5#3	C5#4	321	322	1	16	227	95	96		73.3
878	9	Mi5	E5	336	336	3	16	682	95	96		73.45
879	9	Fa5#5	F5#5	345	345	1	16	227	95	96		73.5
880	9	Mi5	E5	336	336	1	8	455	95	96		73.6
881	9	Re5	D5	327	327	1	8	455	95	96		73.7
882	9	Do5#3	C5#4	321	322	1	8	455	95	96		73.8
883	9	Si4	B4	314	314	1	8	455	95	96		73.9
884	8	Do5#3	C5#4	321	322	0	0	0	95	96		73.9
885	9	Si4	B4	314	314	1	16	227	95	96		73.95
886	9	Do5#3	C5#4	321	322	1	16	227	95	96		74.0
887	9	Re5	D5	327	327	1	8	455	95	96		74.1
888	9	Es	Es	-1	-1	1	8	455	100	0		74.2
889	9	La4	A4	305	305	1	16	227	95	96		74.25
890	9	Do5#3	C5#4	321	322	1	16	227	95	96		74.3
891	9	Re5	D5	327	327	3	16	682	95	96		74.45
892	9	Fa5#5	F5#5	345	345	1	16	227	95	96		74.5
893	9	Mi5	E5	336	336	1	8	455	95	96		74.6
894	9	Re5	D5	327	327	1	8	455	95	96		74.7
895	9	Do5#3	C5#4	321	322	1	8	455	95	96		74.8
896	9	Si4	B4	314	314	1	16	227	95	96		74.85
897	9	Do5#3	C5#4	321	322	1	16	227	95	96		74.9
898	9	La4	A4	305	305	1	16	227	95	96		74.95
899	9	Si4	B4	314	314	1	16	227	95	96		75.0
900	9	Do5#3	C5#4	321	322	1	8	455	95	96		75.1
901	9	Es	Es	-1	-1	1	8	455	100	0		75.2
902	9	La4	A4	305	305	1	16	227	95	96		75.25
903	9	Si4	B4	314	314	1	16	227	95	96		75.3
904	9	Do5#3	C5#4	321	322	3	16	682	95	96		75.45
905	9	Re5	D5	327	327	1	16	227	95	96		75.5
906	9	Do5#3	C5#4	321	322	1	8	455	95	96		75.6
907	9	Si4	B4	314	314	1	8	455	95	96		75.7
908	9	La4	A4	305	305	1	8	455	95	96		75.8
909	9	Sol4#3	G4#4	299	300	1	16	227	95	96		75.85
910	9	La4	A4	305	305	1	16	227	95	96		75.9
911	8	Si4	B4	314	314	0	0	0	95	96		75.9
912	9	Sol4#3	G4#4	299	300	1	16	227	95	96		75.95
913	9	La4	A4	305	305	1	16	227	95	96		76.0
914	9	Si4	B4	314	314	1	8	455	95	96		76.1
915	9	Es	Es	-1	-1	1	8	455	100	0		76.2
916	9	Mi4	E4	283	283	1	8	455	95	96		76.3
917	9	Fa5#5	F5#5	345	345	1	16	227	95	96		76.35
918	10	Mi5	E5	336	336	1	16	227	95	96		76.4
919	8	Fa5#5	F5#5	345	345	0	0	0	95	96		76.4
920	9	Mi5	E5	336	336	1	16	227	95	96		76.45
921	9	Re5	D5	327	327	1	16	227	95	96		76.5
922	9	Re5	D5	327	327	1	16	227	95	96		76.55
923	10	Do5#3	C5#4	321	322	1	16	227	95	96		76.6
924	8	Re5	D5	327	327	0	0	0	95	96		76.6
925	9	Do5#3	C5#4	321	322	1	16	227	95	96		76.65
926	9	Si4	B4	314	314	1	16	227	95	96		76.7
927	9	Si4	B4	314	314	1	16	227	95	96		76.75
928	9	La4	A4	305	305	1	16	227	95	96		76.8
929	9	Sol4#3	G4#4	299	300	1	16	227	95	96		76.85
930	9	Fa4#5	F4#5	292	292	1	16	227	95	96		76.9
931	9	Mi4	E4	283	283	1	8	455	95	96		77.0
932	9	Mi5	E5	336	336	1	4	909	95	96		77.2
933	9	Re5	D5	327	327	1	8	455	95	96		77.3
934	9	Do5#3	C5#4	321	322	1	24	152	95	96		77.3333333333
935	9	Si4	B4	314	314	1	24	152	95	96		77.3666666667
936	9	Do5#3	C5#4	321	322	1	24	152	95	96		77.4
937	9	Re5	D5	327	327	1	8	455	95	96		77.5
938	9	Si4	B4	314	314	1	24	152	95	96		77.5333333333
939	9	La4	A4	305	305	1	24	152	95	96		77.5666666667
940	9	Si4	B4	314	314	1	24	152	95	96		77.6
941	9	Do5#3	C5#4	321	322	1	8	455	95	96		77.7
942	9	La4	A4	305	305	1	4	909	95	96		77.9
943	9	Es	Es	-1	-1	1	8	455	100	0		78.0
