Sira	Kod	Nota53	NotaAE	Koma53	KomaAE	Pay	Payda	Ms	LNS	Bas	Soz1	Offset
1	51			0	0	4	4	0	6	0	Sofyan	0.0
2	9	Re5	D5	327	327	1	8	500	99	96	Yâ 	0.125
3	9	Mi5	E5	336	336	1	8	500	95	96		0.25
4	9	Re5	D5	327	327	1	8	500	99	96	re	0.375
5	9	Do5#4	C5#4	322	322	1	8	500	95	96		0.5
6	9	Si4	B4	314	314	1	8	500	99	96	sûl_	0.625
7	9	Do5#4	C5#4	322	322	1	8	500	95	96		0.75
8	9	Re5	D5	327	327	1	4	1000	95	96	Al	1.0
9	9	Mi5	E5	336	336	3	16	750	99	96	lah 	1.1875
10	9	Re5	D5	327	327	1	16	250	99	96		1.25
11	9	Do5#4	C5#4	322	322	1	4	1000	99	96		1.5
12	9	Re5	D5	327	327	3	16	750	99	96		1.6875
13	9	Do5#4	C5#4	322	322	1	16	250	95	96		1.75
14	9	Si4	B4	314	314	1	4	1000	95	96	ce	2.0
15	9	La4	A4	305	305	1	8	500	99	96	mâ	2.125
16	9	Do5#4	C5#4	322	322	1	8	500	99	96		2.25
17	9	Si4	B4	314	314	1	8	500	99	96		2.375
18	9	La4	A4	305	305	1	8	500	95	96		2.5
19	9	Sol4	G4	296	296	1	4	1000	99	96	li	2.75
20	9	Re5	D5	327	327	1	8	500	95	96		2.875
21	9	Re5	D5	327	327	1	8	500	95	96	ni  	3.0
22	9	Re5	D5	327	327	1	8	500	99	96	Yâ 	3.125
23	9	Mi5	E5	336	336	1	8	500	95	96		3.25
24	9	Re5	D5	327	327	1	8	500	99	96	re	3.375
25	9	Do5#4	C5#4	322	322	1	8	500	95	96		3.5
26	9	Si4	B4	314	314	1	8	500	99	96	sûl_	3.625
27	9	Do5#4	C5#4	322	322	1	8	500	95	96		3.75
28	9	Re5	D5	327	327	1	4	1000	95	96	Al	4.0
29	9	Mi5	E5	336	336	3	16	750	99	96	lah 	4.1875
30	9	Re5	D5	327	327	1	16	250	99	96		4.25
31	9	Do5#4	C5#4	322	322	1	4	1000	99	96		4.5
32	9	Re5	D5	327	327	1	8	500	99	96		4.625
33	9	Do5#4	C5#4	322	322	1	8	500	95	96		4.75
34	9	Si4	B4	314	314	1	4	1000	95	96	ce	5.0
35	9	La4	A4	305	305	1	8	500	99	96	mâ	5.125
36	9	Do5#4	C5#4	322	322	1	8	500	99	96		5.25
37	9	Si4	B4	314	314	1	8	500	99	96		5.375
38	9	La4	A4	305	305	1	8	500	95	96		5.5
39	9	Sol4	G4	296	296	1	4	1000	99	96	li	5.75
40	9	La4	A4	305	305	1	8	500	95	96		5.875
41	9	Si4b1	B4b1	313	313	1	8	500	95	96	ni  	6.0
42	9	Sol4	G4	296	296	1	4	1000	95	96	Ke	6.25
43	9	La4	A4	305	305	1	8	500	99	96	şe	6.375
44	9	Si4b1	B4b1	313	313	1	8	500	95	96		6.5
45	9	Sol4	G4	296	296	1	8	500	99	96	fed	6.625
46	9	Re5	D5	327	327	1	8	500	95	96		6.75
47	9	Re5	D5	327	327	1	4	1000	95	96	dü	7.0
48	9	Es	Es	-1	-1	1	8	500	100	0		7.125
49	9	Mi5	E5	336	336	1	8	500	99	96	câ 	7.25
50	9	Re5	D5	327	327	1	8	500	99	96		7.375
51	9	Do5	C5	318	318	1	8	500	99	96		7.5
52	9	Re5	D5	327	327	1	4	1000	95	96		7.75
53	9	Mi5	E5	336	336	1	8	500	99	96	de	7.875
54	9	Fa5	F5	340	340	1	8	500	95	96		8.0
55	9	Sol5	G5	349	349	1	8	500	99	96	ğil 	8.125
56	9	Fa5	F5	340	340	1	8	500	99	96		8.25
57	9	Mi5	E5	336	336	1	8	500	99	96		8.375
58	9	Re5	D5	327	327	1	8	500	95	96		8.5
59	9	Mi5	E5	336	336	1	8	500	99	96	mi  	8.625
60	9	Re5	D5	327	327	1	8	500	99	96		8.75
61	9	Do5	C5	318	318	1	8	500	99	96		8.875
62	9	Si4b1	B4b1	313	313	1	8	500	95	96		9.0
63	9	La4	A4	305	305	1	16	250	99	96	Ke	9.0625
64	9	Si4b1	B4b1	313	313	1	16	250	99	96		9.125
65	9	La4	A4	305	305	1	8	500	95	96		9.25
66	9	Si4b1	B4b1	313	313	1	16	250	99	96	şe	9.3125
67	9	Do5	C5	318	318	1	16	250	99	96		9.375
68	9	Si4b1	B4b1	313	313	1	8	500	95	96		9.5
69	9	Do5	C5	318	318	1	16	250	99	96	fed	9.5625
70	9	Re5	D5	327	327	1	16	250	99	96		9.625
71	9	Do5	C5	318	318	1	8	500	95	96		9.75
72	9	Re5	D5	327	327	1	4	1000	95	96	dü	10.0
73	9	Es	Es	-1	-1	1	8	500	100	0		10.125
74	9	Mi5	E5	336	336	1	8	500	99	96	câ 	10.25
75	9	Re5	D5	327	327	1	8	500	99	96		10.375
76	9	Do5	C5	318	318	1	8	500	99	96		10.5
77	10	Si4b1	B4b1	313	313	1	8	500	99	96		10.625
78	8	Re5	D5	327	327	0	0	0	99	96		10.625
79	9	Do5	C5	318	318	1	16	250	99	96		10.6875
80	9	Si4b1	B4b1	313	313	1	16	250	95	96		10.75
81	9	La4	A4	305	305	1	4	1000	95	96	de	11.0
82	9	La4	A4	305	305	1	8	500	99	96	ğil 	11.125
83	9	Do5	C5	318	318	1	8	500	99	96		11.25
84	9	Si4b1	B4b1	313	313	1	8	500	99	96		11.375
85	9	La4	A4	305	305	1	8	500	95	96		11.5
86	9	Sol4	G4	296	296	3	8	1500	95	96	mi  	11.875
87	9	Es	Es	-1	-1	1	8	500	100	0		12.0
88	9	Re5	D5	327	327	1	8	500	99	96	Yâ 	12.125
89	9	Mi5	E5	336	336	1	8	500	95	96		12.25
90	9	Re5	D5	327	327	1	8	500	99	96	re	12.375
91	9	Do5#4	C5#4	322	322	1	8	500	95	96		12.5
92	9	Si4	B4	314	314	1	8	500	99	96	sûl_	12.625
93	9	Do5#4	C5#4	322	322	1	8	500	95	96		12.75
94	9	Re5	D5	327	327	1	4	1000	95	96	Al	13.0
95	9	Mi5	E5	336	336	3	16	750	99	96	lah 	13.1875
96	9	Re5	D5	327	327	1	16	250	99	96		13.25
97	9	Do5#4	C5#4	322	322	1	4	1000	99	96		13.5
98	9	Re5	D5	327	327	3	16	750	99	96		13.6875
99	9	Do5#4	C5#4	322	322	1	16	250	95	96		13.75
100	9	Si4	B4	314	314	1	4	1000	95	96	ce	14.0
101	9	La4	A4	305	305	1	8	500	99	96	mâ	14.125
102	9	Do5#4	C5#4	322	322	1	8	500	99	96		14.25
103	9	Si4	B4	314	314	1	8	500	99	96		14.375
104	9	La4	A4	305	305	1	8	500	95	96		14.5
105	9	Sol4	G4	296	296	1	4	1000	99	96	li	14.75
106	9	Re5	D5	327	327	1	8	500	95	96		14.875
107	9	Re5	D5	327	327	1	8	500	95	96	ni  	15.0
108	9	Re5	D5	327	327	1	8	500	99	96	Yâ 	15.125
109	9	Mi5	E5	336	336	1	8	500	95	96		15.25
110	9	Re5	D5	327	327	1	8	500	99	96	re	15.375
111	9	Do5#4	C5#4	322	322	1	8	500	95	96		15.5
112	9	Si4	B4	314	314	1	8	500	99	96	sûl_	15.625
113	9	Do5#4	C5#4	322	322	1	8	500	95	96		15.75
114	9	Re5	D5	327	327	1	4	1000	95	96	Al	16.0
115	9	Mi5	E5	336	336	3	16	750	99	96	lah 	16.1875
116	9	Re5	D5	327	327	1	16	250	99	96		16.25
117	9	Do5#4	C5#4	322	322	1	4	1000	99	96		16.5
118	9	Re5	D5	327	327	1	8	500	99	96		16.625
119	9	Do5#4	C5#4	322	322	1	8	500	95	96		16.75
120	9	Si4	B4	314	314	1	4	1000	95	96	ce	17.0
121	9	La4	A4	305	305	1	8	500	99	96	mâ	17.125
122	9	Do5#4	C5#4	322	322	1	8	500	99	96		17.25
123	9	Si4	B4	314	314	1	8	500	99	96		17.375
124	9	La4	A4	305	305	1	8	500	95	96		17.5
125	9	Sol4	G4	296	296	1	4	1000	99	96	li	17.75
126	9	La4	A4	305	305	1	8	500	95	96		17.875
127	9	Si4b1	B4b1	313	313	1	8	500	95	96	ni  	18.0
128	9	Sol4	G4	296	296	1	4	1000	95	96	Ke	18.25
129	9	La4	A4	305	305	1	8	500	99	96	şe	18.375
130	9	Si4b1	B4b1	313	313	1	8	500	95	96		18.5
131	9	Sol4	G4	296	296	1	8	500	99	96	fed	18.625
132	9	Re5	D5	327	327	1	8	500	95	96		18.75
133	9	Re5	D5	327	327	1	4	1000	95	96	dü	19.0
134	9	Es	Es	-1	-1	1	8	500	100	0		19.125
135	9	Mi5	E5	336	336	1	8	500	99	96	câ 	19.25
136	9	Re5	D5	327	327	1	8	500	99	96		19.375
137	9	Do5	C5	318	318	1	8	500	99	96		19.5
138	9	Re5	D5	327	327	1	4	1000	95	96		19.75
139	9	Mi5	E5	336	336	1	8	500	99	96	de	19.875
140	9	Fa5	F5	340	340	1	8	500	95	96		20.0
141	9	Sol5	G5	349	349	1	8	500	99	96	ğil 	20.125
142	9	Fa5	F5	340	340	1	8	500	99	96		20.25
143	9	Mi5	E5	336	336	1	8	500	99	96		20.375
144	9	Re5	D5	327	327	1	8	500	95	96		20.5
145	9	Mi5	E5	336	336	1	8	500	99	96	mi  	20.625
146	9	Re5	D5	327	327	1	8	500	99	96		20.75
147	9	Do5	C5	318	318	1	8	500	99	96		20.875
148	9	Si4b1	B4b1	313	313	1	8	500	95	96		21.0
149	9	La4	A4	305	305	1	16	250	99	96	Ke	21.0625
150	9	Si4b1	B4b1	313	313	1	16	250	99	96		21.125
151	9	La4	A4	305	305	1	8	500	95	96		21.25
152	9	Si4b1	B4b1	313	313	1	16	250	99	96	şe	21.3125
153	9	Do5	C5	318	318	1	16	250	99	96		21.375
154	9	Si4b1	B4b1	313	313	1	8	500	95	96		21.5
155	9	Do5	C5	318	318	1	16	250	99	96	fed	21.5625
156	9	Re5	D5	327	327	1	16	250	99	96		21.625
157	9	Do5	C5	318	318	1	8	500	95	96		21.75
158	9	Re5	D5	327	327	1	4	1000	95	96	dü	22.0
159	9	Es	Es	-1	-1	1	8	500	100	0		22.125
160	9	Mi5	E5	336	336	1	8	500	99	96	câ 	22.25
161	9	Re5	D5	327	327	1	8	500	99	96		22.375
162	9	Do5	C5	318	318	1	8	500	99	96		22.5
163	10	Si4b1	B4b1	313	313	1	8	500	99	96		22.625
164	8	Re5	D5	327	327	0	0	0	99	96		22.625
165	9	Do5	C5	318	318	1	16	250	99	96		22.6875
166	9	Si4b1	B4b1	313	313	1	16	250	95	96		22.75
167	9	La4	A4	305	305	1	4	1000	95	96	de	23.0
168	9	La4	A4	305	305	1	8	500	99	96	ğil 	23.125
169	9	Do5	C5	318	318	1	8	500	99	96		23.25
170	9	Si4b1	B4b1	313	313	1	8	500	99	96		23.375
171	9	La4	A4	305	305	1	8	500	95	96		23.5
172	9	Sol4	G4	296	296	3	8	1500	95	96	mi  	23.875
173	9	Es	Es	-1	-1	1	8	500	100	0		24.0
174	9	Re5	D5	327	327	1	8	500	99	96	İ	24.125
175	9	Mi5	E5	336	336	1	8	500	95	96		24.25
176	9	Re5	D5	327	327	1	8	500	99	96	ki 	24.375
177	9	Do5#4	C5#4	322	322	1	8	500	95	96		24.5
178	9	Si4	B4	314	314	1	8	500	99	96	ber	24.625
179	9	Do5#4	C5#4	322	322	1	8	500	95	96		24.75
180	9	Re5	D5	327	327	1	4	1000	95	96	gü	25.0
181	9	Mi5	E5	336	336	3	16	750	99	96	zî	25.1875
182	9	Re5	D5	327	327	1	16	250	99	96		25.25
183	9	Do5#4	C5#4	322	322	1	4	1000	99	96		25.5
184	9	Re5	D5	327	327	3	16	750	99	96		25.6875
185	9	Do5#4	C5#4	322	322	1	16	250	95	96		25.75
186	9	Si4	B4	314	314	1	4	1000	95	96	de 	26.0
187	9	La4	A4	305	305	1	8	500	99	96	a	26.125
188	9	Do5#4	C5#4	322	322	1	8	500	99	96		26.25
189	9	Si4	B4	314	314	1	8	500	99	96		26.375
190	9	La4	A4	305	305	1	8	500	95	96		26.5
191	9	Sol4	G4	296	296	1	4	1000	99	96	dı	26.75
192	9	Re5	D5	327	327	1	8	500	95	96		26.875
193	9	Re5	D5	327	327	1	8	500	95	96	nı  	27.0
194	9	Re5	D5	327	327	1	8	500	99	96	İ	27.125
195	9	Mi5	E5	336	336	1	8	500	95	96		27.25
196	9	Re5	D5	327	327	1	8	500	99	96	ki 	27.375
197	9	Do5#4	C5#4	322	322	1	8	500	95	96		27.5
198	9	Si4	B4	314	314	1	8	500	99	96	ber	27.625
199	9	Do5#4	C5#4	322	322	1	8	500	95	96		27.75
200	9	Re5	D5	327	327	1	4	1000	95	96	gü	28.0
201	9	Mi5	E5	336	336	3	16	750	99	96	zî	28.1875
202	9	Re5	D5	327	327	1	16	250	99	96		28.25
203	9	Do5#4	C5#4	322	322	1	4	1000	99	96		28.5
204	9	Re5	D5	327	327	1	8	500	99	96		28.625
205	9	Do5#4	C5#4	322	322	1	8	500	95	96		28.75
206	9	Si4	B4	314	314	1	4	1000	95	96	de 	29.0
207	9	La4	A4	305	305	1	8	500	99	96	a	29.125
208	9	Do5#4	C5#4	322	322	1	8	500	99	96		29.25
209	9	Si4	B4	314	314	1	8	500	99	96		29.375
210	9	La4	A4	305	305	1	8	500	95	96		29.5
211	9	Sol4	G4	296	296	1	4	1000	99	96	dı	29.75
212	9	La4	A4	305	305	1	8	500	95	96		29.875
213	9	Si4b1	B4b1	313	313	1	8	500	95	96	nı  	30.0
214	9	Sol4	G4	296	296	1	4	1000	95	96	Se	30.25
215	9	La4	A4	305	305	1	8	500	99	96	nin 	30.375
216	9	Si4b1	B4b1	313	313	1	8	500	95	96		30.5
217	9	Sol4	G4	296	296	1	8	500	99	96	ey 	30.625
218	9	Re5	D5	327	327	1	8	500	95	96		30.75
219	9	Re5	D5	327	327	1	4	1000	95	96	ha	31.0
220	9	Es	Es	-1	-1	1	8	500	100	0		31.125
221	9	Mi5	E5	336	336	1	8	500	99	96	bîb_	31.25
222	9	Re5	D5	327	327	1	8	500	99	96		31.375
223	9	Do5	C5	318	318	1	8	500	99	96		31.5
224	9	Re5	D5	327	327	1	4	1000	95	96		31.75
225	9	Mi5	E5	336	336	1	8	500	99	96	i 	31.875
226	9	Fa5	F5	340	340	1	8	500	95	96		32.0
227	9	Sol5	G5	349	349	1	8	500	99	96	rah	32.125
228	9	Fa5	F5	340	340	1	8	500	99	96		32.25
229	9	Mi5	E5	336	336	1	8	500	99	96		32.375
230	9	Re5	D5	327	327	1	8	500	95	96		32.5
231	9	Mi5	E5	336	336	1	8	500	99	96	mân  	32.625
232	9	Re5	D5	327	327	1	8	500	99	96		32.75
233	9	Do5	C5	318	318	1	8	500	99	96		32.875
234	9	Si4b1	B4b1	313	313	1	8	500	95	96		33.0
235	9	La4	A4	305	305	1	16	250	99	96	Se	33.0625
236	9	Si4b1	B4b1	313	313	1	16	250	99	96		33.125
237	9	La4	A4	305	305	1	8	500	95	96		33.25
238	9	Si4b1	B4b1	313	313	1	16	250	99	96	nin 	33.3125
239	9	Do5	C5	318	318	1	16	250	99	96		33.375
240	9	Si4b1	B4b1	313	313	1	8	500	95	96		33.5
241	9	Do5	C5	318	318	1	16	250	99	96	ey 	33.5625
242	9	Re5	D5	327	327	1	16	250	99	96		33.625
243	9	Do5	C5	318	318	1	8	500	95	96		33.75
244	9	Re5	D5	327	327	1	4	1000	95	96	ha	34.0
245	9	Es	Es	-1	-1	1	8	500	100	0		34.125
246	9	Mi5	E5	336	336	1	8	500	99	96	bîb_	34.25
247	9	Re5	D5	327	327	1	8	500	99	96		34.375
248	9	Do5#4	C5#4	322	322	1	8	500	99	96		34.5
249	9	Si4	B4	314	314	1	8	500	99	96		34.625
250	9	Do5#4	C5#4	322	322	1	8	500	95	96		34.75
251	9	Re5	D5	327	327	1	8	500	99	96	i 	34.875
252	9	Mi5	E5	336	336	1	16	250	99	96		34.9375
253	9	Fa5	F5	340	340	1	16	250	95	96		35.0
254	9	Mi5	E5	336	336	1	8	500	99	96	râ	35.125
255	9	Re5	D5	327	327	1	8	500	99	96		35.25
256	9	Do5#4	C5#4	322	322	1	8	500	99	96		35.375
257	9	Mi5	E5	336	336	1	16	250	95	96		35.4375
258	9	Re5	D5	327	327	1	16	250	95	96	hı	35.5
259	9	Re5	D5	327	327	3	8	1500	95	96	mân  	35.875
260	9	Es	Es	-1	-1	1	8	500	100	0		36.0
261	9	Re5	D5	327	327	1	8	500	99	96	İ	36.125
262	9	Mi5	E5	336	336	1	8	500	95	96		36.25
263	9	Re5	D5	327	327	1	8	500	99	96	ki 	36.375
264	9	Do5#4	C5#4	322	322	1	8	500	95	96		36.5
265	9	Si4	B4	314	314	1	8	500	99	96	ber	36.625
266	9	Do5#4	C5#4	322	322	1	8	500	95	96		36.75
267	9	Re5	D5	327	327	1	4	1000	95	96	gü	37.0
268	9	Mi5	E5	336	336	3	16	750	99	96	zî	37.1875
269	9	Re5	D5	327	327	1	16	250	99	96		37.25
270	9	Do5#4	C5#4	322	322	1	4	1000	99	96		37.5
271	9	Re5	D5	327	327	3	16	750	99	96		37.6875
272	9	Do5#4	C5#4	322	322	1	16	250	95	96		37.75
273	9	Si4	B4	314	314	1	4	1000	95	96	de 	38.0
274	9	La4	A4	305	305	1	8	500	99	96	a	38.125
275	9	Do5#4	C5#4	322	322	1	8	500	99	96		38.25
276	9	Si4	B4	314	314	1	8	500	99	96		38.375
277	9	La4	A4	305	305	1	8	500	95	96		38.5
278	9	Sol4	G4	296	296	1	4	1000	99	96	dı	38.75
279	9	Re5	D5	327	327	1	8	500	95	96		38.875
280	9	Re5	D5	327	327	1	8	500	95	96	nı  	39.0
281	9	Re5	D5	327	327	1	8	500	99	96	İ	39.125
282	9	Mi5	E5	336	336	1	8	500	95	96		39.25
283	9	Re5	D5	327	327	1	8	500	99	96	ki 	39.375
284	9	Do5#4	C5#4	322	322	1	8	500	95	96		39.5
285	9	Si4	B4	314	314	1	8	500	99	96	ber	39.625
286	9	Do5#4	C5#4	322	322	1	8	500	95	96		39.75
287	9	Re5	D5	327	327	1	4	1000	95	96	gü	40.0
288	9	Mi5	E5	336	336	3	16	750	99	96	zî	40.1875
289	9	Re5	D5	327	327	1	16	250	99	96		40.25
290	9	Do5#4	C5#4	322	322	1	4	1000	99	96		40.5
291	9	Re5	D5	327	327	1	8	500	99	96		40.625
292	9	Do5#4	C5#4	322	322	1	8	500	95	96		40.75
293	9	Si4	B4	314	314	1	4	1000	95	96	de 	41.0
294	9	La4	A4	305	305	1	8	500	99	96	a	41.125
295	9	Do5#4	C5#4	322	322	1	8	500	99	96		41.25
296	9	Si4	B4	314	314	1	8	500	99	96		41.375
297	9	La4	A4	305	305	1	8	500	95	96		41.5
298	9	Sol4	G4	296	296	1	4	1000	99	96	dı	41.75
299	9	La4	A4	305	305	1	8	500	95	96		41.875
300	9	Si4b1	B4b1	313	313	1	8	500	95	96	nı  	42.0
301	9	Sol4	G4	296	296	1	4	1000	95	96	Se	42.25
302	9	La4	A4	305	305	1	8	500	99	96	nin 	42.375
303	9	Si4b1	B4b1	313	313	1	8	500	95	96		42.5
304	9	Sol4	G4	296	296	1	8	500	99	96	ey 	42.625
305	9	Re5	D5	327	327	1	8	500	95	96		42.75
306	9	Re5	D5	327	327	1	4	1000	95	96	ha	43.0
307	9	Es	Es	-1	-1	1	8	500	100	0		43.125
308	9	Mi5	E5	336	336	1	8	500	99	96	bîb_	43.25
309	9	Re5	D5	327	327	1	8	500	99	96		43.375
310	9	Do5	C5	318	318	1	8	500	99	96		43.5
311	9	Re5	D5	327	327	1	4	1000	95	96		43.75
312	9	Mi5	E5	336	336	1	8	500	99	96	i 	43.875
313	9	Fa5	F5	340	340	1	8	500	95	96		44.0
314	9	Sol5	G5	349	349	1	8	500	99	96	rah	44.125
315	9	Fa5	F5	340	340	1	8	500	99	96		44.25
316	9	Mi5	E5	336	336	1	8	500	99	96		44.375
317	9	Re5	D5	327	327	1	8	500	95	96		44.5
318	9	Mi5	E5	336	336	1	8	500	99	96	mân  	44.625
319	9	Re5	D5	327	327	1	8	500	99	96		44.75
320	9	Do5	C5	318	318	1	8	500	99	96		44.875
321	9	Si4b1	B4b1	313	313	1	8	500	95	96		45.0
322	9	La4	A4	305	305	1	16	250	99	96	Se	45.0625
323	9	Si4b1	B4b1	313	313	1	16	250	99	96		45.125
324	9	La4	A4	305	305	1	8	500	95	96		45.25
325	9	Si4b1	B4b1	313	313	1	16	250	99	96	nin 	45.3125
326	9	Do5	C5	318	318	1	16	250	99	96		45.375
327	9	Si4b1	B4b1	313	313	1	8	500	95	96		45.5
328	9	Do5	C5	318	318	1	16	250	99	96	ey 	45.5625
329	9	Re5	D5	327	327	1	16	250	99	96		45.625
330	9	Do5	C5	318	318	1	8	500	95	96		45.75
331	9	Re5	D5	327	327	1	4	1000	95	96	ha	46.0
332	9	Es	Es	-1	-1	1	8	500	100	0		46.125
333	9	Mi5	E5	336	336	1	8	500	99	96	fa 	46.25
334	9	Re5	D5	327	327	1	8	500	99	96		46.375
335	9	Do5	C5	318	318	1	8	500	99	96		46.5
336	10	Si4b1	B4b1	313	313	1	8	500	99	96		46.625
337	8	Re5	D5	327	327	0	0	0	99	96		46.625
338	9	Do5	C5	318	318	1	16	250	99	96		46.6875
339	9	Si4b1	B4b1	313	313	1	16	250	95	96		46.75
340	9	La4	A4	305	305	1	4	1000	95	96	de	47.0
341	9	La4	A4	305	305	1	8	500	99	96	ğil 	47.125
342	9	Do5	C5	318	318	1	8	500	99	96		47.25
343	9	Si4b1	B4b1	313	313	1	8	500	99	96		47.375
344	9	La4	A4	305	305	1	8	500	95	96		47.5
345	9	Sol4	G4	296	296	3	8	1500	95	96	mi  	47.875
346	9	Es	Es	-1	-1	1	8	500	100	0		48.0
