Sira	Kod	Nota53	NotaAE	Koma53	KomaAE	Pay	Payda	Ms	LNS	Bas	Soz1	Offset
1	9	Sol4	G4	296	296	1	4	1111	95	96	ARANAĞME	0.222222222222
2	9	Do5	C5	318	318	1	8	556	95	96	.	0.333333333333
3	9	Re5	D5	327	327	1	8	556	95	96	.	0.444444444444
4	9	Re5	D5	327	327	1	4	1111	95	96	.	0.666666666667
5	9	Mi5	E5	336	336	1	16	278	95	96	.	0.722222222222
6	9	Fa5	F5	340	340	1	16	278	95	90	.	0.777777777778
7	9	Mi5	E5	336	336	1	16	278	95	96	.	0.833333333333
8	9	Mi5	E5	336	336	1	16	278	95	90	.	0.888888888889
9	9	Re5	D5	327	327	1	16	278	95	96	.	0.944444444444
10	9	Mi5	E5	336	336	1	16	278	95	90	.	1.0
11	9	Do5	C5	318	318	1	8	556	95	96	.	1.11111111111
12	9	Do5	C5	318	318	1	16	278	95	96	.	1.16666666667
13	9	Re5	D5	327	327	1	16	278	95	90	.	1.22222222222
14	9	Mi5	E5	336	336	1	16	278	95	96	.	1.27777777778
15	9	Re5	D5	327	327	1	16	278	95	90	.	1.33333333333
16	9	Do5	C5	318	318	1	16	278	95	96	.	1.38888888889
17	9	Si4b1	B4b1	313	313	1	16	278	95	90	.	1.44444444444
18	9	Do5	C5	318	318	1	32	139	95	90	.	1.47222222222
19	9	Si4b1	B4b1	313	313	1	32	139	95	84	.	1.5
20	9	Do5	C5	318	318	1	32	139	95	90	.	1.52777777778
21	9	Re5	D5	327	327	1	32	139	95	84	.	1.55555555556
22	9	Do5	C5	318	318	1	16	278	95	96	.	1.61111111111
23	9	Si4b1	B4b1	313	313	1	16	278	95	90	.	1.66666666667
24	9	Fa5	F5	340	340	3	32	417	95	96	.	1.75
25	9	Mi5	E5	336	336	1	32	139	95	90	.	1.77777777778
26	9	Re5	D5	327	327	1	16	278	95	96	.	1.83333333333
27	9	Do5	C5	318	318	1	16	278	95	90	.	1.88888888889
28	9	Re5	D5	327	327	1	16	278	95	96	.	1.94444444444
29	9	Do5	C5	318	318	1	16	278	95	90	.	2.0
30	9	Si4b1	B4b1	313	313	3	32	417	95	96	.	2.08333333333
31	9	La4#4	A4#4	309	309	1	32	139	95	90	.	2.11111111111
32	9	Sol4	G4	296	296	1	8	556	95	96	.	2.22222222222
33	9	La4#3	A4#4	308	309	1	8	556	95	96	.	2.33333333333
34	9	Si4b1	B4b1	313	313	1	8	556	95	96	.	2.44444444444
35	9	Si4b1	B4b1	313	313	1	8	556	95	96	.	2.55555555556
36	9	Es	Es	-1	-1	1	8	556	100	0	.	2.66666666667
37	9	Re5	D5	327	327	1	4	1111	95	96	.	2.88888888889
38	9	Re5	D5	327	327	1	24	185	95	96	.	2.92592592593
39	9	Do5	C5	318	318	1	24	185	95	90	.	2.96296296296
40	9	Si4b1	B4b1	313	313	1	24	185	95	96	.	3.0
41	9	Si4b1	B4b1	313	313	1	8	556	95	96	.	3.11111111111
42	9	Si4b1	B4b1	313	313	1	24	185	95	96	.	3.14814814815
43	9	La4	A4	305	305	1	24	185	95	90	.	3.18518518519
44	9	Sol4	G4	296	296	1	24	185	95	96	.	3.22222222222
45	9	Sol4	G4	296	296	1	8	556	95	96	.	3.33333333333
46	9	Sol4	G4	296	296	1	8	556	95	96	.	3.44444444444
47	9	Sol4	G4	296	296	1	8	556	95	96	.	3.55555555556
48	9	Es	Es	-1	-1	1	8	556	100	0	.	3.66666666667
49	9	Re5	D5	327	327	1	32	139	95	90	.	3.69444444444
50	9	Do5	C5	318	318	1	32	139	95	84	.	3.72222222222
51	9	Re5	D5	327	327	1	32	139	95	90	.	3.75
52	9	Mi5	E5	336	336	1	32	139	95	84	.	3.77777777778
53	9	Re5	D5	327	327	1	16	278	95	96	.	3.83333333333
54	9	Do5	C5	318	318	1	16	278	95	90	.	3.88888888889
55	9	Si4b1	B4b1	313	313	1	16	278	95	96	.	3.94444444444
56	9	La4	A4	305	305	1	16	278	95	90	.	4.0
57	9	Sol4	G4	296	296	1	16	278	95	96	.	4.05555555556
58	9	Fa4#4	F4#4	291	291	1	16	278	95	90	.	4.11111111111
59	9	Mi4	E4	283	283	1	16	278	95	96	.	4.16666666667
60	9	Re4	D4	274	274	1	16	278	95	90	.	4.22222222222
61	9	Es	Es	-1	-1	1	16	278	100	0	.	4.27777777778
62	9	Sol4	G4	296	296	1	8	556	95	96	Reng_	4.38888888889
63	9	La4	A4	305	305	1	16	278	95	96	i 	4.44444444444
64	9	Si4b1	B4b1	313	313	1	4	1111	95	96	ruh	4.66666666667
65	9	Do5	C5	318	318	1	16	278	99	96	sâ	4.72222222222
66	9	Si4b1	B4b1	313	313	1	16	278	99	90		4.77777777778
67	9	Do5	C5	318	318	1	16	278	99	96		4.83333333333
68	9	Re5	D5	327	327	1	16	278	99	90		4.88888888889
69	9	Do5	C5	318	318	1	16	278	99	96		4.94444444444
70	9	Si4b1	B4b1	313	313	1	16	278	99	90		5.0
71	9	La4	A4	305	305	1	4	1111	95	96		5.22222222222
72	9	Si4b1	B4b1	313	313	1	8	556	95	96	rı	5.33333333333
73	9	Do5	C5	318	318	1	8	556	95	96	na 	5.44444444444
74	9	Si4b1	B4b1	313	313	1	32	139	99	90	gül	5.47222222222
75	9	La4	A4	305	305	1	32	139	99	84		5.5
76	9	Si4b1	B4b1	313	313	1	32	139	99	90		5.52777777778
77	9	Do5	C5	318	318	1	32	139	99	84		5.55555555556
78	9	Si4b1	B4b1	313	313	1	16	278	99	96		5.61111111111
79	9	La4	A4	305	305	1	16	278	95	90		5.66666666667
80	9	Sol4	G4	296	296	1	4	1111	99	96	gûn 	5.88888888889
81	9	La4	A4	305	305	1	16	278	99	96		5.94444444444
82	9	Si4b1	B4b1	313	313	1	16	278	99	90		6.0
83	9	Sol4	G4	296	296	1	4	1111	95	96		6.22222222222
84	9	Do5	C5	318	318	1	8	556	95	96	de	6.33333333333
85	9	Re5	D5	327	327	1	8	556	95	96	di	6.44444444444
86	9	Re5	D5	327	327	1	4	1111	95	96	ler 	6.66666666667
87	9	Mi5	E5	336	336	1	32	139	99	90	gül	6.69444444444
88	9	Re5	D5	327	327	1	32	139	99	84		6.72222222222
89	9	Mi5	E5	336	336	1	32	139	99	90		6.75
90	9	Fa5	F5	340	340	1	32	139	99	84		6.77777777778
91	9	Mi5	E5	336	336	1	16	278	99	96		6.83333333333
92	9	Re5	D5	327	327	1	16	278	99	90		6.88888888889
93	9	Re5	D5	327	327	1	16	278	99	96		6.94444444444
94	9	Do5	C5	318	318	1	16	278	95	90		7.0
95	10	Si4b1	B4b1	313	313	1	8	556	99	96	gûn 	7.11111111111
96	8	Do5	C5	318	318	0	0	0	99	96		7.11111111111
97	9	Si4b1	B4b1	313	313	1	16	278	99	96		7.16666666667
98	9	La4	A4	305	305	1	16	278	95	90		7.22222222222
99	9	Sol4	G4	296	296	1	8	556	95	96	de	7.33333333333
100	9	Re5	D5	327	327	1	8	556	95	96	di	7.44444444444
101	9	Re5	D5	327	327	1	8	556	95	96	ler  	7.55555555556
102	9	Es	Es	-1	-1	1	8	556	100	0		7.66666666667
103	9	Re5	D5	327	327	1	32	139	95	90	SAZ	7.69444444444
104	9	Do5	C5	318	318	1	32	139	95	84	.	7.72222222222
105	9	Re5	D5	327	327	1	32	139	95	90	.	7.75
106	9	Mi5	E5	336	336	1	32	139	95	84	.	7.77777777778
107	9	Re5	D5	327	327	1	16	278	95	96	.	7.83333333333
108	9	Do5	C5	318	318	1	16	278	95	90	.	7.88888888889
109	9	Si4b1	B4b1	313	313	1	16	278	95	96	.	7.94444444444
110	9	Do5	C5	318	318	1	16	278	95	90	.	8.0
111	9	Re5	D5	327	327	1	4	1111	95	96	.	8.22222222222
112	9	Es	Es	-1	-1	1	16	278	100	0		8.27777777778
113	9	Do5	C5	318	318	1	8	556	95	96	Şî	8.38888888889
114	9	Re5	D5	327	327	1	16	278	95	96	ve 	8.44444444444
115	9	Re5	D5	327	327	1	4	1111	95	96	i 	8.66666666667
116	9	Mi5	E5	336	336	1	32	139	99	90	hüs	8.69444444444
117	9	Re5	D5	327	327	1	32	139	99	84		8.72222222222
118	9	Mi5	E5	336	336	1	32	139	99	90		8.75
119	9	Fa5	F5	340	340	1	32	139	99	84		8.77777777778
120	9	Mi5	E5	336	336	1	16	278	99	96		8.83333333333
121	9	Re5	D5	327	327	1	16	278	99	90		8.88888888889
122	9	Re5	D5	327	327	1	16	278	99	96		8.94444444444
123	9	Do5	C5	318	318	1	16	278	99	90		9.0
124	9	Do5	C5	318	318	1	32	139	99	90		9.02777777778
125	9	Si4b1	B4b1	313	313	1	32	139	99	84		9.05555555556
126	9	Do5	C5	318	318	1	32	139	99	90		9.08333333333
127	9	Re5	D5	327	327	1	32	139	99	84		9.11111111111
128	9	Do5	C5	318	318	1	16	278	99	96		9.16666666667
129	9	Si4b1	B4b1	313	313	1	16	278	95	90		9.22222222222
130	10	Si4b1	B4b1	313	313	1	8	556	95	96	nü	9.33333333333
131	8	Do5	C5	318	318	0	0	0	95	96		9.33333333333
132	9	Si4b1	B4b1	313	313	1	16	278	99	96	ne 	9.38888888889
133	9	La4	A4	305	305	1	16	278	95	90		9.44444444444
134	9	La4	A4	305	305	1	8	556	99	96	ef	9.55555555556
135	9	Sol4	G4	296	296	1	8	556	95	96		9.66666666667
136	9	Do5	C5	318	318	1	4	1111	99	96	sûn 	9.88888888889
137	9	Do5	C5	318	318	1	16	278	99	96		9.94444444444
138	9	Si4b1	B4b1	313	313	1	16	278	99	90		10.0
139	9	Si4b1	B4b1	313	313	3	32	417	99	96		10.0833333333
140	9	La4	A4	305	305	1	32	139	99	90		10.1111111111
141	9	Sol4	G4	296	296	1	8	556	95	96		10.2222222222
142	9	La4#4	A4#4	309	309	1	8	556	95	96	de	10.3333333333
143	9	Si4b1	B4b1	313	313	1	8	556	95	96	di	10.4444444444
144	9	Si4b1	B4b1	313	313	1	8	556	95	96	ler  	10.5555555556
145	9	Es	Es	-1	-1	1	8	556	100	0		10.6666666667
146	9	Re5	D5	327	327	1	4	1111	95	96	ef	10.8888888889
147	9	Re5	D5	327	327	1	24	185	95	96		10.9259259259
148	9	Do5	C5	318	318	1	24	185	95	90		10.962962963
149	9	Si4b1	B4b1	313	313	1	24	185	95	96		11.0
150	9	Si4b1	B4b1	313	313	1	8	556	95	96	sûn 	11.1111111111
151	9	Si4b1	B4b1	313	313	1	24	185	95	96		11.1481481481
152	9	La4	A4	305	305	1	24	185	95	90		11.1851851852
153	9	Sol4	G4	296	296	1	24	185	95	96		11.2222222222
154	9	Sol4	G4	296	296	1	8	556	95	96	de	11.3333333333
155	9	Sol4	G4	296	296	1	8	556	95	96	di	11.4444444444
156	9	Sol4	G4	296	296	1	8	556	95	96	ler  	11.5555555556
157	9	Es	Es	-1	-1	1	8	556	100	0		11.6666666667
158	9	Sol5	G5	349	349	1	32	139	95	90	SAZ	11.6944444444
159	9	Fa5#4	F5#4	344	344	1	32	139	95	84	.	11.7222222222
160	9	Sol5	G5	349	349	1	32	139	95	90	.	11.75
161	9	La5	A5	358	358	1	32	139	95	84	.	11.7777777778
162	9	Sol5	G5	349	349	1	16	278	95	96	.	11.8333333333
163	9	Fa5#4	F5#4	344	344	1	16	278	95	90	.	11.8888888889
164	9	Mi5	E5	336	336	1	16	278	95	96	.	11.9444444444
165	9	Fa5#4	F5#4	344	344	1	16	278	95	90	.	12.0
166	9	Sol5	G5	349	349	1	4	1111	95	96	.	12.2222222222
167	9	Es	Es	-1	-1	1	16	278	100	0		12.2777777778
168	9	Mi5	E5	336	336	1	8	556	95	96	Hal_	12.3888888889
169	9	Fa5#4	F5#4	344	344	1	16	278	95	96	i	12.4444444444
170	9	Sol5	G5	349	349	1	4	1111	95	96	şû	12.6666666667
171	9	Sol5	G5	349	349	1	32	139	99	90	ri	12.6944444444
172	9	Fa5#4	F5#4	344	344	1	32	139	99	84		12.7222222222
173	9	Sol5	G5	349	349	1	32	139	99	90		12.75
174	9	La5	A5	358	358	1	32	139	99	84		12.7777777778
175	9	Sol5	G5	349	349	1	16	278	99	96		12.8333333333
176	9	Fa5#4	F5#4	344	344	1	16	278	99	90		12.8888888889
177	9	Mi5	E5	336	336	1	16	278	99	96		12.9444444444
178	9	Fa5#4	F5#4	344	344	1	16	278	99	90		13.0
179	9	Re5	D5	327	327	1	4	1111	95	96		13.2222222222
180	9	Mi5	E5	336	336	1	16	278	99	96	de	13.2777777778
181	9	Fa5	F5	340	340	1	16	278	95	90		13.3333333333
182	9	Re5	D5	327	327	1	16	278	99	96	me	13.3888888889
183	9	Mi5	E5	336	336	1	16	278	95	90		13.4444444444
184	9	Do5	C5	318	318	1	4	1111	95	96	mef	13.6666666667
185	9	Re5	D5	327	327	1	16	278	99	96	tûn 	13.7222222222
186	9	Mi5	E5	336	336	1	16	278	99	90		13.7777777778
187	9	Do5	C5	318	318	1	16	278	99	96		13.8333333333
188	9	Re5	D5	327	327	1	16	278	99	90		13.8888888889
189	9	Si4b1	B4b1	313	313	1	16	278	99	96		13.9444444444
190	9	Do5	C5	318	318	1	16	278	99	90		14.0
191	9	La4	A4	305	305	1	4	1111	95	96		14.2222222222
192	9	Re5	D5	327	327	1	24	185	95	96	de	14.2592592593
193	9	Do5	C5	318	318	1	24	185	95	90		14.2962962963
194	9	Si4b1	B4b1	313	313	1	24	185	95	96		14.3333333333
195	9	Si4b1	B4b1	313	313	1	24	185	95	96	di	14.3703703704
196	9	La4	A4	305	305	1	24	185	95	90		14.4074074074
197	9	Sol4	G4	296	296	1	24	185	95	96		14.4444444444
198	9	Sol4	G4	296	296	1	4	1111	95	96	ler  	14.6666666667
199	9	Sol4	G4	296	296	1	8	556	99	96	mef	14.7777777778
200	9	La4	A4	305	305	1	8	556	99	96		14.8888888889
201	9	Si4b1	B4b1	313	313	1	8	556	95	96		15.0
202	9	Do5	C5	318	318	1	8	556	95	96	tûn 	15.1111111111
203	9	Si4b1	B4b1	313	313	1	24	185	95	96		15.1481481481
204	9	La4#4	A4#4	309	309	1	24	185	95	90		15.1851851852
205	9	Si4b1	B4b1	313	313	1	24	185	95	96		15.2222222222
206	9	Re5	D5	327	327	1	8	556	95	96	de	15.3333333333
207	9	Do5#4	C5#4	322	322	1	16	278	99	96	di	15.3888888889
208	9	Mi5	E5	336	336	1	16	278	95	90		15.4444444444
209	9	Re5	D5	327	327	1	4	1111	95	96	ler  	15.6666666667
210	9	Re5	D5	327	327	1	32	139	95	90	SAZ	15.6944444444
211	9	Do5	C5	318	318	1	32	139	95	84	.	15.7222222222
212	9	Re5	D5	327	327	1	32	139	95	90	.	15.75
213	9	Mi5	E5	336	336	1	32	139	95	84	.	15.7777777778
214	9	Re5	D5	327	327	1	16	278	95	96	.	15.8333333333
215	9	Do5	C5	318	318	1	16	278	95	90	.	15.8888888889
216	9	Si4b1	B4b1	313	313	1	16	278	95	96	.	15.9444444444
217	9	Do5	C5	318	318	1	16	278	95	90	.	16.0
218	9	Re5	D5	327	327	1	4	1111	95	96	.	16.2222222222
219	9	Es	Es	-1	-1	1	16	278	100	0		16.2777777778
220	9	Do5	C5	318	318	1	8	556	95	96	Sa	16.3888888889
221	9	Re5	D5	327	327	1	16	278	95	96	na 	16.4444444444
222	9	Re5	D5	327	327	1	4	1111	95	96	Ley	16.6666666667
223	9	Mi5	E5	336	336	1	32	139	99	90	lâ 	16.6944444444
224	9	Re5	D5	327	327	1	32	139	99	84		16.7222222222
225	9	Mi5	E5	336	336	1	32	139	99	90		16.75
226	9	Fa5	F5	340	340	1	32	139	99	84		16.7777777778
227	9	Mi5	E5	336	336	1	16	278	99	96		16.8333333333
228	9	Re5	D5	327	327	1	16	278	99	90		16.8888888889
229	9	Re5	D5	327	327	1	16	278	99	96		16.9444444444
230	9	Do5	C5	318	318	1	16	278	99	90		17.0
231	9	Do5	C5	318	318	1	32	139	99	90		17.0277777778
232	9	Si4b1	B4b1	313	313	1	32	139	99	84		17.0555555556
233	9	Do5	C5	318	318	1	32	139	99	90		17.0833333333
234	9	Re5	D5	327	327	1	32	139	99	84		17.1111111111
235	9	Do5	C5	318	318	1	16	278	99	96		17.1666666667
236	9	Si4b1	B4b1	313	313	1	16	278	95	90		17.2222222222
237	10	Si4b1	B4b1	313	313	1	8	556	95	96	ba	17.3333333333
238	8	Do5	C5	318	318	0	0	0	95	96		17.3333333333
239	9	Si4b1	B4b1	313	313	1	16	278	99	96	na 	17.3888888889
240	9	La4	A4	305	305	1	16	278	95	90		17.4444444444
241	9	La4	A4	305	305	1	8	556	99	96	Mec	17.5555555556
242	9	Sol4	G4	296	296	1	8	556	95	96		17.6666666667
243	9	Do5	C5	318	318	1	4	1111	99	96	nûn 	17.8888888889
244	9	Do5	C5	318	318	1	16	278	99	96		17.9444444444
245	9	Si4b1	B4b1	313	313	1	16	278	99	90		18.0
246	9	Si4b1	B4b1	313	313	3	32	417	99	96		18.0833333333
247	9	La4	A4	305	305	1	32	139	99	90		18.1111111111
248	9	Sol4	G4	296	296	1	8	556	95	96		18.2222222222
249	9	La4#4	A4#4	309	309	1	8	556	95	96	de	18.3333333333
250	9	Si4b1	B4b1	313	313	1	8	556	95	96	di	18.4444444444
251	9	Si4b1	B4b1	313	313	1	8	556	95	96	ler  	18.5555555556
252	9	Es	Es	-1	-1	1	8	556	100	0		18.6666666667
253	9	Re5	D5	327	327	1	4	1111	95	96	Mec	18.8888888889
254	9	Re5	D5	327	327	1	24	185	95	96		18.9259259259
255	9	Do5	C5	318	318	1	24	185	95	90		18.962962963
256	9	Si4b1	B4b1	313	313	1	24	185	95	96		19.0
257	9	Si4b1	B4b1	313	313	1	8	556	95	96	nûn 	19.1111111111
258	9	Si4b1	B4b1	313	313	1	24	185	95	96		19.1481481481
259	9	La4	A4	305	305	1	24	185	95	90		19.1851851852
260	9	Sol4	G4	296	296	1	24	185	95	96		19.2222222222
261	9	Sol4	G4	296	296	1	8	556	95	96	de	19.3333333333
262	9	Sol4	G4	296	296	1	8	556	95	96	di	19.4444444444
263	9	Sol4	G4	296	296	1	8	556	95	96	ler  	19.5555555556
264	9	Es	Es	-1	-1	1	8	556	100	0		19.6666666667
265	9	Re5	D5	327	327	1	32	139	95	90	SAZ	19.6944444444
266	9	Do5	C5	318	318	1	32	139	95	84	.	19.7222222222
267	9	Re5	D5	327	327	1	32	139	95	90	.	19.75
268	9	Mi5	E5	336	336	1	32	139	95	84	.	19.7777777778
269	9	Re5	D5	327	327	1	16	278	95	96	.	19.8333333333
270	9	Do5	C5	318	318	1	16	278	95	90	.	19.8888888889
271	9	Si4b1	B4b1	313	313	1	16	278	95	96	.	19.9444444444
272	9	La4#4	A4#4	309	309	1	16	278	95	90	.	20.0
273	9	Sol4	G4	296	296	1	4	1111	95	96	ARANAĞME	20.2222222222
274	9	Do5	C5	318	318	1	8	556	95	96	.	20.3333333333
275	9	Re5	D5	327	327	1	8	556	95	96	.	20.4444444444
276	9	Re5	D5	327	327	1	4	1111	95	96	.	20.6666666667
277	9	Mi5	E5	336	336	1	16	278	95	96	.	20.7222222222
278	9	Fa5	F5	340	340	1	16	278	95	90	.	20.7777777778
279	9	Mi5	E5	336	336	1	16	278	95	96	.	20.8333333333
280	9	Mi5	E5	336	336	1	16	278	95	90	.	20.8888888889
281	9	Re5	D5	327	327	1	16	278	95	96	.	20.9444444444
282	9	Mi5	E5	336	336	1	16	278	95	90	.	21.0
283	9	Do5	C5	318	318	1	8	556	95	96	.	21.1111111111
284	9	Do5	C5	318	318	1	16	278	95	96	.	21.1666666667
285	9	Re5	D5	327	327	1	16	278	95	90	.	21.2222222222
286	9	Mi5	E5	336	336	1	16	278	95	96	.	21.2777777778
287	9	Re5	D5	327	327	1	16	278	95	90	.	21.3333333333
288	9	Do5	C5	318	318	1	16	278	95	96	.	21.3888888889
289	9	Si4b1	B4b1	313	313	1	16	278	95	90	.	21.4444444444
290	9	Do5	C5	318	318	1	32	139	95	90	.	21.4722222222
291	9	Si4b1	B4b1	313	313	1	32	139	95	84	.	21.5
292	9	Do5	C5	318	318	1	32	139	95	90	.	21.5277777778
293	9	Re5	D5	327	327	1	32	139	95	84	.	21.5555555556
294	9	Do5	C5	318	318	1	16	278	95	96	.	21.6111111111
295	9	Si4b1	B4b1	313	313	1	16	278	95	90	.	21.6666666667
296	9	Fa5	F5	340	340	3	32	417	95	96	.	21.75
297	9	Mi5	E5	336	336	1	32	139	95	90	.	21.7777777778
298	9	Re5	D5	327	327	1	16	278	95	96	.	21.8333333333
299	9	Do5	C5	318	318	1	16	278	95	90	.	21.8888888889
300	9	Re5	D5	327	327	1	16	278	95	96	.	21.9444444444
301	9	Do5	C5	318	318	1	16	278	95	90	.	22.0
302	9	Si4b1	B4b1	313	313	3	32	417	95	96	.	22.0833333333
303	9	La4#4	A4#4	309	309	1	32	139	95	90	.	22.1111111111
304	9	Sol4	G4	296	296	1	8	556	95	96	.	22.2222222222
305	9	La4#3	A4#4	308	309	1	8	556	95	96	.	22.3333333333
306	9	Si4b1	B4b1	313	313	1	8	556	95	96	.	22.4444444444
307	9	Si4b1	B4b1	313	313	1	8	556	95	96	.	22.5555555556
308	9	Es	Es	-1	-1	1	8	556	100	0	.	22.6666666667
309	9	Re5	D5	327	327	1	4	1111	95	96	.	22.8888888889
310	9	Re5	D5	327	327	1	24	185	95	96	.	22.9259259259
311	9	Do5	C5	318	318	1	24	185	95	90	.	22.962962963
312	9	Si4b1	B4b1	313	313	1	24	185	95	96	.	23.0
313	9	Si4b1	B4b1	313	313	1	8	556	95	96	.	23.1111111111
314	9	Si4b1	B4b1	313	313	1	24	185	95	96	.	23.1481481481
315	9	La4	A4	305	305	1	24	185	95	90	.	23.1851851852
316	9	Sol4	G4	296	296	1	24	185	95	96	.	23.2222222222
317	9	Sol4	G4	296	296	1	8	556	95	96	.	23.3333333333
318	9	Sol4	G4	296	296	1	8	556	95	96	.	23.4444444444
319	9	Sol4	G4	296	296	1	8	556	95	96	.	23.5555555556
320	9	Es	Es	-1	-1	1	8	556	100	0	.	23.6666666667
321	9	Re5	D5	327	327	1	32	139	95	90	.	23.6944444444
322	9	Do5	C5	318	318	1	32	139	95	84	.	23.7222222222
323	9	Re5	D5	327	327	1	32	139	95	90	.	23.75
324	9	Mi5	E5	336	336	1	32	139	95	84	.	23.7777777778
325	9	Re5	D5	327	327	1	16	278	95	96	.	23.8333333333
326	9	Do5	C5	318	318	1	16	278	95	90	.	23.8888888889
327	9	Si4b1	B4b1	313	313	1	16	278	95	96	.	23.9444444444
328	9	La4	A4	305	305	1	16	278	95	90	.	24.0
329	9	Sol4	G4	296	296	1	16	278	95	96	.	24.0555555556
330	9	Fa4#4	F4#4	291	291	1	16	278	95	90	.	24.1111111111
331	9	Mi4	E4	283	283	1	16	278	95	96	.	24.1666666667
332	9	Re4	D4	274	274	1	16	278	95	90	.	24.2222222222
333	9	Es	Es	-1	-1	1	16	278	100	0	.	24.2777777778
334	9	Sol4	G4	296	296	1	8	556	95	96	Reng_	24.3888888889
335	9	La4	A4	305	305	1	16	278	95	96	i 	24.4444444444
336	9	Si4b1	B4b1	313	313	1	4	1111	95	96	ruh	24.6666666667
337	9	Do5	C5	318	318	1	16	278	99	96	sâ	24.7222222222
338	9	Si4b1	B4b1	313	313	1	16	278	99	90		24.7777777778
339	9	Do5	C5	318	318	1	16	278	99	96		24.8333333333
340	9	Re5	D5	327	327	1	16	278	99	90		24.8888888889
341	9	Do5	C5	318	318	1	16	278	99	96		24.9444444444
342	9	Si4b1	B4b1	313	313	1	16	278	99	90		25.0
343	9	La4	A4	305	305	1	4	1111	95	96		25.2222222222
344	9	Si4b1	B4b1	313	313	1	8	556	95	96	rı	25.3333333333
345	9	Do5	C5	318	318	1	8	556	95	96	na 	25.4444444444
346	9	Si4b1	B4b1	313	313	1	32	139	99	90	gül	25.4722222222
347	9	La4	A4	305	305	1	32	139	99	84		25.5
348	9	Si4b1	B4b1	313	313	1	32	139	99	90		25.5277777778
349	9	Do5	C5	318	318	1	32	139	99	84		25.5555555556
350	9	Si4b1	B4b1	313	313	1	16	278	99	96		25.6111111111
351	9	La4	A4	305	305	1	16	278	95	90		25.6666666667
352	9	Sol4	G4	296	296	1	4	1111	99	96	gûn 	25.8888888889
353	9	La4	A4	305	305	1	16	278	99	96		25.9444444444
354	9	Si4b1	B4b1	313	313	1	16	278	99	90		26.0
355	9	Sol4	G4	296	296	1	4	1111	95	96		26.2222222222
356	9	Do5	C5	318	318	1	8	556	95	96	de	26.3333333333
357	9	Re5	D5	327	327	1	8	556	95	96	di	26.4444444444
358	9	Re5	D5	327	327	1	4	1111	95	96	ler 	26.6666666667
359	9	Mi5	E5	336	336	1	32	139	99	90	gül	26.6944444444
360	9	Re5	D5	327	327	1	32	139	99	84		26.7222222222
361	9	Mi5	E5	336	336	1	32	139	99	90		26.75
362	9	Fa5	F5	340	340	1	32	139	99	84		26.7777777778
363	9	Mi5	E5	336	336	1	16	278	99	96		26.8333333333
364	9	Re5	D5	327	327	1	16	278	99	90		26.8888888889
365	9	Re5	D5	327	327	1	16	278	99	96		26.9444444444
366	9	Do5	C5	318	318	1	16	278	95	90		27.0
367	10	Si4b1	B4b1	313	313	1	8	556	99	96	gûn 	27.1111111111
368	8	Do5	C5	318	318	0	0	0	99	96		27.1111111111
369	9	Si4b1	B4b1	313	313	1	16	278	99	96		27.1666666667
370	9	La4	A4	305	305	1	16	278	95	90		27.2222222222
371	9	Sol4	G4	296	296	1	8	556	95	96	de	27.3333333333
372	9	Re5	D5	327	327	1	8	556	95	96	di	27.4444444444
373	9	Re5	D5	327	327	1	8	556	95	96	ler  	27.5555555556
374	9	Es	Es	-1	-1	1	8	556	100	0		27.6666666667
375	9	Re5	D5	327	327	1	32	139	95	90	SAZ	27.6944444444
376	9	Do5	C5	318	318	1	32	139	95	84	.	27.7222222222
377	9	Re5	D5	327	327	1	32	139	95	90	.	27.75
378	9	Mi5	E5	336	336	1	32	139	95	84	.	27.7777777778
379	9	Re5	D5	327	327	1	16	278	95	96	.	27.8333333333
380	9	Do5	C5	318	318	1	16	278	95	90	.	27.8888888889
381	9	Si4b1	B4b1	313	313	1	16	278	95	96	.	27.9444444444
382	9	Do5	C5	318	318	1	16	278	95	90	.	28.0
383	9	Re5	D5	327	327	1	4	1111	95	96	.	28.2222222222
384	9	Es	Es	-1	-1	1	16	278	100	0		28.2777777778
385	9	Do5	C5	318	318	1	8	556	95	96	Şî	28.3888888889
386	9	Re5	D5	327	327	1	16	278	95	96	ve 	28.4444444444
387	9	Re5	D5	327	327	1	4	1111	95	96	i 	28.6666666667
388	9	Mi5	E5	336	336	1	32	139	99	90	hüs	28.6944444444
389	9	Re5	D5	327	327	1	32	139	99	84		28.7222222222
390	9	Mi5	E5	336	336	1	32	139	99	90		28.75
391	9	Fa5	F5	340	340	1	32	139	99	84		28.7777777778
392	9	Mi5	E5	336	336	1	16	278	99	96		28.8333333333
393	9	Re5	D5	327	327	1	16	278	99	90		28.8888888889
394	9	Re5	D5	327	327	1	16	278	99	96		28.9444444444
395	9	Do5	C5	318	318	1	16	278	99	90		29.0
396	9	Do5	C5	318	318	1	32	139	99	90		29.0277777778
397	9	Si4b1	B4b1	313	313	1	32	139	99	84		29.0555555556
398	9	Do5	C5	318	318	1	32	139	99	90		29.0833333333
399	9	Re5	D5	327	327	1	32	139	99	84		29.1111111111
400	9	Do5	C5	318	318	1	16	278	99	96		29.1666666667
401	9	Si4b1	B4b1	313	313	1	16	278	95	90		29.2222222222
402	10	Si4b1	B4b1	313	313	1	8	556	95	96	nü	29.3333333333
403	8	Do5	C5	318	318	0	0	0	95	96		29.3333333333
404	9	Si4b1	B4b1	313	313	1	16	278	99	96	ne 	29.3888888889
405	9	La4	A4	305	305	1	16	278	95	90		29.4444444444
406	9	La4	A4	305	305	1	8	556	99	96	ef	29.5555555556
407	9	Sol4	G4	296	296	1	8	556	95	96		29.6666666667
408	9	Do5	C5	318	318	1	4	1111	99	96	sûn 	29.8888888889
409	9	Do5	C5	318	318	1	16	278	99	96		29.9444444444
410	9	Si4b1	B4b1	313	313	1	16	278	99	90		30.0
411	9	Si4b1	B4b1	313	313	3	32	417	99	96		30.0833333333
412	9	La4	A4	305	305	1	32	139	99	90		30.1111111111
413	9	Sol4	G4	296	296	1	8	556	95	96		30.2222222222
414	9	La4#4	A4#4	309	309	1	8	556	95	96	de	30.3333333333
415	9	Si4b1	B4b1	313	313	1	8	556	95	96	di	30.4444444444
416	9	Si4b1	B4b1	313	313	1	8	556	95	96	ler  	30.5555555556
417	9	Es	Es	-1	-1	1	8	556	100	0		30.6666666667
418	9	Re5	D5	327	327	1	4	1111	95	96	ef	30.8888888889
419	9	Re5	D5	327	327	1	24	185	95	96		30.9259259259
420	9	Do5	C5	318	318	1	24	185	95	90		30.962962963
421	9	Si4b1	B4b1	313	313	1	24	185	95	96		31.0
422	9	Si4b1	B4b1	313	313	1	8	556	95	96	sûn 	31.1111111111
423	9	Si4b1	B4b1	313	313	1	24	185	95	96		31.1481481481
424	9	La4	A4	305	305	1	24	185	95	90		31.1851851852
425	9	Sol4	G4	296	296	1	24	185	95	96		31.2222222222
426	9	Sol4	G4	296	296	1	8	556	95	96	de	31.3333333333
427	9	Sol4	G4	296	296	1	8	556	95	96	di	31.4444444444
428	9	Sol4	G4	296	296	1	8	556	95	96	ler  	31.5555555556
429	9	Es	Es	-1	-1	1	8	556	100	0		31.6666666667
430	9	Sol5	G5	349	349	1	32	139	95	90	SAZ	31.6944444444
431	9	Fa5#4	F5#4	344	344	1	32	139	95	84	.	31.7222222222
432	9	Sol5	G5	349	349	1	32	139	95	90	.	31.75
433	9	La5	A5	358	358	1	32	139	95	84	.	31.7777777778
434	9	Sol5	G5	349	349	1	16	278	95	96	.	31.8333333333
435	9	Fa5#4	F5#4	344	344	1	16	278	95	90	.	31.8888888889
436	9	Mi5	E5	336	336	1	16	278	95	96	.	31.9444444444
437	9	Fa5#4	F5#4	344	344	1	16	278	95	90	.	32.0
438	9	Sol5	G5	349	349	1	4	1111	95	96	.	32.2222222222
439	9	Es	Es	-1	-1	1	16	278	100	0		32.2777777778
440	9	Mi5	E5	336	336	1	8	556	95	96	Hal_	32.3888888889
441	9	Fa5#4	F5#4	344	344	1	16	278	95	96	i	32.4444444444
442	9	Sol5	G5	349	349	1	4	1111	95	96	şû	32.6666666667
443	9	Sol5	G5	349	349	1	32	139	99	90	ri	32.6944444444
444	9	Fa5#4	F5#4	344	344	1	32	139	99	84		32.7222222222
445	9	Sol5	G5	349	349	1	32	139	99	90		32.75
446	9	La5	A5	358	358	1	32	139	99	84		32.7777777778
447	9	Sol5	G5	349	349	1	16	278	99	96		32.8333333333
448	9	Fa5#4	F5#4	344	344	1	16	278	99	90		32.8888888889
449	9	Mi5	E5	336	336	1	16	278	99	96		32.9444444444
450	9	Fa5#4	F5#4	344	344	1	16	278	99	90		33.0
451	9	Re5	D5	327	327	1	4	1111	95	96		33.2222222222
452	9	Mi5	E5	336	336	1	16	278	99	96	de	33.2777777778
453	9	Fa5	F5	340	340	1	16	278	95	90		33.3333333333
454	9	Re5	D5	327	327	1	16	278	99	96	me	33.3888888889
455	9	Mi5	E5	336	336	1	16	278	95	90		33.4444444444
456	9	Do5	C5	318	318	1	4	1111	95	96	mef	33.6666666667
457	9	Re5	D5	327	327	1	16	278	99	96	tûn 	33.7222222222
458	9	Mi5	E5	336	336	1	16	278	99	90		33.7777777778
459	9	Do5	C5	318	318	1	16	278	99	96		33.8333333333
460	9	Re5	D5	327	327	1	16	278	99	90		33.8888888889
461	9	Si4b1	B4b1	313	313	1	16	278	99	96		33.9444444444
462	9	Do5	C5	318	318	1	16	278	99	90		34.0
463	9	La4	A4	305	305	1	4	1111	95	96		34.2222222222
464	9	Re5	D5	327	327	1	24	185	95	96	de	34.2592592593
465	9	Do5	C5	318	318	1	24	185	95	90		34.2962962963
466	9	Si4b1	B4b1	313	313	1	24	185	95	96		34.3333333333
467	9	Si4b1	B4b1	313	313	1	24	185	95	96	di	34.3703703704
468	9	La4	A4	305	305	1	24	185	95	90		34.4074074074
469	9	Sol4	G4	296	296	1	24	185	95	96		34.4444444444
470	9	Sol4	G4	296	296	1	4	1111	95	96	ler  	34.6666666667
471	9	Sol4	G4	296	296	1	8	556	99	96	mef	34.7777777778
472	9	La4	A4	305	305	1	8	556	99	96		34.8888888889
473	9	Si4b1	B4b1	313	313	1	8	556	95	96		35.0
474	9	Do5	C5	318	318	1	8	556	95	96	tûn 	35.1111111111
475	9	Si4b1	B4b1	313	313	1	24	185	95	96		35.1481481481
476	9	La4#4	A4#4	309	309	1	24	185	95	90		35.1851851852
477	9	Si4b1	B4b1	313	313	1	24	185	95	96		35.2222222222
478	9	Re5	D5	327	327	1	8	556	95	96	de	35.3333333333
479	9	Do5#4	C5#4	322	322	1	16	278	99	96	di	35.3888888889
480	9	Mi5	E5	336	336	1	16	278	95	90		35.4444444444
481	9	Re5	D5	327	327	1	4	1111	95	96	ler  	35.6666666667
482	9	Re5	D5	327	327	1	32	139	95	90	SAZ	35.6944444444
483	9	Do5	C5	318	318	1	32	139	95	84	.	35.7222222222
484	9	Re5	D5	327	327	1	32	139	95	90	.	35.75
485	9	Mi5	E5	336	336	1	32	139	95	84	.	35.7777777778
486	9	Re5	D5	327	327	1	16	278	95	96	.	35.8333333333
487	9	Do5	C5	318	318	1	16	278	95	90	.	35.8888888889
488	9	Si4b1	B4b1	313	313	1	16	278	95	96	.	35.9444444444
489	9	Do5	C5	318	318	1	16	278	95	90	.	36.0
490	9	Re5	D5	327	327	1	4	1111	95	96	.	36.2222222222
491	9	Es	Es	-1	-1	1	16	278	100	0		36.2777777778
492	9	Do5	C5	318	318	1	8	556	95	96	Sa	36.3888888889
493	9	Re5	D5	327	327	1	16	278	95	96	na 	36.4444444444
494	9	Re5	D5	327	327	1	4	1111	95	96	Ley	36.6666666667
495	9	Mi5	E5	336	336	1	32	139	99	90	lâ 	36.6944444444
496	9	Re5	D5	327	327	1	32	139	99	84		36.7222222222
497	9	Mi5	E5	336	336	1	32	139	99	90		36.75
498	9	Fa5	F5	340	340	1	32	139	99	84		36.7777777778
499	9	Mi5	E5	336	336	1	16	278	99	96		36.8333333333
500	9	Re5	D5	327	327	1	16	278	99	90		36.8888888889
501	9	Re5	D5	327	327	1	16	278	99	96		36.9444444444
502	9	Do5	C5	318	318	1	16	278	99	90		37.0
503	9	Do5	C5	318	318	1	32	139	99	90		37.0277777778
504	9	Si4b1	B4b1	313	313	1	32	139	99	84		37.0555555556
505	9	Do5	C5	318	318	1	32	139	99	90		37.0833333333
506	9	Re5	D5	327	327	1	32	139	99	84		37.1111111111
507	9	Do5	C5	318	318	1	16	278	99	96		37.1666666667
508	9	Si4b1	B4b1	313	313	1	16	278	95	90		37.2222222222
509	10	Si4b1	B4b1	313	313	1	8	556	95	96	ba	37.3333333333
510	8	Do5	C5	318	318	0	0	0	95	96		37.3333333333
511	9	Si4b1	B4b1	313	313	1	16	278	99	96	na 	37.3888888889
512	9	La4	A4	305	305	1	16	278	95	90		37.4444444444
513	9	La4	A4	305	305	1	8	556	99	96	Mec	37.5555555556
514	9	Sol4	G4	296	296	1	8	556	95	96		37.6666666667
515	9	Do5	C5	318	318	1	4	1111	99	96	nûn 	37.8888888889
516	9	Do5	C5	318	318	1	16	278	99	96		37.9444444444
517	9	Si4b1	B4b1	313	313	1	16	278	99	90		38.0
518	9	Si4b1	B4b1	313	313	3	32	417	99	96		38.0833333333
519	9	La4	A4	305	305	1	32	139	99	90		38.1111111111
520	9	Sol4	G4	296	296	1	8	556	95	96		38.2222222222
521	9	La4#4	A4#4	309	309	1	8	556	95	96	de	38.3333333333
522	9	Si4b1	B4b1	313	313	1	8	556	95	96	di	38.4444444444
523	9	Si4b1	B4b1	313	313	1	8	556	95	96	ler  	38.5555555556
524	9	Es	Es	-1	-1	1	8	556	100	0		38.6666666667
525	9	Re5	D5	327	327	1	4	1111	95	96	Mec	38.8888888889
526	9	Re5	D5	327	327	1	24	185	95	96		38.9259259259
527	9	Do5	C5	318	318	1	24	185	95	90		38.962962963
528	9	Si4b1	B4b1	313	313	1	24	185	95	96		39.0
529	9	Si4b1	B4b1	313	313	1	8	556	95	96	nûn 	39.1111111111
530	9	Si4b1	B4b1	313	313	1	24	185	95	96		39.1481481481
531	9	La4	A4	305	305	1	24	185	95	90		39.1851851852
532	9	Sol4	G4	296	296	1	24	185	95	96		39.2222222222
533	9	Sol4	G4	296	296	1	8	556	95	96	de	39.3333333333
534	9	Sol4	G4	296	296	1	8	556	95	96	di	39.4444444444
535	9	Sol4	G4	296	296	1	8	556	95	96	ler  	39.5555555556
