Sira	Kod	Nota53	NotaAE	Koma53	KomaAE	Pay	Payda	Ms	LNS	Bas	Soz1	Offset
1	9	Sol4	G4	296	296	1	16	125	95	96	ARANAĞME	0.0833333333333
2	9	La4	A4	305	305	1	16	125	95	96	.	0.166666666667
3	9	Si4b1	B4b1	313	313	1	16	125	95	96	.	0.25
4	9	Do5	C5	318	318	1	16	125	95	96	.	0.333333333333
5	9	Re5	D5	327	327	1	8	250	95	96	.	0.5
6	9	Es	Es	-1	-1	1	8	250	100	0	.	0.666666666667
7	9	Si4b1	B4b1	313	313	1	4	500	95	96	.	1.0
8	9	Sol4	G4	296	296	3	4	1500	95	96	.	2.0
9	9	Sol4	G4	296	296	1	16	125	95	96	.	2.08333333333
10	9	La4	A4	305	305	1	16	125	95	96	.	2.16666666667
11	9	Si4b1	B4b1	313	313	1	16	125	95	96	.	2.25
12	9	Do5	C5	318	318	1	16	125	95	96	.	2.33333333333
13	9	Re5	D5	327	327	1	8	250	95	96	.	2.5
14	9	Es	Es	-1	-1	1	8	250	100	0	.	2.66666666667
15	9	Si4b1	B4b1	313	313	1	4	500	95	96	.	3.0
16	9	Re5	D5	327	327	3	4	1500	95	96	.	4.0
17	9	Do5#4	C5#4	322	322	1	16	125	95	96	.	4.08333333333
18	9	Re5	D5	327	327	1	16	125	95	96	.	4.16666666667
19	9	Mi5	E5	336	336	1	16	125	95	96	.	4.25
20	9	Fa5#4	F5#4	344	344	1	16	125	95	96	.	4.33333333333
21	9	Sol5	G5	349	349	1	8	250	95	96	.	4.5
22	9	Es	Es	-1	-1	1	8	250	100	0	.	4.66666666667
23	9	Re5	D5	327	327	1	4	500	95	96	.	5.0
24	9	Sol5	G5	349	349	3	4	1500	95	96	.	6.0
25	9	Re5	D5	327	327	1	8	250	95	96	.	6.16666666667
26	9	Do5	C5	318	318	1	8	250	95	96	.	6.33333333333
27	9	Si4b1	B4b1	313	313	1	8	250	95	96	.	6.5
28	9	Re5	D5	327	327	1	8	250	95	96	.	6.66666666667
29	9	Si4b1	B4b1	313	313	1	8	250	95	96	.	6.83333333333
30	9	La4	A4	305	305	1	8	250	95	96	.	7.0
31	9	Sol4	G4	296	296	3	4	1500	95	96	.	8.0
32	9	Re5	D5	327	327	1	8	250	95	96	.	8.16666666667
33	9	Do5	C5	318	318	1	8	250	95	96	.	8.33333333333
34	9	Si4b1	B4b1	313	313	1	8	250	95	96	.	8.5
35	9	Re5	D5	327	327	1	8	250	95	96	.	8.66666666667
36	9	Si4b1	B4b1	313	313	1	8	250	95	96	.	8.83333333333
37	9	La4	A4	305	305	1	8	250	95	96	.	9.0
38	9	Sol4	G4	296	296	1	8	250	95	96	.	9.16666666667
39	9	La4	A4	305	305	1	8	250	95	96	.	9.33333333333
40	9	Si4b1	B4b1	313	313	1	8	250	95	96	.	9.5
41	9	Re5	D5	327	327	1	8	250	95	96	.	9.66666666667
42	9	Si4b1	B4b1	313	313	1	8	250	95	96	.	9.83333333333
43	9	La4	A4	305	305	1	8	250	95	96	.	10.0
44	9	Re5	D5	327	327	1	8	250	95	96	.	10.1666666667
45	9	Do5	C5	318	318	1	8	250	95	96	.	10.3333333333
46	9	Si4b1	B4b1	313	313	1	8	250	95	96	.	10.5
47	9	Re5	D5	327	327	1	8	250	95	96	.	10.6666666667
48	9	Si4b1	B4b1	313	313	1	8	250	95	96	.	10.8333333333
49	9	La4	A4	305	305	1	8	250	95	96	.	11.0
50	9	Sol4	G4	296	296	3	4	1500	95	96	.	12.0
51	9	Re5	D5	327	327	1	8	250	95	96	.	12.1666666667
52	9	Do5	C5	318	318	1	8	250	95	96	.	12.3333333333
53	9	Si4b1	B4b1	313	313	1	8	250	95	96	.	12.5
54	9	Re5	D5	327	327	1	8	250	95	96	.	12.6666666667
55	9	Si4b1	B4b1	313	313	1	8	250	95	96	.	12.8333333333
56	9	La4	A4	305	305	1	8	250	95	96	.	13.0
57	9	Sol4	G4	296	296	1	8	250	95	96	.	13.1666666667
58	9	La4	A4	305	305	1	8	250	95	96	.	13.3333333333
59	9	Si4b1	B4b1	313	313	1	8	250	95	96	.	13.5
60	9	Re5	D5	327	327	1	8	250	95	96	.	13.6666666667
61	9	Si4b1	B4b1	313	313	1	8	250	95	96	.	13.8333333333
62	9	La4	A4	305	305	1	8	250	95	96	.	14.0
63	9	Re5	D5	327	327	1	8	250	95	96	.	14.1666666667
64	9	Do5	C5	318	318	1	8	250	95	96	.	14.3333333333
65	9	Si4b1	B4b1	313	313	1	8	250	95	96	.	14.5
66	9	Re5	D5	327	327	1	8	250	95	96	.	14.6666666667
67	9	Si4b1	B4b1	313	313	1	8	250	95	96	.	14.8333333333
68	9	La4	A4	305	305	1	8	250	95	96	.	15.0
69	9	Sol4	G4	296	296	3	4	1500	95	96	.	16.0
70	9	Re4	D4	274	274	1	4	500	95	96	.	16.3333333333
71	9	Sol4	G4	296	296	1	4	500	95	96	.	16.6666666667
72	9	Es	Es	-1	-1	1	8	250	100	0	.	16.8333333333
73	9	Sol4	G4	296	296	1	8	250	95	96	.	17.0
74	9	Re4	D4	274	274	1	4	500	95	96	.	17.3333333333
75	9	Sol4	G4	296	296	3	8	750	95	96	.	17.8333333333
76	9	Es	Es	-1	-1	1	8	250	100	0	.	18.0
77	9	Re4	D4	274	274	1	4	500	95	96	.	18.3333333333
78	9	Sol4	G4	296	296	1	4	500	95	96	.	18.6666666667
79	9	Es	Es	-1	-1	1	8	250	100	0	.	18.8333333333
80	9	Sol4	G4	296	296	1	8	250	95	96	.	19.0
81	9	Re4	D4	274	274	1	4	500	95	96	.	19.3333333333
82	9	Sol4	G4	296	296	3	8	750	95	96	.	19.8333333333
83	9	Es	Es	-1	-1	1	8	250	100	0		20.0
84	9	Sol4	G4	296	296	1	4	500	95	96	Pe	20.3333333333
85	9	Sol4	G4	296	296	1	2	1000	95	96	ri	21.0
86	9	Do5	C5	318	318	3	4	1500	95	96	şan 	22.0
87	9	Si4b1	B4b1	313	313	1	4	500	99	96	saç	22.3333333333
88	9	La4	A4	305	305	1	4	500	95	96		22.6666666667
89	9	Si4b1	B4b1	313	313	1	4	500	95	96	la	23.0
90	9	Sol4	G4	296	296	3	4	1500	95	96	rın 	24.0
91	9	Sol4	G4	296	296	1	2	1000	95	96	aş	24.6666666667
92	9	Si4b1	B4b1	313	313	1	8	250	99	96	kı	24.8333333333
93	9	Do5	C5	318	318	1	8	250	95	96		25.0
94	9	Re5	D5	327	327	3	4	1500	95	96	mın 	26.0
95	9	Mi5	E5	336	336	1	4	500	99	96	a	26.3333333333
96	9	Fa5#4	F5#4	344	344	1	4	500	95	96		26.6666666667
97	9	Sol5	G5	349	349	1	4	500	95	96	ğı	27.0
98	9	Re5	D5	327	327	3	4	1500	95	96	dır  	28.0
99	9	Sol4	G4	296	296	1	4	500	95	96	Pe	28.3333333333
100	9	Sol4	G4	296	296	1	2	1000	95	96	ri	29.0
101	9	Do5	C5	318	318	3	4	1500	95	96	şan 	30.0
102	9	Si4b1	B4b1	313	313	1	4	500	99	96	saç	30.3333333333
103	9	La4	A4	305	305	1	4	500	95	96		30.6666666667
104	9	Si4b1	B4b1	313	313	1	4	500	95	96	la	31.0
105	9	Sol4	G4	296	296	3	4	1500	95	96	rın 	32.0
106	9	Sol4	G4	296	296	1	2	1000	95	96	aş	32.6666666667
107	9	Si4b1	B4b1	313	313	1	8	250	99	96	kı	32.8333333333
108	9	Do5	C5	318	318	1	8	250	95	96		33.0
109	9	Re5	D5	327	327	3	4	1500	95	96	mın 	34.0
110	9	Mi5	E5	336	336	1	4	500	99	96	a	34.3333333333
111	9	Fa5#4	F5#4	344	344	1	4	500	95	96		34.6666666667
112	9	Sol5	G5	349	349	1	4	500	95	96	ğı	35.0
113	9	Re5	D5	327	327	1	2	1000	95	96	dır  	35.6666666667
114	9	Re5	D5	327	327	1	4	500	95	96	SAZ	36.0
115	9	Sol5	G5	349	349	3	16	375	95	96	SAZ	36.25
116	9	Fa5#4	F5#4	344	344	1	16	125	95	96	.	36.3333333333
117	9	Sol5	G5	349	349	1	4	500	95	96	.	36.6666666667
118	9	Mi5	E5	336	336	1	4	500	95	96	.	37.0
119	9	Re5	D5	327	327	1	4	500	95	96	.	37.3333333333
120	9	Re5	D5	327	327	1	4	500	95	96	.	37.6666666667
121	9	Re5	D5	327	327	1	4	500	95	96	.	38.0
122	9	Sol5	G5	349	349	1	16	125	95	96	.	38.0833333333
123	9	Fa5#4	F5#4	344	344	1	16	125	95	96	.	38.1666666667
124	9	Sol5	G5	349	349	1	16	125	95	96	.	38.25
125	9	La5	A5	358	358	1	16	125	95	96	.	38.3333333333
126	9	Fa5#4	F5#4	344	344	1	4	500	95	96	.	38.6666666667
127	9	Mi5	E5	336	336	1	4	500	95	96	.	39.0
128	9	Re5	D5	327	327	1	2	1000	95	96	.	39.6666666667
129	9	Re5	D5	327	327	1	4	500	95	96	.	40.0
130	9	Mi5	E5	336	336	1	4	500	99	96	İn	40.3333333333
131	9	Re5	D5	327	327	1	4	500	95	96		40.6666666667
132	9	Do5	C5	318	318	1	4	500	95	96	ce	41.0
133	9	Mi5	E5	336	336	3	4	1500	95	96	cik 	42.0
134	9	Re5	D5	327	327	1	4	500	99	96	tel	42.3333333333
135	9	Do5	C5	318	318	1	4	500	95	96		42.6666666667
136	9	Si4b1	B4b1	313	313	1	4	500	95	96	le	43.0
137	9	Re5	D5	327	327	3	4	1500	95	96	ri 	44.0
138	9	Si4b1	B4b1	313	313	1	4	500	99	96	kal	44.3333333333
139	9	La4	A4	305	305	1	4	500	95	96		44.6666666667
140	9	Si4b1	B4b1	313	313	1	4	500	95	96	bi	45.0
141	9	Do5	C5	318	318	3	4	1500	95	96	min 	46.0
142	9	Si4b1	B4b1	313	313	1	4	500	99	96	ba	46.3333333333
143	9	La4	A4	305	305	1	4	500	95	96		46.6666666667
144	9	Si4b1	B4b1	313	313	1	4	500	95	96	ğı	47.0
145	9	Sol4	G4	296	296	1	8	250	99	96	dır  	47.1666666667
146	9	La4	A4	305	305	1	8	250	99	96		47.3333333333
147	9	Si4b1	B4b1	313	313	1	8	250	99	96		47.5
148	9	Do5	C5	318	318	1	8	250	99	96		47.6666666667
149	9	Re5	D5	327	327	1	4	500	95	96		48.0
150	9	Mi5	E5	336	336	1	4	500	99	96	İn	48.3333333333
151	9	Re5	D5	327	327	1	4	500	95	96		48.6666666667
152	9	Do5	C5	318	318	1	4	500	95	96	ce	49.0
153	9	Mi5	E5	336	336	3	4	1500	95	96	cik 	50.0
154	9	Re5	D5	327	327	1	4	500	99	96	tel	50.3333333333
155	9	Do5	C5	318	318	1	4	500	95	96		50.6666666667
156	9	Si4b1	B4b1	313	313	1	4	500	95	96	le	51.0
157	9	Re5	D5	327	327	3	4	1500	95	96	ri 	52.0
158	9	Si4b1	B4b1	313	313	1	4	500	99	96	kal	52.3333333333
159	9	La4	A4	305	305	1	4	500	95	96		52.6666666667
160	9	Si4b1	B4b1	313	313	1	4	500	95	96	bi	53.0
161	9	Do5	C5	318	318	3	4	1500	95	96	min 	54.0
162	9	Si4b1	B4b1	313	313	1	4	500	99	96	ba	54.3333333333
163	9	La4	A4	305	305	1	4	500	95	96		54.6666666667
164	9	Si4b1	B4b1	313	313	1	4	500	95	96	ğı	55.0
165	9	Sol4	G4	296	296	3	4	1500	95	96	dır  	56.0
166	9	Sol5	G5	349	349	1	8	250	95	96	SAZ	56.1666666667
167	9	Fa5#4	F5#4	344	344	1	8	250	95	96	.	56.3333333333
168	9	Mi5	E5	336	336	1	8	250	95	96	.	56.5
169	9	Re5	D5	327	327	1	8	250	95	96	.	56.6666666667
170	9	Mi5	E5	336	336	1	8	250	95	96	.	56.8333333333
171	9	Fa5#4	F5#4	344	344	1	8	250	95	96	.	57.0
172	9	Sol5	G5	349	349	3	4	1500	95	96	.	58.0
173	9	Sol4	G4	296	296	1	8	250	95	96	.	58.1666666667
174	9	Fa4#4	F4#4	291	291	1	8	250	95	96	.	58.3333333333
175	9	Mi4	E4	283	283	1	8	250	95	96	.	58.5
176	9	Re4	D4	274	274	1	8	250	95	96	.	58.6666666667
177	9	Mi4	E4	283	283	1	8	250	95	96	.	58.8333333333
178	9	Fa4#4	F4#4	291	291	1	8	250	95	96	.	59.0
179	9	Sol4	G4	296	296	3	4	1500	95	96	.	60.0
180	9	Sol5	G5	349	349	1	4	500	99	96	Gel 	60.3333333333
181	9	Fa5#4	F5#4	344	344	1	4	500	95	96		60.6666666667
182	9	Mi5	E5	336	336	1	8	250	99	96	gü	60.8333333333
183	9	Re5	D5	327	327	1	8	250	95	96		61.0
184	9	Sol5	G5	349	349	3	4	1500	95	96	lüm 	62.0
185	9	Sol5	G5	349	349	1	4	500	99	96	kaç	62.3333333333
186	9	Fa5#4	F5#4	344	344	1	4	500	95	96		62.6666666667
187	9	Mi5	E5	336	336	1	8	250	99	96	ma 	62.8333333333
188	9	Re5	D5	327	327	1	8	250	95	96		63.0
189	9	Sol5	G5	349	349	3	4	1500	95	96	gel 	64.0
190	9	Sol5	G5	349	349	1	4	500	95	96	se	64.3333333333
191	9	Fa5#4	F5#4	344	344	1	4	500	99	96	viş	64.6666666667
192	9	Sol5	G5	349	349	1	4	500	95	96		65.0
193	9	La5	A5	358	358	1	2	1000	99	96	mek 	65.6666666667
194	9	Sol5	G5	349	349	1	4	500	95	96		66.0
195	9	Fa5#4	F5#4	344	344	1	4	500	99	96	ça	66.3333333333
196	9	Mi5	E5	336	336	1	4	500	95	96		66.6666666667
197	9	Fa5#4	F5#4	344	344	1	4	500	95	96	ğı	67.0
198	9	Re5	D5	327	327	1	4	500	95	96	dır  	67.3333333333
199	9	Mi5	E5	336	336	1	8	250	95	96	SAZ	67.5
200	9	Fa5#4	F5#4	344	344	1	8	250	95	96	.	67.6666666667
201	9	Sol5	G5	349	349	1	4	500	95	96	.	68.0
202	9	Sol5	G5	349	349	1	4	500	99	96	Gel 	68.3333333333
203	9	Fa5#4	F5#4	344	344	1	4	500	95	96		68.6666666667
204	9	Mi5	E5	336	336	1	8	250	99	96	gü	68.8333333333
205	9	Re5	D5	327	327	1	8	250	95	96		69.0
206	9	Sol5	G5	349	349	3	4	1500	95	96	lüm 	70.0
207	9	Sol5	G5	349	349	1	4	500	99	96	kaç	70.3333333333
208	9	Fa5#4	F5#4	344	344	1	4	500	95	96		70.6666666667
209	9	Mi5	E5	336	336	1	8	250	99	96	ma 	70.8333333333
210	9	Re5	D5	327	327	1	8	250	95	96		71.0
211	9	Sol5	G5	349	349	3	4	1500	95	96	gel 	72.0
212	9	Fa5#4	F5#4	344	344	1	4	500	95	96	se	72.3333333333
213	9	Sol5	G5	349	349	1	4	500	99	96	viş	72.6666666667
214	9	Fa5#4	F5#4	344	344	1	4	500	95	96		73.0
215	9	La5	A5	358	358	1	2	1000	99	96	mek 	73.6666666667
216	9	Sol5	G5	349	349	1	4	500	95	96		74.0
217	9	Fa5#4	F5#4	344	344	1	4	500	99	96	ça	74.3333333333
218	9	Mi5	E5	336	336	1	4	500	95	96		74.6666666667
219	9	Fa5#4	F5#4	344	344	1	4	500	95	96	ğı	75.0
220	9	Re5	D5	327	327	3	4	1500	95	96	dır  	76.0
221	9	Mi5	E5	336	336	1	4	500	99	96	Zül	76.3333333333
222	9	Re5	D5	327	327	1	4	500	95	96		76.6666666667
223	9	Do5	C5	318	318	1	4	500	95	96	fü	77.0
224	9	Mi5	E5	336	336	3	4	1500	95	96	nün 	78.0
225	9	Re5	D5	327	327	1	4	500	99	96	tel	78.3333333333
226	9	Do5	C5	318	318	1	4	500	95	96		78.6666666667
227	9	Si4b1	B4b1	313	313	1	4	500	95	96	le	79.0
228	9	Re5	D5	327	327	3	4	1500	95	96	ri 	80.0
229	9	Si4b1	B4b1	313	313	1	4	500	99	96	kal	80.3333333333
230	9	La4	A4	305	305	1	4	500	95	96		80.6666666667
231	9	Si4b1	B4b1	313	313	1	4	500	95	96	bi	81.0
232	9	Do5	C5	318	318	3	4	1500	95	96	min 	82.0
233	9	Si4b1	B4b1	313	313	1	4	500	99	96	ba	82.3333333333
234	9	La4	A4	305	305	1	4	500	95	96		82.6666666667
235	9	Si4b1	B4b1	313	313	1	4	500	95	96	ğı	83.0
236	9	Sol4	G4	296	296	1	8	250	99	96	dır  	83.1666666667
237	9	La4	A4	305	305	1	8	250	99	96		83.3333333333
238	9	Si4b1	B4b1	313	313	1	8	250	99	96		83.5
239	9	Do5	C5	318	318	1	8	250	99	96		83.6666666667
240	9	Re5	D5	327	327	1	4	500	95	96		84.0
241	9	Mi5	E5	336	336	1	4	500	99	96	Zül	84.3333333333
242	9	Re5	D5	327	327	1	4	500	95	96		84.6666666667
243	9	Do5	C5	318	318	1	4	500	95	96	fü	85.0
244	9	Mi5	E5	336	336	3	4	1500	95	96	nün 	86.0
245	9	Re5	D5	327	327	1	4	500	99	96	tel	86.3333333333
246	9	Do5	C5	318	318	1	4	500	95	96		86.6666666667
247	9	Si4b1	B4b1	313	313	1	4	500	95	96	le	87.0
248	9	Re5	D5	327	327	3	4	1500	95	96	ri 	88.0
249	9	Si4b1	B4b1	313	313	1	4	500	99	96	kal	88.3333333333
250	9	La4	A4	305	305	1	4	500	95	96		88.6666666667
251	9	Si4b1	B4b1	313	313	1	4	500	95	96	bi	89.0
252	9	Do5	C5	318	318	3	4	1500	95	96	min 	90.0
253	9	Si4b1	B4b1	313	313	1	4	500	99	96	ba	90.3333333333
254	9	La4	A4	305	305	1	4	500	95	96		90.6666666667
255	9	Si4b1	B4b1	313	313	1	4	500	95	96	ğı	91.0
256	9	Sol4	G4	296	296	3	4	1500	95	96	dır  	92.0
257	9	Sol4	G4	296	296	1	16	125	95	96	ARANAĞME	92.0833333333
258	9	La4	A4	305	305	1	16	125	95	96	.	92.1666666667
259	9	Si4b1	B4b1	313	313	1	16	125	95	96	.	92.25
260	9	Do5	C5	318	318	1	16	125	95	96	.	92.3333333333
261	9	Re5	D5	327	327	1	8	250	95	96	.	92.5
262	9	Es	Es	-1	-1	1	8	250	100	0	.	92.6666666667
263	9	Si4b1	B4b1	313	313	1	4	500	95	96	.	93.0
264	9	Sol4	G4	296	296	3	4	1500	95	96	.	94.0
265	9	Sol4	G4	296	296	1	16	125	95	96	.	94.0833333333
266	9	La4	A4	305	305	1	16	125	95	96	.	94.1666666667
267	9	Si4b1	B4b1	313	313	1	16	125	95	96	.	94.25
268	9	Do5	C5	318	318	1	16	125	95	96	.	94.3333333333
269	9	Re5	D5	327	327	1	8	250	95	96	.	94.5
270	9	Es	Es	-1	-1	1	8	250	100	0	.	94.6666666667
271	9	Si4b1	B4b1	313	313	1	4	500	95	96	.	95.0
272	9	Re5	D5	327	327	3	4	1500	95	96	.	96.0
273	9	Do5#4	C5#4	322	322	1	16	125	95	96	.	96.0833333333
274	9	Re5	D5	327	327	1	16	125	95	96	.	96.1666666667
275	9	Mi5	E5	336	336	1	16	125	95	96	.	96.25
276	9	Fa5#4	F5#4	344	344	1	16	125	95	96	.	96.3333333333
277	9	Sol5	G5	349	349	1	8	250	95	96	.	96.5
278	9	Es	Es	-1	-1	1	8	250	100	0	.	96.6666666667
279	9	Re5	D5	327	327	1	4	500	95	96	.	97.0
280	9	Sol5	G5	349	349	3	4	1500	95	96	.	98.0
281	9	Re5	D5	327	327	1	8	250	95	96	.	98.1666666667
282	9	Do5	C5	318	318	1	8	250	95	96	.	98.3333333333
283	9	Si4b1	B4b1	313	313	1	8	250	95	96	.	98.5
284	9	Re5	D5	327	327	1	8	250	95	96	.	98.6666666667
285	9	Si4b1	B4b1	313	313	1	8	250	95	96	.	98.8333333333
286	9	La4	A4	305	305	1	8	250	95	96	.	99.0
287	9	Sol4	G4	296	296	3	4	1500	95	96	.	100.0
288	9	Re5	D5	327	327	1	8	250	95	96	.	100.166666667
289	9	Do5	C5	318	318	1	8	250	95	96	.	100.333333333
290	9	Si4b1	B4b1	313	313	1	8	250	95	96	.	100.5
291	9	Re5	D5	327	327	1	8	250	95	96	.	100.666666667
292	9	Si4b1	B4b1	313	313	1	8	250	95	96	.	100.833333333
293	9	La4	A4	305	305	1	8	250	95	96	.	101.0
294	9	Sol4	G4	296	296	1	8	250	95	96	.	101.166666667
295	9	La4	A4	305	305	1	8	250	95	96	.	101.333333333
296	9	Si4b1	B4b1	313	313	1	8	250	95	96	.	101.5
297	9	Re5	D5	327	327	1	8	250	95	96	.	101.666666667
298	9	Si4b1	B4b1	313	313	1	8	250	95	96	.	101.833333333
299	9	La4	A4	305	305	1	8	250	95	96	.	102.0
300	9	Re5	D5	327	327	1	8	250	95	96	.	102.166666667
301	9	Do5	C5	318	318	1	8	250	95	96	.	102.333333333
302	9	Si4b1	B4b1	313	313	1	8	250	95	96	.	102.5
303	9	Re5	D5	327	327	1	8	250	95	96	.	102.666666667
304	9	Si4b1	B4b1	313	313	1	8	250	95	96	.	102.833333333
305	9	La4	A4	305	305	1	8	250	95	96	.	103.0
306	9	Sol4	G4	296	296	3	4	1500	95	96	.	104.0
307	9	Re5	D5	327	327	1	8	250	95	96	.	104.166666667
308	9	Do5	C5	318	318	1	8	250	95	96	.	104.333333333
309	9	Si4b1	B4b1	313	313	1	8	250	95	96	.	104.5
310	9	Re5	D5	327	327	1	8	250	95	96	.	104.666666667
311	9	Si4b1	B4b1	313	313	1	8	250	95	96	.	104.833333333
312	9	La4	A4	305	305	1	8	250	95	96	.	105.0
313	9	Sol4	G4	296	296	1	8	250	95	96	.	105.166666667
314	9	La4	A4	305	305	1	8	250	95	96	.	105.333333333
315	9	Si4b1	B4b1	313	313	1	8	250	95	96	.	105.5
316	9	Re5	D5	327	327	1	8	250	95	96	.	105.666666667
317	9	Si4b1	B4b1	313	313	1	8	250	95	96	.	105.833333333
318	9	La4	A4	305	305	1	8	250	95	96	.	106.0
319	9	Re5	D5	327	327	1	8	250	95	96	.	106.166666667
320	9	Do5	C5	318	318	1	8	250	95	96	.	106.333333333
321	9	Si4b1	B4b1	313	313	1	8	250	95	96	.	106.5
322	9	Re5	D5	327	327	1	8	250	95	96	.	106.666666667
323	9	Si4b1	B4b1	313	313	1	8	250	95	96	.	106.833333333
324	9	La4	A4	305	305	1	8	250	95	96	.	107.0
325	9	Sol4	G4	296	296	3	4	1500	95	96	.	108.0
326	9	Re4	D4	274	274	1	4	500	95	96	.	108.333333333
327	9	Sol4	G4	296	296	1	4	500	95	96	.	108.666666667
328	9	Es	Es	-1	-1	1	8	250	100	0	.	108.833333333
329	9	Sol4	G4	296	296	1	8	250	95	96	.	109.0
330	9	Re4	D4	274	274	1	4	500	95	96	.	109.333333333
331	9	Sol4	G4	296	296	3	8	750	95	96	.	109.833333333
332	9	Es	Es	-1	-1	1	8	250	100	0	.	110.0
333	9	Re4	D4	274	274	1	4	500	95	96	.	110.333333333
334	9	Sol4	G4	296	296	1	4	500	95	96	.	110.666666667
335	9	Es	Es	-1	-1	1	8	250	100	0	.	110.833333333
336	9	Sol4	G4	296	296	1	8	250	95	96	.	111.0
337	9	Re4	D4	274	274	1	4	500	95	96	.	111.333333333
338	9	Sol4	G4	296	296	3	8	750	95	96	.	111.833333333
339	9	Es	Es	-1	-1	1	8	250	100	0		112.0
340	9	Sol4	G4	296	296	1	4	500	95	96	Pe	112.333333333
341	9	Sol4	G4	296	296	1	2	1000	95	96	ri	113.0
342	9	Do5	C5	318	318	3	4	1500	95	96	şan 	114.0
343	9	Si4b1	B4b1	313	313	1	4	500	99	96	saç	114.333333333
344	9	La4	A4	305	305	1	4	500	95	96		114.666666667
345	9	Si4b1	B4b1	313	313	1	4	500	95	96	la	115.0
346	9	Sol4	G4	296	296	3	4	1500	95	96	rın 	116.0
347	9	Sol4	G4	296	296	1	2	1000	95	96	aş	116.666666667
348	9	Si4b1	B4b1	313	313	1	8	250	99	96	kı	116.833333333
349	9	Do5	C5	318	318	1	8	250	95	96		117.0
350	9	Re5	D5	327	327	3	4	1500	95	96	mın 	118.0
351	9	Mi5	E5	336	336	1	4	500	99	96	a	118.333333333
352	9	Fa5#4	F5#4	344	344	1	4	500	95	96		118.666666667
353	9	Sol5	G5	349	349	1	4	500	95	96	ğı	119.0
354	9	Re5	D5	327	327	3	4	1500	95	96	dır  	120.0
355	9	Sol4	G4	296	296	1	4	500	95	96	Pe	120.333333333
356	9	Sol4	G4	296	296	1	2	1000	95	96	ri	121.0
357	9	Do5	C5	318	318	3	4	1500	95	96	şan 	122.0
358	9	Si4b1	B4b1	313	313	1	4	500	99	96	saç	122.333333333
359	9	La4	A4	305	305	1	4	500	95	96		122.666666667
360	9	Si4b1	B4b1	313	313	1	4	500	95	96	la	123.0
361	9	Sol4	G4	296	296	3	4	1500	95	96	rın 	124.0
362	9	Sol4	G4	296	296	1	2	1000	95	96	aş	124.666666667
363	9	Si4b1	B4b1	313	313	1	8	250	99	96	kı	124.833333333
364	9	Do5	C5	318	318	1	8	250	95	96		125.0
365	9	Re5	D5	327	327	3	4	1500	95	96	mın 	126.0
366	9	Mi5	E5	336	336	1	4	500	99	96	a	126.333333333
367	9	Fa5#4	F5#4	344	344	1	4	500	95	96		126.666666667
368	9	Sol5	G5	349	349	1	4	500	95	96	ğı	127.0
369	9	Re5	D5	327	327	1	2	1000	95	96	dır  	127.666666667
370	9	Re5	D5	327	327	1	4	500	95	96	SAZ	128.0
371	9	Sol5	G5	349	349	3	16	375	95	96	SAZ	128.25
372	9	Fa5#4	F5#4	344	344	1	16	125	95	96	.	128.333333333
373	9	Sol5	G5	349	349	1	4	500	95	96	.	128.666666667
374	9	Mi5	E5	336	336	1	4	500	95	96	.	129.0
375	9	Re5	D5	327	327	1	4	500	95	96	.	129.333333333
376	9	Re5	D5	327	327	1	4	500	95	96	.	129.666666667
377	9	Re5	D5	327	327	1	4	500	95	96	.	130.0
378	9	Sol5	G5	349	349	1	16	125	95	96	.	130.083333333
379	9	Fa5#4	F5#4	344	344	1	16	125	95	96	.	130.166666667
380	9	Sol5	G5	349	349	1	16	125	95	96	.	130.25
381	9	La5	A5	358	358	1	16	125	95	96	.	130.333333333
382	9	Fa5#4	F5#4	344	344	1	4	500	95	96	.	130.666666667
383	9	Mi5	E5	336	336	1	4	500	95	96	.	131.0
384	9	Re5	D5	327	327	1	2	1000	95	96	.	131.666666667
385	9	Re5	D5	327	327	1	4	500	95	96	.	132.0
386	9	Mi5	E5	336	336	1	4	500	99	96	İn	132.333333333
387	9	Re5	D5	327	327	1	4	500	95	96		132.666666667
388	9	Do5	C5	318	318	1	4	500	95	96	ce	133.0
389	9	Mi5	E5	336	336	3	4	1500	95	96	cik 	134.0
390	9	Re5	D5	327	327	1	4	500	99	96	tel	134.333333333
391	9	Do5	C5	318	318	1	4	500	95	96		134.666666667
392	9	Si4b1	B4b1	313	313	1	4	500	95	96	le	135.0
393	9	Re5	D5	327	327	3	4	1500	95	96	ri 	136.0
394	9	Si4b1	B4b1	313	313	1	4	500	99	96	kal	136.333333333
395	9	La4	A4	305	305	1	4	500	95	96		136.666666667
396	9	Si4b1	B4b1	313	313	1	4	500	95	96	bi	137.0
397	9	Do5	C5	318	318	3	4	1500	95	96	min 	138.0
398	9	Si4b1	B4b1	313	313	1	4	500	99	96	ba	138.333333333
399	9	La4	A4	305	305	1	4	500	95	96		138.666666667
400	9	Si4b1	B4b1	313	313	1	4	500	95	96	ğı	139.0
401	9	Sol4	G4	296	296	1	8	250	99	96	dır  	139.166666667
402	9	La4	A4	305	305	1	8	250	99	96		139.333333333
403	9	Si4b1	B4b1	313	313	1	8	250	99	96		139.5
404	9	Do5	C5	318	318	1	8	250	99	96		139.666666667
405	9	Re5	D5	327	327	1	4	500	95	96		140.0
406	9	Mi5	E5	336	336	1	4	500	99	96	İn	140.333333333
407	9	Re5	D5	327	327	1	4	500	95	96		140.666666667
408	9	Do5	C5	318	318	1	4	500	95	96	ce	141.0
409	9	Mi5	E5	336	336	3	4	1500	95	96	cik 	142.0
410	9	Re5	D5	327	327	1	4	500	99	96	tel	142.333333333
411	9	Do5	C5	318	318	1	4	500	95	96		142.666666667
412	9	Si4b1	B4b1	313	313	1	4	500	95	96	le	143.0
413	9	Re5	D5	327	327	3	4	1500	95	96	ri 	144.0
414	9	Si4b1	B4b1	313	313	1	4	500	99	96	kal	144.333333333
415	9	La4	A4	305	305	1	4	500	95	96		144.666666667
416	9	Si4b1	B4b1	313	313	1	4	500	95	96	bi	145.0
417	9	Do5	C5	318	318	3	4	1500	95	96	min 	146.0
418	9	Si4b1	B4b1	313	313	1	4	500	99	96	ba	146.333333333
419	9	La4	A4	305	305	1	4	500	95	96		146.666666667
420	9	Si4b1	B4b1	313	313	1	4	500	95	96	ğı	147.0
421	9	Sol4	G4	296	296	3	4	1500	95	96	dır  	148.0
422	9	Sol5	G5	349	349	1	8	250	95	96	SAZ	148.166666667
423	9	Fa5#4	F5#4	344	344	1	8	250	95	96	.	148.333333333
424	9	Mi5	E5	336	336	1	8	250	95	96	.	148.5
425	9	Re5	D5	327	327	1	8	250	95	96	.	148.666666667
426	9	Mi5	E5	336	336	1	8	250	95	96	.	148.833333333
427	9	Fa5#4	F5#4	344	344	1	8	250	95	96	.	149.0
428	9	Sol5	G5	349	349	3	4	1500	95	96	.	150.0
429	9	Sol4	G4	296	296	1	8	250	95	96	.	150.166666667
430	9	Fa4#4	F4#4	291	291	1	8	250	95	96	.	150.333333333
431	9	Mi4	E4	283	283	1	8	250	95	96	.	150.5
432	9	Re4	D4	274	274	1	8	250	95	96	.	150.666666667
433	9	Mi4	E4	283	283	1	8	250	95	96	.	150.833333333
434	9	Fa4#4	F4#4	291	291	1	8	250	95	96	.	151.0
435	9	Sol4	G4	296	296	3	4	1500	95	96	.	152.0
436	9	Sol5	G5	349	349	1	4	500	99	96	Gel 	152.333333333
437	9	Fa5#4	F5#4	344	344	1	4	500	95	96		152.666666667
438	9	Mi5	E5	336	336	1	8	250	99	96	gü	152.833333333
439	9	Re5	D5	327	327	1	8	250	95	96		153.0
440	9	Sol5	G5	349	349	3	4	1500	95	96	lüm 	154.0
441	9	Sol5	G5	349	349	1	4	500	99	96	kaç	154.333333333
442	9	Fa5#4	F5#4	344	344	1	4	500	95	96		154.666666667
443	9	Mi5	E5	336	336	1	8	250	99	96	ma 	154.833333333
444	9	Re5	D5	327	327	1	8	250	95	96		155.0
445	9	Sol5	G5	349	349	3	4	1500	95	96	gel 	156.0
446	9	Sol5	G5	349	349	1	4	500	95	96	se	156.333333333
447	9	Fa5#4	F5#4	344	344	1	4	500	99	96	viş	156.666666667
448	9	Sol5	G5	349	349	1	4	500	95	96		157.0
449	9	La5	A5	358	358	1	2	1000	99	96	mek 	157.666666667
450	9	Sol5	G5	349	349	1	4	500	95	96		158.0
451	9	Fa5#4	F5#4	344	344	1	4	500	99	96	ça	158.333333333
452	9	Mi5	E5	336	336	1	4	500	95	96		158.666666667
453	9	Fa5#4	F5#4	344	344	1	4	500	95	96	ğı	159.0
454	9	Re5	D5	327	327	1	4	500	95	96	dır  	159.333333333
455	9	Mi5	E5	336	336	1	8	250	95	96	SAZ	159.5
456	9	Fa5#4	F5#4	344	344	1	8	250	95	96	.	159.666666667
457	9	Sol5	G5	349	349	1	4	500	95	96	.	160.0
458	9	Sol5	G5	349	349	1	4	500	99	96	Gel 	160.333333333
459	9	Fa5#4	F5#4	344	344	1	4	500	95	96		160.666666667
460	9	Mi5	E5	336	336	1	8	250	99	96	gü	160.833333333
461	9	Re5	D5	327	327	1	8	250	95	96		161.0
462	9	Sol5	G5	349	349	3	4	1500	95	96	lüm 	162.0
463	9	Sol5	G5	349	349	1	4	500	99	96	kaç	162.333333333
464	9	Fa5#4	F5#4	344	344	1	4	500	95	96		162.666666667
465	9	Mi5	E5	336	336	1	8	250	99	96	ma 	162.833333333
466	9	Re5	D5	327	327	1	8	250	95	96		163.0
467	9	Sol5	G5	349	349	3	4	1500	95	96	gel 	164.0
468	9	Fa5#4	F5#4	344	344	1	4	500	95	96	se	164.333333333
469	9	Sol5	G5	349	349	1	4	500	99	96	viş	164.666666667
470	9	Fa5#4	F5#4	344	344	1	4	500	95	96		165.0
471	9	La5	A5	358	358	1	2	1000	99	96	mek 	165.666666667
472	9	Sol5	G5	349	349	1	4	500	95	96		166.0
473	9	Fa5#4	F5#4	344	344	1	4	500	99	96	ça	166.333333333
474	9	Mi5	E5	336	336	1	4	500	95	96		166.666666667
475	9	Fa5#4	F5#4	344	344	1	4	500	95	96	ğı	167.0
476	9	Re5	D5	327	327	3	4	1500	95	96	dır  	168.0
477	9	Mi5	E5	336	336	1	4	500	99	96	Zül	168.333333333
478	9	Re5	D5	327	327	1	4	500	95	96		168.666666667
479	9	Do5	C5	318	318	1	4	500	95	96	fü	169.0
480	9	Mi5	E5	336	336	3	4	1500	95	96	nün 	170.0
481	9	Re5	D5	327	327	1	4	500	99	96	tel	170.333333333
482	9	Do5	C5	318	318	1	4	500	95	96		170.666666667
483	9	Si4b1	B4b1	313	313	1	4	500	95	96	le	171.0
484	9	Re5	D5	327	327	3	4	1500	95	96	ri 	172.0
485	9	Si4b1	B4b1	313	313	1	4	500	99	96	kal	172.333333333
486	9	La4	A4	305	305	1	4	500	95	96		172.666666667
487	9	Si4b1	B4b1	313	313	1	4	500	95	96	bi	173.0
488	9	Do5	C5	318	318	3	4	1500	95	96	min 	174.0
489	9	Si4b1	B4b1	313	313	1	4	500	99	96	ba	174.333333333
490	9	La4	A4	305	305	1	4	500	95	96		174.666666667
491	9	Si4b1	B4b1	313	313	1	4	500	95	96	ğı	175.0
492	9	Sol4	G4	296	296	1	8	250	99	96	dır  	175.166666667
493	9	La4	A4	305	305	1	8	250	99	96		175.333333333
494	9	Si4b1	B4b1	313	313	1	8	250	99	96		175.5
495	9	Do5	C5	318	318	1	8	250	99	96		175.666666667
496	9	Re5	D5	327	327	1	4	500	95	96		176.0
497	9	Mi5	E5	336	336	1	4	500	99	96	Zül	176.333333333
498	9	Re5	D5	327	327	1	4	500	95	96		176.666666667
499	9	Do5	C5	318	318	1	4	500	95	96	fü	177.0
500	9	Mi5	E5	336	336	3	4	1500	95	96	nün 	178.0
501	9	Re5	D5	327	327	1	4	500	99	96	tel	178.333333333
502	9	Do5	C5	318	318	1	4	500	95	96		178.666666667
503	9	Si4b1	B4b1	313	313	1	4	500	95	96	le	179.0
504	9	Re5	D5	327	327	3	4	1500	95	96	ri 	180.0
505	9	Si4b1	B4b1	313	313	1	4	500	99	96	kal	180.333333333
506	9	La4	A4	305	305	1	4	500	95	96		180.666666667
507	9	Si4b1	B4b1	313	313	1	4	500	95	96	bi	181.0
508	9	Do5	C5	318	318	3	4	1500	95	96	min 	182.0
509	9	Si4b1	B4b1	313	313	1	4	500	99	96	ba	182.333333333
510	9	La4	A4	305	305	1	4	500	95	96		182.666666667
511	9	Si4b1	B4b1	313	313	1	4	500	95	96	ğı	183.0
512	9	Sol4	G4	296	296	3	4	1500	95	96	dır  	184.0
513	9	Sol5	G5	349	349	1	2	1000	99	96	Gel 	184.666666667
514	9	Sol5	G5	349	349	1	8	250	99	96		184.833333333
515	9	Mi5	E5	336	336	1	8	250	99	96		185.0
516	9	Re5	D5	327	327	1	2	1000	99	96		185.666666667
517	9	Re5	D5	327	327	1	8	250	99	96		185.833333333
518	9	Do5	C5	318	318	1	8	250	99	96		186.0
519	9	Si4b1	B4b1	313	313	1	2	1000	99	96		186.666666667
520	9	Si4b1	B4b1	313	313	1	8	250	99	96		186.833333333
521	9	La4	A4	305	305	1	8	250	99	96		187.0
522	9	Sol4	G4	296	296	1	8	250	99	96		187.166666667
523	9	La4	A4	305	305	1	8	250	99	96		187.333333333
524	9	Si4b1	B4b1	313	313	1	8	250	99	96		187.5
525	9	Do5	C5	318	318	1	8	250	99	96		187.666666667
526	9	Re5	D5	327	327	1	8	250	99	96		187.833333333
527	9	Mi5	E5	336	336	1	8	250	95	96		188.0
528	9	Sol5	G5	349	349	1	2	1000	99	96	gel 	188.666666667
529	9	Sol5	G5	349	349	1	8	250	99	96		188.833333333
530	9	Mi5	E5	336	336	1	8	250	99	96		189.0
531	9	Re5	D5	327	327	1	2	1000	99	96		189.666666667
532	9	Re5	D5	327	327	1	8	250	99	96		189.833333333
533	9	Do5	C5	318	318	1	8	250	99	96		190.0
534	9	Si4b1	B4b1	313	313	1	2	1000	99	96		190.666666667
535	9	Si4b1	B4b1	313	313	1	8	250	99	96		190.833333333
536	9	La4	A4	305	305	1	8	250	99	96		191.0
537	9	Sol4	G4	296	296	3	4	1500	95	96		192.0
538	9	Re5	D5	327	327	1	4	500	95	96	Ba	192.333333333
539	9	Re5	D5	327	327	1	2	1000	95	96	ha	193.0
540	9	Sol5	G5	349	349	3	4	1500	95	96	rım 	194.0
541	9	Re5	D5	327	327	1	4	500	95	96	he	194.333333333
542	9	Re5	D5	327	327	1	2	1000	95	96	za	195.0
543	9	Sol5	G5	349	349	3	4	1500	95	96	rım 	196.0
544	9	Re5	D5	327	327	1	4	500	95	96	ni	196.333333333
545	9	Re5	D5	327	327	1	2	1000	95	96	gâ	197.0
546	9	Mi5	E5	336	336	1	2	1000	99	96	rım 	197.666666667
547	9	Do5	C5	318	318	1	4	500	95	96		198.0
548	9	Do5	C5	318	318	1	4	500	99	96	git	198.333333333
549	9	Si4b1	B4b1	313	313	1	4	500	95	96		198.666666667
550	9	La4	A4	305	305	1	4	500	95	96	me 	199.0
551	9	Sol4	G4	296	296	3	4	1500	95	96	gel  	200.0
552	9	Re5	D5	327	327	1	4	500	95	96	Ba	200.333333333
553	9	Re5	D5	327	327	1	2	1000	95	96	ha	201.0
554	9	Sol5	G5	349	349	3	4	1500	95	96	rım 	202.0
555	9	Re5	D5	327	327	1	4	500	95	96	he	202.333333333
556	9	Re5	D5	327	327	1	2	1000	95	96	za	203.0
557	9	Sol5	G5	349	349	3	4	1500	95	96	rım 	204.0
558	9	Re5	D5	327	327	1	4	500	95	96	ni	204.333333333
559	9	Re5	D5	327	327	1	2	1000	95	96	gâ	205.0
560	9	Mi5	E5	336	336	1	2	1000	99	96	rım 	205.666666667
561	9	Do5	C5	318	318	1	4	500	95	96		206.0
562	9	Do5	C5	318	318	1	4	500	99	96	git	206.333333333
563	9	Si4b1	B4b1	313	313	1	4	500	95	96		206.666666667
564	9	La4	A4	305	305	1	4	500	95	96	me 	207.0
565	9	Sol4	G4	296	296	3	4	1500	95	96	gel  	208.0
566	9	Re5	D5	327	327	1	4	500	95	96	Ha	208.333333333
567	9	Re5	D5	327	327	1	2	1000	95	96	ya	209.0
568	9	Sol5	G5	349	349	3	4	1500	95	96	tım 	210.0
569	9	Re5	D5	327	327	1	4	500	95	96	ci	210.333333333
570	9	Re5	D5	327	327	1	2	1000	95	96	ha	211.0
571	9	Sol5	G5	349	349	3	4	1500	95	96	nım 	212.0
572	9	Re5	D5	327	327	1	4	500	95	96	meh	212.333333333
573	9	Re5	D5	327	327	1	2	1000	95	96	ta	213.0
574	9	Sol5	G5	349	349	1	2	1000	99	96	bım 	213.666666667
575	9	La5	A5	358	358	1	4	500	95	96		214.0
576	9	Si5b1	B5b1	366	366	1	4	500	99	96	git	214.333333333
577	9	La5	A5	358	358	1	4	500	95	96		214.666666667
578	9	Si5b1	B5b1	366	366	1	4	500	95	96	me 	215.0
579	9	Sol5	G5	349	349	3	4	1500	95	96	gel 	216.0
580	9	Do6	C6	371	371	1	4	500	99	96	git	216.333333333
581	9	Si5b1	B5b1	366	366	1	4	500	99	96		216.666666667
582	9	La5	A5	358	358	1	4	500	99	96		217.0
583	9	Re6	D6	380	380	1	4	500	99	96		217.333333333
584	9	Si5b1	B5b1	366	366	1	4	500	95	96		217.666666667
585	9	La5	A5	358	358	1	4	500	95	96	me 	218.0
586	9	Sol5	G5	349	349	3	4	1500	99	96	gel  	219.0
587	9	Sol5	G5	349	349	3	4	1500	95	96		220.0
