Sira	Kod	Nota53	NotaAE	Koma53	KomaAE	Pay	Payda	Ms	LNS	Bas	Soz1	Offset
1	51			0	0	16	4	0	45	0	Çiftedüyek	0.0
2	9	Sol4	G4	296	296	1	8	385	95	96		0.03125
3	9	La4	A4	305	305	1	8	385	95	96		0.0625
4	9	Sol4	G4	296	296	1	4	769	95	96		0.125
5	9	La4	A4	305	305	1	8	385	95	96		0.15625
6	9	Si4b1	B4b1	313	313	1	8	385	95	96		0.1875
7	9	La4	A4	305	305	1	4	769	95	96		0.25
8	9	Si4b1	B4b1	313	313	1	8	385	95	96		0.28125
9	9	Do5	C5	318	318	1	8	385	95	96		0.3125
10	9	Si4b1	B4b1	313	313	1	4	769	95	96		0.375
11	9	Do5	C5	318	318	1	8	385	95	96		0.40625
12	9	Re5	D5	327	327	1	8	385	95	96		0.4375
13	9	Do5	C5	318	318	1	4	769	95	96		0.5
14	9	Re5	D5	327	327	5	8	1923	95	96		0.65625
15	9	Es	Es	-1	-1	1	8	385	100	0		0.6875
16	9	Mi5	E5	336	336	1	8	385	95	96		0.71875
17	9	Do5	C5	318	318	1	8	385	95	96		0.75
18	9	Re5	D5	327	327	3	4	2307	95	96		0.9375
19	9	Es	Es	-1	-1	1	4	769	100	0		1.0
20	9	Mi5	E5	336	336	1	8	385	95	96		1.03125
21	9	Re5	D5	327	327	1	8	385	95	96		1.0625
22	9	Do5	C5	318	318	1	8	385	95	96		1.09375
23	9	Si4b1	B4b1	313	313	1	8	385	95	96		1.125
24	9	Do5	C5	318	318	3	8	1154	95	96		1.21875
25	9	Es	Es	-1	-1	1	8	385	100	0		1.25
26	9	Re5	D5	327	327	1	8	385	95	96		1.28125
27	9	Do5	C5	318	318	1	8	385	95	96		1.3125
28	9	Si4b1	B4b1	313	313	1	8	385	95	96		1.34375
29	9	La4	A4	305	305	1	8	385	95	96		1.375
30	9	Si4b1	B4b1	313	313	3	8	1154	95	96		1.46875
31	9	Es	Es	-1	-1	1	8	385	100	0		1.5
32	9	Do5	C5	318	318	1	8	385	95	96		1.53125
33	9	Si4b1	B4b1	313	313	1	8	385	95	96		1.5625
34	9	La4	A4	305	305	1	8	385	95	96		1.59375
35	9	Sol4	G4	296	296	1	8	385	95	96		1.625
36	9	La4	A4	305	305	3	8	1154	95	96		1.71875
37	9	Es	Es	-1	-1	1	8	385	100	0		1.75
38	9	Si4b1	B4b1	313	313	1	8	385	95	96		1.78125
39	9	La4	A4	305	305	1	8	385	95	96		1.8125
40	9	Sol4	G4	296	296	1	8	385	95	96		1.84375
41	9	Fa4#4	F4#4	291	291	1	8	385	95	96		1.875
42	9	Sol4	G4	296	296	3	8	1154	95	96		1.96875
43	9	Es	Es	-1	-1	1	8	385	100	0		2.0
44	9	Si4b1	B4b1	313	313	1	8	385	95	96		2.03125
45	9	La4	A4	305	305	1	8	385	95	96		2.0625
46	9	Si4b1	B4b1	313	313	1	4	769	95	96		2.125
47	9	Do5	C5	318	318	1	8	385	95	96		2.15625
48	9	Si4b1	B4b1	313	313	1	8	385	95	96		2.1875
49	9	Do5	C5	318	318	1	4	769	95	96		2.25
50	9	Re5	D5	327	327	1	8	385	95	96		2.28125
51	9	Do5	C5	318	318	1	8	385	95	96		2.3125
52	9	Si4b1	B4b1	313	313	1	8	385	95	96		2.34375
53	9	Do5	C5	318	318	1	8	385	95	96		2.375
54	9	Re5	D5	327	327	3	8	1154	95	96		2.46875
55	9	Es	Es	-1	-1	1	8	385	100	0		2.5
56	9	Mi5	E5	336	336	1	4	769	95	96		2.5625
57	9	Fa5	F5	340	340	1	8	385	95	96		2.59375
58	9	Mi5	E5	336	336	1	8	385	95	96		2.625
59	9	Re5	D5	327	327	1	4	769	95	96		2.6875
60	8	Fa5	F5	340	340	0	0	0	95	96		2.6875
61	9	Mi5	E5	336	336	1	8	385	95	96		2.71875
62	9	Re5	D5	327	327	1	8	385	95	96		2.75
63	9	Do5	C5	318	318	1	4	769	95	96		2.8125
64	8	Mi5	E5	336	336	0	0	0	95	96		2.8125
65	9	Re5	D5	327	327	1	8	385	95	96		2.84375
66	9	Do5	C5	318	318	1	8	385	95	96		2.875
67	9	Si4b1	B4b1	313	313	1	8	385	95	96		2.90625
68	9	Do5	C5	318	318	1	8	385	95	96		2.9375
69	9	Si4b1	B4b1	313	313	1	8	385	95	96		2.96875
70	9	La4	A4	305	305	1	8	385	95	96		3.0
71	9	Sol4	G4	296	296	1	8	385	95	96		3.03125
72	9	Fa4#4	F4#4	291	291	1	8	385	95	96		3.0625
73	9	Sol4	G4	296	296	1	8	385	95	96		3.09375
74	9	La4	A4	305	305	1	8	385	95	96		3.125
75	9	Sol4	G4	296	296	1	8	385	95	96		3.15625
76	9	La4	A4	305	305	1	8	385	95	96		3.1875
77	9	Sol4	G4	296	296	1	8	385	95	96		3.21875
78	9	Fa4#4	F4#4	291	291	1	8	385	95	96		3.25
79	9	Sol4	G4	296	296	3	16	577	95	96		3.296875
80	9	Fa4#4	F4#4	291	291	1	16	192	95	96		3.3125
81	9	Mi4	E4	283	283	1	2	1538	95	96		3.4375
82	9	Re4	D4	274	274	1	4	769	95	96		3.5
83	9	Mi4	E4	283	283	1	8	385	95	96		3.53125
84	9	Fa4#4	F4#4	291	291	1	8	385	95	96		3.5625
85	9	Mi4	E4	283	283	1	4	769	95	96		3.625
86	9	Fa4#4	F4#4	291	291	1	8	385	95	96		3.65625
87	9	Sol4	G4	296	296	1	8	385	95	96		3.6875
88	9	Fa4#4	F4#4	291	291	1	4	769	95	96		3.75
89	9	Si4b1	B4b1	313	313	1	8	385	95	96		3.78125
90	9	La4	A4	305	305	1	8	385	95	96		3.8125
91	9	Sol4	G4	296	296	1	8	385	95	96		3.84375
92	9	Fa4#4	F4#4	291	291	1	8	385	95	96		3.875
93	9	Sol4	G4	296	296	3	8	1154	95	96		3.96875
94	9	Es	Es	-1	-1	1	8	385	100	0		4.0
95	9	Sol4	G4	296	296	1	8	385	95	96		4.03125
96	9	Fa4#4	F4#4	291	291	1	8	385	95	96		4.0625
97	9	Sol4	G4	296	296	1	8	385	95	96		4.09375
98	9	La4	A4	305	305	1	8	385	95	96		4.125
99	9	Sol4	G4	296	296	1	4	769	95	96		4.1875
100	9	La4	A4	305	305	1	4	769	95	96		4.25
101	8	Si4b1	B4b1	313	313	0	0	0	95	96		4.25
102	9	La4	A4	305	305	1	4	769	95	96		4.3125
103	9	Si4b1	B4b1	313	313	1	4	769	95	96		4.375
104	9	Sol4	G4	296	296	3	8	1154	95	96		4.46875
105	9	Es	Es	-1	-1	1	8	385	100	0		4.5
106	9	La4	A4	305	305	1	8	385	95	96		4.53125
107	9	Si4b1	B4b1	313	313	1	8	385	95	96		4.5625
108	9	La4	A4	305	305	1	4	769	95	96		4.625
109	9	Si4b1	B4b1	313	313	1	8	385	95	96		4.65625
110	9	Do5	C5	318	318	1	8	385	95	96		4.6875
111	9	Si4b1	B4b1	313	313	1	4	769	95	96		4.75
112	9	Do5	C5	318	318	1	8	385	95	96		4.78125
113	9	Re5	D5	327	327	1	8	385	95	96		4.8125
114	9	Do5	C5	318	318	1	4	769	95	96		4.875
115	9	Re5	D5	327	327	3	8	1154	95	96		4.96875
116	9	Es	Es	-1	-1	1	8	385	100	0		5.0
117	9	Sol5	G5	349	349	1	8	385	95	96		5.03125
118	9	Fa5#4	F5#4	344	344	1	8	385	95	96		5.0625
119	9	Sol5	G5	349	349	1	8	385	95	96		5.09375
120	9	La5	A5	358	358	1	8	385	95	96		5.125
121	9	Sol5	G5	349	349	3	8	1154	95	96		5.21875
122	9	Fa5#4	F5#4	344	344	1	8	385	95	96		5.25
123	9	Fa5#4	F5#4	344	344	1	8	385	95	96		5.28125
124	9	Mi5	E5	336	336	1	8	385	95	96		5.3125
125	9	Fa5#4	F5#4	344	344	1	8	385	95	96		5.34375
126	9	Sol5	G5	349	349	1	8	385	95	96		5.375
127	9	Fa5#4	F5#4	344	344	3	8	1154	95	96		5.46875
128	9	Mi5	E5	336	336	1	8	385	95	96		5.5
129	9	Mi5	E5	336	336	1	8	385	95	96		5.53125
130	9	Re5	D5	327	327	1	8	385	95	96		5.5625
131	9	Mi5	E5	336	336	1	8	385	95	96		5.59375
132	9	Fa5	F5	340	340	1	8	385	95	96		5.625
133	9	Mi5	E5	336	336	3	8	1154	95	96		5.71875
134	9	Re5	D5	327	327	1	8	385	95	96		5.75
135	9	Re5	D5	327	327	1	8	385	95	96		5.78125
136	9	Do5	C5	318	318	1	8	385	95	96		5.8125
137	9	Re5	D5	327	327	1	8	385	95	96		5.84375
138	9	Mi5	E5	336	336	1	8	385	95	96		5.875
139	9	Re5	D5	327	327	3	8	1154	95	96		5.96875
140	9	Do5	C5	318	318	1	8	385	95	96		6.0
141	9	Do5	C5	318	318	1	8	385	95	96		6.03125
142	9	Si4b1	B4b1	313	313	1	8	385	95	96		6.0625
143	9	Do5	C5	318	318	1	8	385	95	96		6.09375
144	9	Re5	D5	327	327	1	8	385	95	96		6.125
145	9	Do5	C5	318	318	3	8	1154	95	96		6.21875
146	9	Si4b1	B4b1	313	313	1	8	385	95	96		6.25
147	9	Si4b1	B4b1	313	313	1	8	385	95	96		6.28125
148	9	La4	A4	305	305	1	8	385	95	96		6.3125
149	9	Si4b1	B4b1	313	313	1	8	385	95	96		6.34375
150	9	Do5	C5	318	318	1	8	385	95	96		6.375
151	9	Si4b1	B4b1	313	313	3	8	1154	95	96		6.46875
152	9	La4	A4	305	305	1	8	385	95	96		6.5
153	9	La4	A4	305	305	1	8	385	95	96		6.53125
154	9	Sol4	G4	296	296	1	8	385	95	96		6.5625
155	9	La4	A4	305	305	1	8	385	95	96		6.59375
156	9	Si4b1	B4b1	313	313	1	8	385	95	96		6.625
157	9	La4	A4	305	305	3	8	1154	95	96		6.71875
158	9	Sol4	G4	296	296	1	8	385	95	96		6.75
159	9	Sol4	G4	296	296	1	8	385	95	96		6.78125
160	9	Fa4#4	F4#4	291	291	1	8	385	95	96		6.8125
161	9	Sol4	G4	296	296	1	8	385	95	96		6.84375
162	9	La4	A4	305	305	1	8	385	95	96		6.875
163	9	Sol4	G4	296	296	3	8	1154	95	96		6.96875
164	9	Fa4#4	F4#4	291	291	1	8	385	95	96		7.0
165	9	Mi4	E4	283	283	7	8	2692	95	96		7.21875
166	9	Es	Es	-1	-1	1	8	385	100	0		7.25
167	9	Re4	D4	274	274	1	8	385	95	96		7.28125
168	9	Mi4	E4	283	283	1	8	385	95	96		7.3125
169	9	Fa4#4	F4#4	291	291	1	8	385	95	96		7.34375
170	9	Sol4	G4	296	296	1	8	385	95	96		7.375
171	9	Fa4#4	F4#4	291	291	1	8	385	95	96		7.40625
172	9	Sol4	G4	296	296	1	8	385	95	96		7.4375
173	9	La4	A4	305	305	1	8	385	95	96		7.46875
174	9	Si4b1	B4b1	313	313	1	8	385	95	96		7.5
175	9	Sol4	G4	296	296	1	8	385	95	96		7.53125
176	9	Do5	C5	318	318	1	8	385	95	96		7.5625
177	9	Si4b1	B4b1	313	313	1	8	385	95	96		7.59375
178	9	La4	A4	305	305	1	8	385	95	96		7.625
179	9	Sol4	G4	296	296	1	8	385	95	96		7.65625
180	9	La4	A4	305	305	1	8	385	95	96		7.6875
181	9	Sol4	G4	296	296	1	8	385	95	96		7.71875
182	9	Fa4#4	F4#4	291	291	1	8	385	95	96		7.75
183	9	Mi4	E4	283	283	1	8	385	95	96		7.78125
184	9	Fa4#4	F4#4	291	291	1	8	385	95	96		7.8125
185	9	Sol4	G4	296	296	1	4	769	95	96		7.875
186	9	Mi5	E5	336	336	1	4	769	95	96		7.9375
187	9	Re5	D5	327	327	1	8	385	95	96		7.96875
188	9	Do5	C5	318	318	1	8	385	95	96		8.0
189	9	Si4b1	B4b1	313	313	1	4	769	95	96		8.0625
190	9	La4	A4	305	305	1	4	769	95	96		8.125
191	9	Sol4	G4	296	296	3	8	1154	95	96		8.21875
192	9	Do5	C5	318	318	1	8	385	95	96		8.25
193	9	Si4b1	B4b1	313	313	1	4	769	95	96		8.3125
194	9	La4	A4	305	305	1	4	769	95	96		8.375
195	9	Sol4	G4	296	296	1	4	769	95	96		8.4375
196	9	Fa4#4	F4#4	291	291	1	4	769	95	96		8.5
197	9	Sol4	G4	296	296	3	4	2307	95	96		8.6875
198	9	Fa4#4	F4#4	291	291	1	4	769	95	96		8.75
199	9	Sol4	G4	296	296	7	8	2692	95	96		8.96875
200	9	Es	Es	-1	-1	1	8	385	100	0		9.0
201	9	Sol5	G5	349	349	1	4	769	95	96	^	9.0625
202	9	Fa5#4	F5#4	344	344	1	4	769	95	96		9.125
203	9	Sol5	G5	349	349	3	8	1154	95	96		9.21875
204	9	Es	Es	-1	-1	1	8	385	100	0		9.25
205	9	Mi5	E5	336	336	1	8	385	95	96		9.28125
206	9	Fa5#4	F5#4	344	344	1	8	385	95	96		9.3125
207	9	Mi5	E5	336	336	1	4	769	95	96		9.375
208	9	Fa5#4	F5#4	344	344	1	8	385	95	96		9.40625
209	9	Sol5	G5	349	349	1	8	385	95	96		9.4375
210	9	Fa5#4	F5#4	344	344	1	4	769	95	96		9.5
211	9	Sol5	G5	349	349	1	8	385	95	96		9.53125
212	9	La5	A5	358	358	1	8	385	95	96		9.5625
213	9	Sol5	G5	349	349	1	4	769	95	96		9.625
214	9	La5	A5	358	358	3	8	1154	95	96		9.71875
215	9	Do6	C6	371	371	1	8	385	95	96		9.75
216	9	Si5b1	B5b1	366	366	1	4	769	95	96		9.8125
217	9	Sol5	G5	349	349	1	4	769	95	96		9.875
218	9	Sol5	G5	349	349	1	4	769	95	96		9.9375
219	9	Fa5#4	F5#4	344	344	1	4	769	95	96		10.0
220	9	Mi5	E5	336	336	1	2	1538	95	96		10.125
221	9	Re5	D5	327	327	1	4	769	95	96		10.1875
222	9	Mi5	E5	336	336	1	4	769	95	96		10.25
223	9	Fa5#4	F5#4	344	344	1	8	385	95	96		10.28125
224	9	Sol5	G5	349	349	1	8	385	95	96		10.3125
225	9	Fa5#4	F5#4	344	344	1	8	385	95	96		10.34375
226	9	Mi5#4	E5#4	340	340	1	8	385	95	96		10.375
227	9	Fa5#4	F5#4	344	344	3	8	1154	95	96		10.46875
228	9	Es	Es	-1	-1	1	8	385	100	0		10.5
229	9	Sol5	G5	349	349	1	8	385	95	96		10.53125
230	9	La5	A5	358	358	1	8	385	95	96		10.5625
231	9	Sol5	G5	349	349	1	8	385	95	96		10.59375
232	9	Fa5#4	F5#4	344	344	1	8	385	95	96		10.625
233	9	Sol5	G5	349	349	3	8	1154	95	96		10.71875
234	9	Es	Es	-1	-1	1	8	385	100	0		10.75
235	9	La5	A5	358	358	1	8	385	95	96		10.78125
236	9	Si5b1	B5b1	366	366	1	8	385	95	96		10.8125
237	9	La5	A5	358	358	1	8	385	95	96		10.84375
238	9	Sol5	G5	349	349	1	8	385	95	96		10.875
239	9	La5	A5	358	358	3	8	1154	95	96		10.96875
240	9	Es	Es	-1	-1	1	8	385	100	0		11.0
241	9	Sol5	G5	349	349	1	8	385	95	96		11.03125
242	9	La5	A5	358	358	1	8	385	95	96		11.0625
243	9	Sol5	G5	349	349	1	4	769	95	96		11.125
244	9	La5	A5	358	358	1	8	385	95	96		11.15625
245	9	Si5b1	B5b1	366	366	1	8	385	95	96		11.1875
246	9	La5	A5	358	358	1	4	769	95	96		11.25
247	9	Si5b1	B5b1	366	366	1	8	385	95	96		11.28125
248	9	Do6	C6	371	371	1	8	385	95	96		11.3125
249	9	Si5b1	B5b1	366	366	1	4	769	95	96		11.375
250	9	Do6	C6	371	371	1	8	385	95	96		11.40625
251	9	Re6	D6	380	380	1	8	385	95	96		11.4375
252	9	Do6	C6	371	371	1	4	769	95	96		11.5
253	9	Re6	D6	380	380	1	8	385	95	96		11.53125
254	9	Mi6	E6	389	389	1	8	385	95	96		11.5625
255	9	Re6	D6	380	380	1	8	385	95	96		11.59375
256	9	Do6	C6	371	371	1	8	385	95	96		11.625
257	9	Si5b1	B5b1	366	366	1	4	769	95	96		11.6875
258	9	La5	A5	358	358	1	8	385	95	96		11.71875
259	9	Si5b1	B5b1	366	366	1	8	385	95	96		11.75
260	9	Do6	C6	371	371	1	4	769	95	96		11.8125
261	9	Si5b1	B5b1	366	366	1	8	385	95	96		11.84375
262	9	La5	A5	358	358	1	8	385	95	96		11.875
263	9	Sol5	G5	349	349	3	8	1154	95	96		11.96875
264	9	Es	Es	-1	-1	1	8	385	100	0		12.0
265	9	Sol5	G5	349	349	1	4	769	95	96	^	12.0625
266	9	Fa5#4	F5#4	344	344	1	4	769	95	96		12.125
267	9	Sol5	G5	349	349	3	8	1154	95	96		12.21875
268	9	Es	Es	-1	-1	1	8	385	100	0		12.25
269	9	Mi5	E5	336	336	1	8	385	95	96		12.28125
270	9	Fa5#4	F5#4	344	344	1	8	385	95	96		12.3125
271	9	Mi5	E5	336	336	1	4	769	95	96		12.375
272	9	Fa5#4	F5#4	344	344	1	8	385	95	96		12.40625
273	9	Sol5	G5	349	349	1	8	385	95	96		12.4375
274	9	Fa5#4	F5#4	344	344	1	4	769	95	96		12.5
275	9	Sol5	G5	349	349	1	8	385	95	96		12.53125
276	9	La5	A5	358	358	1	8	385	95	96		12.5625
277	9	Sol5	G5	349	349	1	4	769	95	96		12.625
278	9	La5	A5	358	358	3	8	1154	95	96		12.71875
279	9	Do6	C6	371	371	1	8	385	95	96		12.75
280	9	Si5b1	B5b1	366	366	1	4	769	95	96		12.8125
281	9	Sol5	G5	349	349	1	4	769	95	96		12.875
282	9	Sol5	G5	349	349	1	4	769	95	96		12.9375
283	9	Fa5#4	F5#4	344	344	1	4	769	95	96		13.0
284	9	Mi5	E5	336	336	1	2	1538	95	96		13.125
285	9	Re5	D5	327	327	1	4	769	95	96		13.1875
286	9	Mi5	E5	336	336	1	4	769	95	96		13.25
287	9	Fa5#4	F5#4	344	344	1	8	385	95	96		13.28125
288	9	Sol5	G5	349	349	1	8	385	95	96		13.3125
289	9	Fa5#4	F5#4	344	344	1	8	385	95	96		13.34375
290	9	Mi5#4	E5#4	340	340	1	8	385	95	96		13.375
291	9	Fa5#4	F5#4	344	344	3	8	1154	95	96		13.46875
292	9	Es	Es	-1	-1	1	8	385	100	0		13.5
293	9	Sol5	G5	349	349	1	8	385	95	96		13.53125
294	9	La5	A5	358	358	1	8	385	95	96		13.5625
295	9	Sol5	G5	349	349	1	8	385	95	96		13.59375
296	9	Fa5#4	F5#4	344	344	1	8	385	95	96		13.625
297	9	Sol5	G5	349	349	3	8	1154	95	96		13.71875
298	9	Es	Es	-1	-1	1	8	385	100	0		13.75
299	9	La5	A5	358	358	1	8	385	95	96		13.78125
300	9	Si5b1	B5b1	366	366	1	8	385	95	96		13.8125
301	9	La5	A5	358	358	1	8	385	95	96		13.84375
302	9	Sol5	G5	349	349	1	8	385	95	96		13.875
303	9	La5	A5	358	358	3	8	1154	95	96		13.96875
304	9	Es	Es	-1	-1	1	8	385	100	0		14.0
305	9	Sol5	G5	349	349	1	8	385	95	96		14.03125
306	9	La5	A5	358	358	1	8	385	95	96		14.0625
307	9	Sol5	G5	349	349	1	4	769	95	96		14.125
308	9	La5	A5	358	358	1	8	385	95	96		14.15625
309	9	Si5b1	B5b1	366	366	1	8	385	95	96		14.1875
310	9	La5	A5	358	358	1	4	769	95	96		14.25
311	9	Si5b1	B5b1	366	366	1	8	385	95	96		14.28125
312	9	Do6	C6	371	371	1	8	385	95	96		14.3125
313	9	Si5b1	B5b1	366	366	1	4	769	95	96		14.375
314	9	Do6	C6	371	371	1	8	385	95	96		14.40625
315	9	Re6	D6	380	380	1	8	385	95	96		14.4375
316	9	Do6	C6	371	371	1	4	769	95	96		14.5
317	9	Re6	D6	380	380	1	8	385	95	96		14.53125
318	9	Mi6	E6	389	389	1	8	385	95	96		14.5625
319	9	Re6	D6	380	380	1	8	385	95	96		14.59375
320	9	Do6	C6	371	371	1	8	385	95	96		14.625
321	9	Si5b1	B5b1	366	366	1	4	769	95	96		14.6875
322	9	La5	A5	358	358	1	8	385	95	96		14.71875
323	9	Si5b1	B5b1	366	366	1	8	385	95	96		14.75
324	9	Do6	C6	371	371	1	4	769	95	96		14.8125
325	9	Si5b1	B5b1	366	366	1	8	385	95	96		14.84375
326	9	La5	A5	358	358	1	8	385	95	96		14.875
327	9	Sol5	G5	349	349	3	8	1154	95	96		14.96875
328	9	Es	Es	-1	-1	1	8	385	100	0		15.0
329	9	Do6	C6	371	371	3	4	2307	95	96		15.1875
330	9	La5	A5	358	358	1	4	769	95	96		15.25
331	9	Si5b1	B5b1	366	366	3	4	2307	95	96		15.4375
332	9	Sol5	G5	349	349	1	4	769	95	96		15.5
333	9	La5	A5	358	358	3	4	2307	95	96		15.6875
334	9	Fa5#4	F5#4	344	344	1	4	769	95	96		15.75
335	9	Sol5	G5	349	349	3	4	2307	95	96		15.9375
336	9	Mi5	E5	336	336	1	4	769	95	96		16.0
337	9	Fa5#4	F5#4	344	344	3	4	2308	95	96		16.1875
338	9	Re5	D5	327	327	1	4	769	95	96		16.25
339	9	Mi5	E5	336	336	3	8	1154	95	96		16.34375
340	9	Fa5#4	F5#4	344	344	1	8	385	95	96		16.375
341	9	Sol5	G5	349	349	1	4	769	95	96		16.4375
342	9	La5	A5	358	358	1	4	769	95	96		16.5
343	9	Fa5#4	F5#4	344	344	3	4	2307	95	96		16.6875
344	9	Sol5	G5	349	349	1	4	769	95	96		16.75
345	9	Sol5	G5	349	349	7	8	2692	95	96		16.96875
346	9	Es	Es	-1	-1	1	8	385	100	0		17.0
347	9	Re6	D6	380	380	1	4	769	95	96		17.0625
348	9	Do6	C6	371	371	1	8	385	95	96		17.09375
349	9	Re6	D6	380	380	1	8	385	95	96		17.125
350	9	Mi6	E6	389	389	1	4	769	95	96		17.1875
351	9	Re6	D6	380	380	1	8	385	95	96		17.21875
352	9	Do6	C6	371	371	1	8	385	95	96		17.25
353	9	Do6	C6	371	371	1	4	769	95	96		17.3125
354	9	Si5b1	B5b1	366	366	1	8	385	95	96		17.34375
355	9	Do6	C6	371	371	1	8	385	95	96		17.375
356	9	Re6	D6	380	380	1	4	769	95	96		17.4375
357	9	Do6	C6	371	371	1	8	385	95	96		17.46875
358	9	Si5b1	B5b1	366	366	1	8	385	95	96		17.5
359	9	Si5b1	B5b1	366	366	1	4	769	95	96		17.5625
360	9	La5	A5	358	358	1	8	385	95	96		17.59375
361	9	Si5b1	B5b1	366	366	1	8	385	95	96		17.625
362	9	Do6	C6	371	371	1	4	769	95	96		17.6875
363	9	Si5b1	B5b1	366	366	1	8	385	95	96		17.71875
364	9	La5	A5	358	358	1	8	385	95	96		17.75
365	9	La5	A5	358	358	1	4	769	95	96		17.8125
366	9	Sol5	G5	349	349	1	8	385	95	96		17.84375
367	9	La5	A5	358	358	1	8	385	95	96		17.875
368	9	Si5b1	B5b1	366	366	1	4	769	95	96		17.9375
369	9	La5	A5	358	358	1	8	385	95	96		17.96875
370	9	Sol5	G5	349	349	1	8	385	95	96		18.0
371	9	Do6	C6	371	371	3	8	1154	95	96		18.09375
372	9	Si5b1	B5b1	366	366	1	8	385	95	96		18.125
373	9	La5	A5	358	358	3	8	1154	95	96		18.21875
374	9	Sol5	G5	349	349	1	8	385	95	96		18.25
375	9	Fa5#4	F5#4	344	344	3	8	1154	95	96		18.34375
376	9	Mi5	E5	336	336	1	8	385	95	96		18.375
377	9	Re5	D5	327	327	3	8	1154	95	96		18.46875
378	9	Es	Es	-1	-1	1	8	385	100	0		18.5
379	9	Re5	D5	327	327	1	8	385	95	96		18.53125
380	9	Mi5	E5	336	336	1	8	385	95	96		18.5625
381	9	Fa5#4	F5#4	344	344	1	8	385	95	96		18.59375
382	9	Sol5	G5	349	349	1	8	385	95	96		18.625
383	9	Mi5	E5	336	336	1	8	385	95	96		18.65625
384	9	Fa5#4	F5#4	344	344	1	8	385	95	96		18.6875
385	9	Re5	D5	327	327	1	8	385	95	96		18.71875
386	9	Mi5	E5	336	336	1	8	385	95	96		18.75
387	9	Do5	C5	318	318	1	8	385	95	96		18.78125
388	9	Re5	D5	327	327	1	8	385	95	96		18.8125
389	9	Si4b1	B4b1	313	313	1	8	385	95	96		18.84375
390	9	Do5	C5	318	318	1	8	385	95	96		18.875
391	9	La4	A4	305	305	1	8	385	95	96		18.90625
392	9	Si4b1	B4b1	313	313	1	8	385	95	96		18.9375
393	9	Sol4	G4	296	296	1	4	769	95	96		19.0
394	9	Sol4	G4	296	296	1	8	385	95	96		19.03125
395	9	Fa4#4	F4#4	291	291	1	8	385	95	96		19.0625
396	9	Mi4	E4	283	283	1	2	1538	95	96		19.1875
397	9	Fa4#4	F4#4	291	291	1	4	769	95	96		19.25
398	9	Sol4	G4	296	296	1	2	1538	95	96		19.375
399	9	La4	A4	305	305	1	2	1538	95	96		19.5
400	9	La4	A4	305	305	1	8	385	95	96		19.53125
401	9	Do5	C5	318	318	1	8	385	95	96		19.5625
402	9	Si4b1	B4b1	313	313	1	8	385	95	96		19.59375
403	9	La4	A4	305	305	1	8	385	95	96		19.625
404	9	Sol4	G4	296	296	1	8	385	95	96		19.65625
405	9	La4	A4	305	305	1	8	385	95	96		19.6875
406	9	Sol4	G4	296	296	1	8	385	95	96		19.71875
407	9	Fa4#4	F4#4	291	291	1	8	385	95	96		19.75
408	9	Mi4	E4	283	283	1	8	385	95	96		19.78125
409	9	Fa4#4	F4#4	291	291	1	8	385	95	96		19.8125
410	9	Sol4	G4	296	296	1	4	769	95	96		19.875
411	9	Mi5	E5	336	336	1	4	769	95	96		19.9375
412	9	Re5	D5	327	327	1	8	385	95	96		19.96875
413	9	Do5	C5	318	318	1	8	385	95	96		20.0
414	9	Si4b1	B4b1	313	313	1	4	769	95	96		20.0625
415	9	La4	A4	305	305	1	4	769	95	96		20.125
416	9	Sol4	G4	296	296	3	8	1154	95	96		20.21875
417	9	Do5	C5	318	318	1	8	385	95	96		20.25
418	9	Si4b1	B4b1	313	313	1	4	769	95	96		20.3125
419	9	La4	A4	305	305	1	4	769	95	96		20.375
420	9	Sol4	G4	296	296	1	4	769	95	96		20.4375
421	9	Fa4#4	F4#4	291	291	1	4	769	95	96		20.5
422	9	Sol4	G4	296	296	3	4	2307	95	96		20.6875
423	9	Fa4#4	F4#4	291	291	1	4	769	95	96		20.75
424	9	Sol4	G4	296	296	1	1	3076	95	96		21.0
