Sira	Kod	Nota53	NotaAE	Koma53	KomaAE	Pay	Payda	Ms	LNS	Bas	Soz1	Offset
1	9	Si4b1	B4b1	313	313	1	16	135	95	96	ARANAĞME	0.0625
2	9	La4	A4	305	305	1	16	135	95	96	.	0.125
3	9	Sol4	G4	296	296	1	8	270	95	96	.	0.25
4	9	La4	A4	305	305	1	8	270	95	96	.	0.375
5	9	Si4b1	B4b1	313	313	1	8	270	95	96	.	0.5
6	9	Do5	C5	318	318	3	8	811	95	96	.	0.875
7	9	Si4b1	B4b1	313	313	1	8	270	95	96	.	1.0
8	9	Re5	D5	327	327	3	16	405	95	96	.	1.1875
9	9	Mi5	E5	336	336	1	16	135	95	96	.	1.25
10	9	Re5	D5	327	327	1	8	270	95	96	.	1.375
11	9	Do5#4	C5#4	322	322	1	8	270	95	96	.	1.5
12	9	Si4b4	B4b4	310	310	3	16	405	95	96	.	1.6875
13	9	La4	A4	305	305	1	16	135	95	96	.	1.75
14	9	Sol4	G4	296	296	1	4	541	95	96	.	2.0
15	9	Re5	D5	327	327	1	8	270	95	96	.	2.125
16	9	Mi5b4	E5b4	332	332	1	8	270	95	96	.	2.25
17	9	Re5	D5	327	327	1	8	270	95	96	.	2.375
18	9	Mi5b4	E5b4	332	332	1	8	270	95	96	.	2.5
19	9	Re5	D5	327	327	1	8	270	95	96	.	2.625
20	9	Mi5b4	E5b4	332	332	1	8	270	95	96	.	2.75
21	9	Re5	D5	327	327	1	8	270	95	96	.	2.875
22	9	Do5#4	C5#4	322	322	1	8	270	95	96	.	3.0
23	9	Re5	D5	327	327	1	8	270	95	96	.	3.125
24	9	Mi5b4	E5b4	332	332	1	8	270	95	96	.	3.25
25	9	Fa5#4	F5#4	344	344	1	8	270	95	96	.	3.375
26	9	Sol5	G5	349	349	1	8	270	95	96	.	3.5
27	9	Fa5#4	F5#4	344	344	1	16	135	95	96	.	3.5625
28	9	Mi5b4	E5b4	332	332	1	16	135	95	96	.	3.625
29	9	Re5	D5	327	327	1	16	135	95	96	.	3.6875
30	9	Do5#4	C5#4	322	322	1	16	135	95	96	.	3.75
31	9	Re5	D5	327	327	1	4	541	95	96	.	4.0
32	9	Si4b1	B4b1	313	313	1	16	135	95	96	.	4.0625
33	9	La4	A4	305	305	1	16	135	95	96	.	4.125
34	9	Sol4	G4	296	296	1	8	270	95	96	.	4.25
35	9	La4	A4	305	305	1	8	270	95	96	.	4.375
36	9	Si4b1	B4b1	313	313	1	8	270	95	96	.	4.5
37	9	Do5	C5	318	318	3	8	811	95	96	.	4.875
38	9	Si4b1	B4b1	313	313	1	8	270	95	96	.	5.0
39	9	Re5	D5	327	327	3	16	405	95	96	.	5.1875
40	9	Mi5	E5	336	336	1	16	135	95	96	.	5.25
41	9	Re5	D5	327	327	1	8	270	95	96	.	5.375
42	9	Do5#4	C5#4	322	322	1	8	270	95	96	.	5.5
43	9	Si4b4	B4b4	310	310	3	16	405	95	96	.	5.6875
44	9	La4	A4	305	305	1	16	135	95	96	.	5.75
45	9	Sol4	G4	296	296	1	4	541	95	96	.	6.0
46	9	Es	Es	-1	-1	1	8	270	100	0	.	6.125
47	9	Mi5	E5	336	336	1	8	270	95	96	.	6.25
48	9	Re5	D5	327	327	1	8	270	95	96	.	6.375
49	9	Do5#4	C5#4	322	322	1	8	270	95	96	.	6.5
50	9	Si4b4	B4b4	310	310	3	16	405	95	96	.	6.6875
51	9	La4	A4	305	305	1	16	135	95	96	.	6.75
52	9	Sol4	G4	296	296	1	8	270	95	96	.	6.875
53	9	Fa4#4	F4#4	291	291	1	8	270	95	96	.	7.0
54	9	Sol4	G4	296	296	3	4	1622	95	96	.	7.75
55	9	Es	Es	-1	-1	1	4	541	100	0		8.0
56	9	Sol4	G4	296	296	1	2	1081	95	96	Kar	8.5
57	9	Sol4	G4	296	296	1	4	541	95	96	lı 	8.75
58	9	Sol4	G4	296	296	1	4	541	95	96	da	9.0
59	9	Re5	D5	327	327	1	8	270	99	96	ğı 	9.125
60	9	Do5	C5	318	318	1	8	270	95	96		9.25
61	9	Do5	C5	318	318	1	8	270	99	96	aş	9.375
62	9	Si4b1	B4b1	313	313	1	8	270	95	96		9.5
63	9	Si4b1	B4b1	313	313	1	8	270	99	96	tım 	9.625
64	9	La4	A4	305	305	1	8	270	95	96		9.75
65	9	La4	A4	305	305	1	8	270	99	96	gel	9.875
66	9	Sol4	G4	296	296	1	8	270	95	96		10.0
67	9	Sol4	G4	296	296	3	8	811	95	96	dim  	10.375
68	9	Re4	D4	274	274	1	8	270	95	96	SAZ	10.5
69	9	Mi4	E4	283	283	1	8	270	95	96	.	10.625
70	9	Fa4#4	F4#4	291	291	1	8	270	95	96	.	10.75
71	9	Sol4	G4	296	296	1	4	541	95	96	.	11.0
72	9	Si4b1	B4b1	313	313	1	2	1081	95	96	Aşk 	11.5
73	9	Sol4	G4	296	296	1	4	541	95	96	o	11.75
74	9	Si4b1	B4b1	313	313	1	4	541	95	96	du	12.0
75	9	Do5	C5	318	318	1	4	541	95	96	na 	12.25
76	9	Re5	D5	327	327	1	4	541	95	96	düş	12.5
77	9	Re5	D5	327	327	1	8	270	99	96	tüm 	12.625
78	9	Do5	C5	318	318	1	8	270	95	96		12.75
79	9	Do5	C5	318	318	1	8	270	99	96	gel	12.875
80	9	Si4b1	B4b1	313	313	1	8	270	95	96		13.0
81	9	Si4b1	B4b1	313	313	3	8	811	95	96	dim  	13.375
82	9	Sol4	G4	296	296	1	8	270	95	96	SAZ	13.5
83	9	Si4b1	B4b1	313	313	1	8	270	95	96	.	13.625
84	9	Do5	C5	318	318	1	8	270	95	96	.	13.75
85	9	Re5	D5	327	327	1	4	541	95	96	.	14.0
86	9	Re5	D5	327	327	1	2	1081	95	96	Ben 	14.5
87	9	Do5	C5	318	318	1	4	541	95	96	yâ	14.75
88	9	Re5	D5	327	327	1	4	541	95	96	re 	15.0
89	9	Mi5	E5	336	336	1	8	270	99	96	ka	15.125
90	9	Fa5	F5	340	340	1	8	270	95	96		15.25
91	9	Mi5	E5	336	336	1	8	270	99	96	vuş	15.375
92	9	Re5	D5	327	327	1	8	270	95	96		15.5
93	9	Do5	C5	318	318	1	8	270	99	96	tum 	15.625
94	9	Si4b1	B4b1	313	313	1	8	270	95	96		15.75
95	9	La4	A4	305	305	1	8	270	99	96	gel	15.875
96	9	Si4b1	B4b1	313	313	1	8	270	95	96		16.0
97	9	Do5	C5	318	318	3	8	811	99	96	dim  	16.375
98	9	Re5	D5	327	327	1	8	270	99	96		16.5
99	9	Si4b1	B4b1	313	313	1	8	270	99	96		16.625
100	9	La4	A4	305	305	1	8	270	99	96		16.75
101	9	Sol4	G4	296	296	1	4	541	95	96		17.0
102	9	La4	A4	305	305	3	8	811	99	96	Ben 	17.375
103	9	Si4b4	B4b4	310	310	1	8	270	95	96		17.5
104	9	Sol4	G4	296	296	1	4	541	99	96	gön	17.75
105	9	Re5	D5	327	327	1	4	541	95	96		18.0
106	9	Re5	D5	327	327	1	8	270	99	96	lü	18.125
107	9	Do5#4	C5#4	322	322	1	8	270	95	96		18.25
108	9	Si4b4	B4b4	310	310	1	8	270	99	96	mü 	18.375
109	9	La4	A4	305	305	1	8	270	95	96		18.5
110	9	Si4b4	B4b4	310	310	1	8	270	99	96	al	18.625
111	9	La4	A4	305	305	1	8	270	95	96		18.75
112	9	Sol4	G4	296	296	1	8	270	99	96	dır	18.875
113	9	Fa4#4	F4#4	291	291	1	8	270	95	96		19.0
114	9	Sol4	G4	296	296	3	8	811	95	96	dım  	19.375
115	9	Re4	D4	274	274	1	8	270	95	96	SAZ	19.5
116	9	Mi4	E4	283	283	1	8	270	95	96	.	19.625
117	9	Fa4#4	F4#4	291	291	1	8	270	95	96	.	19.75
118	9	Sol4	G4	296	296	1	4	541	95	96	.	20.0
119	9	Sol4	G4	296	296	1	2	1081	95	96	Kar	20.5
120	9	Sol4	G4	296	296	1	4	541	95	96	lı 	20.75
121	9	Sol4	G4	296	296	1	4	541	95	96	da	21.0
122	9	Re5	D5	327	327	1	8	270	99	96	ğı 	21.125
123	9	Do5	C5	318	318	1	8	270	95	96		21.25
124	9	Do5	C5	318	318	1	8	270	99	96	aş	21.375
125	9	Si4b1	B4b1	313	313	1	8	270	95	96		21.5
126	9	Si4b1	B4b1	313	313	1	8	270	99	96	tım 	21.625
127	9	La4	A4	305	305	1	8	270	95	96		21.75
128	9	La4	A4	305	305	1	8	270	99	96	gel	21.875
129	9	Sol4	G4	296	296	1	8	270	95	96		22.0
130	9	Sol4	G4	296	296	3	8	811	95	96	dim  	22.375
131	9	Re4	D4	274	274	1	8	270	95	96	SAZ	22.5
132	9	Mi4	E4	283	283	1	8	270	95	96	.	22.625
133	9	Fa4#4	F4#4	291	291	1	8	270	95	96	.	22.75
134	9	Sol4	G4	296	296	1	4	541	95	96	.	23.0
135	9	Si4b1	B4b1	313	313	1	2	1081	95	96	Aşk 	23.5
136	9	Sol4	G4	296	296	1	4	541	95	96	o	23.75
137	9	Si4b1	B4b1	313	313	1	4	541	95	96	du	24.0
138	9	Do5	C5	318	318	1	4	541	95	96	na 	24.25
139	9	Re5	D5	327	327	1	4	541	95	96	düş	24.5
140	9	Re5	D5	327	327	1	8	270	99	96	tüm 	24.625
141	9	Do5	C5	318	318	1	8	270	95	96		24.75
142	9	Do5	C5	318	318	1	8	270	99	96	gel	24.875
143	9	Si4b1	B4b1	313	313	1	8	270	95	96		25.0
144	9	Si4b1	B4b1	313	313	3	8	811	95	96	dim  	25.375
145	9	Sol4	G4	296	296	1	8	270	95	96	SAZ	25.5
146	9	Si4b1	B4b1	313	313	1	8	270	95	96	.	25.625
147	9	Do5	C5	318	318	1	8	270	95	96	.	25.75
148	9	Re5	D5	327	327	1	4	541	95	96	.	26.0
149	9	Re5	D5	327	327	1	2	1081	95	96	Ben 	26.5
150	9	Do5	C5	318	318	1	4	541	95	96	yâ	26.75
151	9	Re5	D5	327	327	1	4	541	95	96	re 	27.0
152	9	Mi5	E5	336	336	1	8	270	99	96	ka	27.125
153	9	Fa5	F5	340	340	1	8	270	95	96		27.25
154	9	Mi5	E5	336	336	1	8	270	99	96	vuş	27.375
155	9	Re5	D5	327	327	1	8	270	95	96		27.5
156	9	Do5	C5	318	318	1	8	270	99	96	tum 	27.625
157	9	Si4b1	B4b1	313	313	1	8	270	95	96		27.75
158	9	La4	A4	305	305	1	8	270	99	96	gel	27.875
159	9	Si4b1	B4b1	313	313	1	8	270	95	96		28.0
160	9	Do5	C5	318	318	3	8	811	99	96	dim  	28.375
161	9	Re5	D5	327	327	1	8	270	99	96		28.5
162	9	Si4b1	B4b1	313	313	1	8	270	99	96		28.625
163	9	La4	A4	305	305	1	8	270	99	96		28.75
164	9	Sol4	G4	296	296	1	4	541	95	96		29.0
165	9	La4	A4	305	305	3	8	811	99	96	Ben 	29.375
166	9	Si4b4	B4b4	310	310	1	8	270	95	96		29.5
167	9	Sol4	G4	296	296	1	4	541	99	96	gön	29.75
168	9	Re5	D5	327	327	1	4	541	95	96		30.0
169	9	Re5	D5	327	327	1	8	270	99	96	lü	30.125
170	9	Do5#4	C5#4	322	322	1	8	270	95	96		30.25
171	9	Si4b4	B4b4	310	310	1	8	270	99	96	mü 	30.375
172	9	La4	A4	305	305	1	8	270	95	96		30.5
173	9	Si4b4	B4b4	310	310	1	8	270	99	96	al	30.625
174	9	La4	A4	305	305	1	8	270	95	96		30.75
175	9	Sol4	G4	296	296	1	8	270	99	96	dır	30.875
176	9	Fa4#4	F4#4	291	291	1	8	270	95	96		31.0
177	9	Sol4	G4	296	296	3	8	811	95	96	dım  	31.375
178	9	Re5	D5	327	327	1	8	270	95	96	SAZ	31.5
179	9	Do5#4	C5#4	322	322	1	8	270	95	96	.	31.625
180	9	Mi5	E5	336	336	1	8	270	95	96	.	31.75
181	9	Re5	D5	327	327	1	4	541	95	96	.	32.0
182	9	Re5	D5	327	327	1	2	1081	95	96	Gül 	32.5
183	9	Re5	D5	327	327	3	16	405	99	96	ben	32.6875
184	9	Do5#4	C5#4	322	322	1	16	135	99	96		32.75
185	9	Si4	B4	314	314	1	4	541	95	96		33.0
186	9	Do5#4	C5#4	322	322	1	8	270	99	96	zi	33.125
187	9	Re5	D5	327	327	1	8	270	95	96		33.25
188	9	Mi5	E5	336	336	1	8	270	99	96	mi 	33.375
189	9	Fa5	F5	340	340	1	8	270	95	96		33.5
190	9	Mi5	E5	336	336	1	8	270	99	96	sol	33.625
191	9	Re5	D5	327	327	1	8	270	95	96		33.75
192	9	Re5	D5	327	327	1	8	270	99	96	dur	33.875
193	9	Do5#4	C5#4	322	322	1	8	270	95	96		34.0
194	9	Re5	D5	327	327	3	8	811	95	96	dum  	34.375
195	9	Do5#4	C5#4	322	322	1	8	270	95	96	SAZ	34.5
196	9	Si4b4	B4b4	310	310	1	8	270	95	96	.	34.625
197	9	La4	A4	305	305	1	8	270	95	96	.	34.75
198	9	Sol4	G4	296	296	1	4	541	95	96	.	35.0
199	9	Re5	D5	327	327	1	2	1081	95	96	Gül 	35.5
200	9	Re5	D5	327	327	3	16	405	99	96	ben	35.6875
201	9	Do5#4	C5#4	322	322	1	16	135	99	96		35.75
202	9	Si4	B4	314	314	1	4	541	95	96		36.0
203	9	Do5#4	C5#4	322	322	1	8	270	99	96	zi	36.125
204	9	Re5	D5	327	327	1	8	270	95	96		36.25
205	9	Mi5	E5	336	336	1	8	270	99	96	mi 	36.375
206	9	Fa5	F5	340	340	1	8	270	95	96		36.5
207	9	Mi5	E5	336	336	1	8	270	99	96	sol	36.625
208	9	Re5	D5	327	327	1	8	270	95	96		36.75
209	9	Re5	D5	327	327	1	8	270	99	96	dur	36.875
210	9	Do5#4	C5#4	322	322	1	8	270	95	96		37.0
211	9	Re5	D5	327	327	3	8	811	95	96	dum  	37.375
212	9	Do5	C5	318	318	1	8	270	95	96	SAZ	37.5
213	9	Si4b1	B4b1	313	313	1	8	270	95	96	.	37.625
214	9	Re5	D5	327	327	1	8	270	95	96	.	37.75
215	9	Do5	C5	318	318	1	4	541	95	96	.	38.0
216	9	Do5	C5	318	318	1	2	1081	95	96	Naz	38.5
217	9	Do5	C5	318	318	1	4	541	95	96	lı	38.75
218	9	Do5	C5	318	318	1	4	541	95	96	ca 	39.0
219	9	Do5	C5	318	318	1	4	541	95	96	yâr	39.25
220	9	Do5	C5	318	318	1	4	541	95	96	dan 	39.5
221	9	Do5	C5	318	318	1	4	541	95	96	ay	39.75
222	9	Do5	C5	318	318	1	8	270	99	96	rıl	39.875
223	9	Si4b1	B4b1	313	313	1	8	270	95	96		40.0
224	9	Re5	D5	327	327	1	4	541	99	96	dım  	40.25
225	8	Mi5	E5	336	336	0	0	0	99	96		40.25
226	9	Re5	D5	327	327	1	8	270	99	96		40.375
227	9	Do5#4	C5#4	322	322	1	8	270	99	96		40.5
228	9	Si4b4	B4b4	310	310	3	16	405	99	96		40.6875
229	9	La4	A4	305	305	1	16	135	99	96		40.75
230	9	Sol4	G4	296	296	1	4	541	95	96		41.0
231	9	La4	A4	305	305	3	8	811	99	96	Dağ	41.375
232	9	Si4b4	B4b4	310	310	1	8	270	95	96		41.5
233	9	Sol4	G4	296	296	1	4	541	99	96	la	41.75
234	9	Re5	D5	327	327	1	4	541	95	96		42.0
235	9	Re5	D5	327	327	1	8	270	99	96	ra 	42.125
236	9	Do5#4	C5#4	322	322	1	8	270	95	96		42.25
237	9	Si4b4	B4b4	310	310	1	8	270	99	96	düş	42.375
238	9	La4	A4	305	305	1	8	270	95	96		42.5
239	9	Si4b4	B4b4	310	310	1	8	270	99	96	tüm 	42.625
240	9	La4	A4	305	305	1	8	270	95	96		42.75
241	9	Sol4	G4	296	296	1	8	270	99	96	gel	42.875
242	9	Fa4#4	F4#4	291	291	1	8	270	95	96		43.0
243	9	Sol4	G4	296	296	3	8	811	95	96	dim  	43.375
244	9	Do5	C5	318	318	1	8	270	95	96	SAZ	43.5
245	9	Si4b1	B4b1	313	313	1	8	270	95	96	.	43.625
246	9	Re5	D5	327	327	1	8	270	95	96	.	43.75
247	9	Do5	C5	318	318	1	4	541	95	96	.	44.0
248	9	Do5	C5	318	318	1	2	1081	95	96	Naz	44.5
249	9	Do5	C5	318	318	1	4	541	95	96	lı	44.75
250	9	Do5	C5	318	318	1	4	541	95	96	ca 	45.0
251	9	Do5	C5	318	318	1	4	541	95	96	yâr	45.25
252	9	Do5	C5	318	318	1	4	541	95	96	dan 	45.5
253	9	Do5	C5	318	318	1	4	541	95	96	ay	45.75
254	9	Do5	C5	318	318	1	8	270	99	96	rıl	45.875
255	9	Si4b1	B4b1	313	313	1	8	270	95	96		46.0
256	9	Re5	D5	327	327	1	4	541	99	96	dım  	46.25
257	8	Mi5	E5	336	336	0	0	0	99	96		46.25
258	9	Re5	D5	327	327	1	8	270	99	96		46.375
259	9	Do5#4	C5#4	322	322	1	8	270	99	96		46.5
260	9	Si4b4	B4b4	310	310	3	16	405	99	96		46.6875
261	9	La4	A4	305	305	1	16	135	99	96		46.75
262	9	Sol4	G4	296	296	1	4	541	95	96		47.0
263	9	La4	A4	305	305	3	8	811	99	96	Dağ	47.375
264	9	Si4b4	B4b4	310	310	1	8	270	95	96		47.5
265	9	Sol4	G4	296	296	1	4	541	99	96	la	47.75
266	9	Re5	D5	327	327	1	4	541	95	96		48.0
267	9	Re5	D5	327	327	1	8	270	99	96	ra 	48.125
268	9	Do5#4	C5#4	322	322	1	8	270	95	96		48.25
269	9	Si4b4	B4b4	310	310	1	8	270	99	96	düş	48.375
270	9	La4	A4	305	305	1	8	270	95	96		48.5
271	9	Si4b4	B4b4	310	310	1	8	270	99	96	tüm 	48.625
272	9	La4	A4	305	305	1	8	270	95	96		48.75
273	9	Sol4	G4	296	296	1	8	270	99	96	gel	48.875
274	9	Fa4#4	F4#4	291	291	1	8	270	95	96		49.0
275	9	Sol4	G4	296	296	3	8	811	95	96	dim  	49.375
276	9	Re4	D4	274	274	1	8	270	95	96	SAZ	49.5
277	9	Mi4	E4	283	283	1	8	270	95	96	.	49.625
278	9	Fa4#4	F4#4	291	291	1	8	270	95	96	.	49.75
279	9	Sol4	G4	296	296	1	4	541	95	96	.	50.0
