Sira	Kod	Nota53	NotaAE	Koma53	KomaAE	Pay	Payda	Ms	LNS	Bas	Soz1	Offset
1	9	Sol4	G4	296	296	1	2	1500	95	66	1. HANE	0.0625
2	9	Sol4	G4	296	296	1	4	750	50	80		0.09375
3	9	La4	A4	305	305	1	4	750	50	94		0.125
4	9	Si4b1	B4b1	313	313	3	8	1125	95	108		0.171875
5	9	La4	A4	305	305	1	8	375	95	96		0.1875
6	9	Sol4	G4	296	296	1	4	750	50	66		0.21875
7	9	Re4	D4	274	274	1	4	750	50	75		0.25
8	9	Sol4	G4	296	296	1	4	750	95	84		0.28125
9	9	Sol4	G4	296	296	3	16	563	95	66		0.3046875
10	9	La4	A4	305	305	1	16	188	95	80		0.3125
11	9	Si4b1	B4b1	313	313	1	4	750	95	94		0.34375
12	9	La4	A4	305	305	1	16	188	95	108		0.3515625
13	9	Si4b1	B4b1	313	313	1	8	375	95	96		0.3671875
14	9	La4	A4	305	305	1	16	188	95	96		0.375
15	9	Sol4	G4	296	296	3	4	2250	95	96		0.46875
16	9	Es	Es	-1	-1	1	4	750	100	0		0.5
17	9	Si4b1	B4b1	313	313	1	2	1500	95	96		0.5625
18	9	Si4b1	B4b1	313	313	1	4	750	95	96		0.59375
19	8	Re5	D5	327	327	0	0	0	95	96		0.59375
20	9	Do5	C5	318	318	1	4	750	50	66		0.625
21	9	Re5	D5	327	327	3	8	1125	95	108		0.671875
22	9	Do5	C5	318	318	1	8	375	95	96		0.6875
23	9	Si4b1	B4b1	313	313	1	4	750	95	96		0.71875
24	9	Es	Es	-1	-1	1	8	375	100	0		0.734375
25	9	Re5	D5	327	327	1	8	375	95	96		0.75
26	9	Do5	C5	318	318	1	2	1500	95	96		0.8125
27	9	La4	A4	305	305	1	4	750	95	96		0.84375
28	9	Es	Es	-1	-1	1	8	375	100	66		0.859375
29	8	Re5	D5	327	327	0	0	0	95	90		0.859375
30	9	Do5	C5	318	318	1	16	188	95	114		0.8671875
31	9	Si4b1	B4b1	313	313	1	16	188	95	96		0.875
32	9	Si4b1	B4b1	313	313	3	4	2250	95	96		0.96875
33	9	Es	Es	-1	-1	1	4	750	100	0		1.0
34	9	Re5	D5	327	327	1	4	750	95	96		1.03125
35	9	Re5	D5	327	327	1	16	188	95	96		1.0390625
36	9	Mi5	E5	336	336	1	8	375	95	96		1.0546875
37	9	Do5	C5	318	318	1	16	188	95	96		1.0625
38	9	Si4b1	B4b1	313	313	1	4	750	50	66		1.09375
39	9	Re5	D5	327	327	1	4	750	50	90		1.125
40	9	Do5	C5	318	318	3	8	1125	95	114		1.171875
41	9	Si4b1	B4b1	313	313	1	8	375	95	96		1.1875
42	9	La4	A4	305	305	3	8	1125	95	96		1.234375
43	9	Es	Es	-1	-1	1	8	375	100	0		1.25
44	9	Do5	C5	318	318	1	4	750	50	84		1.28125
45	9	Si4b1	B4b1	313	313	1	4	750	50	96		1.3125
46	9	La4	A4	305	305	1	4	750	50	96		1.34375
47	9	Sol4	G4	296	296	1	4	750	50	96		1.375
48	9	Re5	D5	327	327	3	4	2250	95	96		1.46875
49	9	Es	Es	-1	-1	1	4	750	100	0		1.5
50	9	Do5	C5	318	318	1	4	750	95	96		1.53125
51	9	Do5	C5	318	318	1	16	188	95	96		1.5390625
52	9	Re5	D5	327	327	1	8	375	95	96		1.5546875
53	9	Si4b1	B4b1	313	313	1	16	188	95	96		1.5625
54	9	La4	A4	305	305	1	4	750	50	96		1.59375
55	9	Do5	C5	318	318	1	4	750	50	96		1.625
56	9	Si4b1	B4b1	313	313	3	8	1125	95	66		1.671875
57	9	La4	A4	305	305	1	8	375	95	69		1.6875
58	9	Sol4	G4	296	296	3	8	1125	95	72		1.734375
59	9	Es	Es	-1	-1	1	8	375	100	75		1.75
60	9	La4	A4	305	305	1	4	750	95	78		1.78125
61	9	La4	A4	305	305	1	16	188	95	96		1.7890625
62	9	Si4b1	B4b1	313	313	1	16	188	95	66		1.796875
63	9	Do5	C5	318	318	1	16	188	95	82		1.8046875
64	9	Re5	D5	327	327	1	16	188	95	98		1.8125
65	9	Si4b1	B4b1	313	313	1	4	750	95	114		1.84375
66	9	La4	A4	305	305	1	16	188	95	96		1.8515625
67	9	Si4b1	B4b1	313	313	1	8	375	95	96		1.8671875
68	9	La4	A4	305	305	1	16	188	95	96		1.875
69	9	Sol4	G4	296	296	3	4	2250	95	96		1.96875
70	9	Es	Es	-1	-1	1	4	750	100	0		2.0
71	8	Do5	C5	318	318	0	0	0	95	96		2.0
72	9	Si4b1	B4b1	313	313	3	32	281	95	108	TESLİM	2.01171875
73	9	La4	A4	305	305	1	32	94	95	96		2.015625
74	9	Si4b1	B4b1	313	313	1	8	375	95	96		2.03125
75	9	Sol4	G4	296	296	1	4	750	95	96		2.0625
76	8	Re5	D5	327	327	0	0	0	95	96		2.0625
77	9	Do5	C5	318	318	3	32	281	95	96		2.07421875
78	9	Si4b1	B4b1	313	313	1	32	94	95	96		2.078125
79	9	Do5	C5	318	318	1	8	375	95	66		2.09375
80	9	La4	A4	305	305	1	4	750	95	93		2.125
81	9	Re5	D5	327	327	1	4	750	95	120		2.15625
82	9	Do5#4	C5#4	322	322	1	8	375	95	96		2.171875
83	9	Mi5	E5	336	336	1	8	375	95	96		2.1875
84	9	Re5	D5	327	327	1	4	750	95	96		2.21875
85	9	Es	Es	-1	-1	1	8	375	100	0		2.234375
86	9	Mi5	E5	336	336	1	16	188	95	66		2.2421875
87	9	Fa5#4	F5#4	344	344	1	16	188	95	90		2.25
88	9	Sol5	G5	349	349	1	4	750	95	114		2.28125
89	9	Fa5#1	F5#1	341	341	1	8	375	95	96		2.296875
90	9	Mi5	E5	336	336	1	8	375	95	96		2.3125
91	9	La5	A5	358	358	1	8	375	95	96		2.328125
92	9	Sol5	G5	349	349	1	8	375	95	96		2.34375
93	9	Fa5	F5	340	340	1	8	375	95	96		2.359375
94	9	Mi5	E5	336	336	1	8	375	95	96		2.375
95	9	Re5	D5	327	327	1	8	375	95	96		2.390625
96	8	Sol5	G5	349	349	0	0	0	95	96		2.390625
97	9	Fa5	F5	340	340	1	16	188	95	96		2.3984375
98	9	Mi5	E5	336	336	1	16	188	95	96		2.40625
99	9	Re5	D5	327	327	1	8	375	95	96		2.421875
100	9	Mi5	E5	336	336	1	8	375	95	96		2.4375
101	9	Re5	D5	327	327	1	16	188	95	96		2.4453125
102	9	Do5	C5	318	318	1	16	188	95	96		2.453125
103	9	Si4b1	B4b1	313	313	1	16	188	95	96		2.4609375
104	9	La4#4	A4#4	309	309	1	16	188	95	96		2.46875
105	9	Si4b1	B4b1	313	313	1	4	750	95	96		2.5
106	8	Re5	D5	327	327	0	0	0	95	96		2.5
107	9	Do5	C5	318	318	3	32	281	95	96		2.51171875
108	9	Si4b1	B4b1	313	313	1	32	94	95	96		2.515625
109	9	Do5	C5	318	318	1	8	375	95	96		2.53125
110	9	La4	A4	305	305	1	4	750	95	96		2.5625
111	8	Do5	C5	318	318	0	0	0	95	96		2.5625
112	9	Si4b1	B4b1	313	313	3	32	281	95	96		2.57421875
113	9	La4	A4	305	305	1	32	94	95	96		2.578125
114	9	Si4b1	B4b1	313	313	1	8	375	95	96		2.59375
115	9	Sol4	G4	296	296	1	4	750	95	96		2.625
116	9	Es	Es	-1	-1	1	8	375	100	0		2.640625
117	9	Re5	D5	327	327	1	8	375	95	96		2.65625
118	9	Do5#4	C5#4	322	322	1	8	375	95	96		2.671875
119	9	Mi5	E5	336	336	1	8	375	95	96		2.6875
120	9	Re5	D5	327	327	1	8	375	95	96		2.703125
121	9	Do5	C5	318	318	1	8	375	95	66		2.71875
122	9	Si4b1	B4b1	313	313	1	8	375	95	70		2.734375
123	9	La4	A4	305	305	1	8	375	95	74		2.75
124	9	Sol4	G4	296	296	1	8	375	95	78		2.765625
125	9	Do5	C5	318	318	1	8	375	95	96		2.78125
126	9	Si4b1	B4b1	313	313	1	8	375	95	96		2.796875
127	9	La4	A4	305	305	1	8	375	95	96		2.8125
128	9	Sol4	G4	296	296	3	16	563	95	66		2.8359375
129	9	Fa4#4	F4#4	291	291	1	16	188	95	93		2.84375
130	9	Mi4	E4	283	283	1	8	375	95	120		2.859375
131	9	Fa4#4	F4#4	291	291	1	8	375	95	96		2.875
132	9	Sol4	G4	296	296	3	4	2250	95	96		2.96875
133	9	Es	Es	-1	-1	1	4	750	100	0		3.0
134	9	Sol4	G4	296	296	1	2	1500	95	96	2. HANE	3.0625
135	9	Sol4	G4	296	296	1	4	750	95	96		3.09375
136	9	Si4b1	B4b1	313	313	1	4	750	50	96		3.125
137	9	Re5	D5	327	327	1	4	750	95	96		3.15625
138	9	Do5#4	C5#4	322	322	1	8	375	95	96		3.171875
139	9	Mi5	E5	336	336	1	8	375	95	96		3.1875
140	9	Re5	D5	327	327	1	4	750	95	96		3.21875
141	9	Es	Es	-1	-1	1	8	375	100	66		3.234375
142	9	Mi5	E5	336	336	1	16	188	95	84		3.2421875
143	9	Fa5#4	F5#4	344	344	1	16	188	95	66		3.25
144	9	Sol5	G5	349	349	1	2	1500	95	87		3.3125
145	9	Fa5#1	F5#1	341	341	1	4	750	95	108		3.34375
146	9	Mi5	E5	336	336	1	4	750	95	96		3.375
147	9	Re5	D5	327	327	3	4	2250	95	96		3.46875
148	9	Es	Es	-1	-1	1	4	750	100	0		3.5
149	9	Sol5	G5	349	349	1	2	1500	95	96		3.5625
150	9	Mi5	E5	336	336	1	4	750	95	96		3.59375
151	9	Sol5	G5	349	349	1	4	750	95	96		3.625
152	9	Fa5#1	F5#1	341	341	3	8	1125	95	96		3.671875
153	9	Mi5	E5	336	336	1	8	375	95	96		3.6875
154	9	Re5	D5	327	327	1	4	750	95	96		3.71875
155	9	Es	Es	-1	-1	1	8	375	100	66		3.734375
156	9	Do5	C5	318	318	1	8	375	95	69		3.75
157	9	Mi5	E5	336	336	1	2	1500	95	72		3.8125
158	9	Re5	D5	327	327	1	4	750	95	96		3.84375
159	9	Do5	C5	318	318	1	4	750	95	96		3.875
160	9	Si4b1	B4b1	313	313	3	4	2250	95	96		3.96875
161	9	Es	Es	-1	-1	1	4	750	100	0		4.0
162	9	Mi5	E5	336	336	1	2	1500	95	66		4.0625
163	8	Fa5#4	F5#4	344	344	0	0	0	95	93		4.0625
164	9	Mi5	E5	336	336	3	16	563	95	120		4.0859375
165	9	Re5	D5	327	327	1	16	188	95	96		4.09375
166	9	Do5	C5	318	318	1	4	750	95	96		4.125
167	9	Re5	D5	327	327	1	2	1500	95	66		4.1875
168	8	Mi5	E5	336	336	0	0	0	95	93		4.1875
169	9	Re5	D5	327	327	3	16	563	95	120		4.2109375
170	9	Do5	C5	318	318	1	16	188	95	96		4.21875
171	9	Si4b1	B4b1	313	313	1	4	750	95	96		4.25
172	9	Do5	C5	318	318	3	8	1125	95	96		4.296875
173	8	Re5	D5	327	327	0	0	0	95	96		4.296875
174	9	Do5	C5	318	318	1	16	188	95	96		4.3046875
175	9	Si4b1	B4b1	313	313	1	16	188	95	96		4.3125
176	9	Si4b1	B4b1	313	313	3	8	1125	95	96		4.359375
177	8	Do5	C5	318	318	0	0	0	95	96		4.359375
178	9	Si4b1	B4b1	313	313	1	16	188	95	96		4.3671875
179	9	La4	A4	305	305	1	16	188	95	96		4.375
180	9	La4	A4	305	305	3	4	2250	95	96		4.46875
181	9	Es	Es	-1	-1	1	4	750	100	0		4.5
182	9	Do5	C5	318	318	1	2	1500	95	96		4.5625
183	8	Re5	D5	327	327	0	0	0	95	96		4.5625
184	9	Do5	C5	318	318	3	16	563	95	96		4.5859375
185	9	Si4b1	B4b1	313	313	1	16	188	95	96		4.59375
186	9	La4	A4	305	305	1	4	750	95	96		4.625
187	9	Si4b1	B4b1	313	313	1	2	1500	95	96		4.6875
188	8	Do5	C5	318	318	0	0	0	95	96		4.6875
189	9	Si4b1	B4b1	313	313	3	16	563	95	96		4.7109375
190	9	La4	A4	305	305	1	16	188	95	96		4.71875
191	9	Sol4	G4	296	296	1	4	750	95	96		4.75
192	9	Si4b1	B4b1	313	313	3	8	1125	95	96		4.796875
193	8	Do5	C5	318	318	0	0	0	95	96		4.796875
194	9	Si4b1	B4b1	313	313	1	16	188	95	96		4.8046875
195	9	La4	A4	305	305	1	16	188	95	96		4.8125
196	9	La4	A4	305	305	3	8	1125	95	96		4.859375
197	8	Si4b1	B4b1	313	313	0	0	0	95	66		4.859375
198	9	La4	A4	305	305	1	16	188	95	84		4.8671875
199	9	Sol4	G4	296	296	1	16	188	95	96		4.875
200	9	Sol4	G4	296	296	3	4	2250	95	96		4.96875
201	9	Es	Es	-1	-1	1	4	750	100	0		5.0
202	8	Do5	C5	318	318	0	0	0	95	96		5.0
203	9	Si4b1	B4b1	313	313	3	32	281	95	108	TESLİM	5.01171875
204	9	La4	A4	305	305	1	32	94	95	96		5.015625
205	9	Si4b1	B4b1	313	313	1	8	375	95	96		5.03125
206	9	Sol4	G4	296	296	1	4	750	95	96		5.0625
207	8	Re5	D5	327	327	0	0	0	95	96		5.0625
208	9	Do5	C5	318	318	3	32	281	95	96		5.07421875
209	9	Si4b1	B4b1	313	313	1	32	94	95	96		5.078125
210	9	Do5	C5	318	318	1	8	375	95	66		5.09375
211	9	La4	A4	305	305	1	4	750	95	93		5.125
212	9	Re5	D5	327	327	1	4	750	95	120		5.15625
213	9	Do5#4	C5#4	322	322	1	8	375	95	96		5.171875
214	9	Mi5	E5	336	336	1	8	375	95	96		5.1875
215	9	Re5	D5	327	327	1	4	750	95	96		5.21875
216	9	Es	Es	-1	-1	1	8	375	100	0		5.234375
217	9	Mi5	E5	336	336	1	16	188	95	66		5.2421875
218	9	Fa5#4	F5#4	344	344	1	16	188	95	90		5.25
219	9	Sol5	G5	349	349	1	4	750	95	114		5.28125
220	9	Fa5#1	F5#1	341	341	1	8	375	95	96		5.296875
221	9	Mi5	E5	336	336	1	8	375	95	96		5.3125
222	9	La5	A5	358	358	1	8	375	95	96		5.328125
223	9	Sol5	G5	349	349	1	8	375	95	96		5.34375
224	9	Fa5	F5	340	340	1	8	375	95	96		5.359375
225	9	Mi5	E5	336	336	1	8	375	95	96		5.375
226	9	Re5	D5	327	327	1	8	375	95	96		5.390625
227	8	Sol5	G5	349	349	0	0	0	95	96		5.390625
228	9	Fa5	F5	340	340	1	16	188	95	96		5.3984375
229	9	Mi5	E5	336	336	1	16	188	95	96		5.40625
230	9	Re5	D5	327	327	1	8	375	95	96		5.421875
231	9	Mi5	E5	336	336	1	8	375	95	96		5.4375
232	9	Re5	D5	327	327	1	16	188	95	96		5.4453125
233	9	Do5	C5	318	318	1	16	188	95	96		5.453125
234	9	Si4b1	B4b1	313	313	1	16	188	95	96		5.4609375
235	9	La4#4	A4#4	309	309	1	16	188	95	96		5.46875
236	9	Si4b1	B4b1	313	313	1	4	750	95	96		5.5
237	8	Re5	D5	327	327	0	0	0	95	96		5.5
238	9	Do5	C5	318	318	3	32	281	95	96		5.51171875
239	9	Si4b1	B4b1	313	313	1	32	94	95	96		5.515625
240	9	Do5	C5	318	318	1	8	375	95	96		5.53125
241	9	La4	A4	305	305	1	4	750	95	96		5.5625
242	8	Do5	C5	318	318	0	0	0	95	96		5.5625
243	9	Si4b1	B4b1	313	313	3	32	281	95	96		5.57421875
244	9	La4	A4	305	305	1	32	94	95	96		5.578125
245	9	Si4b1	B4b1	313	313	1	8	375	95	96		5.59375
246	9	Sol4	G4	296	296	1	4	750	95	96		5.625
247	9	Es	Es	-1	-1	1	8	375	100	0		5.640625
248	9	Re5	D5	327	327	1	8	375	95	96		5.65625
249	9	Do5#4	C5#4	322	322	1	8	375	95	96		5.671875
250	9	Mi5	E5	336	336	1	8	375	95	96		5.6875
251	9	Re5	D5	327	327	1	8	375	95	96		5.703125
252	9	Do5	C5	318	318	1	8	375	95	66		5.71875
253	9	Si4b1	B4b1	313	313	1	8	375	95	70		5.734375
254	9	La4	A4	305	305	1	8	375	95	74		5.75
255	9	Sol4	G4	296	296	1	8	375	95	78		5.765625
256	9	Do5	C5	318	318	1	8	375	95	96		5.78125
257	9	Si4b1	B4b1	313	313	1	8	375	95	96		5.796875
258	9	La4	A4	305	305	1	8	375	95	96		5.8125
259	9	Sol4	G4	296	296	3	16	563	95	66		5.8359375
260	9	Fa4#4	F4#4	291	291	1	16	188	95	93		5.84375
261	9	Mi4	E4	283	283	1	8	375	95	120		5.859375
262	9	Fa4#4	F4#4	291	291	1	8	375	95	96		5.875
263	9	Sol4	G4	296	296	3	4	2250	95	96		5.96875
264	9	Es	Es	-1	-1	1	4	750	100	0		6.0
265	9	Sol5	G5	349	349	1	2	1500	95	108	3. HANE	6.0625
266	9	Sol5	G5	349	349	1	4	750	50	96		6.09375
267	9	La5	A5	358	358	1	4	750	50	96		6.125
268	9	Si5b1	B5b1	366	366	1	2	1500	95	96		6.1875
269	9	Si5b1	B5b1	366	366	1	4	750	95	96		6.21875
270	9	Re6	D6	380	380	1	4	750	95	96		6.25
271	9	Do6	C6	371	371	1	2	1500	95	96		6.3125
272	9	La5	A5	358	358	1	4	750	95	96		6.34375
273	9	Es	Es	-1	-1	1	8	375	100	66		6.359375
274	8	Re6	D6	380	380	0	0	0	95	90		6.359375
275	9	Do6	C6	371	371	1	16	188	95	114		6.3671875
276	9	Si5b1	B5b1	366	366	1	16	188	95	96		6.375
277	9	Si5b1	B5b1	366	366	3	4	2250	95	96		6.46875
278	9	Es	Es	-1	-1	1	4	750	100	0		6.5
279	9	Sol5	G5	349	349	1	2	1500	95	84		6.5625
280	9	Fa5#1	F5#1	341	341	1	12	250	95	96		6.57291666667
281	9	Mi5b1	E5b1	335	335	1	12	250	95	96		6.58333333333
282	9	Re5	D5	327	327	1	12	250	95	96		6.59375
283	9	Fa5#1	F5#1	341	341	1	4	750	95	96		6.625
284	9	Mi5b1	E5b1	335	335	1	2	1500	95	96		6.6875
285	9	Re5	D5	327	327	1	12	250	95	96		6.69791666667
286	9	Do5	C5	318	318	1	12	250	95	96		6.70833333333
287	9	Si4b1	B4b1	313	313	1	12	250	95	96		6.71875
288	9	Re5	D5	327	327	1	4	750	95	96		6.75
289	9	Do5	C5	318	318	1	2	1500	95	96		6.8125
290	9	La4	A4	305	305	1	4	750	95	96		6.84375
291	9	Es	Es	-1	-1	1	8	375	100	0		6.859375
292	8	Re5	D5	327	327	0	0	0	95	96		6.859375
293	9	Do5	C5	318	318	1	16	188	95	96		6.8671875
294	9	Si4b1	B4b1	313	313	1	16	188	95	96		6.875
295	9	Si4b1	B4b1	313	313	3	4	2250	95	96		6.96875
296	9	Es	Es	-1	-1	1	4	750	100	0		7.0
297	9	Re5	D5	327	327	1	2	1500	95	102		7.0625
298	9	Re5	D5	327	327	1	4	750	95	96		7.09375
299	9	Mi5b4	E5b4	332	332	1	4	750	95	96		7.125
300	9	Fa5#4	F5#4	344	344	1	4	750	95	66		7.15625
301	9	Es	Es	-1	-1	1	8	375	100	82		7.171875
302	9	Si5b5	B5b5	362	362	1	8	375	95	98		7.1875
303	9	La5	A5	358	358	1	8	375	95	114		7.203125
304	9	Sol5	G5	349	349	1	8	375	95	96		7.21875
305	9	Fa5#4	F5#4	344	344	1	8	375	95	96		7.234375
306	9	Mi5b4	E5b4	332	332	1	8	375	95	96		7.25
307	9	Re5	D5	327	327	1	8	375	95	96		7.265625
308	9	Mi5b4	E5b4	332	332	1	4	750	95	96		7.296875
309	9	Re5	D5	327	327	1	8	375	95	96		7.3125
310	9	Do5#4	C5#4	322	322	1	4	750	95	96		7.34375
311	9	Fa5#4	F5#4	344	344	1	16	188	95	96		7.3515625
312	9	Mi5b4	E5b4	332	332	1	16	188	95	96		7.359375
313	9	Mi5b4	E5b4	332	332	1	16	188	95	96		7.3671875
314	9	Re5	D5	327	327	1	16	188	95	96		7.375
315	9	Re5	D5	327	327	1	2	1500	95	96		7.4375
316	9	Es	Es	-1	-1	1	8	375	100	0		7.453125
317	9	Do5	C5	318	318	1	8	375	50	96		7.46875
318	9	Si4b1	B4b1	313	313	1	8	375	50	96		7.484375
319	9	La4	A4	305	305	1	8	375	50	96		7.5
320	9	Sol4	G4	296	296	1	4	750	95	96		7.53125
321	9	Es	Es	-1	-1	1	8	375	100	0		7.546875
322	9	Re4	D4	274	274	1	8	375	50	96		7.5625
323	9	Sol4	G4	296	296	1	4	750	95	96		7.59375
324	9	La4	A4	305	305	1	4	750	95	96		7.625
325	9	Si4b1	B4b1	313	313	1	2	1500	95	96		7.6875
326	9	La4	A4	305	305	1	12	250	95	96		7.69791666667
327	9	Si4b1	B4b1	313	313	1	12	250	95	96		7.70833333333
328	9	La4	A4	305	305	1	12	250	95	96		7.71875
329	9	Sol4	G4	296	296	1	4	750	95	96		7.75
330	9	La4	A4	305	305	1	4	750	95	96		7.78125
331	9	La4	A4	305	305	1	16	188	95	96		7.7890625
332	9	Si4b1	B4b1	313	313	1	16	188	95	96		7.796875
333	9	Do5	C5	318	318	1	16	188	95	96		7.8046875
334	9	Re5	D5	327	327	1	16	188	95	96		7.8125
335	9	Si4b1	B4b1	313	313	1	4	750	95	66		7.84375
336	9	La4	A4	305	305	1	16	188	95	90		7.8515625
337	9	Si4b1	B4b1	313	313	1	8	375	95	114		7.8671875
338	9	La4	A4	305	305	1	16	188	95	96		7.875
339	9	Sol4	G4	296	296	3	4	2250	95	96		7.96875
340	9	Es	Es	-1	-1	1	4	750	100	0		8.0
341	8	Do5	C5	318	318	0	0	0	95	96		8.0
342	9	Si4b1	B4b1	313	313	3	32	281	95	108	TESLİM	8.01171875
343	9	La4	A4	305	305	1	32	94	95	96		8.015625
344	9	Si4b1	B4b1	313	313	1	8	375	95	96		8.03125
345	9	Sol4	G4	296	296	1	4	750	95	96		8.0625
346	8	Re5	D5	327	327	0	0	0	95	96		8.0625
347	9	Do5	C5	318	318	3	32	281	95	96		8.07421875
348	9	Si4b1	B4b1	313	313	1	32	94	95	96		8.078125
349	9	Do5	C5	318	318	1	8	375	95	66		8.09375
350	9	La4	A4	305	305	1	4	750	95	93		8.125
351	9	Re5	D5	327	327	1	4	750	95	120		8.15625
352	9	Do5#4	C5#4	322	322	1	8	375	95	96		8.171875
353	9	Mi5	E5	336	336	1	8	375	95	96		8.1875
354	9	Re5	D5	327	327	1	4	750	95	96		8.21875
355	9	Es	Es	-1	-1	1	8	375	100	0		8.234375
356	9	Mi5	E5	336	336	1	16	188	95	66		8.2421875
357	9	Fa5#4	F5#4	344	344	1	16	188	95	90		8.25
358	9	Sol5	G5	349	349	1	4	750	95	114		8.28125
359	9	Fa5#1	F5#1	341	341	1	8	375	95	96		8.296875
360	9	Mi5	E5	336	336	1	8	375	95	96		8.3125
361	9	La5	A5	358	358	1	8	375	95	96		8.328125
362	9	Sol5	G5	349	349	1	8	375	95	96		8.34375
363	9	Fa5	F5	340	340	1	8	375	95	96		8.359375
364	9	Mi5	E5	336	336	1	8	375	95	96		8.375
365	9	Re5	D5	327	327	1	8	375	95	96		8.390625
366	8	Sol5	G5	349	349	0	0	0	95	96		8.390625
367	9	Fa5	F5	340	340	1	16	188	95	96		8.3984375
368	9	Mi5	E5	336	336	1	16	188	95	96		8.40625
369	9	Re5	D5	327	327	1	8	375	95	96		8.421875
370	9	Mi5	E5	336	336	1	8	375	95	96		8.4375
371	9	Re5	D5	327	327	1	16	188	95	96		8.4453125
372	9	Do5	C5	318	318	1	16	188	95	96		8.453125
373	9	Si4b1	B4b1	313	313	1	16	188	95	96		8.4609375
374	9	La4#4	A4#4	309	309	1	16	188	95	96		8.46875
375	9	Si4b1	B4b1	313	313	1	4	750	95	96		8.5
376	8	Re5	D5	327	327	0	0	0	95	96		8.5
377	9	Do5	C5	318	318	3	32	281	95	96		8.51171875
378	9	Si4b1	B4b1	313	313	1	32	94	95	96		8.515625
379	9	Do5	C5	318	318	1	8	375	95	96		8.53125
380	9	La4	A4	305	305	1	4	750	95	96		8.5625
381	8	Do5	C5	318	318	0	0	0	95	96		8.5625
382	9	Si4b1	B4b1	313	313	3	32	281	95	96		8.57421875
383	9	La4	A4	305	305	1	32	94	95	96		8.578125
384	9	Si4b1	B4b1	313	313	1	8	375	95	96		8.59375
385	9	Sol4	G4	296	296	1	4	750	95	96		8.625
386	9	Es	Es	-1	-1	1	8	375	100	0		8.640625
387	9	Re5	D5	327	327	1	8	375	95	96		8.65625
388	9	Do5#4	C5#4	322	322	1	8	375	95	96		8.671875
389	9	Mi5	E5	336	336	1	8	375	95	96		8.6875
390	9	Re5	D5	327	327	1	8	375	95	96		8.703125
391	9	Do5	C5	318	318	1	8	375	95	66		8.71875
392	9	Si4b1	B4b1	313	313	1	8	375	95	70		8.734375
393	9	La4	A4	305	305	1	8	375	95	74		8.75
394	9	Sol4	G4	296	296	1	8	375	95	78		8.765625
395	9	Do5	C5	318	318	1	8	375	95	96		8.78125
396	9	Si4b1	B4b1	313	313	1	8	375	95	96		8.796875
397	9	La4	A4	305	305	1	8	375	95	96		8.8125
398	9	Sol4	G4	296	296	3	16	563	95	66		8.8359375
399	9	Fa4#4	F4#4	291	291	1	16	188	95	93		8.84375
400	9	Mi4	E4	283	283	1	8	375	95	120		8.859375
401	9	Fa4#4	F4#4	291	291	1	8	375	95	96		8.875
402	9	Sol4	G4	296	296	3	4	2250	95	96		8.96875
403	9	Es	Es	-1	-1	1	4	750	100	0		9.0
404	7	Re4	D4	274	274	8	16	1500	99	108	4. HANE	9.0625
405	7	Sol4	G4	296	296	8	16	1500	95	96		9.125
406	7	Si4b1	B4b1	313	313	8	16	1500	95	96		9.1875
407	7	Re5	D5	327	327	8	16	1500	95	96		9.25
408	9	Re5	D5	327	327	1	12	250	95	96		9.26041666667
409	9	Do5	C5	318	318	1	12	250	95	96		9.27083333333
410	9	Re5	D5	327	327	1	12	250	95	96		9.28125
411	9	Mi5	E5	336	336	1	12	250	95	96		9.29166666667
412	9	Re5	D5	327	327	1	12	250	95	96		9.30208333333
413	9	Do5	C5	318	318	1	12	250	95	96		9.3125
414	9	La4	A4	305	305	1	4	750	95	96		9.34375
415	9	Es	Es	-1	-1	1	8	375	100	0		9.359375
416	8	Re5	D5	327	327	0	0	0	95	96		9.359375
417	9	Do5	C5	318	318	1	16	188	95	96		9.3671875
418	9	Si4b1	B4b1	313	313	1	16	188	95	96		9.375
419	9	Si4b1	B4b1	313	313	7	8	2625	95	96		9.484375
420	9	Es	Es	-1	-1	1	8	375	100	0		9.5
421	7	Sol5	G5	349	349	8	16	1500	99	108		9.5625
422	7	Mi5	E5	336	336	8	16	1500	99	96		9.625
423	7	Fa5#4	F5#4	344	344	8	16	1500	99	96		9.6875
424	7	Re5	D5	327	327	8	16	1500	95	96		9.75
425	9	Si4b1	B4b1	313	313	1	12	250	95	96		9.76041666667
426	9	Sol4	G4	296	296	1	12	250	95	96		9.77083333333
427	9	La4	A4	305	305	1	12	250	95	96		9.78125
428	9	Si4b1	B4b1	313	313	1	12	250	95	96		9.79166666667
429	9	Do5	C5	318	318	1	12	250	95	96		9.80208333333
430	9	Re5	D5	327	327	1	12	250	95	96		9.8125
431	9	Si4b1	B4b1	313	313	1	4	750	95	96		9.84375
432	9	La4	A4	305	305	1	16	188	95	96		9.8515625
433	9	Si4b1	B4b1	313	313	1	8	375	95	96		9.8671875
434	9	La4	A4	305	305	1	16	188	95	96		9.875
435	9	Sol4	G4	296	296	3	4	2250	95	96		9.96875
436	9	Es	Es	-1	-1	1	4	750	100	0		10.0
437	7	Re5	D5	327	327	8	16	1500	99	108		10.0625
438	7	Do5#4	C5#4	322	322	8	16	1500	99	96		10.125
439	7	Mi5	E5	336	336	8	16	1500	99	96		10.1875
440	7	Re5	D5	327	327	8	16	1500	95	96		10.25
441	9	Re5	D5	327	327	1	12	250	95	96		10.2604166667
442	9	Si4b1	B4b1	313	313	1	12	250	95	96		10.2708333333
443	9	Do5	C5	318	318	1	12	250	95	96		10.28125
444	9	Re5	D5	327	327	1	12	250	95	96		10.2916666667
445	9	Mi5	E5	336	336	1	12	250	95	96		10.3020833333
446	9	Fa5#4	F5#4	344	344	1	12	250	95	96		10.3125
447	9	Re5	D5	327	327	1	4	750	95	96		10.34375
448	9	Do5	C5	318	318	3	16	563	95	96		10.3671875
449	9	Si4b1	B4b1	313	313	1	16	188	95	96		10.375
450	9	Re5	D5	327	327	3	4	2250	95	96		10.46875
451	9	Es	Es	-1	-1	1	4	750	100	0		10.5
452	7	Do5	C5	318	318	8	16	1500	99	108		10.5625
453	7	La4	A4	305	305	8	16	1500	99	96		10.625
454	7	Si4b1	B4b1	313	313	8	16	1500	99	96		10.6875
455	7	Sol4	G4	296	296	8	16	1500	95	96		10.75
456	9	La4	A4	305	305	1	12	250	95	84		10.7604166667
457	9	Sol4	G4	296	296	1	12	250	95	96		10.7708333333
458	9	La4	A4	305	305	1	12	250	95	96		10.78125
459	9	Si4b1	B4b1	313	313	1	12	250	95	96		10.7916666667
460	9	Do5	C5	318	318	1	12	250	95	96		10.8020833333
461	9	Re5	D5	327	327	1	12	250	95	96		10.8125
462	9	Si4b1	B4b1	313	313	1	4	750	95	96		10.84375
463	9	La4	A4	305	305	1	16	188	95	96		10.8515625
464	9	Si4b1	B4b1	313	313	1	8	375	95	96		10.8671875
465	9	La4	A4	305	305	1	16	188	95	96		10.875
466	9	Sol4	G4	296	296	3	4	2250	101	96		10.96875
467	9	Es	Es	-1	-1	1	4	750	100	0		11.0
468	8	Do5	C5	318	318	0	0	0	95	96		11.0
469	9	Si4b1	B4b1	313	313	3	32	281	95	108	TESLİM	11.01171875
470	9	La4	A4	305	305	1	32	94	95	96		11.015625
471	9	Si4b1	B4b1	313	313	1	8	375	95	96		11.03125
472	9	Sol4	G4	296	296	1	4	750	95	96		11.0625
473	8	Re5	D5	327	327	0	0	0	95	96		11.0625
474	9	Do5	C5	318	318	3	32	281	95	96		11.07421875
475	9	Si4b1	B4b1	313	313	1	32	94	95	96		11.078125
476	9	Do5	C5	318	318	1	8	375	95	66		11.09375
477	9	La4	A4	305	305	1	4	750	95	93		11.125
478	9	Re5	D5	327	327	1	4	750	95	120		11.15625
479	9	Do5#4	C5#4	322	322	1	8	375	95	96		11.171875
480	9	Mi5	E5	336	336	1	8	375	95	96		11.1875
481	9	Re5	D5	327	327	1	4	750	95	96		11.21875
482	9	Es	Es	-1	-1	1	8	375	100	0		11.234375
483	9	Mi5	E5	336	336	1	16	188	95	66		11.2421875
484	9	Fa5#4	F5#4	344	344	1	16	188	95	90		11.25
485	9	Sol5	G5	349	349	1	4	750	95	114		11.28125
486	9	Fa5#1	F5#1	341	341	1	8	375	95	96		11.296875
487	9	Mi5	E5	336	336	1	8	375	95	96		11.3125
488	9	La5	A5	358	358	1	8	375	95	96		11.328125
489	9	Sol5	G5	349	349	1	8	375	95	96		11.34375
490	9	Fa5	F5	340	340	1	8	375	95	96		11.359375
491	9	Mi5	E5	336	336	1	8	375	95	96		11.375
492	9	Re5	D5	327	327	1	8	375	95	96		11.390625
493	8	Sol5	G5	349	349	0	0	0	95	96		11.390625
494	9	Fa5	F5	340	340	1	16	188	95	96		11.3984375
495	9	Mi5	E5	336	336	1	16	188	95	96		11.40625
496	9	Re5	D5	327	327	1	8	375	95	96		11.421875
497	9	Mi5	E5	336	336	1	8	375	95	96		11.4375
498	9	Re5	D5	327	327	1	16	188	95	96		11.4453125
499	9	Do5	C5	318	318	1	16	188	95	96		11.453125
500	9	Si4b1	B4b1	313	313	1	16	188	95	96		11.4609375
501	9	La4#4	A4#4	309	309	1	16	188	95	96		11.46875
502	9	Si4b1	B4b1	313	313	1	4	750	95	96		11.5
503	8	Re5	D5	327	327	0	0	0	95	96		11.5
504	9	Do5	C5	318	318	3	32	281	95	96		11.51171875
505	9	Si4b1	B4b1	313	313	1	32	94	95	96		11.515625
506	9	Do5	C5	318	318	1	8	375	95	96		11.53125
507	9	La4	A4	305	305	1	4	750	95	96		11.5625
508	8	Do5	C5	318	318	0	0	0	95	96		11.5625
509	9	Si4b1	B4b1	313	313	3	32	281	95	96		11.57421875
510	9	La4	A4	305	305	1	32	94	95	96		11.578125
511	9	Si4b1	B4b1	313	313	1	8	375	95	96		11.59375
512	9	Sol4	G4	296	296	1	4	750	95	96		11.625
513	9	Es	Es	-1	-1	1	8	375	100	0		11.640625
514	9	Re5	D5	327	327	1	8	375	95	96		11.65625
515	9	Do5#4	C5#4	322	322	1	8	375	95	96		11.671875
516	9	Mi5	E5	336	336	1	8	375	95	96		11.6875
517	9	Re5	D5	327	327	1	8	375	95	96		11.703125
518	9	Do5	C5	318	318	1	8	375	95	66		11.71875
519	9	Si4b1	B4b1	313	313	1	8	375	95	70		11.734375
520	9	La4	A4	305	305	1	8	375	95	74		11.75
521	9	Sol4	G4	296	296	1	8	375	95	78		11.765625
522	9	Do5	C5	318	318	1	8	375	95	96		11.78125
523	9	Si4b1	B4b1	313	313	1	8	375	95	96		11.796875
524	9	La4	A4	305	305	1	8	375	95	96		11.8125
525	9	Sol4	G4	296	296	3	16	563	95	66		11.8359375
526	9	Fa4#4	F4#4	291	291	1	16	188	95	93		11.84375
527	9	Mi4	E4	283	283	1	8	375	95	120		11.859375
528	9	Fa4#4	F4#4	291	291	1	8	375	95	96		11.875
529	9	Sol4	G4	296	296	3	4	2250	95	96		11.96875
530	9	Es	Es	-1	-1	1	4	750	100	0		12.0
