Sira	Kod	Nota53	NotaAE	Koma53	KomaAE	Pay	Payda	Ms	LNS	Bas	Soz1	Offset
1	51			0	0	8	8	0	19	0	Müsemmen	0.0
2	9	Si4b1	B4b1	313	313	1	4	909	95	96	ARANAĞME	0.25
3	9	La4	A4	305	305	1	16	227	95	96	.	0.3125
4	9	Si4b1	B4b1	313	313	1	16	227	95	90	.	0.375
5	9	La4	A4	305	305	1	16	227	95	96	.	0.4375
6	9	Sol4	G4	296	296	1	16	227	95	90	.	0.5
7	9	Fa4#4	F4#4	291	291	1	16	227	95	96	.	0.5625
8	9	Mi4	E4	283	283	1	16	227	95	90	.	0.625
9	9	Re4	D4	274	274	1	16	227	95	96	.	0.6875
10	9	Mi4	E4	283	283	1	16	227	95	90	.	0.75
11	9	Fa4#4	F4#4	291	291	1	16	227	95	96	.	0.8125
12	9	Sol4	G4	296	296	1	16	227	95	90	.	0.875
13	9	La4	A4	305	305	1	16	227	95	96	.	0.9375
14	9	Si4b1	B4b1	313	313	1	16	227	95	90	.	1.0
15	9	Do5	C5	318	318	1	4	909	95	96	.	1.25
16	9	La4	A4	305	305	1	8	455	95	96	.	1.375
17	9	Si4b1	B4b1	313	313	1	8	455	95	96	.	1.5
18	9	Do5	C5	318	318	1	8	455	95	96	.	1.625
19	9	Re5	D5	327	327	1	4	909	95	96	.	1.875
20	9	Es	Es	-1	-1	1	8	455	100	0	.	2.0
21	9	Re5	D5	327	327	1	4	909	95	96	.	2.25
22	9	Do5	C5	318	318	1	8	455	95	96	.	2.375
23	9	Si4b1	B4b1	313	313	1	4	909	95	96	.	2.625
24	9	Sol5	G5	349	349	1	4	909	95	96	.	2.875
25	9	La5	A5	358	358	1	8	455	95	96	.	3.0
26	9	Fa5#4	F5#4	344	344	1	4	909	95	96	.	3.25
27	9	Re5	D5	327	327	1	8	455	95	96	.	3.375
28	9	Mi5	E5	336	336	1	16	227	95	96	.	3.4375
29	9	Sol5	G5	349	349	1	16	227	95	90	.	3.5
30	9	Fa5#4	F5#4	344	344	1	16	227	95	96	.	3.5625
31	9	Mi5	E5	336	336	1	16	227	95	90	.	3.625
32	9	Re5	D5	327	327	1	4	909	95	96	.	3.875
33	9	Es	Es	-1	-1	1	8	455	100	0	.	4.0
34	9	Re5	D5	327	327	1	4	909	95	96	.	4.25
35	9	La5	A5	358	358	1	8	455	95	96	.	4.375
36	9	Sol5	G5	349	349	1	8	455	95	96	.	4.5
37	9	Fa5	F5	340	340	1	16	227	95	96	.	4.5625
38	9	Mi5	E5	336	336	1	16	227	95	90	.	4.625
39	9	Re5	D5	327	327	1	4	909	95	96	.	4.875
40	9	Mi5	E5	336	336	1	8	455	95	96	.	5.0
41	9	Do5	C5	318	318	1	4	909	95	96	.	5.25
42	9	Mi5	E5	336	336	1	8	455	95	96	.	5.375
43	9	Re5	D5	327	327	1	16	227	95	96	.	5.4375
44	9	Mi5	E5	336	336	1	16	227	95	90	.	5.5
45	9	Re5	D5	327	327	1	16	227	95	96	.	5.5625
46	9	Do5	C5	318	318	1	16	227	95	90	.	5.625
47	9	Si4b1	B4b1	313	313	1	4	909	95	96	.	5.875
48	9	Es	Es	-1	-1	1	8	455	100	0	.	6.0
49	9	Sol4	G4	296	296	1	4	909	95	96	.	6.25
50	9	La4	A4	305	305	1	8	455	95	96	.	6.375
51	9	Si4b1	B4b1	313	313	1	8	455	95	96	.	6.5
52	9	Do5	C5	318	318	1	8	455	95	96	.	6.625
53	9	Mi5	E5	336	336	1	8	455	95	96	.	6.75
54	9	Re5	D5	327	327	1	8	455	95	96	.	6.875
55	9	Do5	C5	318	318	1	8	455	95	96	.	7.0
56	9	Si4b1	B4b1	313	313	1	4	909	95	96	.	7.25
57	9	La4	A4	305	305	1	16	227	95	96	.	7.3125
58	9	Es	Es	-1	-1	1	16	227	100	0	.	7.375
59	9	Re5	D5	327	327	1	16	227	95	96	.	7.4375
60	9	Do5	C5	318	318	1	16	227	95	90	.	7.5
61	9	Si4b1	B4b1	313	313	1	16	227	95	96	.	7.5625
62	9	La4	A4	305	305	1	16	227	95	90	.	7.625
63	9	Sol4	G4	296	296	1	4	909	95	96	.	7.875
64	9	Es	Es	-1	-1	1	8	455	100	0		8.0
65	9	Si4b1	B4b1	313	313	1	4	909	95	96	ARANAĞME	8.25
66	9	La4	A4	305	305	1	16	227	95	96	.	8.3125
67	9	Si4b1	B4b1	313	313	1	16	227	95	90	.	8.375
68	9	La4	A4	305	305	1	16	227	95	96	.	8.4375
69	9	Sol4	G4	296	296	1	16	227	95	90	.	8.5
70	9	Fa4#4	F4#4	291	291	1	16	227	95	96	.	8.5625
71	9	Mi4	E4	283	283	1	16	227	95	90	.	8.625
72	9	Re4	D4	274	274	1	16	227	95	96	.	8.6875
73	9	Mi4	E4	283	283	1	16	227	95	90	.	8.75
74	9	Fa4#4	F4#4	291	291	1	16	227	95	96	.	8.8125
75	9	Sol4	G4	296	296	1	16	227	95	90	.	8.875
76	9	La4	A4	305	305	1	16	227	95	96	.	8.9375
77	9	Si4b1	B4b1	313	313	1	16	227	95	90	.	9.0
78	9	Do5	C5	318	318	1	4	909	95	96	.	9.25
79	9	La4	A4	305	305	1	8	455	95	96	.	9.375
80	9	Si4b1	B4b1	313	313	1	8	455	95	96	.	9.5
81	9	Do5	C5	318	318	1	8	455	95	96	.	9.625
82	9	Re5	D5	327	327	1	4	909	95	96	.	9.875
83	9	Es	Es	-1	-1	1	8	455	100	0	.	10.0
84	9	Re5	D5	327	327	1	4	909	95	96	.	10.25
85	9	Do5	C5	318	318	1	8	455	95	96	.	10.375
86	9	Si4b1	B4b1	313	313	1	4	909	95	96	.	10.625
87	9	Sol5	G5	349	349	1	4	909	95	96	.	10.875
88	9	La5	A5	358	358	1	8	455	95	96	.	11.0
89	9	Fa5#4	F5#4	344	344	1	4	909	95	96	.	11.25
90	9	Re5	D5	327	327	1	8	455	95	96	.	11.375
91	9	Mi5	E5	336	336	1	16	227	95	96	.	11.4375
92	9	Sol5	G5	349	349	1	16	227	95	90	.	11.5
93	9	Fa5#4	F5#4	344	344	1	16	227	95	96	.	11.5625
94	9	Mi5	E5	336	336	1	16	227	95	90	.	11.625
95	9	Re5	D5	327	327	1	4	909	95	96	.	11.875
96	9	Es	Es	-1	-1	1	8	455	100	0	.	12.0
97	9	Re5	D5	327	327	1	4	909	95	96	.	12.25
98	9	La5	A5	358	358	1	8	455	95	96	.	12.375
99	9	Sol5	G5	349	349	1	8	455	95	96	.	12.5
100	9	Fa5	F5	340	340	1	16	227	95	96	.	12.5625
101	9	Mi5	E5	336	336	1	16	227	95	90	.	12.625
102	9	Re5	D5	327	327	1	4	909	95	96	.	12.875
103	9	Mi5	E5	336	336	1	8	455	95	96	.	13.0
104	9	Do5	C5	318	318	1	4	909	95	96	.	13.25
105	9	Mi5	E5	336	336	1	8	455	95	96	.	13.375
106	9	Re5	D5	327	327	1	16	227	95	96	.	13.4375
107	9	Mi5	E5	336	336	1	16	227	95	90	.	13.5
108	9	Re5	D5	327	327	1	16	227	95	96	.	13.5625
109	9	Do5	C5	318	318	1	16	227	95	90	.	13.625
110	9	Si4b1	B4b1	313	313	1	4	909	95	96	.	13.875
111	9	Es	Es	-1	-1	1	8	455	100	0	.	14.0
112	9	Sol4	G4	296	296	1	4	909	95	96	.	14.25
113	9	La4	A4	305	305	1	8	455	95	96	.	14.375
114	9	Si4b1	B4b1	313	313	1	8	455	95	96	.	14.5
115	9	Do5	C5	318	318	1	8	455	95	96	.	14.625
116	9	Mi5	E5	336	336	1	8	455	95	96	.	14.75
117	9	Re5	D5	327	327	1	8	455	95	96	.	14.875
118	9	Do5	C5	318	318	1	8	455	95	96	.	15.0
119	9	Si4b1	B4b1	313	313	1	4	909	95	96	.	15.25
120	9	La4	A4	305	305	1	16	227	95	96	.	15.3125
121	9	Es	Es	-1	-1	1	16	227	100	0	.	15.375
122	9	Re5	D5	327	327	1	16	227	95	96	.	15.4375
123	9	Do5	C5	318	318	1	16	227	95	90	.	15.5
124	9	Si4b1	B4b1	313	313	1	16	227	95	96	.	15.5625
125	9	La4	A4	305	305	1	16	227	95	90	.	15.625
126	9	Sol4	G4	296	296	1	4	909	95	96	.	15.875
127	9	Es	Es	-1	-1	1	8	455	100	0		16.0
128	9	Sol4	G4	296	296	3	8	1364	95	96	Hâb-	16.375
129	9	Sol4	G4	296	296	1	4	909	99	96	gâh_	16.625
130	9	Si4b1	B4b1	313	313	3	8	1364	95	96	ı 	17.0
131	9	Re5	D5	327	327	1	4	909	95	96	yâ	17.25
132	9	Do5	C5	318	318	1	16	227	99	96	re 	17.3125
133	9	Si4b1	B4b1	313	313	1	16	227	95	90		17.375
134	9	Do5	C5	318	318	1	16	227	99	96	gir	17.4375
135	9	Re5	D5	327	327	1	16	227	99	90		17.5
136	9	Mi5	E5	336	336	1	16	227	99	96		17.5625
137	9	Re5	D5	327	327	1	16	227	95	90		17.625
138	9	Re5	D5	327	327	3	8	1364	95	96	dim 	18.0
139	9	Do5	C5	318	318	1	4	909	99	96	arz_	18.25
140	9	Re5	D5	327	327	1	8	455	95	96	i	18.375
141	9	Mi5	E5	336	336	1	8	455	99	96	çin 	18.5
142	9	Re5	D5	327	327	1	8	455	95	96		18.625
143	9	Sol5	G5	349	349	1	8	455	99	96	ah	18.75
144	9	Fa5	F5	340	340	1	8	455	99	96		18.875
145	9	Mi5	E5	336	336	1	8	455	95	96		19.0
146	9	Re5	D5	327	327	1	4	909	95	96	va	19.25
147	9	Si4b1	B4b1	313	313	1	8	455	95	96	li	19.375
148	9	Re5	D5	327	327	1	16	227	99	96	mi  	19.4375
149	9	Do5	C5	318	318	1	16	227	99	90		19.5
150	9	Si4b1	B4b1	313	313	1	16	227	99	96		19.5625
151	9	La4#4	A4#4	309	309	1	16	227	99	90		19.625
152	9	Si4b1	B4b1	313	313	3	8	1364	95	96		20.0
153	9	Re5	D5	327	327	1	4	909	95	96	SAZ	20.25
154	9	Do5	C5	318	318	1	16	227	95	96	.	20.3125
155	9	Si4b1	B4b1	313	313	1	16	227	95	90	.	20.375
156	9	Re5	D5	327	327	1	16	227	95	96	.	20.4375
157	9	Do5	C5	318	318	1	16	227	95	90	.	20.5
158	9	Si4b1	B4b1	313	313	1	16	227	95	96	.	20.5625
159	9	La4	A4	305	305	1	16	227	95	90	.	20.625
160	9	Sol4	G4	296	296	3	8	1364	95	96	.	21.0
161	9	Sol4	G4	296	296	3	8	1364	95	96	Hâb-	21.375
162	9	Sol4	G4	296	296	1	4	909	99	96	gâh_	21.625
163	9	Si4b1	B4b1	313	313	3	8	1364	95	96	ı 	22.0
164	9	Re5	D5	327	327	1	4	909	95	96	yâ	22.25
165	9	Do5	C5	318	318	1	16	227	99	96	re 	22.3125
166	9	Si4b1	B4b1	313	313	1	16	227	95	90		22.375
167	9	Do5	C5	318	318	1	16	227	99	96	gir	22.4375
168	9	Re5	D5	327	327	1	16	227	99	90		22.5
169	9	Mi5	E5	336	336	1	16	227	99	96		22.5625
170	9	Re5	D5	327	327	1	16	227	95	90		22.625
171	9	Re5	D5	327	327	3	8	1364	95	96	dim 	23.0
172	9	Do5	C5	318	318	1	4	909	99	96	arz_	23.25
173	9	Re5	D5	327	327	1	8	455	95	96	i	23.375
174	9	Mi5	E5	336	336	1	8	455	99	96	çin 	23.5
175	9	Re5	D5	327	327	1	8	455	95	96		23.625
176	9	Sol5	G5	349	349	1	8	455	99	96	ah	23.75
177	9	Fa5	F5	340	340	1	8	455	99	96		23.875
178	9	Mi5	E5	336	336	1	8	455	95	96		24.0
179	9	Re5	D5	327	327	1	4	909	95	96	va	24.25
180	9	Si4b1	B4b1	313	313	1	8	455	95	96	li	24.375
181	9	Re5	D5	327	327	1	16	227	99	96	mi  	24.4375
182	9	Do5	C5	318	318	1	16	227	99	90		24.5
183	9	Si4b1	B4b1	313	313	1	16	227	99	96		24.5625
184	9	La4#4	A4#4	309	309	1	16	227	99	90		24.625
185	9	Si4b1	B4b1	313	313	3	8	1364	95	96		25.0
186	9	Re5	D5	327	327	1	4	909	95	96	SAZ	25.25
187	9	Do5	C5	318	318	1	16	227	95	96	.	25.3125
188	9	Si4b1	B4b1	313	313	1	16	227	95	90	.	25.375
189	9	Re5	D5	327	327	1	16	227	95	96	.	25.4375
190	9	Do5	C5	318	318	1	16	227	95	90	.	25.5
191	9	Si4b1	B4b1	313	313	1	16	227	95	96	.	25.5625
192	9	La4#4	A4#4	309	309	1	16	227	95	90	.	25.625
193	9	Si4b1	B4b1	313	313	3	8	1364	95	96	.	26.0
194	9	Do5	C5	318	318	1	4	909	95	96	Bir 	26.25
195	9	Re5	D5	327	327	1	8	455	95	96	pe	26.375
196	9	Mi5	E5	336	336	1	8	455	99	96	ri	26.5
197	9	Re5	D5	327	327	1	8	455	95	96		26.625
198	9	Sol5	G5	349	349	1	8	455	99	96	şan 	26.75
199	9	Fa5	F5	340	340	1	8	455	99	96		26.875
200	9	Mi5	E5	336	336	1	8	455	95	96		27.0
201	9	Re5	D5	327	327	1	4	909	95	96	ha	27.25
202	9	Do5	C5	318	318	1	16	227	99	96	li	27.3125
203	9	Si4b1	B4b1	313	313	1	16	227	95	90		27.375
204	9	Si4b1	B4b1	313	313	1	16	227	99	96	ni 	27.4375
205	9	La4	A4	305	305	1	16	227	99	90		27.5
206	9	Si4b1	B4b1	313	313	1	16	227	99	96		27.5625
207	9	La4	A4	305	305	1	16	227	95	90		27.625
208	9	La4	A4	305	305	3	8	1364	95	96	gör	28.0
209	9	Sol4	G4	296	296	1	4	909	95	96	düm 	28.25
210	9	La4	A4	305	305	1	8	455	95	96	u	28.375
211	9	Si4b1	B4b1	313	313	1	8	455	99	96	nut	28.5
212	9	Do5	C5	318	318	1	8	455	95	96		28.625
213	9	Mi5	E5	336	336	1	8	455	99	96	tum 	28.75
214	9	Re5	D5	327	327	1	8	455	99	96		28.875
215	9	Do5	C5	318	318	1	8	455	95	96		29.0
216	9	Si4b1	B4b1	313	313	3	16	682	99	96	ha	29.1875
217	9	La4	A4	305	305	1	16	227	95	90		29.25
218	9	La4	A4	305	305	1	16	227	99	96	li	29.3125
219	9	Sol4	G4	296	296	1	16	227	95	90		29.375
220	9	Sol4	G4	296	296	1	4	909	95	96	mi  	29.625
221	9	Sol4	G4	296	296	1	16	227	95	96	SAZ	29.6875
222	9	La4	A4	305	305	1	16	227	95	90	.	29.75
223	9	Si4b1	B4b1	313	313	1	16	227	95	96	.	29.8125
224	9	Do5	C5	318	318	1	16	227	95	90	.	29.875
225	9	Re5	D5	327	327	1	8	455	95	96	.	30.0
226	9	Do5	C5	318	318	1	4	909	95	96	Bir 	30.25
227	9	Re5	D5	327	327	1	8	455	95	96	pe	30.375
228	9	Mi5	E5	336	336	1	8	455	99	96	ri	30.5
229	9	Re5	D5	327	327	1	8	455	95	96		30.625
230	9	Sol5	G5	349	349	1	8	455	99	96	şan 	30.75
231	9	Fa5	F5	340	340	1	8	455	99	96		30.875
232	9	Mi5	E5	336	336	1	8	455	95	96		31.0
233	9	Re5	D5	327	327	1	4	909	95	96	ha	31.25
234	9	Do5	C5	318	318	1	16	227	99	96	li	31.3125
235	9	Si4b1	B4b1	313	313	1	16	227	95	90		31.375
236	9	Si4b1	B4b1	313	313	1	16	227	99	96	ni 	31.4375
237	9	La4	A4	305	305	1	16	227	99	90		31.5
238	9	Si4b1	B4b1	313	313	1	16	227	99	96		31.5625
239	9	La4	A4	305	305	1	16	227	95	90		31.625
240	9	La4	A4	305	305	3	8	1364	95	96	gör	32.0
241	9	Sol4	G4	296	296	1	4	909	95	96	düm 	32.25
242	9	La4	A4	305	305	1	8	455	95	96	u	32.375
243	9	Si4b1	B4b1	313	313	1	8	455	99	96	nut	32.5
244	9	Do5	C5	318	318	1	8	455	95	96		32.625
245	9	Mi5	E5	336	336	1	8	455	99	96	tum 	32.75
246	9	Re5	D5	327	327	1	8	455	99	96		32.875
247	9	Do5	C5	318	318	1	8	455	95	96		33.0
248	9	Si4b1	B4b1	313	313	3	16	682	99	96	ha	33.1875
249	9	La4	A4	305	305	1	16	227	95	90		33.25
250	9	La4	A4	305	305	1	16	227	99	96	li	33.3125
251	9	Sol4	G4	296	296	1	16	227	95	90		33.375
252	9	Sol4	G4	296	296	1	4	909	95	96	mi  	33.625
253	9	Sol5	G5	349	349	1	16	227	95	96	SAZ	33.6875
254	9	Fa5#4	F5#4	344	344	1	16	227	95	90	.	33.75
255	9	Mi5	E5	336	336	1	16	227	95	96	.	33.8125
256	9	Fa5#4	F5#4	344	344	1	16	227	95	90	.	33.875
257	9	Sol5	G5	349	349	1	8	455	95	96	.	34.0
258	9	Sol5	G5	349	349	1	16	227	99	96	Sa	34.0625
259	9	Fa5#4	F5#4	344	344	1	16	227	99	90		34.125
260	9	Mi5	E5	336	336	1	16	227	99	96		34.1875
261	9	Fa5#4	F5#4	344	344	1	16	227	95	90		34.25
262	9	Sol5	G5	349	349	1	8	455	95	96	ki	34.375
263	9	Sol5	G5	349	349	1	4	909	95	96	ten 	34.625
264	9	Sol5	G5	349	349	3	8	1364	95	96	ic	35.0
265	9	La5	A5	358	358	1	4	909	95	96	ra 	35.25
266	9	Sol5	G5	349	349	1	16	227	99	96	e	35.3125
267	9	Fa5#4	F5#4	344	344	1	16	227	95	90		35.375
268	9	La5	A5	358	358	1	16	227	99	96	der	35.4375
269	9	Sol5	G5	349	349	1	16	227	99	90		35.5
270	9	Fa5#4	F5#4	344	344	1	16	227	99	96		35.5625
271	9	Mi5	E5	336	336	1	16	227	95	90		35.625
272	9	Re5	D5	327	327	3	8	1364	95	96	ken 	36.0
273	9	Mi5	E5	336	336	1	4	909	95	96	dî	36.25
274	9	Fa5#4	F5#4	344	344	1	8	455	95	96	de 	36.375
275	9	Re5	D5	327	327	1	4	909	95	96	eşk_	36.625
276	9	Mi5	E5	336	336	1	8	455	99	96	i 	36.75
277	9	Fa5#4	F5#4	344	344	1	8	455	99	96		36.875
278	9	Sol5	G5	349	349	1	8	455	95	96		37.0
279	9	Si5b1	B5b1	366	366	3	16	682	99	96	â	37.1875
280	9	La5	A5	358	358	1	16	227	95	90		37.25
281	9	La5	A5	358	358	1	16	227	99	96	li	37.3125
282	9	Sol5	G5	349	349	1	16	227	95	90		37.375
283	9	Sol5	G5	349	349	1	4	909	95	96	mi  	37.625
284	9	Sol5	G5	349	349	1	16	227	95	96	SAZ	37.6875
285	9	La5	A5	358	358	1	16	227	95	90	.	37.75
286	9	Si5b1	B5b1	366	366	1	16	227	95	96	.	37.8125
287	9	Do6	C6	371	371	1	16	227	95	90	.	37.875
288	9	Re6	D6	380	380	1	8	455	95	96	.	38.0
289	9	Re6	D6	380	380	1	4	909	95	96	.	38.25
290	9	Do6	C6	371	371	1	16	227	95	96	.	38.3125
291	9	Si5b1	B5b1	366	366	1	16	227	95	90	.	38.375
292	9	Re6	D6	380	380	1	16	227	95	96	.	38.4375
293	9	Do6	C6	371	371	1	16	227	95	90	.	38.5
294	9	Si5b1	B5b1	366	366	1	16	227	95	96	.	38.5625
295	9	La5	A5	358	358	1	16	227	95	90	.	38.625
296	9	Sol5	G5	349	349	3	8	1364	95	96	.	39.0
297	9	Re5	D5	327	327	1	4	909	95	96	Leb	39.25
298	9	Mi5	E5	336	336	1	8	455	95	96	le	39.375
299	9	Fa5#4	F5#4	344	344	1	8	455	99	96	rin	39.5
300	9	Sol5	G5	349	349	1	8	455	95	96		39.625
301	9	La5	A5	358	358	1	8	455	99	96	de 	39.75
302	9	Sol5	G5	349	349	1	8	455	99	96		39.875
303	9	Fa5	F5	340	340	1	8	455	95	96		40.0
304	9	Mi5	E5	336	336	1	4	909	95	96	si	40.25
305	9	Mi5	E5	336	336	1	16	227	99	96	ne	40.3125
306	9	Re5	D5	327	327	1	16	227	95	90		40.375
307	9	Re5	D5	327	327	1	8	455	99	96	sin	40.5
308	9	Mi5	E5	336	336	1	16	227	99	96		40.5625
309	9	Re5	D5	327	327	1	16	227	95	90		40.625
310	9	Re5	D5	327	327	3	8	1364	95	96	de 	41.0
311	9	Do5	C5	318	318	1	4	909	95	96	giz	41.25
312	9	Re5	D5	327	327	1	8	455	95	96	le	41.375
313	9	Mi5	E5	336	336	1	8	455	99	96	nen 	41.5
314	9	Re5	D5	327	327	1	8	455	95	96		41.625
315	9	Sol5	G5	349	349	1	8	455	99	96	â	41.75
316	9	Fa5	F5	340	340	1	8	455	99	96		41.875
317	9	Mi5	E5	336	336	1	8	455	95	96		42.0
318	9	Re5	D5	327	327	1	4	909	95	96	mâ	42.25
319	9	Si4b1	B4b1	313	313	1	8	455	95	96	li	42.375
320	9	Re5	D5	327	327	1	16	227	99	96	mi  	42.4375
321	9	Do5	C5	318	318	1	16	227	99	90		42.5
322	9	Si4b1	B4b1	313	313	1	16	227	99	96		42.5625
323	9	La4#4	A4#4	309	309	1	16	227	99	90		42.625
324	9	Si4b1	B4b1	313	313	3	8	1364	95	96		43.0
325	9	Re5	D5	327	327	1	4	909	95	96	SAZ	43.25
326	9	Do5	C5	318	318	1	16	227	95	96	.	43.3125
327	9	Si4b1	B4b1	313	313	1	16	227	95	90	.	43.375
328	9	Re5	D5	327	327	1	16	227	95	96	.	43.4375
329	9	Do5	C5	318	318	1	16	227	95	90	.	43.5
330	9	Si4b1	B4b1	313	313	1	16	227	95	96	.	43.5625
331	9	La4#4	A4#4	309	309	1	16	227	95	90	.	43.625
332	9	Si4b1	B4b1	313	313	3	8	1364	95	96	.	44.0
333	9	Do5	C5	318	318	1	4	909	95	96	Bir 	44.25
334	9	Re5	D5	327	327	1	8	455	95	96	pe	44.375
335	9	Mi5	E5	336	336	1	8	455	99	96	ri	44.5
336	9	Re5	D5	327	327	1	8	455	95	96		44.625
337	9	Sol5	G5	349	349	1	8	455	99	96	şan 	44.75
338	9	Fa5	F5	340	340	1	8	455	99	96		44.875
339	9	Mi5	E5	336	336	1	8	455	95	96		45.0
340	9	Re5	D5	327	327	1	4	909	95	96	ha	45.25
341	9	Do5	C5	318	318	1	16	227	99	96	li	45.3125
342	9	Si4b1	B4b1	313	313	1	16	227	95	90		45.375
343	9	Si4b1	B4b1	313	313	1	16	227	99	96	ni 	45.4375
344	9	La4	A4	305	305	1	16	227	99	90		45.5
345	9	Si4b1	B4b1	313	313	1	16	227	99	96		45.5625
346	9	La4	A4	305	305	1	16	227	95	90		45.625
347	9	La4	A4	305	305	3	8	1364	95	96	gör	46.0
348	9	Sol4	G4	296	296	1	4	909	95	96	düm 	46.25
349	9	La4	A4	305	305	1	8	455	95	96	u	46.375
350	9	Si4b1	B4b1	313	313	1	8	455	99	96	nut	46.5
351	9	Do5	C5	318	318	1	8	455	95	96		46.625
352	9	Mi5	E5	336	336	1	8	455	99	96	tum 	46.75
353	9	Re5	D5	327	327	1	8	455	99	96		46.875
354	9	Do5	C5	318	318	1	8	455	95	96		47.0
355	9	Si4b1	B4b1	313	313	3	16	682	99	96	ha	47.1875
356	9	La4	A4	305	305	1	16	227	95	90		47.25
357	9	La4	A4	305	305	1	16	227	99	96	li	47.3125
358	9	Sol4	G4	296	296	1	16	227	95	90		47.375
359	9	Sol4	G4	296	296	1	4	909	95	96	mi  	47.625
360	9	Sol4	G4	296	296	1	16	227	95	96	SAZ	47.6875
361	9	La4	A4	305	305	1	16	227	95	90	.	47.75
362	9	Si4b1	B4b1	313	313	1	16	227	95	96	.	47.8125
363	9	Do5	C5	318	318	1	16	227	95	90	.	47.875
364	9	Re5	D5	327	327	1	8	455	95	96	.	48.0
365	9	Do5	C5	318	318	1	4	909	95	96	Bir 	48.25
366	9	Re5	D5	327	327	1	8	455	95	96	pe	48.375
367	9	Mi5	E5	336	336	1	8	455	99	96	ri	48.5
368	9	Re5	D5	327	327	1	8	455	95	96		48.625
369	9	Sol5	G5	349	349	1	8	455	99	96	şan 	48.75
370	9	Fa5	F5	340	340	1	8	455	99	96		48.875
371	9	Mi5	E5	336	336	1	8	455	95	96		49.0
372	9	Re5	D5	327	327	1	4	909	95	96	ha	49.25
373	9	Do5	C5	318	318	1	16	227	99	96	li	49.3125
374	9	Si4b1	B4b1	313	313	1	16	227	95	90		49.375
375	9	Si4b1	B4b1	313	313	1	16	227	99	96	ni 	49.4375
376	9	La4	A4	305	305	1	16	227	99	90		49.5
377	9	Si4b1	B4b1	313	313	1	16	227	99	96		49.5625
378	9	La4	A4	305	305	1	16	227	95	90		49.625
379	9	La4	A4	305	305	3	8	1364	95	96	gör	50.0
380	9	Sol4	G4	296	296	1	4	909	95	96	düm 	50.25
381	9	La4	A4	305	305	1	8	455	95	96	u	50.375
382	9	Si4b1	B4b1	313	313	1	8	455	99	96	nut	50.5
383	9	Do5	C5	318	318	1	8	455	95	96		50.625
384	9	Mi5	E5	336	336	1	8	455	99	96	tum 	50.75
385	9	Re5	D5	327	327	1	8	455	99	96		50.875
386	9	Do5	C5	318	318	1	8	455	95	96		51.0
387	9	Si4b1	B4b1	313	313	3	16	682	99	96	KARAR	51.1875
388	9	La4	A4	305	305	1	16	227	95	90		51.25
389	9	La4	A4	305	305	1	16	227	99	96		51.3125
390	9	Sol4	G4	296	296	1	16	227	95	90		51.375
391	9	Sol4	G4	296	296	1	4	909	95	96		51.625
392	9	Sol4	G4	296	296	1	16	227	95	96		51.6875
393	9	Fa4#4	F4#4	291	291	1	16	227	95	90		51.75
394	9	Mi4	E4	283	283	1	16	227	95	96		51.8125
395	9	Fa4#4	F4#4	291	291	1	16	227	95	90		51.875
396	9	Sol4	G4	296	296	1	8	455	95	96		52.0
