Sira	Kod	Nota53	NotaAE	Koma53	KomaAE	Pay	Payda	Ms	LNS	Bas	Soz1	Offset
1	9	Re5	D5	327	327	1	4	556	95	96	BANDO	0.166666666667
2	9	Do5	C5	318	318	1	8	278	95	96	.	0.25
3	9	Si4b1	B4b1	313	313	1	8	278	95	96	.	0.333333333333
4	9	La4	A4	305	305	1	8	278	95	96	.	0.416666666667
5	9	Sol4	G4	296	296	1	8	278	95	96	.	0.5
6	9	Re5	D5	327	327	1	4	556	95	96	.	0.666666666667
7	9	Do5	C5	318	318	1	8	278	95	96	.	0.75
8	9	Si4b1	B4b1	313	313	1	8	278	95	96	.	0.833333333333
9	9	La4	A4	305	305	1	8	278	95	96	.	0.916666666667
10	9	Sol4	G4	296	296	1	8	278	95	96	.	1.0
11	9	Do5	C5	318	318	1	8	278	95	96	.	1.08333333333
12	9	Sol4	G4	296	296	1	8	278	95	96	.	1.16666666667
13	9	Do5	C5	318	318	1	8	278	95	96	.	1.25
14	9	Es	Es	-1	-1	1	8	278	100	0	.	1.33333333333
15	9	Do5	C5	318	318	1	8	278	95	96	.	1.41666666667
16	9	Mi5	E5	336	336	1	8	278	95	96	.	1.5
17	9	Do5	C5	318	318	1	8	278	95	96	.	1.58333333333
18	9	Mi5	E5	336	336	1	8	278	95	96	.	1.66666666667
19	9	Re5	D5	327	327	1	8	278	95	96	.	1.75
20	9	Do5	C5	318	318	1	8	278	95	96	.	1.83333333333
21	9	Si4b1	B4b1	313	313	1	8	278	95	96	.	1.91666666667
22	9	La4	A4	305	305	1	8	278	95	96	.	2.0
23	9	Si4b1	B4b1	313	313	1	4	556	95	96	.	2.16666666667
24	9	Si4b1	B4b1	313	313	1	8	278	95	96	.	2.25
25	9	Re5	D5	327	327	1	8	278	95	96	.	2.33333333333
26	9	Si4b1	B4b1	313	313	1	8	278	95	96	.	2.41666666667
27	9	Re5	D5	327	327	1	8	278	95	96	.	2.5
28	9	Do5	C5	318	318	1	4	556	95	96	.	2.66666666667
29	9	Si4b1	B4b1	313	313	1	8	278	95	96	.	2.75
30	9	Si4b1	B4b1	313	313	1	8	278	95	96	.	2.83333333333
31	9	La4	A4	305	305	1	8	278	95	96	.	2.91666666667
32	9	Sol4	G4	296	296	1	8	278	95	96	.	3.0
33	9	La4	A4	305	305	1	8	278	95	96	.	3.08333333333
34	9	Sol4	G4	296	296	1	8	278	95	96	.	3.16666666667
35	9	La4	A4	305	305	1	8	278	95	96	.	3.25
36	9	Es	Es	-1	-1	1	8	278	100	0	.	3.33333333333
37	9	La4	A4	305	305	1	8	278	95	96	.	3.41666666667
38	9	Do5	C5	318	318	1	8	278	95	96	.	3.5
39	9	Si4b1	B4b1	313	313	1	4	556	95	96	.	3.66666666667
40	9	La4	A4	305	305	1	8	278	95	96	.	3.75
41	9	La4	A4	305	305	1	4	556	95	96	.	3.91666666667
42	9	Sol4	G4	296	296	1	8	278	95	96	.	4.0
43	9	Sol4	G4	296	296	1	8	278	95	96	.	4.08333333333
44	9	Si4b1	B4b1	313	313	1	8	278	95	96	.	4.16666666667
45	9	Sol4	G4	296	296	1	8	278	95	96	.	4.25
46	9	Sol4	G4	296	296	1	8	278	95	96	.	4.33333333333
47	9	La4	A4	305	305	1	8	278	95	96	.	4.41666666667
48	9	Fa4#4	F4#4	291	291	1	8	278	95	96	.	4.5
49	9	Sol4	G4	296	296	1	8	278	95	96	.	4.58333333333
50	9	Fa4#4	F4#4	291	291	1	8	278	95	96	.	4.66666666667
51	9	Sol4	G4	296	296	1	8	278	95	96	.	4.75
52	9	La4	A4	305	305	1	8	278	95	96	.	4.83333333333
53	9	La4	A4	305	305	1	8	278	95	96	.	4.91666666667
54	9	Si4b1	B4b1	313	313	1	8	278	95	96	.	5.0
55	9	Do5	C5	318	318	1	8	278	95	96	.	5.08333333333
56	9	Sol4	G4	296	296	1	8	278	95	96	.	5.16666666667
57	9	Do5	C5	318	318	1	8	278	95	96	.	5.25
58	9	Es	Es	-1	-1	1	8	278	100	0	.	5.33333333333
59	9	Do5	C5	318	318	1	8	278	95	96	.	5.41666666667
60	9	Mi5	E5	336	336	1	8	278	95	96	.	5.5
61	9	Do5	C5	318	318	1	8	278	95	96	.	5.58333333333
62	9	Mi5	E5	336	336	1	8	278	95	96	.	5.66666666667
63	9	Re5	D5	327	327	1	8	278	95	96	.	5.75
64	9	Do5	C5	318	318	1	8	278	95	96	.	5.83333333333
65	9	Si4b1	B4b1	313	313	1	8	278	95	96	.	5.91666666667
66	9	La4	A4	305	305	1	8	278	95	96	.	6.0
67	9	Si4b1	B4b1	313	313	1	4	556	95	96	.	6.16666666667
68	9	Si4b1	B4b1	313	313	1	8	278	95	96	.	6.25
69	9	Re5	D5	327	327	1	8	278	95	96	.	6.33333333333
70	9	Si4b1	B4b1	313	313	1	8	278	95	96	.	6.41666666667
71	9	Re5	D5	327	327	1	8	278	95	96	.	6.5
72	9	Do5	C5	318	318	1	4	556	95	96	.	6.66666666667
73	9	Si4b1	B4b1	313	313	1	8	278	95	96	.	6.75
74	9	Si4b1	B4b1	313	313	1	8	278	95	96	.	6.83333333333
75	9	La4	A4	305	305	1	8	278	95	96	.	6.91666666667
76	9	Sol4	G4	296	296	1	8	278	95	96	.	7.0
77	9	La4	A4	305	305	1	8	278	95	96	.	7.08333333333
78	9	Sol4	G4	296	296	1	8	278	95	96	.	7.16666666667
79	9	La4	A4	305	305	1	8	278	95	96	.	7.25
80	9	Es	Es	-1	-1	1	8	278	100	0	.	7.33333333333
81	9	La4	A4	305	305	1	8	278	95	96	.	7.41666666667
82	9	Do5	C5	318	318	1	8	278	95	96	.	7.5
83	9	Si4b1	B4b1	313	313	1	4	556	95	96	.	7.66666666667
84	9	La4	A4	305	305	1	8	278	95	96	.	7.75
85	9	La4	A4	305	305	1	4	556	95	96	.	7.91666666667
86	9	Sol4	G4	296	296	1	8	278	95	96	.	8.0
87	9	Sol4	G4	296	296	1	8	278	95	96	.	8.08333333333
88	9	Si4b1	B4b1	313	313	1	8	278	95	96	.	8.16666666667
89	9	La4	A4	305	305	1	8	278	95	96	.	8.25
90	9	Sol4	G4	296	296	1	8	278	95	96	.	8.33333333333
91	9	La4	A4	305	305	1	8	278	95	96	.	8.41666666667
92	9	Fa4#4	F4#4	291	291	1	8	278	95	96	.	8.5
93	9	Sol4	G4	296	296	1	8	278	95	96	.	8.58333333333
94	9	Fa4#4	F4#4	291	291	1	8	278	95	96	.	8.66666666667
95	9	Mi4	E4	283	283	1	8	278	95	96	.	8.75
96	9	Re4	D4	274	274	3	8	833	95	96	.	9.0
97	9	Sol4	G4	296	296	1	4	556	95	96	Hoş 	9.16666666667
98	9	Sol4	G4	296	296	1	8	278	95	96	ge	9.25
99	9	Si4b1	B4b1	313	313	1	4	556	99	96	liş	9.41666666667
100	9	La4	A4	305	305	1	8	278	95	96		9.5
101	9	Sol4	G4	296	296	1	8	278	99	96	ler_	9.58333333333
102	9	Fa4#4	F4#4	291	291	1	8	278	95	96		9.66666666667
103	9	Sol4	G4	296	296	1	8	278	95	96	o	9.75
104	9	La4	A4	305	305	3	8	833	95	96	la 	10.0
105	9	Sol4	G4	296	296	1	4	556	95	96	Mus	10.1666666667
106	9	Si4b1	B4b1	313	313	1	8	278	95	96	ta	10.25
107	9	La4	A4	305	305	1	8	278	95	96	fa 	10.3333333333
108	9	Si4b1	B4b1	313	313	1	8	278	99	96	Ke	10.4166666667
109	9	La4	A4	305	305	1	8	278	95	96		10.5
110	9	Sol4	G4	296	296	1	8	278	99	96	mal 	10.5833333333
111	9	Fa4#4	F4#4	291	291	1	8	278	95	96		10.6666666667
112	9	Mi4	E4	283	283	1	8	278	95	96	Pa	10.75
113	9	Re4	D4	274	274	3	8	833	95	96	şa  	11.0
114	9	Sol4	G4	296	296	1	4	556	95	96	Hoş 	11.1666666667
115	9	Sol4	G4	296	296	1	8	278	95	96	ge	11.25
116	9	Si4b1	B4b1	313	313	1	4	556	99	96	liş	11.4166666667
117	9	La4	A4	305	305	1	8	278	95	96		11.5
118	9	Sol4	G4	296	296	1	8	278	99	96	ler_	11.5833333333
119	9	Fa4#4	F4#4	291	291	1	8	278	95	96		11.6666666667
120	9	Sol4	G4	296	296	1	8	278	95	96	o	11.75
121	9	La4	A4	305	305	3	8	833	95	96	la 	12.0
122	9	Sol4	G4	296	296	1	4	556	95	96	Mus	12.1666666667
123	9	Si4b1	B4b1	313	313	1	8	278	95	96	ta	12.25
124	9	La4	A4	305	305	1	8	278	95	96	fa 	12.3333333333
125	9	Si4b1	B4b1	313	313	1	8	278	99	96	Ke	12.4166666667
126	9	La4	A4	305	305	1	8	278	95	96		12.5
127	9	Sol4	G4	296	296	1	8	278	99	96	mal 	12.5833333333
128	9	Fa4#4	F4#4	291	291	1	8	278	95	96		12.6666666667
129	9	Mi4	E4	283	283	1	8	278	95	96	Pa	12.75
130	9	Re4	D4	274	274	3	8	833	95	96	şa  	13.0
131	1	Sol4	G4	296	296	1	8	278	95	96		13.0833333333
132	9	Sol4	G4	296	296	1	8	278	95	96	As	13.1666666667
133	9	Sol4	G4	296	296	1	8	278	95	96	ke	13.25
134	9	Si4b1	B4b1	313	313	1	4	556	99	96	rin 	13.4166666667
135	9	La4	A4	305	305	1	8	278	95	96		13.5
136	9	Sol4	G4	296	296	1	8	278	99	96	mil	13.5833333333
137	9	Fa4#4	F4#4	291	291	1	8	278	95	96		13.6666666667
138	9	Sol4	G4	296	296	1	8	278	95	96	le	13.75
139	9	La4	A4	305	305	3	8	833	95	96	tin 	14.0
140	9	Sol4	G4	296	296	1	4	556	95	96	bay	14.1666666667
141	9	Si4b1	B4b1	313	313	1	8	278	95	96	ra	14.25
142	9	La4	A4	305	305	1	8	278	95	96	ğın	14.3333333333
143	9	Si4b1	B4b1	313	313	1	8	278	99	96	la 	14.4166666667
144	9	La4	A4	305	305	1	8	278	95	96		14.5
145	9	Sol4	G4	296	296	1	8	278	99	96	çok 	14.5833333333
146	9	Fa4#4	F4#4	291	291	1	8	278	95	96		14.6666666667
147	9	Mi4	E4	283	283	1	8	278	95	96	ya	14.75
148	9	Re4	D4	274	274	3	8	833	95	96	şa  	15.0
149	1	Sol4	G4	296	296	1	8	278	95	96		15.0833333333
150	9	Sol4	G4	296	296	1	8	278	95	96	As	15.1666666667
151	9	Sol4	G4	296	296	1	8	278	95	96	ke	15.25
152	9	Si4b1	B4b1	313	313	1	4	556	99	96	rin 	15.4166666667
153	9	La4	A4	305	305	1	8	278	95	96		15.5
154	9	Sol4	G4	296	296	1	8	278	99	96	mil	15.5833333333
155	9	Fa4#4	F4#4	291	291	1	8	278	95	96		15.6666666667
156	9	Sol4	G4	296	296	1	8	278	95	96	le	15.75
157	9	La4	A4	305	305	3	8	833	95	96	tin 	16.0
158	9	Sol4	G4	296	296	1	4	556	95	96	bay	16.1666666667
159	9	Si4b1	B4b1	313	313	1	8	278	95	96	ra	16.25
160	9	La4	A4	305	305	1	8	278	95	96	ğın	16.3333333333
161	9	Si4b1	B4b1	313	313	1	8	278	99	96	la 	16.4166666667
162	9	La4	A4	305	305	1	8	278	95	96		16.5
163	9	Sol4	G4	296	296	1	8	278	99	96	çok 	16.5833333333
164	9	Fa4#4	F4#4	291	291	1	8	278	95	96		16.6666666667
165	9	Mi4	E4	283	283	1	8	278	95	96	ya	16.75
166	9	Re4	D4	274	274	3	8	833	95	96	şa  	17.0
167	9	Re5	D5	327	327	3	8	833	95	96	Arş 	17.25
168	9	Re5	D5	327	327	3	8	833	95	96	arş 	17.5
169	9	Re5	D5	327	327	3	8	833	95	96	arş 	17.75
170	9	Es	Es	-1	-1	3	8	833	100	0		18.0
171	9	Re5	D5	327	327	1	4	556	95	96	i	18.1666666667
172	9	Do5	C5	318	318	1	8	278	95	96	le	18.25
173	9	Si4b1	B4b1	313	313	1	4	556	95	96	ri 	18.4166666667
174	9	Es	Es	-1	-1	1	8	278	100	0		18.5
175	9	Re5	D5	327	327	1	4	556	95	96	i	18.6666666667
176	9	Do5	C5	318	318	1	8	278	95	96	le	18.75
177	9	Si4b1	B4b1	313	313	1	4	556	95	96	ri 	18.9166666667
178	9	Es	Es	-1	-1	1	8	278	100	0		19.0
179	9	Do5	C5	318	318	3	8	833	95	96	arş 	19.25
180	9	Do5	C5	318	318	1	4	556	95	96	i	19.4166666667
181	9	Mi5	E5	336	336	1	8	278	95	96	le	19.5
182	9	Re5	D5	327	327	1	8	278	95	96	ri 	19.5833333333
183	9	Mi5	E5	336	336	1	8	278	95	96	SAZ	19.6666666667
184	9	Re5	D5	327	327	1	8	278	95	96	.	19.75
185	9	Do5	C5	318	318	1	8	278	95	96	.	19.8333333333
186	9	Si4b1	B4b1	313	313	1	8	278	95	96	.	19.9166666667
187	9	La4	A4	305	305	1	8	278	95	96	.	20.0
188	9	Si4b1	B4b1	313	313	3	8	833	95	96	marş 	20.25
189	9	Si4b1	B4b1	313	313	1	4	556	95	96	i	20.4166666667
190	9	Re5	D5	327	327	1	8	278	95	96	le	20.5
191	9	Do5	C5	318	318	1	8	278	95	96	ri  	20.5833333333
192	9	Re5	D5	327	327	1	8	278	95	96	SAZ	20.6666666667
193	9	Do5	C5	318	318	1	8	278	95	96	.	20.75
194	9	Si4b1	B4b1	313	313	1	8	278	95	96	.	20.8333333333
195	9	La4	A4	305	305	1	8	278	95	96	.	20.9166666667
196	9	Sol4	G4	296	296	1	8	278	95	96	.	21.0
197	9	La4	A4	305	305	3	8	833	95	96	Dön	21.25
198	9	La4	A4	305	305	1	4	556	95	96	mez 	21.4166666667
199	9	Do5	C5	318	318	1	8	278	95	96	ge	21.5
200	9	Si4b1	B4b1	313	313	1	8	278	95	96	ri 	21.5833333333
201	9	Do5	C5	318	318	1	8	278	95	96	SAZ	21.6666666667
202	9	Si4b1	B4b1	313	313	1	8	278	95	96	.	21.75
203	9	La4	A4	305	305	1	4	556	95	96	.	21.9166666667
204	9	Sol4	G4	296	296	1	8	278	95	96	.	22.0
205	9	Sol4	G4	296	296	1	4	556	95	96	Tür	22.1666666667
206	9	Si4b1	B4b1	313	313	1	8	278	95	96	kün 	22.25
207	9	La4	A4	305	305	1	8	278	99	96	as	22.3333333333
208	9	Sol4	G4	296	296	1	8	278	95	96		22.4166666667
209	9	Fa4#4	F4#4	291	291	1	8	278	95	96	ke	22.5
210	9	Sol4	G4	296	296	3	8	833	95	96	ri  	22.75
211	9	Es	Es	-1	-1	3	8	833	100	0		23.0
212	9	Do5	C5	318	318	3	8	833	95	96	Sağ	23.25
213	9	Do5	C5	318	318	1	4	556	95	96	dan 	23.4166666667
214	9	Mi5	E5	336	336	1	8	278	95	96	so	23.5
215	9	Re5	D5	327	327	1	8	278	95	96	la 	23.5833333333
216	9	Mi5	E5	336	336	1	8	278	95	96	SAZ	23.6666666667
217	9	Re5	D5	327	327	1	8	278	95	96	.	23.75
218	9	Do5	C5	318	318	1	8	278	95	96	.	23.8333333333
219	9	Si4b1	B4b1	313	313	1	8	278	95	96	.	23.9166666667
220	9	La4	A4	305	305	1	8	278	95	96	.	24.0
221	9	Si4b1	B4b1	313	313	3	8	833	95	96	sol	24.25
222	9	Si4b1	B4b1	313	313	1	4	556	95	96	dan 	24.4166666667
223	9	Re5	D5	327	327	1	8	278	95	96	sa	24.5
224	9	Si4b1	B4b1	313	313	1	8	278	95	96	ğa  	24.5833333333
225	9	Do5	C5	318	318	1	8	278	95	96	SAZ	24.6666666667
226	9	Si4b1	B4b1	313	313	1	8	278	95	96	.	24.75
227	9	Si4b1	B4b1	313	313	1	8	278	95	96	.	24.8333333333
228	9	La4	A4	305	305	1	8	278	95	96	.	24.9166666667
229	9	Sol4	G4	296	296	1	8	278	95	96	.	25.0
230	9	La4	A4	305	305	1	4	556	95	96	Al 	25.1666666667
231	9	La4	A4	305	305	1	8	278	95	96	da 	25.25
232	9	La4	A4	305	305	1	4	556	95	96	bay	25.4166666667
233	9	Do5	C5	318	318	1	8	278	95	96	ra	25.5
234	9	Si4b1	B4b1	313	313	1	8	278	95	96	ğı 	25.5833333333
235	9	Do5	C5	318	318	1	8	278	95	96	SAZ	25.6666666667
236	9	Si4b1	B4b1	313	313	1	8	278	95	96	.	25.75
237	9	La4	A4	305	305	1	4	556	95	96	.	25.9166666667
238	9	Sol4	G4	296	296	1	8	278	95	96	.	26.0
239	9	Sol4	G4	296	296	1	4	556	95	96	düş	26.1666666667
240	9	Si4b1	B4b1	313	313	1	8	278	95	96	man 	26.25
241	9	La4	A4	305	305	1	8	278	99	96	üs	26.3333333333
242	9	Sol4	G4	296	296	1	8	278	95	96		26.4166666667
243	9	Fa4#4	F4#4	291	291	1	8	278	95	96	tü	26.5
244	9	Sol4	G4	296	296	3	8	833	95	96	ne  	26.75
245	9	Es	Es	-1	-1	3	8	833	100	0		27.0
246	9	Re5	D5	327	327	1	4	556	95	96	BANDO	27.1666666667
247	9	Do5	C5	318	318	1	8	278	95	96	.	27.25
248	9	Si4b1	B4b1	313	313	1	8	278	95	96	.	27.3333333333
249	9	La4	A4	305	305	1	8	278	95	96	.	27.4166666667
250	9	Sol4	G4	296	296	1	8	278	95	96	.	27.5
251	9	Re5	D5	327	327	1	4	556	95	96	.	27.6666666667
252	9	Do5	C5	318	318	1	8	278	95	96	.	27.75
253	9	Si4b1	B4b1	313	313	1	8	278	95	96	.	27.8333333333
254	9	La4	A4	305	305	1	8	278	95	96	.	27.9166666667
255	9	Sol4	G4	296	296	1	8	278	95	96	.	28.0
256	9	Do5	C5	318	318	1	8	278	95	96	.	28.0833333333
257	9	Sol4	G4	296	296	1	8	278	95	96	.	28.1666666667
258	9	Do5	C5	318	318	1	8	278	95	96	.	28.25
259	9	Es	Es	-1	-1	1	8	278	100	0	.	28.3333333333
260	9	Do5	C5	318	318	1	8	278	95	96	.	28.4166666667
261	9	Mi5	E5	336	336	1	8	278	95	96	.	28.5
262	9	Do5	C5	318	318	1	8	278	95	96	.	28.5833333333
263	9	Mi5	E5	336	336	1	8	278	95	96	.	28.6666666667
264	9	Re5	D5	327	327	1	8	278	95	96	.	28.75
265	9	Do5	C5	318	318	1	8	278	95	96	.	28.8333333333
266	9	Si4b1	B4b1	313	313	1	8	278	95	96	.	28.9166666667
267	9	La4	A4	305	305	1	8	278	95	96	.	29.0
268	9	Si4b1	B4b1	313	313	1	4	556	95	96	.	29.1666666667
269	9	Si4b1	B4b1	313	313	1	8	278	95	96	.	29.25
270	9	Re5	D5	327	327	1	8	278	95	96	.	29.3333333333
271	9	Si4b1	B4b1	313	313	1	8	278	95	96	.	29.4166666667
272	9	Re5	D5	327	327	1	8	278	95	96	.	29.5
273	9	Do5	C5	318	318	1	4	556	95	96	.	29.6666666667
274	9	Si4b1	B4b1	313	313	1	8	278	95	96	.	29.75
275	9	Si4b1	B4b1	313	313	1	8	278	95	96	.	29.8333333333
276	9	La4	A4	305	305	1	8	278	95	96	.	29.9166666667
277	9	Sol4	G4	296	296	1	8	278	95	96	.	30.0
278	9	La4	A4	305	305	1	8	278	95	96	.	30.0833333333
279	9	Sol4	G4	296	296	1	8	278	95	96	.	30.1666666667
280	9	La4	A4	305	305	1	8	278	95	96	.	30.25
281	9	Es	Es	-1	-1	1	8	278	100	0	.	30.3333333333
282	9	La4	A4	305	305	1	8	278	95	96	.	30.4166666667
283	9	Do5	C5	318	318	1	8	278	95	96	.	30.5
284	9	Si4b1	B4b1	313	313	1	4	556	95	96	.	30.6666666667
285	9	La4	A4	305	305	1	8	278	95	96	.	30.75
286	9	La4	A4	305	305	1	4	556	95	96	.	30.9166666667
287	9	Sol4	G4	296	296	1	8	278	95	96	.	31.0
288	9	Sol4	G4	296	296	1	8	278	95	96	.	31.0833333333
289	9	Si4b1	B4b1	313	313	1	8	278	95	96	.	31.1666666667
290	9	Sol4	G4	296	296	1	8	278	95	96	.	31.25
291	9	Sol4	G4	296	296	1	8	278	95	96	.	31.3333333333
292	9	La4	A4	305	305	1	8	278	95	96	.	31.4166666667
293	9	Fa4#4	F4#4	291	291	1	8	278	95	96	.	31.5
294	9	Sol4	G4	296	296	1	8	278	95	96	.	31.5833333333
295	9	Fa4#4	F4#4	291	291	1	8	278	95	96	.	31.6666666667
296	9	Sol4	G4	296	296	1	8	278	95	96	.	31.75
297	9	La4	A4	305	305	1	8	278	95	96	.	31.8333333333
298	9	La4	A4	305	305	1	8	278	95	96	.	31.9166666667
299	9	Si4b1	B4b1	313	313	1	8	278	95	96	.	32.0
300	9	Do5	C5	318	318	1	8	278	95	96	.	32.0833333333
301	9	Sol4	G4	296	296	1	8	278	95	96	.	32.1666666667
302	9	Do5	C5	318	318	1	8	278	95	96	.	32.25
303	9	Es	Es	-1	-1	1	8	278	100	0	.	32.3333333333
304	9	Do5	C5	318	318	1	8	278	95	96	.	32.4166666667
305	9	Mi5	E5	336	336	1	8	278	95	96	.	32.5
306	9	Do5	C5	318	318	1	8	278	95	96	.	32.5833333333
307	9	Mi5	E5	336	336	1	8	278	95	96	.	32.6666666667
308	9	Re5	D5	327	327	1	8	278	95	96	.	32.75
309	9	Do5	C5	318	318	1	8	278	95	96	.	32.8333333333
310	9	Si4b1	B4b1	313	313	1	8	278	95	96	.	32.9166666667
311	9	La4	A4	305	305	1	8	278	95	96	.	33.0
312	9	Si4b1	B4b1	313	313	1	4	556	95	96	.	33.1666666667
313	9	Si4b1	B4b1	313	313	1	8	278	95	96	.	33.25
314	9	Re5	D5	327	327	1	8	278	95	96	.	33.3333333333
315	9	Si4b1	B4b1	313	313	1	8	278	95	96	.	33.4166666667
316	9	Re5	D5	327	327	1	8	278	95	96	.	33.5
317	9	Do5	C5	318	318	1	4	556	95	96	.	33.6666666667
318	9	Si4b1	B4b1	313	313	1	8	278	95	96	.	33.75
319	9	Si4b1	B4b1	313	313	1	8	278	95	96	.	33.8333333333
320	9	La4	A4	305	305	1	8	278	95	96	.	33.9166666667
321	9	Sol4	G4	296	296	1	8	278	95	96	.	34.0
322	9	La4	A4	305	305	1	8	278	95	96	.	34.0833333333
323	9	Sol4	G4	296	296	1	8	278	95	96	.	34.1666666667
324	9	La4	A4	305	305	1	8	278	95	96	.	34.25
325	9	Es	Es	-1	-1	1	8	278	100	0	.	34.3333333333
326	9	La4	A4	305	305	1	8	278	95	96	.	34.4166666667
327	9	Do5	C5	318	318	1	8	278	95	96	.	34.5
328	9	Si4b1	B4b1	313	313	1	4	556	95	96	.	34.6666666667
329	9	La4	A4	305	305	1	8	278	95	96	.	34.75
330	9	La4	A4	305	305	1	4	556	95	96	.	34.9166666667
331	9	Sol4	G4	296	296	1	8	278	95	96	.	35.0
332	9	Sol4	G4	296	296	1	8	278	95	96	.	35.0833333333
333	9	Si4b1	B4b1	313	313	1	8	278	95	96	.	35.1666666667
334	9	La4	A4	305	305	1	8	278	95	96	.	35.25
335	9	Sol4	G4	296	296	1	8	278	95	96	.	35.3333333333
336	9	La4	A4	305	305	1	8	278	95	96	.	35.4166666667
337	9	Fa4#4	F4#4	291	291	1	8	278	95	96	.	35.5
338	9	Sol4	G4	296	296	1	8	278	95	96	.	35.5833333333
339	9	Fa4#4	F4#4	291	291	1	8	278	95	96	.	35.6666666667
340	9	Mi4	E4	283	283	1	8	278	95	96	.	35.75
341	9	Re4	D4	274	274	3	8	833	95	96	.	36.0
342	9	Sol4	G4	296	296	1	4	556	95	96	Hoş 	36.1666666667
343	9	Sol4	G4	296	296	1	8	278	95	96	ge	36.25
344	9	Si4b1	B4b1	313	313	1	4	556	99	96	liş	36.4166666667
345	9	La4	A4	305	305	1	8	278	95	96		36.5
346	9	Sol4	G4	296	296	1	8	278	99	96	ler_	36.5833333333
347	9	Fa4#4	F4#4	291	291	1	8	278	95	96		36.6666666667
348	9	Sol4	G4	296	296	1	8	278	95	96	o	36.75
349	9	La4	A4	305	305	3	8	833	95	96	la 	37.0
350	9	Sol4	G4	296	296	1	4	556	95	96	Mus	37.1666666667
351	9	Si4b1	B4b1	313	313	1	8	278	95	96	ta	37.25
352	9	La4	A4	305	305	1	8	278	95	96	fa 	37.3333333333
353	9	Si4b1	B4b1	313	313	1	8	278	99	96	Ke	37.4166666667
354	9	La4	A4	305	305	1	8	278	95	96		37.5
355	9	Sol4	G4	296	296	1	8	278	99	96	mal 	37.5833333333
356	9	Fa4#4	F4#4	291	291	1	8	278	95	96		37.6666666667
357	9	Mi4	E4	283	283	1	8	278	95	96	Pa	37.75
358	9	Re4	D4	274	274	3	8	833	95	96	şa  	38.0
359	9	Sol4	G4	296	296	1	4	556	95	96	Hoş 	38.1666666667
360	9	Sol4	G4	296	296	1	8	278	95	96	ge	38.25
361	9	Si4b1	B4b1	313	313	1	4	556	99	96	liş	38.4166666667
362	9	La4	A4	305	305	1	8	278	95	96		38.5
363	9	Sol4	G4	296	296	1	8	278	99	96	ler_	38.5833333333
364	9	Fa4#4	F4#4	291	291	1	8	278	95	96		38.6666666667
365	9	Sol4	G4	296	296	1	8	278	95	96	o	38.75
366	9	La4	A4	305	305	3	8	833	95	96	la 	39.0
367	9	Sol4	G4	296	296	1	4	556	95	96	Mus	39.1666666667
368	9	Si4b1	B4b1	313	313	1	8	278	95	96	ta	39.25
369	9	La4	A4	305	305	1	8	278	95	96	fa 	39.3333333333
370	9	Si4b1	B4b1	313	313	1	8	278	99	96	Ke	39.4166666667
371	9	La4	A4	305	305	1	8	278	95	96		39.5
372	9	Sol4	G4	296	296	1	8	278	99	96	mal 	39.5833333333
373	9	Fa4#4	F4#4	291	291	1	8	278	95	96		39.6666666667
374	9	Mi4	E4	283	283	1	8	278	95	96	Pa	39.75
375	9	Re4	D4	274	274	3	8	833	95	96	şa  	40.0
376	1	Sol4	G4	296	296	1	8	278	95	96		40.0833333333
377	9	Sol4	G4	296	296	1	8	278	95	96	As	40.1666666667
378	9	Sol4	G4	296	296	1	8	278	95	96	ke	40.25
379	9	Si4b1	B4b1	313	313	1	4	556	99	96	rin 	40.4166666667
380	9	La4	A4	305	305	1	8	278	95	96		40.5
381	9	Sol4	G4	296	296	1	8	278	99	96	mil	40.5833333333
382	9	Fa4#4	F4#4	291	291	1	8	278	95	96		40.6666666667
383	9	Sol4	G4	296	296	1	8	278	95	96	le	40.75
384	9	La4	A4	305	305	3	8	833	95	96	tin 	41.0
385	9	Sol4	G4	296	296	1	4	556	95	96	bay	41.1666666667
386	9	Si4b1	B4b1	313	313	1	8	278	95	96	ra	41.25
387	9	La4	A4	305	305	1	8	278	95	96	ğın	41.3333333333
388	9	Si4b1	B4b1	313	313	1	8	278	99	96	la 	41.4166666667
389	9	La4	A4	305	305	1	8	278	95	96		41.5
390	9	Sol4	G4	296	296	1	8	278	99	96	çok 	41.5833333333
391	9	Fa4#4	F4#4	291	291	1	8	278	95	96		41.6666666667
392	9	Mi4	E4	283	283	1	8	278	95	96	ya	41.75
393	9	Re4	D4	274	274	3	8	833	95	96	şa  	42.0
394	1	Sol4	G4	296	296	1	8	278	95	96		42.0833333333
395	9	Sol4	G4	296	296	1	8	278	95	96	As	42.1666666667
396	9	Sol4	G4	296	296	1	8	278	95	96	ke	42.25
397	9	Si4b1	B4b1	313	313	1	4	556	99	96	rin 	42.4166666667
398	9	La4	A4	305	305	1	8	278	95	96		42.5
399	9	Sol4	G4	296	296	1	8	278	99	96	mil	42.5833333333
400	9	Fa4#4	F4#4	291	291	1	8	278	95	96		42.6666666667
401	9	Sol4	G4	296	296	1	8	278	95	96	le	42.75
402	9	La4	A4	305	305	3	8	833	95	96	tin 	43.0
403	9	Sol4	G4	296	296	1	4	556	95	96	bay	43.1666666667
404	9	Si4b1	B4b1	313	313	1	8	278	95	96	ra	43.25
405	9	La4	A4	305	305	1	8	278	95	96	ğın	43.3333333333
406	9	Si4b1	B4b1	313	313	1	8	278	99	96	la 	43.4166666667
407	9	La4	A4	305	305	1	8	278	95	96		43.5
408	9	Sol4	G4	296	296	1	8	278	99	96	çok 	43.5833333333
409	9	Fa4#4	F4#4	291	291	1	8	278	95	96		43.6666666667
410	9	Mi4	E4	283	283	1	8	278	95	96	ya	43.75
411	9	Re4	D4	274	274	3	8	833	95	96	şa  	44.0
412	9	Re5	D5	327	327	3	8	833	95	96	Arş 	44.25
413	9	Re5	D5	327	327	3	8	833	95	96	arş 	44.5
414	9	Re5	D5	327	327	3	8	833	95	96	arş 	44.75
415	9	Es	Es	-1	-1	3	8	833	100	0		45.0
416	9	Re5	D5	327	327	1	4	556	95	96	i	45.1666666667
417	9	Do5	C5	318	318	1	8	278	95	96	le	45.25
418	9	Si4b1	B4b1	313	313	1	4	556	95	96	ri 	45.4166666667
419	9	Es	Es	-1	-1	1	8	278	100	0		45.5
420	9	Re5	D5	327	327	1	4	556	95	96	i	45.6666666667
421	9	Do5	C5	318	318	1	8	278	95	96	le	45.75
422	9	Si4b1	B4b1	313	313	1	4	556	95	96	ri 	45.9166666667
423	9	Es	Es	-1	-1	1	8	278	100	0		46.0
424	9	Do5	C5	318	318	3	8	833	95	96	arş 	46.25
425	9	Do5	C5	318	318	1	4	556	95	96	i	46.4166666667
426	9	Mi5	E5	336	336	1	8	278	95	96	le	46.5
427	9	Re5	D5	327	327	1	8	278	95	96	ri 	46.5833333333
428	9	Mi5	E5	336	336	1	8	278	95	96	SAZ	46.6666666667
429	9	Re5	D5	327	327	1	8	278	95	96	.	46.75
430	9	Do5	C5	318	318	1	8	278	95	96	.	46.8333333333
431	9	Si4b1	B4b1	313	313	1	8	278	95	96	.	46.9166666667
432	9	La4	A4	305	305	1	8	278	95	96	.	47.0
433	9	Si4b1	B4b1	313	313	3	8	833	95	96	marş 	47.25
434	9	Si4b1	B4b1	313	313	1	4	556	95	96	i	47.4166666667
435	9	Re5	D5	327	327	1	8	278	95	96	le	47.5
436	9	Do5	C5	318	318	1	8	278	95	96	ri  	47.5833333333
437	9	Re5	D5	327	327	1	8	278	95	96	SAZ	47.6666666667
438	9	Do5	C5	318	318	1	8	278	95	96	.	47.75
439	9	Si4b1	B4b1	313	313	1	8	278	95	96	.	47.8333333333
440	9	La4	A4	305	305	1	8	278	95	96	.	47.9166666667
441	9	Sol4	G4	296	296	1	8	278	95	96	.	48.0
442	9	La4	A4	305	305	3	8	833	95	96	Dön	48.25
443	9	La4	A4	305	305	1	4	556	95	96	mez 	48.4166666667
444	9	Do5	C5	318	318	1	8	278	95	96	ge	48.5
445	9	Si4b1	B4b1	313	313	1	8	278	95	96	ri 	48.5833333333
446	9	Do5	C5	318	318	1	8	278	95	96	SAZ	48.6666666667
447	9	Si4b1	B4b1	313	313	1	8	278	95	96	.	48.75
448	9	La4	A4	305	305	1	4	556	95	96	.	48.9166666667
449	9	Sol4	G4	296	296	1	8	278	95	96	.	49.0
450	9	Sol4	G4	296	296	1	4	556	95	96	Tür	49.1666666667
451	9	Si4b1	B4b1	313	313	1	8	278	95	96	kün 	49.25
452	9	La4	A4	305	305	1	8	278	99	96	as	49.3333333333
453	9	Sol4	G4	296	296	1	8	278	95	96		49.4166666667
454	9	Fa4#4	F4#4	291	291	1	8	278	95	96	ke	49.5
455	9	Sol4	G4	296	296	3	8	833	95	96	ri  	49.75
456	9	Es	Es	-1	-1	3	8	833	100	0		50.0
457	9	Do5	C5	318	318	3	8	833	95	96	Sağ	50.25
458	9	Do5	C5	318	318	1	4	556	95	96	dan 	50.4166666667
459	9	Mi5	E5	336	336	1	8	278	95	96	so	50.5
460	9	Re5	D5	327	327	1	8	278	95	96	la 	50.5833333333
461	9	Mi5	E5	336	336	1	8	278	95	96	SAZ	50.6666666667
462	9	Re5	D5	327	327	1	8	278	95	96	.	50.75
463	9	Do5	C5	318	318	1	8	278	95	96	.	50.8333333333
464	9	Si4b1	B4b1	313	313	1	8	278	95	96	.	50.9166666667
465	9	La4	A4	305	305	1	8	278	95	96	.	51.0
466	9	Si4b1	B4b1	313	313	3	8	833	95	96	sol	51.25
467	9	Si4b1	B4b1	313	313	1	4	556	95	96	dan 	51.4166666667
468	9	Re5	D5	327	327	1	8	278	95	96	sa	51.5
469	9	Si4b1	B4b1	313	313	1	8	278	95	96	ğa  	51.5833333333
470	9	Do5	C5	318	318	1	8	278	95	96	SAZ	51.6666666667
471	9	Si4b1	B4b1	313	313	1	8	278	95	96	.	51.75
472	9	Si4b1	B4b1	313	313	1	8	278	95	96	.	51.8333333333
473	9	La4	A4	305	305	1	8	278	95	96	.	51.9166666667
474	9	Sol4	G4	296	296	1	8	278	95	96	.	52.0
475	9	La4	A4	305	305	1	4	556	95	96	Al 	52.1666666667
476	9	La4	A4	305	305	1	8	278	95	96	da 	52.25
477	9	La4	A4	305	305	1	4	556	95	96	bay	52.4166666667
478	9	Do5	C5	318	318	1	8	278	95	96	ra	52.5
479	9	Si4b1	B4b1	313	313	1	8	278	95	96	ğı 	52.5833333333
480	9	Do5	C5	318	318	1	8	278	95	96	SAZ	52.6666666667
481	9	Si4b1	B4b1	313	313	1	8	278	95	96	.	52.75
482	9	La4	A4	305	305	1	4	556	95	96	.	52.9166666667
483	9	Sol4	G4	296	296	1	8	278	95	96	.	53.0
484	9	Sol4	G4	296	296	1	4	556	95	96	düş	53.1666666667
485	9	Si4b1	B4b1	313	313	1	8	278	95	96	man 	53.25
486	9	La4	A4	305	305	1	8	278	99	96	üs	53.3333333333
487	9	Sol4	G4	296	296	1	8	278	95	96		53.4166666667
488	9	Fa4#4	F4#4	291	291	1	8	278	95	96	tü	53.5
489	9	Sol4	G4	296	296	3	8	833	95	96	ne  	53.75
490	9	Es	Es	-1	-1	3	8	833	100	0		54.0
