Sira	Kod	Nota53	NotaAE	Koma53	KomaAE	Pay	Payda	Ms	LNS	Bas	Soz1	Offset
1	51			0	0	4	4	0	6	0	Sofyan	0.0
2	9	Si4	B4	314	314	1	8	500	95	96		0.125
3	9	Do5	C5	318	318	1	8	500	95	96		0.25
4	9	Si4	B4	314	314	1	8	500	95	96		0.375
5	9	La4	A4	305	305	1	8	500	95	96		0.5
6	9	Sol4	G4	296	296	1	4	1000	95	96		0.75
7	9	Fa4#5	F4#5	292	292	1	4	1000	95	96		1.0
8	9	Sol4	G4	296	296	1	8	500	95	96		1.125
9	9	La4	A4	305	305	1	8	500	95	96		1.25
10	9	Sol4	G4	296	296	1	8	500	95	96		1.375
11	9	Fa4#5	F4#5	292	292	1	8	500	95	96		1.5
12	9	Mi4	E4	283	283	1	2	2000	95	96		2.0
13	9	Si4	B4	314	314	1	8	500	95	96		2.125
14	9	Do5	C5	318	318	1	8	500	95	96		2.25
15	9	Si4	B4	314	314	1	8	500	95	96		2.375
16	9	La4	A4	305	305	1	8	500	95	96		2.5
17	9	Si4	B4	314	314	1	8	500	95	96		2.625
18	9	Do5	C5	318	318	1	8	500	95	96		2.75
19	9	Re5	D5	327	327	1	8	500	95	96		2.875
20	9	Mi5	E5	336	336	1	8	500	95	96		3.0
21	9	Fa5#5	F5#5	345	345	1	8	500	95	96		3.125
22	9	Mi5	E5	336	336	1	8	500	95	96		3.25
23	9	Re5	D5	327	327	1	8	500	95	96		3.375
24	9	Do5	C5	318	318	1	8	500	95	96		3.5
25	9	Si4	B4	314	314	1	2	2000	95	96		4.0
26	9	Mi5	E5	336	336	1	4	1000	95	96		4.25
27	9	Re5#4	D5#4	331	331	1	8	500	95	96		4.375
28	9	Mi5	E5	336	336	1	8	500	95	96		4.5
29	9	Fa5#5	F5#5	345	345	1	8	500	95	96		4.625
30	9	Sol5	G5	349	349	1	8	500	95	96		4.75
31	9	Fa5#5	F5#5	345	345	1	8	500	95	96		4.875
32	9	Mi5	E5	336	336	1	8	500	95	96		5.0
33	9	Re5#4	D5#4	331	331	1	8	500	95	96		5.125
34	9	Do5	C5	318	318	1	8	500	95	96		5.25
35	9	Si4	B4	314	314	1	8	500	95	96		5.375
36	9	La4	A4	305	305	1	8	500	95	96		5.5
37	9	Sol4	G4	296	296	1	2	2000	95	96		6.0
38	9	Fa4#5	F4#5	292	292	1	8	500	95	96		6.125
39	9	Sol4	G4	296	296	1	8	500	95	96		6.25
40	9	Fa4#5	F4#5	292	292	1	8	500	95	96		6.375
41	9	Mi4	E4	283	283	1	8	500	95	96		6.5
42	9	Fa4#5	F4#5	292	292	1	8	500	95	96		6.625
43	9	Sol4	G4	296	296	1	8	500	95	96		6.75
44	9	La4	A4	305	305	1	8	500	95	96		6.875
45	9	Si4	B4	314	314	1	8	500	95	96		7.0
46	9	Sol4	G4	296	296	1	8	500	95	96		7.125
47	9	Fa4#5	F4#5	292	292	1	8	500	95	96		7.25
48	9	Mi4	E4	283	283	1	8	500	95	96		7.375
49	9	Re4#4	D4#4	278	278	1	8	500	95	96		7.5
50	9	Mi4	E4	283	283	1	2	2000	95	96		8.0
