Sira	Kod	Nota53	NotaAE	Koma53	KomaAE	Pay	Payda	Ms	LNS	Bas	Soz1	Offset
1	9	Si4b2	B4b1	312	313	1	4	690	95	96	1. HANE	0.05
2	9	Do5	C5	318	318	1	8	345	95	96		0.075
3	9	Do5	C5	318	318	1	8	345	95	96		0.1
4	9	Do5	C5	318	318	1	2	1379	95	96		0.2
5	9	Do5	C5	318	318	1	8	345	95	96		0.225
6	9	Re5b3	D5b4	324	323	1	8	345	95	96		0.25
7	9	Do5	C5	318	318	1	8	345	95	96		0.275
8	9	Si4b2	B4b1	312	313	1	8	345	95	96		0.3
9	9	Do5	C5	318	318	1	4	690	95	96		0.35
10	9	Es	Es	-1	-1	1	4	690	100	0		0.4
11	9	Do5	C5	318	318	1	8	345	95	96		0.425
12	9	Re5b3	D5b4	324	323	1	8	345	95	96		0.45
13	9	Do5	C5	318	318	1	8	345	95	96		0.475
14	9	Si4b2	B4b1	312	313	1	8	345	95	96		0.5
15	9	Do5	C5	318	318	1	4	690	95	96		0.55
16	9	Re5b3	D5b4	324	323	1	8	345	95	96		0.575
17	9	Mi5	E5	336	336	1	8	345	95	96		0.6
18	9	Re5b3	D5b4	324	323	3	16	517	95	96		0.6375
19	9	Do5	C5	318	318	1	16	172	95	96		0.65
20	9	Si4b2	B4b1	312	313	1	8	345	95	96		0.675
21	9	Do5	C5	318	318	1	8	345	95	96		0.7
22	9	Si4b2	B4b1	312	313	1	8	345	95	96		0.725
23	9	Do5	C5	318	318	1	8	345	95	96		0.75
24	9	Re5b3	D5b4	324	323	1	8	345	95	66		0.775
25	9	Si4b2	B4b1	312	313	1	8	345	95	67		0.8
26	9	Do5	C5	318	318	3	4	2069	95	68		0.95
27	9	Es	Es	-1	-1	1	4	690	100	71		1.0
28	9	Do5	C5	318	318	1	8	345	95	72		1.025
29	9	Re5b3	D5b4	324	323	1	8	345	95	66		1.05
30	9	Do5	C5	318	318	1	8	345	95	68		1.075
31	9	Mi5	E5	336	336	1	8	345	95	71		1.1
32	9	Re5b3	D5b4	324	323	1	4	690	95	73		1.15
33	9	Do5	C5	318	318	1	4	690	95	76		1.2
34	9	Si4b2	B4b1	312	313	1	8	345	95	78		1.225
35	9	Do5	C5	318	318	1	8	345	95	66		1.25
36	9	Si4b2	B4b1	312	313	1	8	345	95	70		1.275
37	9	Re5b3	D5b4	324	323	1	8	345	95	73		1.3
38	9	Do5	C5	318	318	1	4	690	95	77		1.35
39	9	Si4b2	B4b1	312	313	1	4	690	95	80		1.4
40	9	La4	A4	305	305	1	8	345	95	84		1.425
41	9	Si4b2	B4b1	312	313	1	8	345	95	96		1.45
42	9	La4	A4	305	305	1	8	345	95	96		1.475
43	9	Do5	C5	318	318	1	8	345	95	96		1.5
44	9	Si4b2	B4b1	312	313	1	4	690	95	96		1.55
45	9	La4	A4	305	305	1	4	690	95	96		1.6
46	9	La4	A4	305	305	1	4	690	95	96		1.65
47	9	Mi5	E5	336	336	1	8	345	95	96		1.675
48	9	Fa5	F5	340	340	1	8	345	95	96		1.7
49	9	Mi5	E5	336	336	1	8	345	95	96		1.725
50	9	Re5b3	D5b4	324	323	1	8	345	95	96		1.75
51	9	Do5	C5	318	318	1	8	345	95	96		1.775
52	9	Si4b2	B4b1	312	313	1	8	345	95	96		1.8
53	9	Do5	C5	318	318	3	4	2069	95	84		1.95
54	9	Es	Es	-1	-1	1	4	690	100	0		2.0
55	9	Fa5	F5	340	340	1	4	690	95	84	TESLİM	2.05
56	9	Sol5	G5	349	349	1	4	690	95	84		2.1
57	9	Sol5	G5	349	349	1	2	1379	95	84		2.2
58	9	Sol5	G5	349	349	1	8	345	95	96		2.225
59	9	La5b4	A5b4	354	354	1	8	345	95	96		2.25
60	9	Sol5	G5	349	349	1	8	345	95	96		2.275
61	9	Fa5	F5	340	340	1	8	345	95	96		2.3
62	9	Sol5	G5	349	349	1	4	690	95	96		2.35
63	9	Es	Es	-1	-1	1	4	690	100	0		2.4
64	9	Sol5	G5	349	349	1	8	345	95	96		2.425
65	9	La5b4	A5b4	354	354	1	8	345	95	96		2.45
66	9	Sol5	G5	349	349	1	8	345	95	96		2.475
67	9	La5b4	A5b4	354	354	1	8	345	95	96		2.5
68	9	Si5b2	B5b1	365	366	1	4	690	95	66		2.55
69	9	La5b4	A5b4	354	354	1	8	345	95	68		2.575
70	9	Sol5	G5	349	349	1	8	345	95	70		2.6
71	9	Fa5	F5	340	340	3	4	2069	95	72		2.75
72	9	Es	Es	-1	-1	1	4	690	100	76		2.8
73	9	Mi5	E5	336	336	1	8	345	95	78		2.825
74	9	Fa5	F5	340	340	1	8	345	95	96		2.85
75	9	Mi5	E5	336	336	1	8	345	95	96		2.875
76	9	Fa5	F5	340	340	1	8	345	95	96		2.9
77	9	Sol5	G5	349	349	1	4	690	95	96		2.95
78	9	Fa5	F5	340	340	1	8	345	95	96		2.975
79	9	Mi5	E5	336	336	1	8	345	95	96		3.0
80	9	Mi5	E5	336	336	3	4	2069	95	84		3.15
81	9	Es	Es	-1	-1	1	4	690	100	0		3.2
82	9	Re5b3	D5b4	324	323	1	8	345	95	96		3.225
83	9	Mi5	E5	336	336	1	8	345	95	96		3.25
84	9	Re5b3	D5b4	324	323	1	8	345	95	96		3.275
85	9	Mi5	E5	336	336	1	8	345	95	96		3.3
86	9	Fa5	F5	340	340	1	4	690	95	96		3.35
87	9	Mi5	E5	336	336	1	8	345	95	96		3.375
88	9	Re5b3	D5b4	324	323	1	8	345	95	96		3.4
89	9	Mi5	E5	336	336	1	4	690	95	96		3.45
90	9	Re5b3	D5b4	324	323	1	8	345	95	66		3.475
91	9	Do5	C5	318	318	1	8	345	95	69		3.5
92	9	Do5	C5	318	318	3	16	517	95	72		3.5375
93	9	Si4b2	B4b1	312	313	1	16	172	95	96		3.55
94	9	La4	A4	305	305	1	4	690	95	96		3.6
95	9	Si4b2	B4b1	312	313	3	16	517	95	96		3.6375
96	9	La4	A4	305	305	1	16	172	95	96		3.65
97	9	Si4b2	B4b1	312	313	1	8	345	95	96		3.675
98	9	Re5b3	D5b4	324	323	1	8	345	95	96		3.7
99	9	Do5	C5	318	318	1	8	345	95	96		3.725
100	9	Si4b2	B4b1	312	313	1	8	345	95	96		3.75
101	9	Si4b2	B4b1	312	313	1	8	345	95	96		3.775
102	9	La4	A4	305	305	1	8	345	95	96		3.8
103	9	La4	A4	305	305	3	4	2069	95	96		3.95
104	9	Es	Es	-1	-1	1	4	690	100	0		4.0
105	9	Re5	D5	327	327	1	4	690	95	96	2. HANE	4.05
106	9	Mi5	E5	336	336	1	4	690	95	96		4.1
107	9	Mi5	E5	336	336	1	2	1379	95	96		4.2
108	9	Do5	C5	318	318	1	8	345	95	96		4.225
109	9	Re5	D5	327	327	1	8	345	95	96		4.25
110	9	Do5	C5	318	318	1	8	345	95	96		4.275
111	9	Si4b2	B4b1	312	313	1	8	345	95	96		4.3
112	9	Do5	C5	318	318	3	16	517	95	96		4.3375
113	9	Si4b2	B4b1	312	313	1	16	172	95	96		4.35
114	9	La4	A4	305	305	1	4	690	95	96		4.4
115	9	La4	A4	305	305	1	4	690	95	96		4.45
116	9	Fa5#4	F5#4	344	344	1	8	345	95	96		4.475
117	9	Sol5	G5	349	349	1	8	345	95	96		4.5
118	9	Fa5#4	F5#4	344	344	1	8	345	95	96		4.525
119	9	Sol5	G5	349	349	1	8	345	95	96		4.55
120	9	Fa5#4	F5#4	344	344	1	8	345	95	96		4.575
121	9	Mi5	E5	336	336	1	8	345	95	96		4.6
122	9	La5	A5	358	358	1	4	690	95	96		4.65
123	9	Sol5	G5	349	349	1	8	345	95	96		4.675
124	9	Fa5#4	F5#4	344	344	1	8	345	95	96		4.7
125	9	Sol5	G5	349	349	1	4	690	95	96		4.75
126	9	Fa5#4	F5#4	344	344	1	8	345	95	96		4.775
127	9	Mi5	E5	336	336	1	8	345	95	96		4.8
128	9	Mi5	E5	336	336	3	4	2069	95	96		4.95
129	9	Es	Es	-1	-1	1	4	690	100	0		5.0
130	9	Mi5	E5	336	336	1	4	690	95	96		5.05
131	9	La5	A5	358	358	1	4	690	95	96		5.1
132	9	Mi5	E5	336	336	1	4	690	95	96		5.15
133	9	Es	Es	-1	-1	1	4	690	100	0		5.2
134	9	Re5	D5	327	327	1	4	690	95	108		5.25
135	9	Sol5	G5	349	349	1	4	690	95	108		5.3
136	9	Re5	D5	327	327	1	4	690	95	108		5.35
137	9	Es	Es	-1	-1	1	4	690	100	0		5.4
138	9	Do5	C5	318	318	1	4	690	95	84		5.45
139	9	Fa5	F5	340	340	1	4	690	95	84		5.5
140	9	Do5	C5	318	318	1	4	690	95	84		5.55
141	9	Es	Es	-1	-1	1	4	690	100	0		5.6
142	9	Si4b2	B4b1	312	313	1	8	345	95	96		5.625
143	9	Do5	C5	318	318	1	8	345	95	96		5.65
144	9	Re5b3	D5b4	324	323	1	8	345	95	96		5.675
145	9	Mi5	E5	336	336	1	8	345	95	96		5.7
146	9	Re5b3	D5b4	324	323	1	8	345	95	96		5.725
147	9	Mi5	E5	336	336	1	8	345	95	96		5.75
148	9	Re5b3	D5b4	324	323	1	8	345	95	96		5.775
149	9	Do5	C5	318	318	1	8	345	95	96		5.8
150	9	Do5	C5	318	318	3	4	2069	95	84		5.95
151	9	Es	Es	-1	-1	1	4	690	100	0		6.0
152	9	Fa5	F5	340	340	1	4	690	95	84	TESLİM	6.05
153	9	Sol5	G5	349	349	1	4	690	95	84		6.1
154	9	Sol5	G5	349	349	1	2	1379	95	84		6.2
155	9	Sol5	G5	349	349	1	8	345	95	96		6.225
156	9	La5b4	A5b4	354	354	1	8	345	95	96		6.25
157	9	Sol5	G5	349	349	1	8	345	95	96		6.275
158	9	Fa5	F5	340	340	1	8	345	95	96		6.3
159	9	Sol5	G5	349	349	1	4	690	95	96		6.35
160	9	Es	Es	-1	-1	1	4	690	100	0		6.4
161	9	Sol5	G5	349	349	1	8	345	95	96		6.425
162	9	La5b4	A5b4	354	354	1	8	345	95	96		6.45
163	9	Sol5	G5	349	349	1	8	345	95	96		6.475
164	9	La5b4	A5b4	354	354	1	8	345	95	96		6.5
165	9	Si5b2	B5b1	365	366	1	4	690	95	66		6.55
166	9	La5b4	A5b4	354	354	1	8	345	95	68		6.575
167	9	Sol5	G5	349	349	1	8	345	95	70		6.6
168	9	Fa5	F5	340	340	3	4	2069	95	72		6.75
169	9	Es	Es	-1	-1	1	4	690	100	76		6.8
170	9	Mi5	E5	336	336	1	8	345	95	78		6.825
171	9	Fa5	F5	340	340	1	8	345	95	96		6.85
172	9	Mi5	E5	336	336	1	8	345	95	96		6.875
173	9	Fa5	F5	340	340	1	8	345	95	96		6.9
174	9	Sol5	G5	349	349	1	4	690	95	96		6.95
175	9	Fa5	F5	340	340	1	8	345	95	96		6.975
176	9	Mi5	E5	336	336	1	8	345	95	96		7.0
177	9	Mi5	E5	336	336	3	4	2069	95	84		7.15
178	9	Es	Es	-1	-1	1	4	690	100	0		7.2
179	9	Re5b3	D5b4	324	323	1	8	345	95	96		7.225
180	9	Mi5	E5	336	336	1	8	345	95	96		7.25
181	9	Re5b3	D5b4	324	323	1	8	345	95	96		7.275
182	9	Mi5	E5	336	336	1	8	345	95	96		7.3
183	9	Fa5	F5	340	340	1	4	690	95	96		7.35
184	9	Mi5	E5	336	336	1	8	345	95	96		7.375
185	9	Re5b3	D5b4	324	323	1	8	345	95	96		7.4
186	9	Mi5	E5	336	336	1	4	690	95	96		7.45
187	9	Re5b3	D5b4	324	323	1	8	345	95	66		7.475
188	9	Do5	C5	318	318	1	8	345	95	69		7.5
189	9	Do5	C5	318	318	3	16	517	95	72		7.5375
190	9	Si4b2	B4b1	312	313	1	16	172	95	96		7.55
191	9	La4	A4	305	305	1	4	690	95	96		7.6
192	9	Si4b2	B4b1	312	313	3	16	517	95	96		7.6375
193	9	La4	A4	305	305	1	16	172	95	96		7.65
194	9	Si4b2	B4b1	312	313	1	8	345	95	96		7.675
195	9	Re5b3	D5b4	324	323	1	8	345	95	96		7.7
196	9	Do5	C5	318	318	1	8	345	95	96		7.725
197	9	Si4b2	B4b1	312	313	1	8	345	95	96		7.75
198	9	Si4b2	B4b1	312	313	1	8	345	95	96		7.775
199	9	La4	A4	305	305	1	8	345	95	96		7.8
200	9	La4	A4	305	305	3	4	2069	95	96		7.95
201	9	Es	Es	-1	-1	1	4	690	100	66		8.0
202	9	Mi5	E5	336	336	1	4	690	95	78	3. HANE	8.05
203	9	Fa5	F5	340	340	1	4	690	95	90		8.1
204	9	Fa5	F5	340	340	1	2	1379	95	102		8.2
205	9	Fa5	F5	340	340	1	8	345	95	114		8.225
206	9	Sol5	G5	349	349	1	8	345	95	96		8.25
207	9	Fa5	F5	340	340	1	8	345	95	96		8.275
208	9	Mi5	E5	336	336	1	8	345	95	66		8.3
209	9	Mi5	E5	336	336	1	4	690	95	84		8.35
210	9	Es	Es	-1	-1	1	4	690	100	102		8.4
211	9	Mi5	E5	336	336	1	8	345	95	120		8.425
212	9	Fa5	F5	340	340	1	8	345	95	66		8.45
213	9	Mi5	E5	336	336	1	8	345	95	82		8.475
214	9	Re5	D5	327	327	1	8	345	95	98		8.5
215	9	Mi5	E5	336	336	1	8	345	95	114		8.525
216	9	Re5	D5	327	327	1	8	345	95	96		8.55
217	9	Do5	C5	318	318	1	8	345	95	96		8.575
218	9	Si4b2	B4b1	312	313	1	8	345	95	96		8.6
219	9	Do5	C5	318	318	1	4	690	95	96		8.65
220	9	La5	A5	358	358	1	4	690	95	96		8.7
221	9	Sol5	G5	349	349	3	16	517	95	96		8.7375
222	9	Fa5	F5	340	340	1	16	172	95	96		8.75
223	9	Mi5	E5	336	336	1	8	345	95	66		8.775
224	9	Fa5	F5	340	340	1	8	345	95	76		8.8
225	9	Mi5	E5	336	336	1	4	690	95	85		8.85
226	9	Fa5	F5	340	340	1	2	1379	95	95		8.95
227	9	Es	Es	-1	-1	1	4	690	100	104		9.0
228	9	Do5	C5	318	318	1	2	1379	95	114		9.1
229	9	Re5	D5	327	327	1	4	690	95	96		9.15
230	9	Mi5	E5	336	336	1	4	690	95	96		9.2
231	9	Fa5	F5	340	340	1	2	1379	95	96		9.3
232	9	Fa5	F5	340	340	1	4	690	95	96		9.35
233	9	Sol5	G5	349	349	1	4	690	95	96		9.4
234	9	Sol5	G5	349	349	1	8	345	95	96		9.425
235	9	La5b4	A5b4	354	354	1	8	345	95	96		9.45
236	9	Sol5	G5	349	349	1	8	345	95	96		9.475
237	9	Fa5	F5	340	340	1	8	345	95	96		9.5
238	9	Mi5	E5	336	336	1	8	345	95	96		9.525
239	9	Fa5	F5	340	340	1	8	345	95	96		9.55
240	9	Mi5	E5	336	336	1	8	345	95	96		9.575
241	9	Re5b3	D5b4	324	323	1	8	345	95	96		9.6
242	9	Re5b3	D5b4	324	323	1	8	345	95	96		9.625
243	9	Mi5	E5	336	336	1	8	345	95	96		9.65
244	9	Re5b3	D5b4	324	323	1	8	345	95	96		9.675
245	9	Do5	C5	318	318	1	8	345	95	96		9.7
246	9	Re5b3	D5b4	324	323	3	16	517	95	96		9.7375
247	9	Do5	C5	318	318	1	16	172	95	96		9.75
248	9	Si4b2	B4b1	312	313	1	8	345	95	96		9.775
249	9	Do5	C5	318	318	1	8	345	95	96		9.8
250	9	Si4b2	B4b1	312	313	1	4	690	95	96		9.85
251	9	Do5	C5	318	318	1	2	1379	95	96		9.95
252	9	Es	Es	-1	-1	1	4	690	100	0		10.0
253	9	Fa5	F5	340	340	1	4	690	95	84	TESLİM	10.05
254	9	Sol5	G5	349	349	1	4	690	95	84		10.1
255	9	Sol5	G5	349	349	1	2	1379	95	84		10.2
256	9	Sol5	G5	349	349	1	8	345	95	96		10.225
257	9	La5b4	A5b4	354	354	1	8	345	95	96		10.25
258	9	Sol5	G5	349	349	1	8	345	95	96		10.275
259	9	Fa5	F5	340	340	1	8	345	95	96		10.3
260	9	Sol5	G5	349	349	1	4	690	95	96		10.35
261	9	Es	Es	-1	-1	1	4	690	100	0		10.4
262	9	Sol5	G5	349	349	1	8	345	95	96		10.425
263	9	La5b4	A5b4	354	354	1	8	345	95	96		10.45
264	9	Sol5	G5	349	349	1	8	345	95	96		10.475
265	9	La5b4	A5b4	354	354	1	8	345	95	96		10.5
266	9	Si5b2	B5b1	365	366	1	4	690	95	66		10.55
267	9	La5b4	A5b4	354	354	1	8	345	95	68		10.575
268	9	Sol5	G5	349	349	1	8	345	95	70		10.6
269	9	Fa5	F5	340	340	3	4	2069	95	72		10.75
270	9	Es	Es	-1	-1	1	4	690	100	76		10.8
271	9	Mi5	E5	336	336	1	8	345	95	78		10.825
272	9	Fa5	F5	340	340	1	8	345	95	96		10.85
273	9	Mi5	E5	336	336	1	8	345	95	96		10.875
274	9	Fa5	F5	340	340	1	8	345	95	96		10.9
275	9	Sol5	G5	349	349	1	4	690	95	96		10.95
276	9	Fa5	F5	340	340	1	8	345	95	96		10.975
277	9	Mi5	E5	336	336	1	8	345	95	96		11.0
278	9	Mi5	E5	336	336	3	4	2069	95	84		11.15
279	9	Es	Es	-1	-1	1	4	690	100	0		11.2
280	9	Re5b3	D5b4	324	323	1	8	345	95	96		11.225
281	9	Mi5	E5	336	336	1	8	345	95	96		11.25
282	9	Re5b3	D5b4	324	323	1	8	345	95	96		11.275
283	9	Mi5	E5	336	336	1	8	345	95	96		11.3
284	9	Fa5	F5	340	340	1	4	690	95	96		11.35
285	9	Mi5	E5	336	336	1	8	345	95	96		11.375
286	9	Re5b3	D5b4	324	323	1	8	345	95	96		11.4
287	9	Mi5	E5	336	336	1	4	690	95	96		11.45
288	9	Re5b3	D5b4	324	323	1	8	345	95	66		11.475
289	9	Do5	C5	318	318	1	8	345	95	69		11.5
290	9	Do5	C5	318	318	3	16	517	95	72		11.5375
291	9	Si4b2	B4b1	312	313	1	16	172	95	96		11.55
292	9	La4	A4	305	305	1	4	690	95	96		11.6
293	9	Si4b2	B4b1	312	313	3	16	517	95	96		11.6375
294	9	La4	A4	305	305	1	16	172	95	96		11.65
295	9	Si4b2	B4b1	312	313	1	8	345	95	96		11.675
296	9	Re5b3	D5b4	324	323	1	8	345	95	96		11.7
297	9	Do5	C5	318	318	1	8	345	95	96		11.725
298	9	Si4b2	B4b1	312	313	1	8	345	95	96		11.75
299	9	Si4b2	B4b1	312	313	1	8	345	95	96		11.775
300	9	La4	A4	305	305	1	8	345	95	96		11.8
301	9	La4	A4	305	305	3	4	2069	95	96		11.95
302	9	Es	Es	-1	-1	1	4	690	100	0		12.0
303	9	Sol5	G5	349	349	1	4	690	95	66	4. HANE	12.05
304	9	La5	A5	358	358	1	4	690	95	69		12.1
305	9	La5	A5	358	358	1	4	690	95	72		12.15
306	9	Si5b2	B5b1	365	366	1	4	690	95	75		12.2
307	9	Do6	C6	371	371	3	8	1034	95	78		12.275
308	9	Re6b3	D6b4	377	376	1	8	345	95	66		12.3
309	9	Do6	C6	371	371	1	8	345	95	80		12.325
310	9	Si5b2	B5b1	365	366	1	8	345	95	93		12.35
311	9	La5	A5	358	358	1	4	690	95	106		12.4
312	9	Si5b2	B5b1	365	366	3	8	1034	95	120		12.475
313	9	Do6	C6	371	371	1	8	345	95	96		12.5
314	9	Si5b2	B5b1	365	366	1	8	345	95	96		12.525
315	9	La5	A5	358	358	1	8	345	95	96		12.55
316	9	Sol5	G5	349	349	1	4	690	95	96		12.6
317	9	La5	A5	358	358	1	8	345	95	96		12.625
318	9	Si5b2	B5b1	365	366	1	8	345	95	96		12.65
319	9	La5	A5	358	358	1	8	345	95	96		12.675
320	9	Sol5	G5	349	349	1	8	345	95	96		12.7
321	9	La5	A5	358	358	1	8	345	95	96		12.725
322	9	Si5b2	B5b1	365	366	1	8	345	95	96		12.75
323	9	Do6	C6	371	371	1	8	345	95	96		12.775
324	9	Re6b3	D6b4	377	376	1	8	345	95	96		12.8
325	9	Si5b2	B5b1	365	366	1	4	690	95	96		12.85
326	9	Do6	C6	371	371	1	2	1379	95	66		12.95
327	9	Es	Es	-1	-1	1	4	690	100	93		13.0
328	9	Re6b3	D6b4	377	376	1	4	690	95	120		13.05
329	9	Do6	C6	371	371	1	8	345	95	66		13.075
330	9	Si5b2	B5b1	365	366	1	8	345	95	90		13.1
331	9	Do6	C6	371	371	1	4	690	95	66		13.15
332	9	Si5b2	B5b1	365	366	1	8	345	95	86		13.175
333	9	La5	A5	358	358	1	8	345	95	106		13.2
334	9	La5	A5	358	358	1	8	345	95	126		13.225
335	9	Si5b2	B5b1	365	366	1	8	345	95	66		13.25
336	9	La5	A5	358	358	1	8	345	95	82		13.275
337	9	Sol5	G5	349	349	1	8	345	95	98		13.3
338	9	Sol5	G5	349	349	1	8	345	95	114		13.325
339	9	La5b4	A5b4	354	354	1	8	345	95	66		13.35
340	9	Sol5	G5	349	349	1	8	345	95	72		13.375
341	9	Fa5	F5	340	340	1	8	345	95	78		13.4
342	9	Fa5	F5	340	340	1	8	345	95	84		13.425
343	9	Sol5	G5	349	349	1	8	345	95	66		13.45
344	9	Fa5	F5	340	340	1	8	345	95	70		13.475
345	9	Mi5	E5	336	336	1	8	345	95	74		13.5
346	9	Mi5	E5	336	336	1	8	345	95	78		13.525
347	9	Fa5	F5	340	340	1	8	345	95	96		13.55
348	9	Mi5	E5	336	336	1	8	345	95	96		13.575
349	9	Re5b3	D5b4	324	323	1	8	345	95	96		13.6
350	9	Re5b3	D5b4	324	323	3	16	517	95	96		13.6375
351	9	Do5	C5	318	318	1	16	172	95	96		13.65
352	9	Si4b2	B4b1	312	313	1	8	345	95	96		13.675
353	9	Do5	C5	318	318	1	8	345	95	96		13.7
354	9	Si4b2	B4b1	312	313	1	8	345	95	96		13.725
355	9	Do5	C5	318	318	1	8	345	95	96		13.75
356	9	Re5b3	D5b4	324	323	1	8	345	95	96		13.775
357	9	Si4b2	B4b1	312	313	1	8	345	95	96		13.8
358	9	Do5	C5	318	318	3	4	2069	95	96		13.95
359	9	Es	Es	-1	-1	1	4	690	100	0		14.0
360	9	Fa5	F5	340	340	1	4	690	95	84	TESLİM	14.05
361	9	Sol5	G5	349	349	1	4	690	95	84		14.1
362	9	Sol5	G5	349	349	1	2	1379	95	84		14.2
363	9	Sol5	G5	349	349	1	8	345	95	96		14.225
364	9	La5b4	A5b4	354	354	1	8	345	95	96		14.25
365	9	Sol5	G5	349	349	1	8	345	95	96		14.275
366	9	Fa5	F5	340	340	1	8	345	95	96		14.3
367	9	Sol5	G5	349	349	1	4	690	95	96		14.35
368	9	Es	Es	-1	-1	1	4	690	100	0		14.4
369	9	Sol5	G5	349	349	1	8	345	95	96		14.425
370	9	La5b4	A5b4	354	354	1	8	345	95	96		14.45
371	9	Sol5	G5	349	349	1	8	345	95	96		14.475
372	9	La5b4	A5b4	354	354	1	8	345	95	96		14.5
373	9	Si5b2	B5b1	365	366	1	4	690	95	66		14.55
374	9	La5b4	A5b4	354	354	1	8	345	95	68		14.575
375	9	Sol5	G5	349	349	1	8	345	95	70		14.6
376	9	Fa5	F5	340	340	3	4	2069	95	72		14.75
377	9	Es	Es	-1	-1	1	4	690	100	76		14.8
378	9	Mi5	E5	336	336	1	8	345	95	78		14.825
379	9	Fa5	F5	340	340	1	8	345	95	96		14.85
380	9	Mi5	E5	336	336	1	8	345	95	96		14.875
381	9	Fa5	F5	340	340	1	8	345	95	96		14.9
382	9	Sol5	G5	349	349	1	4	690	95	96		14.95
383	9	Fa5	F5	340	340	1	8	345	95	96		14.975
384	9	Mi5	E5	336	336	1	8	345	95	96		15.0
385	9	Mi5	E5	336	336	3	4	2069	95	84		15.15
386	9	Es	Es	-1	-1	1	4	690	100	0		15.2
387	9	Re5b3	D5b4	324	323	1	8	345	95	96		15.225
388	9	Mi5	E5	336	336	1	8	345	95	96		15.25
389	9	Re5b3	D5b4	324	323	1	8	345	95	96		15.275
390	9	Mi5	E5	336	336	1	8	345	95	96		15.3
391	9	Fa5	F5	340	340	1	4	690	95	96		15.35
392	9	Mi5	E5	336	336	1	8	345	95	96		15.375
393	9	Re5b3	D5b4	324	323	1	8	345	95	96		15.4
394	9	Mi5	E5	336	336	1	4	690	95	96		15.45
395	9	Re5b3	D5b4	324	323	1	8	345	95	66		15.475
396	9	Do5	C5	318	318	1	8	345	95	69		15.5
397	9	Do5	C5	318	318	3	16	517	95	72		15.5375
398	9	Si4b2	B4b1	312	313	1	16	172	95	96		15.55
399	9	La4	A4	305	305	1	4	690	95	96		15.6
400	9	Si4b2	B4b1	312	313	3	16	517	95	96		15.6375
401	9	La4	A4	305	305	1	16	172	95	96		15.65
402	9	Si4b2	B4b1	312	313	1	8	345	95	96		15.675
403	9	Re5b3	D5b4	324	323	1	8	345	95	96		15.7
404	9	Do5	C5	318	318	1	8	345	95	96		15.725
405	9	Si4b2	B4b1	312	313	1	8	345	95	96		15.75
406	9	Si4b2	B4b1	312	313	1	8	345	95	96		15.775
407	9	La4	A4	305	305	1	8	345	95	96		15.8
408	9	La4	A4	305	305	3	4	2069	95	96		15.95
409	9	Es	Es	-1	-1	1	4	690	100	0		16.0
