Sýra	Kod	Nota53	NotaAE	Koma53	KomaAE	Pay	Payda	Ms	LNS	VelOn	Söz-1
1	9	Sol4	G4	296	296	1	4	833	95	96	ARANAÐME
2	9	La4	A4	305	305	1	4	833	95	96	.
3	9	La4	A4	305	305	3	16	625	95	96	.
4	9	Sol4	G4	296	296	1	16	208	95	96	.
5	9	Do5	C5	318	318	1	8	417	95	96	.
6	9	Si4b2	B4b1	312	313	1	16	208	95	96	.
7	9	La4	A4	305	305	1	16	208	95	96	.
8	9	La4	A4	305	305	4	8	1667	95	96	.
9	9	Mi5	E5	336	336	3	16	625	95	96	.
10	9	Re5b3	D5b4	324	323	1	16	208	95	96	.
11	9	Do5	C5	318	318	1	8	417	95	96	.
12	9	Si4b2	B4b1	312	313	1	8	417	95	96	.
13	9	La4	A4	305	305	1	8	417	95	96	.
14	9	Sol4	G4	296	296	1	8	417	95	96	.
15	9	La4	A4	305	305	1	8	417	95	96	.
16	9	Si4b2	B4b1	312	313	1	8	417	95	96	.
17	9	Do5	C5	318	318	1	2	1667	95	96	.
18	9	Do5	C5	318	318	3	16	625	95	96	.
19	9	Re5b3	D5b4	324	323	1	16	208	95	96	.
20	9	Mi5	E5	336	336	3	16	625	95	96	.
21	9	Re5b3	D5b4	324	323	1	16	208	95	96	.
22	9	Do5	C5	318	318	3	16	625	95	96	.
23	9	Si4b2	B4b1	312	313	1	16	208	95	96	.
24	9	La4	A4	305	305	1	8	417	95	96	.
25	9	Si4b2	B4b1	312	313	1	8	417	95	96	.
26	9	Re5b3	D5b4	324	323	1	16	208	95	96	.
27	9	Do5	C5	318	318	1	16	208	95	96	.
28	9	Si4b2	B4b1	312	313	1	16	208	95	96	.
29	9	La4	A4	305	305	1	16	208	95	96	.
30	9	Sol4	G4	296	296	1	4	833	95	96	.
31	9	La4	A4	305	305	3	16	625	95	96	.
32	9	Sol4	G4	296	296	1	16	208	95	96	.
33	9	Do5	C5	318	318	3	16	625	95	96	.
34	9	Si4b2	B4b1	312	313	1	16	208	95	96	.
35	9	Re5b3	D5b4	324	323	3	16	625	95	96	.
36	9	Do5	C5	318	318	1	16	208	95	96	.
37	9	Do5	C5	318	318	1	16	208	95	96	.
38	9	Si4b2	B4b1	312	313	1	16	208	95	96	.
39	9	Si4b2	B4b1	312	313	1	16	208	95	96	.
40	9	La4	A4	305	305	1	16	208	95	96	.
41	9	La4	A4	305	305	4	8	1667	95	96	.
42	9	Sol4	G4	296	296	1	4	833	95	96	ARANAÐME
43	9	La4	A4	305	305	1	4	833	95	96	.
44	9	La4	A4	305	305	3	16	625	95	96	.
45	9	Sol4	G4	296	296	1	16	208	95	96	.
46	9	Do5	C5	318	318	1	8	417	95	96	.
47	9	Si4b2	B4b1	312	313	1	16	208	95	96	.
48	9	La4	A4	305	305	1	16	208	95	96	.
49	9	La4	A4	305	305	4	8	1667	95	96	.
50	9	Mi5	E5	336	336	3	16	625	95	96	.
51	9	Re5b3	D5b4	324	323	1	16	208	95	96	.
52	9	Do5	C5	318	318	1	8	417	95	96	.
53	9	Si4b2	B4b1	312	313	1	8	417	95	96	.
54	9	La4	A4	305	305	1	8	417	95	96	.
55	9	Sol4	G4	296	296	1	8	417	95	96	.
56	9	La4	A4	305	305	1	8	417	95	96	.
57	9	Si4b2	B4b1	312	313	1	8	417	95	96	.
58	9	Do5	C5	318	318	1	2	1667	95	96	.
59	9	Do5	C5	318	318	3	16	625	95	96	.
60	9	Re5b3	D5b4	324	323	1	16	208	95	96	.
61	9	Mi5	E5	336	336	3	16	625	95	96	.
62	9	Re5b3	D5b4	324	323	1	16	208	95	96	.
63	9	Do5	C5	318	318	3	16	625	95	96	.
64	9	Si4b2	B4b1	312	313	1	16	208	95	96	.
65	9	La4	A4	305	305	1	8	417	95	96	.
66	9	Si4b2	B4b1	312	313	1	8	417	95	96	.
67	9	Re5b3	D5b4	324	323	1	16	208	95	96	.
68	9	Do5	C5	318	318	1	16	208	95	96	.
69	9	Si4b2	B4b1	312	313	1	16	208	95	96	.
70	9	La4	A4	305	305	1	16	208	95	96	.
71	9	Sol4	G4	296	296	1	4	833	95	96	.
72	9	La4	A4	305	305	3	16	625	95	96	.
73	9	Sol4	G4	296	296	1	16	208	95	96	.
74	9	Do5	C5	318	318	3	16	625	95	96	.
75	9	Si4b2	B4b1	312	313	1	16	208	95	96	.
76	9	Re5b3	D5b4	324	323	3	16	625	95	96	.
77	9	Do5	C5	318	318	1	16	208	95	96	.
78	9	Do5	C5	318	318	1	16	208	95	96	.
79	9	Si4b2	B4b1	312	313	1	16	208	95	96	.
80	9	Si4b2	B4b1	312	313	1	16	208	95	96	.
81	9	La4	A4	305	305	1	16	208	95	96	.
82	9	La4	A4	305	305	4	8	1667	95	96	.
83	9	La4	A4	305	305	1	4	833	95	96	Ney
84	9	Si4b2	B4b1	312	313	1	4	833	95	96	din 
85	9	Do5	C5	318	318	1	4	833	95	96	gü
86	9	Re5b3	D5b4	324	323	1	24	139	99	96	ze
87	9	Do5	C5	318	318	1	24	139	99	96	
88	9	Si4b2	B4b1	312	313	1	24	139	99	96	
89	9	Si4b2	B4b1	312	313	1	16	208	99	96	
90	9	La4	A4	305	305	1	16	208	95	96	
91	9	La4	A4	305	305	4	8	1667	95	96	lim 
92	9	La4	A4	305	305	1	16	208	99	96	sen 
93	9	Si4b2	B4b1	312	313	1	16	208	99	96	
94	9	La4	A4	305	305	1	16	208	99	96	
95	9	Sol4	G4	296	296	1	16	208	99	96	
96	9	La4	A4	305	305	1	8	417	99	96	
97	9	Si4b2	B4b1	312	313	1	8	417	95	96	
98	9	Do5	C5	318	318	1	8	417	99	96	gü
99	9	Re5b3	D5b4	324	323	1	16	208	99	96	
100	9	Mi5	E5	336	336	1	16	208	95	96	
101	9	Re5b3	D5b4	324	323	1	16	208	99	96	ze
102	9	Do5	C5	318	318	1	16	208	99	96	
103	9	Si4b2	B4b1	312	313	1	16	208	99	96	
104	9	Re5b3	D5b4	324	323	1	16	208	95	96	
105	9	Do5	C5	318	318	4	8	1667	95	96	lim 
106	9	Do5	C5	318	318	1	16	208	99	96	dün 
107	9	Si4b2	B4b1	312	313	1	16	208	99	96	
108	9	Do5	C5	318	318	1	16	208	99	96	
109	9	Re5b3	D5b4	324	323	1	16	208	99	96	
110	9	Mi5	E5	336	336	1	8	417	99	96	
111	9	Fa5	F5	340	340	1	8	417	95	96	
112	9	Sol5	G5	349	349	1	8	417	99	96	ge
113	9	La5b4	A5b4	354	354	1	8	417	95	96	
114	9	Sol5	G5	349	349	1	8	417	99	96	ce 
115	9	Fa5	F5	340	340	1	8	417	95	96	
116	9	Mi5	E5	336	336	1	8	417	99	96	ney
117	9	Re5b3	D5b4	324	323	1	16	208	99	96	
118	9	Do5	C5	318	318	1	16	208	99	96	
119	9	Si4b2	B4b1	312	313	1	16	208	99	96	
120	9	Do5	C5	318	318	1	16	208	99	96	
121	9	Re5b3	D5b4	324	323	1	16	208	99	96	
122	9	Do5	C5	318	318	1	16	208	95	96	
123	9	Si4b2	B4b1	312	313	1	4	833	99	96	din  
124	9	Do5	C5	318	318	1	4	833	95	96	
125	9	Do5	C5	318	318	1	16	208	95	96	SAZ
126	9	Re5b3	D5b4	324	323	1	16	208	95	96	.
127	9	Do5	C5	318	318	1	16	208	95	96	.
128	9	Si4b2	B4b1	312	313	1	16	208	95	96	.
129	9	Re5b3	D5b4	324	323	1	24	139	95	96	.
130	9	Do5	C5	318	318	1	24	139	95	96	.
131	9	Si4b2	B4b1	312	313	1	24	139	95	96	.
132	9	Si4b2	B4b1	312	313	1	16	208	95	96	.
133	9	La4	A4	305	305	1	16	208	95	96	.
134	9	La4	A4	305	305	4	8	1667	95	96	.
135	9	La4	A4	305	305	1	4	833	95	96	Ney
136	9	Si4b2	B4b1	312	313	1	4	833	95	96	din 
137	9	Do5	C5	318	318	1	4	833	95	96	gü
138	9	Re5b3	D5b4	324	323	1	24	139	99	96	ze
139	9	Do5	C5	318	318	1	24	139	99	96	
140	9	Si4b2	B4b1	312	313	1	24	139	99	96	
141	9	Si4b2	B4b1	312	313	1	16	208	99	96	
142	9	La4	A4	305	305	1	16	208	95	96	
143	9	La4	A4	305	305	4	8	1667	95	96	lim 
144	9	La4	A4	305	305	1	16	208	99	96	sen 
145	9	Si4b2	B4b1	312	313	1	16	208	99	96	
146	9	La4	A4	305	305	1	16	208	99	96	
147	9	Sol4	G4	296	296	1	16	208	99	96	
148	9	La4	A4	305	305	1	8	417	99	96	
149	9	Si4b2	B4b1	312	313	1	8	417	95	96	
150	9	Do5	C5	318	318	1	8	417	99	96	gü
151	9	Re5b3	D5b4	324	323	1	16	208	99	96	
152	9	Mi5	E5	336	336	1	16	208	95	96	
153	9	Re5b3	D5b4	324	323	1	16	208	99	96	ze
154	9	Do5	C5	318	318	1	16	208	99	96	
155	9	Si4b2	B4b1	312	313	1	16	208	99	96	
156	9	Re5b3	D5b4	324	323	1	16	208	95	96	
157	9	Do5	C5	318	318	4	8	1667	95	96	lim 
158	9	Do5	C5	318	318	1	16	208	99	96	dün 
159	9	Si4b2	B4b1	312	313	1	16	208	99	96	
160	9	Do5	C5	318	318	1	16	208	99	96	
161	9	Re5b3	D5b4	324	323	1	16	208	99	96	
162	9	Mi5	E5	336	336	1	8	417	99	96	
163	9	Fa5	F5	340	340	1	8	417	95	96	
164	9	Sol5	G5	349	349	1	8	417	99	96	ge
165	9	La5b4	A5b4	354	354	1	8	417	95	96	
166	9	Sol5	G5	349	349	1	8	417	99	96	ce 
167	9	Fa5	F5	340	340	1	8	417	95	96	
168	9	Mi5	E5	336	336	1	8	417	99	96	ney
169	9	Re5b3	D5b4	324	323	1	16	208	99	96	
170	9	Do5	C5	318	318	1	16	208	99	96	
171	9	Si4b2	B4b1	312	313	1	16	208	99	96	
172	9	Do5	C5	318	318	1	16	208	99	96	
173	9	Re5b3	D5b4	324	323	1	16	208	99	96	
174	9	Do5	C5	318	318	1	16	208	95	96	
175	9	Si4b2	B4b1	312	313	1	4	833	99	96	din  
176	9	Do5	C5	318	318	1	4	833	95	96	
177	9	Do5	C5	318	318	1	16	208	95	96	SAZ
178	9	Re5b3	D5b4	324	323	1	16	208	95	96	.
179	9	Do5	C5	318	318	1	16	208	95	96	.
180	9	Si4b2	B4b1	312	313	1	16	208	95	96	.
181	9	Si4b2	B4b1	312	313	1	16	208	95	96	.
182	9	La4	A4	305	305	1	16	208	95	96	.
183	9	La4	A4	305	305	1	16	208	95	96	.
184	9	Si4b2	B4b1	312	313	1	16	208	95	96	.
185	9	Do5	C5	318	318	4	8	1667	95	96	.
186	9	Do5	C5	318	318	3	16	625	99	96	Â
187	9	Re5b3	D5b4	324	323	1	16	208	95	96	
188	9	Re5b3	D5b4	324	323	1	8	417	99	96	teþ 
189	9	Do5	C5	318	318	1	8	417	95	96	
190	9	Re5b3	D5b4	324	323	1	8	417	99	96	gi
191	9	Do5	C5	318	318	1	8	417	95	96	
192	9	Re5b3	D5b4	324	323	1	8	417	99	96	bi 
193	9	Mi5	E5	336	336	1	8	417	95	96	
194	9	Sol5	G5	349	349	1	16	208	99	96	â
195	9	Fa5	F5	340	340	1	16	208	99	96	
196	9	Mi5	E5	336	336	1	16	208	99	96	
197	9	Re5b3	D5b4	324	323	1	16	208	99	96	
198	9	Do5	C5	318	318	1	8	417	99	96	
199	9	Si4b2	B4b1	312	313	1	24	139	99	96	
200	9	La4	A4	305	305	1	24	139	99	96	
201	9	Si4b2	B4b1	312	313	1	24	139	95	96	
202	9	Do5	C5	318	318	3	16	625	99	96	fet 
203	9	Mi5	E5	336	336	1	16	208	99	96	
204	9	Re5b3	D5b4	324	323	3	16	625	99	96	
205	9	Do5	C5	318	318	1	16	208	95	96	
206	9	Do5	C5	318	318	3	16	625	99	96	gi
207	9	Si4b2	B4b1	312	313	1	16	208	95	96	
208	9	Do5	C5	318	318	1	16	208	99	96	bi 
209	9	Si4b2	B4b1	312	313	1	16	208	99	96	
210	9	Si4b2	B4b1	312	313	1	16	208	99	96	
211	9	La4	A4	305	305	1	16	208	95	96	
212	9	La4	A4	305	305	4	8	1667	95	96	bir 
213	9	La4	A4	305	305	1	16	208	99	96	kor
214	9	Si4b1	B4b1	313	313	1	16	208	99	96	
215	9	La4	A4	305	305	1	16	208	99	96	
216	9	Sol4	G4	296	296	1	16	208	99	96	
217	9	Fa4#3	F4#4	290	291	1	4	833	95	96	
218	9	Do5	C5	318	318	1	8	417	99	96	ku
219	9	Re5b3	D5b4	324	323	1	16	208	99	96	
220	9	Mi5	E5	336	336	1	16	208	95	96	
221	9	Re5b3	D5b4	324	323	1	8	417	99	96	lu 
222	9	Do5	C5	318	318	1	16	208	99	96	
223	9	Re5b3	D5b4	324	323	1	16	208	95	96	
224	9	Re5b3	D5b4	324	323	1	16	208	99	96	þey
225	9	Do5	C5	318	318	1	8	417	99	96	
226	9	Si4b2	B4b1	312	313	1	16	208	99	96	
227	9	Re5b3	D5b4	324	323	1	24	139	99	96	
228	9	Do5	C5	318	318	1	24	139	99	96	
229	9	Si4b2	B4b1	312	313	1	24	139	99	96	
230	9	Si4b2	B4b1	312	313	1	16	208	99	96	
231	9	La4	A4	305	305	1	16	208	95	96	
232	9	La4	A4	305	305	4	8	1667	95	96	din  
233	9	Do5	C5	318	318	1	16	208	95	96	SAZ
234	9	Re5b3	D5b4	324	323	1	16	208	95	96	.
235	9	Do5	C5	318	318	1	16	208	95	96	.
236	9	Si4b2	B4b1	312	313	1	16	208	95	96	.
237	9	Si4b2	B4b1	312	313	1	16	208	95	96	.
238	9	La4	A4	305	305	1	16	208	95	96	.
239	9	La4	A4	305	305	1	16	208	95	96	.
240	9	Si4b2	B4b1	312	313	1	16	208	95	96	.
241	9	Do5	C5	318	318	4	8	1667	95	96	.
242	9	Do5	C5	318	318	3	16	625	99	96	Â
243	9	Re5b3	D5b4	324	323	1	16	208	95	96	
244	9	Re5b3	D5b4	324	323	1	8	417	99	96	teþ 
245	9	Do5	C5	318	318	1	8	417	95	96	
246	9	Re5b3	D5b4	324	323	1	8	417	99	96	gi
247	9	Do5	C5	318	318	1	8	417	95	96	
248	9	Re5b3	D5b4	324	323	1	8	417	99	96	bi 
249	9	Mi5	E5	336	336	1	8	417	95	96	
250	9	Sol5	G5	349	349	1	16	208	99	96	â
251	9	Fa5	F5	340	340	1	16	208	99	96	
252	9	Mi5	E5	336	336	1	16	208	99	96	
253	9	Re5b3	D5b4	324	323	1	16	208	99	96	
254	9	Do5	C5	318	318	1	8	417	99	96	
255	9	Si4b2	B4b1	312	313	1	24	139	99	96	
256	9	La4	A4	305	305	1	24	139	99	96	
257	9	Si4b2	B4b1	312	313	1	24	139	95	96	
258	9	Do5	C5	318	318	3	16	625	99	96	fet 
259	9	Mi5	E5	336	336	1	16	208	99	96	
260	9	Re5b3	D5b4	324	323	3	16	625	99	96	
261	9	Do5	C5	318	318	1	16	208	95	96	
262	9	Do5	C5	318	318	3	16	625	99	96	gi
263	9	Si4b2	B4b1	312	313	1	16	208	95	96	
264	9	Do5	C5	318	318	1	16	208	99	96	bi 
265	9	Si4b2	B4b1	312	313	1	16	208	99	96	
266	9	Si4b2	B4b1	312	313	1	16	208	99	96	
267	9	La4	A4	305	305	1	16	208	95	96	
268	9	La4	A4	305	305	4	8	1667	95	96	bir 
269	9	La4	A4	305	305	1	16	208	99	96	kor
270	9	Si4b1	B4b1	313	313	1	16	208	99	96	
271	9	La4	A4	305	305	1	16	208	99	96	
272	9	Sol4	G4	296	296	1	16	208	99	96	
273	9	Fa4#3	F4#4	290	291	1	4	833	95	96	
274	9	Do5	C5	318	318	1	8	417	99	96	ku
275	9	Re5b3	D5b4	324	323	1	16	208	99	96	
276	9	Mi5	E5	336	336	1	16	208	95	96	
277	9	Re5b3	D5b4	324	323	1	8	417	99	96	lu 
278	9	Do5	C5	318	318	1	16	208	99	96	
279	9	Re5b3	D5b4	324	323	1	16	208	95	96	
280	9	Re5b3	D5b4	324	323	1	16	208	99	96	þey
281	9	Do5	C5	318	318	1	8	417	99	96	
282	9	Si4b2	B4b1	312	313	1	16	208	99	96	
283	9	Re5b3	D5b4	324	323	1	24	139	99	96	
284	9	Do5	C5	318	318	1	24	139	99	96	
285	9	Si4b2	B4b1	312	313	1	24	139	99	96	
286	9	Si4b2	B4b1	312	313	1	16	208	99	96	
287	9	La4	A4	305	305	1	16	208	95	96	
288	9	La4	A4	305	305	4	8	1667	95	96	din  
289	9	Mi5	E5	336	336	3	16	625	95	96	SAZ
290	9	Re5	D5	327	327	1	16	208	95	96	.
291	9	Re5	D5	327	327	1	16	208	95	96	.
292	9	Do5	C5	318	318	1	16	208	95	96	.
293	9	Do5	C5	318	318	1	16	208	95	96	.
294	9	Re5	D5	327	327	1	16	208	95	96	.
295	9	Mi5	E5	336	336	1	2	1667	95	96	.
296	9	Re5	D5	327	327	3	16	625	99	96	Tâ
297	9	Mi5	E5	336	336	1	16	208	95	96	
298	9	Mi5	E5	336	336	1	4	833	95	96	kat 
299	9	Mi5	E5	336	336	3	16	625	99	96	ko
300	9	Re5	D5	327	327	1	16	208	95	96	
301	9	Mi5	E5	336	336	1	24	139	99	96	ma
302	9	Re5	D5	327	327	1	24	139	99	96	
303	9	Do5	C5	318	318	1	24	139	99	96	
304	8	Re5	D5	327	327	1	128	26	99	96	
305	9	Do5	C5	318	318	1	16	208	99	96	
306	9	Re5	D5	327	327	1	16	208	95	96	
307	9	Mi5	E5	336	336	4	8	1667	95	96	dýn 
308	9	Mi5	E5	336	336	1	8	417	99	96	sen 
309	9	Fa5#2	F5#1	342	341	1	16	208	99	96	
310	9	Sol5	G5	349	349	1	16	208	99	96	
311	9	La5	A5	358	358	1	24	139	99	96	
312	9	La5	A5	358	358	1	24	139	99	96	
313	9	Sol5	G5	349	349	1	24	139	99	96	
314	9	Fa5	F5	340	340	1	24	139	99	96	
315	9	Mi5	E5	336	336	1	24	139	99	96	
316	9	Re5	D5	327	327	1	24	139	95	96	
317	9	Re5	D5	327	327	1	16	208	99	96	be
318	9	Do5	C5	318	318	1	8	417	99	96	
319	9	Re5	D5	327	327	1	16	208	95	96	
320	9	Do5	C5	318	318	1	16	208	99	96	ni 
321	9	Si4b2	B4b1	312	313	1	16	208	99	96	
322	9	Si4b2	B4b1	312	313	1	16	208	99	96	
323	9	La4	A4	305	305	1	16	208	95	96	
324	9	La4	A4	305	305	4	8	1667	95	96	bir 
325	9	Do5	C5	318	318	1	16	208	99	96	yay 
326	9	Si4b2	B4b1	312	313	1	16	208	99	96	
327	9	Do5	C5	318	318	1	16	208	99	96	
328	9	Re5b3	D5b4	324	323	1	16	208	99	96	
329	9	Mi5	E5	336	336	1	8	417	99	96	
330	9	Fa5	F5	340	340	1	8	417	95	96	
331	9	Sol5	G5	349	349	1	8	417	99	96	gi
332	9	La5b4	A5b4	354	354	1	8	417	95	96	
333	9	Sol5	G5	349	349	1	8	417	99	96	bi 
334	9	Fa5	F5	340	340	1	8	417	95	96	
335	9	Mi5	E5	336	336	1	8	417	99	96	eð
336	9	Re5b3	D5b4	324	323	1	16	208	99	96	
337	9	Do5	C5	318	318	1	16	208	99	96	
338	9	Si4b2	B4b1	312	313	1	16	208	99	96	
339	9	Do5	C5	318	318	1	16	208	99	96	
340	9	Re5b3	D5b4	324	323	1	16	208	99	96	
341	9	Do5	C5	318	318	1	16	208	95	96	
342	9	Si4b2	B4b1	312	313	1	4	833	99	96	din  
343	9	Do5	C5	318	318	1	4	833	95	96	
344	9	Re5	D5	327	327	1	16	208	95	96	SAZ
345	9	Mi5	E5	336	336	1	16	208	95	96	.
346	9	Mi5	E5	336	336	1	16	208	95	96	.
347	9	Re5	D5	327	327	1	16	208	95	96	.
348	9	Re5	D5	327	327	1	16	208	95	96	.
349	9	Do5	C5	318	318	1	16	208	95	96	.
350	9	Do5	C5	318	318	1	16	208	95	96	.
351	9	Re5	D5	327	327	1	16	208	95	96	.
352	9	Mi5	E5	336	336	1	2	1667	95	96	.
353	9	Re5	D5	327	327	3	16	625	99	96	Tâ
354	9	Mi5	E5	336	336	1	16	208	95	96	
355	9	Mi5	E5	336	336	1	4	833	95	96	kat 
356	9	Mi5	E5	336	336	3	16	625	99	96	ko
357	9	Re5	D5	327	327	1	16	208	95	96	
358	9	Mi5	E5	336	336	1	24	139	99	96	ma
359	9	Re5	D5	327	327	1	24	139	99	96	
360	9	Do5	C5	318	318	1	24	139	99	96	
361	8	Re5	D5	327	327	1	128	26	99	96	
362	9	Do5	C5	318	318	1	16	208	99	96	
363	9	Re5	D5	327	327	1	16	208	95	96	
364	9	Mi5	E5	336	336	4	8	1667	95	96	dýn 
365	9	Mi5	E5	336	336	1	8	417	99	96	sen 
366	9	Fa5#2	F5#1	342	341	1	16	208	99	96	
367	9	Sol5	G5	349	349	1	16	208	99	96	
368	9	La5	A5	358	358	1	24	139	99	96	
369	9	La5	A5	358	358	1	24	139	99	96	
370	9	Sol5	G5	349	349	1	24	139	99	96	
371	9	Fa5	F5	340	340	1	24	139	99	96	
372	9	Mi5	E5	336	336	1	24	139	99	96	
373	9	Re5	D5	327	327	1	24	139	95	96	
374	9	Re5	D5	327	327	1	16	208	99	96	be
375	9	Do5	C5	318	318	1	8	417	99	96	
376	9	Re5	D5	327	327	1	16	208	95	96	
377	9	Do5	C5	318	318	1	16	208	99	96	ni 
378	9	Si4b2	B4b1	312	313	1	16	208	99	96	
379	9	Si4b2	B4b1	312	313	1	16	208	99	96	
380	9	La4	A4	305	305	1	16	208	95	96	
381	9	La4	A4	305	305	4	8	1667	95	96	bir 
382	9	Do5	C5	318	318	1	16	208	99	96	yay 
383	9	Si4b2	B4b1	312	313	1	16	208	99	96	
384	9	Do5	C5	318	318	1	16	208	99	96	
385	9	Re5b3	D5b4	324	323	1	16	208	99	96	
386	9	Mi5	E5	336	336	1	8	417	99	96	
387	9	Fa5	F5	340	340	1	8	417	95	96	
388	9	Sol5	G5	349	349	1	8	417	99	96	gi
389	9	La5b4	A5b4	354	354	1	8	417	95	96	
390	9	Sol5	G5	349	349	1	8	417	99	96	bi 
391	9	Fa5	F5	340	340	1	8	417	95	96	
392	9	Mi5	E5	336	336	1	8	417	99	96	eð
393	9	Re5b3	D5b4	324	323	1	16	208	99	96	
394	9	Do5	C5	318	318	1	16	208	99	96	
395	9	Si4b2	B4b1	312	313	1	16	208	99	96	
396	9	Do5	C5	318	318	1	16	208	99	96	
397	9	Re5b3	D5b4	324	323	1	16	208	99	96	
398	9	Do5	C5	318	318	1	16	208	95	96	
399	9	Si4b2	B4b1	312	313	1	4	833	99	96	din  
400	9	Do5	C5	318	318	1	4	833	95	96	
401	9	Do5	C5	318	318	1	16	208	95	96	SAZ
402	9	Re5b3	D5b4	324	323	1	16	208	95	96	.
403	9	Do5	C5	318	318	1	16	208	95	96	.
404	9	Si4b2	B4b1	312	313	1	16	208	95	96	.
405	9	Si4b2	B4b1	312	313	1	16	208	95	96	.
406	9	La4	A4	305	305	1	16	208	95	96	.
407	9	La4	A4	305	305	1	16	208	95	96	.
408	9	Si4b2	B4b1	312	313	1	16	208	95	96	.
409	9	Do5	C5	318	318	4	8	1667	95	96	.
410	9	Do5	C5	318	318	3	16	625	99	96	Â
411	9	Re5b3	D5b4	324	323	1	16	208	95	96	
412	9	Re5b3	D5b4	324	323	1	8	417	99	96	teþ 
413	9	Do5	C5	318	318	1	8	417	95	96	
414	9	Re5b3	D5b4	324	323	1	8	417	99	96	gi
415	9	Do5	C5	318	318	1	8	417	95	96	
416	9	Re5b3	D5b4	324	323	1	8	417	99	96	bi 
417	9	Mi5	E5	336	336	1	8	417	95	96	
418	9	Sol5	G5	349	349	1	16	208	99	96	â
419	9	Fa5	F5	340	340	1	16	208	99	96	
420	9	Mi5	E5	336	336	1	16	208	99	96	
421	9	Re5b3	D5b4	324	323	1	16	208	99	96	
422	9	Do5	C5	318	318	1	8	417	99	96	
423	9	Si4b2	B4b1	312	313	1	24	139	99	96	
424	9	La4	A4	305	305	1	24	139	99	96	
425	9	Si4b2	B4b1	312	313	1	24	139	95	96	
426	9	Do5	C5	318	318	3	16	625	99	96	fet 
427	9	Mi5	E5	336	336	1	16	208	99	96	
428	9	Re5b3	D5b4	324	323	3	16	625	99	96	
429	9	Do5	C5	318	318	1	16	208	95	96	
430	9	Do5	C5	318	318	3	16	625	99	96	gi
431	9	Si4b2	B4b1	312	313	1	16	208	95	96	
432	9	Do5	C5	318	318	1	16	208	99	96	bi 
433	9	Si4b2	B4b1	312	313	1	16	208	99	96	
434	9	Si4b2	B4b1	312	313	1	16	208	99	96	
435	9	La4	A4	305	305	1	16	208	95	96	
436	9	La4	A4	305	305	4	8	1667	95	96	bir 
437	9	La4	A4	305	305	1	16	208	99	96	kor
438	9	Si4b1	B4b1	313	313	1	16	208	99	96	
439	9	La4	A4	305	305	1	16	208	99	96	
440	9	Sol4	G4	296	296	1	16	208	99	96	
441	9	Fa4#3	F4#4	290	291	1	4	833	95	96	
442	9	Do5	C5	318	318	1	8	417	99	96	ku
443	9	Re5b3	D5b4	324	323	1	16	208	99	96	
444	9	Mi5	E5	336	336	1	16	208	95	96	
445	9	Re5b3	D5b4	324	323	1	8	417	99	96	lu 
446	9	Do5	C5	318	318	1	16	208	99	96	
447	9	Re5b3	D5b4	324	323	1	16	208	95	96	
448	9	Re5b3	D5b4	324	323	1	16	208	99	96	þey
449	9	Do5	C5	318	318	1	8	417	99	96	
450	9	Si4b2	B4b1	312	313	1	16	208	99	96	
451	9	Re5b3	D5b4	324	323	1	24	139	99	96	
452	9	Do5	C5	318	318	1	24	139	99	96	
453	9	Si4b2	B4b1	312	313	1	24	139	99	96	
454	9	Si4b2	B4b1	312	313	1	16	208	99	96	
455	9	La4	A4	305	305	1	16	208	95	96	
456	9	La4	A4	305	305	4	8	1667	95	96	din  
457	9	Do5	C5	318	318	1	16	208	95	96	SAZ
458	9	Re5b3	D5b4	324	323	1	16	208	95	96	.
459	9	Do5	C5	318	318	1	16	208	95	96	.
460	9	Si4b2	B4b1	312	313	1	16	208	95	96	.
461	9	Si4b2	B4b1	312	313	1	16	208	95	96	.
462	9	La4	A4	305	305	1	16	208	95	96	.
463	9	La4	A4	305	305	1	16	208	95	96	.
464	9	Si4b2	B4b1	312	313	1	16	208	95	96	.
465	9	Do5	C5	318	318	4	8	1667	95	96	.
466	9	Do5	C5	318	318	3	16	625	99	96	Â
467	9	Re5b3	D5b4	324	323	1	16	208	95	96	
468	9	Re5b3	D5b4	324	323	1	8	417	99	96	teþ 
469	9	Do5	C5	318	318	1	8	417	95	96	
470	9	Re5b3	D5b4	324	323	1	8	417	99	96	gi
471	9	Do5	C5	318	318	1	8	417	95	96	
472	9	Re5b3	D5b4	324	323	1	8	417	99	96	bi 
473	9	Mi5	E5	336	336	1	8	417	95	96	
474	9	Sol5	G5	349	349	1	16	208	99	96	â
475	9	Fa5	F5	340	340	1	16	208	99	96	
476	9	Mi5	E5	336	336	1	16	208	99	96	
477	9	Re5b3	D5b4	324	323	1	16	208	99	96	
478	9	Do5	C5	318	318	1	8	417	99	96	
479	9	Si4b2	B4b1	312	313	1	24	139	99	96	
480	9	La4	A4	305	305	1	24	139	99	96	
481	9	Si4b2	B4b1	312	313	1	24	139	95	96	
482	9	Do5	C5	318	318	3	16	625	99	96	fet 
483	9	Mi5	E5	336	336	1	16	208	99	96	
484	9	Re5b3	D5b4	324	323	3	16	625	99	96	
485	9	Do5	C5	318	318	1	16	208	95	96	
486	9	Do5	C5	318	318	3	16	625	99	96	gi
487	9	Si4b2	B4b1	312	313	1	16	208	95	96	
488	9	Do5	C5	318	318	1	16	208	99	96	bi 
489	9	Si4b2	B4b1	312	313	1	16	208	99	96	
490	9	Si4b2	B4b1	312	313	1	16	208	99	96	
491	9	La4	A4	305	305	1	16	208	95	96	
492	9	La4	A4	305	305	4	8	1667	95	96	bir 
493	9	La4	A4	305	305	1	16	208	99	96	kor
494	9	Si4b1	B4b1	313	313	1	16	208	99	96	
495	9	La4	A4	305	305	1	16	208	99	96	
496	9	Sol4	G4	296	296	1	16	208	99	96	
497	9	Fa4#3	F4#4	290	291	1	4	833	95	96	
498	9	Do5	C5	318	318	1	8	417	99	96	ku
499	9	Re5b3	D5b4	324	323	1	16	208	99	96	
500	9	Mi5	E5	336	336	1	16	208	95	96	
501	9	Re5b3	D5b4	324	323	1	8	417	99	96	lu 
502	9	Do5	C5	318	318	1	16	208	99	96	
503	9	Re5b3	D5b4	324	323	1	16	208	95	96	
504	9	Re5b3	D5b4	324	323	1	16	208	99	96	þey
505	9	Do5	C5	318	318	1	8	417	99	96	
506	9	Si4b2	B4b1	312	313	1	16	208	99	96	
507	9	Re5b3	D5b4	324	323	1	24	139	99	96	
508	9	Do5	C5	318	318	1	24	139	99	96	
509	9	Si4b2	B4b1	312	313	1	24	139	99	96	
510	9	Si4b2	B4b1	312	313	1	16	208	99	96	
511	9	La4	A4	305	305	1	16	208	95	96	
512	9	La4	A4	305	305	3	8	1250	95	96	din  
