Sira	Kod	Nota53	NotaAE	Koma53	KomaAE	Pay	Payda	Ms	LNS	Bas	Soz1	Offset
1	51			0	0	4	4	0	6	0	Sofyan	0.0
2	9	La4	A4	305	305	1	4	1000	95	96		0.25
3	9	La4	A4	305	305	1	8	500	95	96		0.375
4	9	Sol4	G4	296	296	1	8	500	95	96		0.5
5	9	La4	A4	305	305	1	4	1000	95	96		0.75
6	9	Si4b2	B4b1	312	313	1	4	1000	95	96		1.0
7	9	Do5	C5	318	318	1	8	500	95	96		1.125
8	9	Re5b3	D5b4	324	323	1	4	1000	95	96		1.375
9	9	Re5b3	D5b4	324	323	1	16	250	95	96		1.4375
10	9	Do5	C5	318	318	1	16	250	95	96		1.5
11	9	Do5	C5	318	318	1	16	250	95	96		1.5625
12	9	Si4b2	B4b1	312	313	1	16	250	95	96		1.625
13	9	La4	A4	305	305	1	16	250	95	96		1.6875
14	9	Si4b2	B4b1	312	313	1	16	250	95	96		1.75
15	9	Do5	C5	318	318	1	4	1000	95	96		2.0
16	9	Es	Es	-1	-1	1	4	1000	100	0		2.25
17	9	Do5	C5	318	318	1	8	500	95	96		2.375
18	9	Re5b3	D5b4	324	323	1	8	500	95	96		2.5
19	9	Mi5	E5	336	336	1	8	500	95	96		2.625
20	9	Fa5	F5	340	340	1	8	500	95	96		2.75
21	9	Sol5	G5	349	349	1	8	500	95	96		2.875
22	9	La5b4	A5b4	354	354	1	8	500	95	96		3.0
23	9	Sol5	G5	349	349	3	16	750	95	96		3.1875
24	9	Fa5	F5	340	340	1	16	250	95	96		3.25
25	9	Mi5	E5	336	336	1	8	500	95	96		3.375
26	9	Sol5	G5	349	349	1	8	500	95	96		3.5
27	9	Fa5	F5	340	340	1	2	2000	95	96		4.0
28	9	Es	Es	-1	-1	1	8	500	100	0		4.125
29	9	La5b4	A5b4	354	354	1	8	500	95	96		4.25
30	9	Sol5	G5	349	349	1	8	500	95	96		4.375
31	9	Fa5	F5	340	340	1	8	500	95	96		4.5
32	9	Fa5	F5	340	340	1	8	500	95	96		4.625
33	9	Mi5	E5	336	336	1	8	500	95	96		4.75
34	9	Mi5	E5	336	336	1	8	500	95	96		4.875
35	9	Re5b3	D5b4	324	323	1	8	500	95	96		5.0
36	9	Re5b3	D5b4	324	323	1	8	500	95	96		5.125
37	9	Do5	C5	318	318	1	8	500	95	96		5.25
38	9	Si4b2	B4b1	312	313	1	8	500	95	96		5.375
39	9	Re5b3	D5b4	324	323	1	16	250	95	96		5.4375
40	9	Do5	C5	318	318	1	16	250	95	96		5.5
41	9	Do5	C5	318	318	1	2	2000	95	96		6.0
42	9	Es	Es	-1	-1	1	4	1000	100	0		6.25
43	9	Do5	C5	318	318	1	8	500	95	96		6.375
44	9	Re5b3	D5b4	324	323	1	8	500	95	96		6.5
45	9	Do5	C5	318	318	1	4	1000	95	96		6.75
46	9	Re5b3	D5b4	324	323	1	8	500	95	96		6.875
47	9	Mi5	E5	336	336	1	8	500	95	96		7.0
48	9	Re5b3	D5b4	324	323	1	8	500	95	96		7.125
49	9	Do5	C5	318	318	1	8	500	95	96		7.25
50	9	Do5	C5	318	318	1	8	500	95	96		7.375
51	9	Re5b3	D5b4	324	323	1	8	500	95	96		7.5
52	9	Do5	C5	318	318	1	8	500	95	96		7.625
53	9	Si4b2	B4b1	312	313	1	16	250	95	96		7.6875
54	9	La4	A4	305	305	1	16	250	95	96		7.75
55	9	Si4b2	B4b1	312	313	1	8	500	95	96		7.875
56	9	Do5	C5	318	318	1	8	500	95	96		8.0
57	9	Si4b2	B4b1	312	313	1	4	1000	95	96		8.25
58	9	Re5b3	D5b4	324	323	3	16	750	95	96		8.4375
59	9	Do5	C5	318	318	1	16	250	95	96		8.5
60	9	Si4b2	B4b1	312	313	1	4	1000	95	96		8.75
61	9	Re5b3	D5b4	324	323	1	4	1000	95	96		9.0
62	9	Do5	C5	318	318	3	16	750	95	96		9.1875
63	9	Si4b2	B4b1	312	313	1	16	250	95	96		9.25
64	9	La4	A4	305	305	1	8	500	95	96		9.375
65	9	Do5	C5	318	318	1	8	500	95	96		9.5
66	9	Si4b2	B4b1	312	313	3	16	750	95	96		9.6875
67	9	La4	A4	305	305	1	16	250	95	96		9.75
68	9	Sol4	G4	296	296	1	8	500	95	96		9.875
69	9	La4	A4	305	305	1	8	500	95	96		10.0
70	9	Sol4	G4	296	296	1	4	1000	95	96		10.25
71	9	La4	A4	305	305	1	8	500	95	96		10.375
72	9	Si4b2	B4b1	312	313	1	8	500	95	96		10.5
73	9	Do5	C5	318	318	1	8	500	95	96		10.625
74	9	Re5b3	D5b4	324	323	1	8	500	95	96		10.75
75	9	Re5b3	D5b4	324	323	1	8	500	95	96		10.875
76	9	Do5	C5	318	318	1	8	500	95	96		11.0
77	9	Do5	C5	318	318	3	16	750	95	96		11.1875
78	9	Si4b2	B4b1	312	313	1	16	250	95	96		11.25
79	9	Do5	C5	318	318	1	16	250	95	96		11.3125
80	9	Si4b2	B4b1	312	313	1	16	250	95	96		11.375
81	9	Si4b2	B4b1	312	313	1	16	250	95	96		11.4375
82	9	La4	A4	305	305	1	16	250	95	96		11.5
83	9	La4	A4	305	305	1	2	2000	95	96		12.0
