Sira	Kod	Nota53	NotaAE	Koma53	KomaAE	Pay	Payda	Ms	LNS	Bas	Soz1	Offset
1	51			0	0	4	4	0	6	0	Sofyan	0.0
2	9	La4	A4	305	305	3	8	1500	95	96		0.375
3	9	Do5	C5	318	318	1	8	500	95	96		0.5
4	9	Si4b2	B4b1	312	313	1	4	1000	95	96		0.75
5	9	Re5b3	D5b4	324	323	1	4	1000	95	96		1.0
6	9	Do5	C5	318	318	1	8	500	95	96		1.125
7	9	Re5b3	D5b4	324	323	1	8	500	95	96		1.25
8	9	Do5	C5	318	318	1	8	500	95	96		1.375
9	9	Si4b2	B4b1	312	313	1	8	500	95	96		1.5
10	9	Do5	C5	318	318	1	8	500	95	96		1.625
11	9	Do5	C5	318	318	1	16	250	95	96		1.6875
12	9	Si4b2	B4b1	312	313	1	16	250	95	96		1.75
13	9	La4	A4	305	305	1	4	1000	95	96		2.0
14	9	La4	A4	305	305	1	8	500	95	96		2.125
15	9	Si4b2	B4b1	312	313	1	8	500	95	96		2.25
16	9	Do5	C5	318	318	1	8	500	95	96		2.375
17	9	Re5b3	D5b4	324	323	1	8	500	95	96		2.5
18	9	Mi5	E5	336	336	1	8	500	95	96		2.625
19	9	Re5b3	D5b4	324	323	1	8	500	95	96		2.75
20	9	Do5	C5	318	318	1	8	500	95	96		2.875
21	9	Si4b2	B4b1	312	313	1	8	500	95	96		3.0
22	9	Do5	C5	318	318	3	8	1500	95	96		3.375
23	9	Sol4	G4	296	296	1	8	500	95	96		3.5
24	9	La4	A4	305	305	1	8	500	95	96		3.625
25	9	Si4b2	B4b1	312	313	1	8	500	95	96		3.75
26	9	Do5	C5	318	318	1	4	1000	95	96		4.0
27	9	Do5	C5	318	318	3	8	1500	95	96		4.375
28	9	Re5b3	D5b4	324	323	1	8	500	95	96		4.5
29	9	Mi5	E5	336	336	1	4	1000	95	96		4.75
30	9	Fa5	F5	340	340	1	4	1000	95	96		5.0
31	9	Sol5	G5	349	349	1	8	500	95	96		5.125
32	9	La5b4	A5b4	354	354	1	16	250	95	96		5.1875
33	9	Si5b2	B5b1	365	366	1	16	250	95	96		5.25
34	9	La5b4	A5b4	354	354	1	8	500	95	96		5.375
35	9	Sol5	G5	349	349	1	8	500	95	96		5.5
36	9	Fa5	F5	340	340	1	4	1000	95	96		5.75
37	9	Mi5	E5	336	336	1	4	1000	95	96		6.0
38	9	Re5b3	D5b4	324	323	1	8	500	95	96		6.125
39	9	Fa5	F5	340	340	1	8	500	95	96		6.25
40	9	Mi5	E5	336	336	1	8	500	95	96		6.375
41	9	Re5b3	D5b4	324	323	1	8	500	95	96		6.5
42	9	Do5	C5	318	318	1	8	500	95	96		6.625
43	9	Re5b3	D5b4	324	323	1	16	250	95	96		6.6875
44	9	Mi5	E5	336	336	1	16	250	95	96		6.75
45	9	Re5b3	D5b4	324	323	1	8	500	95	96		6.875
46	9	Do5	C5	318	318	1	8	500	95	96		7.0
47	9	Do5	C5	318	318	3	16	750	95	96		7.1875
48	9	Si4b2	B4b1	312	313	1	16	250	95	96		7.25
49	9	Do5	C5	318	318	1	16	250	95	96		7.3125
50	9	Si4b2	B4b1	312	313	1	16	250	95	96		7.375
51	9	Si4b2	B4b1	312	313	1	16	250	95	96		7.4375
52	9	La4	A4	305	305	1	16	250	95	96		7.5
53	9	La4	A4	305	305	1	2	2000	95	96		8.0
