Sira	Kod	Nota53	NotaAE	Koma53	KomaAE	Pay	Payda	Ms	LNS	Bas	Soz1	Offset
1	51			0	0	6	4	0	11	0	Senginsemâî	0.0
2	9	Do5	C5	318	318	1	4	909	95	96	ARANAĞME	0.166666666667
3	9	Re5b3	D5b4	324	323	3	16	682	95	96	.	0.291666666667
4	9	Do5	C5	318	318	1	16	227	95	96	.	0.333333333333
5	9	Si4b2	B4b1	312	313	1	4	909	95	96	.	0.5
6	9	Do5	C5	318	318	1	8	455	95	96	.	0.583333333333
7	9	Si4b2	B4b1	312	313	1	16	227	95	96	.	0.625
8	9	La4	A4	305	305	1	16	227	95	96	.	0.666666666667
9	9	La4	A4	305	305	1	2	1818	95	96	.	1.0
10	9	Sol5	G5	349	349	1	8	455	95	96	.	1.08333333333
11	9	La5b4	A5b4	354	354	1	8	455	95	96	.	1.16666666667
12	9	Sol5	G5	349	349	1	8	455	95	96	.	1.25
13	9	Fa5	F5	340	340	1	8	455	95	96	.	1.33333333333
14	9	Mi5	E5	336	336	1	8	455	95	96	.	1.41666666667
15	9	Fa5	F5	340	340	1	8	455	95	96	.	1.5
16	9	Sol5	G5	349	349	1	16	227	95	96	.	1.54166666667
17	9	Si5b1	B5b1	366	366	1	16	227	95	96	.	1.58333333333
18	9	La5b4	A5b4	354	354	1	16	227	95	96	.	1.625
19	9	Sol5	G5	349	349	1	16	227	95	96	.	1.66666666667
20	9	Sol5	G5	349	349	1	2	1818	95	96	.	2.0
21	9	Do5	C5	318	318	3	16	682	95	96	.	2.125
22	9	Re5b3	D5b4	324	323	1	16	227	95	96	.	2.16666666667
23	9	Mi5	E5	336	336	1	8	455	95	96	.	2.25
24	9	Fa5	F5	340	340	1	8	455	95	96	.	2.33333333333
25	9	Sol5	G5	349	349	1	8	455	95	96	.	2.41666666667
26	9	La5b4	A5b4	354	354	1	8	455	95	96	.	2.5
27	9	Si5b1	B5b1	366	366	1	16	227	95	96	.	2.54166666667
28	9	Do6	C6	371	371	1	16	227	95	96	.	2.58333333333
29	9	Si5b1	B5b1	366	366	1	16	227	95	96	.	2.625
30	9	La5b4	A5b4	354	354	1	16	227	95	96	.	2.66666666667
31	9	Sol5	G5	349	349	1	8	455	95	96	.	2.75
32	9	Fa5	F5	340	340	1	8	455	95	96	.	2.83333333333
33	9	Mi5	E5	336	336	1	8	455	95	96	.	2.91666666667
34	9	Re5b3	D5b4	324	323	1	8	455	95	96	.	3.0
35	9	Do5	C5	318	318	1	8	455	95	96	.	3.08333333333
36	9	Re5b3	D5b4	324	323	1	16	227	95	96	.	3.125
37	9	Mi5	E5	336	336	1	16	227	95	96	.	3.16666666667
38	9	Re5b3	D5b4	324	323	1	8	455	95	96	.	3.25
39	9	Do5	C5	318	318	1	8	455	95	96	.	3.33333333333
40	9	Re5b3	D5b4	324	323	1	16	227	95	96	.	3.375
41	9	Do5	C5	318	318	1	16	227	95	96	.	3.41666666667
42	9	Si4b2	B4b1	312	313	1	16	227	95	96	.	3.45833333333
43	9	La4	A4	305	305	1	16	227	95	96	.	3.5
44	9	Si4b2	B4b1	312	313	1	8	455	95	96	.	3.58333333333
45	9	Do5	C5	318	318	1	8	455	95	96	.	3.66666666667
46	9	La4	A4	305	305	1	2	1818	95	96	.	4.0
47	9	Do5	C5	318	318	1	4	909	95	96	ARANAĞME	4.16666666667
48	9	Re5b3	D5b4	324	323	3	16	682	95	96	.	4.29166666667
49	9	Do5	C5	318	318	1	16	227	95	96	.	4.33333333333
50	9	Si4b2	B4b1	312	313	1	4	909	95	96	.	4.5
51	9	Do5	C5	318	318	1	8	455	95	96	.	4.58333333333
52	9	Si4b2	B4b1	312	313	1	16	227	95	96	.	4.625
53	9	La4	A4	305	305	1	16	227	95	96	.	4.66666666667
54	9	La4	A4	305	305	1	2	1818	95	96	.	5.0
55	9	Sol5	G5	349	349	1	8	455	95	96	.	5.08333333333
56	9	La5b4	A5b4	354	354	1	8	455	95	96	.	5.16666666667
57	9	Sol5	G5	349	349	1	8	455	95	96	.	5.25
58	9	Fa5	F5	340	340	1	8	455	95	96	.	5.33333333333
59	9	Mi5	E5	336	336	1	8	455	95	96	.	5.41666666667
60	9	Fa5	F5	340	340	1	8	455	95	96	.	5.5
61	9	Sol5	G5	349	349	1	16	227	95	96	.	5.54166666667
62	9	Si5b1	B5b1	366	366	1	16	227	95	96	.	5.58333333333
63	9	La5b4	A5b4	354	354	1	16	227	95	96	.	5.625
64	9	Sol5	G5	349	349	1	16	227	95	96	.	5.66666666667
65	9	Sol5	G5	349	349	1	2	1818	95	96	.	6.0
66	9	Do5	C5	318	318	3	16	682	95	96	.	6.125
67	9	Re5b3	D5b4	324	323	1	16	227	95	96	.	6.16666666667
68	9	Mi5	E5	336	336	1	8	455	95	96	.	6.25
69	9	Fa5	F5	340	340	1	8	455	95	96	.	6.33333333333
70	9	Sol5	G5	349	349	1	8	455	95	96	.	6.41666666667
71	9	La5b4	A5b4	354	354	1	8	455	95	96	.	6.5
72	9	Si5b1	B5b1	366	366	1	16	227	95	96	.	6.54166666667
73	9	Do6	C6	371	371	1	16	227	95	96	.	6.58333333333
74	9	Si5b1	B5b1	366	366	1	16	227	95	96	.	6.625
75	9	La5b4	A5b4	354	354	1	16	227	95	96	.	6.66666666667
76	9	Sol5	G5	349	349	1	8	455	95	96	.	6.75
77	9	Fa5	F5	340	340	1	8	455	95	96	.	6.83333333333
78	9	Mi5	E5	336	336	1	8	455	95	96	.	6.91666666667
79	9	Re5b3	D5b4	324	323	1	8	455	95	96	.	7.0
80	9	Do5	C5	318	318	1	8	455	95	96	.	7.08333333333
81	9	Re5b3	D5b4	324	323	1	16	227	95	96	.	7.125
82	9	Mi5	E5	336	336	1	16	227	95	96	.	7.16666666667
83	9	Re5b3	D5b4	324	323	1	8	455	95	96	.	7.25
84	9	Do5	C5	318	318	1	8	455	95	96	.	7.33333333333
85	9	Re5b3	D5b4	324	323	1	16	227	95	96	.	7.375
86	9	Do5	C5	318	318	1	16	227	95	96	.	7.41666666667
87	9	Si4b2	B4b1	312	313	1	16	227	95	96	.	7.45833333333
88	9	La4	A4	305	305	1	16	227	95	96	.	7.5
89	9	Si4b2	B4b1	312	313	1	8	455	95	96	.	7.58333333333
90	9	Do5	C5	318	318	1	8	455	95	96	.	7.66666666667
91	9	La4	A4	305	305	1	2	1818	95	96	.	8.0
92	9	La4	A4	305	305	1	4	909	95	96	Yol	8.16666666667
93	9	Re5b3	D5b4	324	323	1	4	909	95	96	lar	8.33333333333
94	9	Do5	C5	318	318	1	4	909	95	96	da 	8.5
95	9	Si4b2	B4b1	312	313	1	4	909	95	96	ka	8.66666666667
96	9	Do5	C5	318	318	1	4	909	99	96	lan 	8.83333333333
97	9	Re5b3	D5b4	324	323	1	16	227	99	96		8.875
98	9	Do5	C5	318	318	1	16	227	99	96		8.91666666667
99	9	Re5b3	D5b4	324	323	1	8	455	95	96		9.0
100	9	Mi5	E5	336	336	1	8	455	99	96	göz	9.08333333333
101	9	Re5b3	D5b4	324	323	1	4	909	99	96		9.25
102	9	Do5	C5	318	318	1	8	455	95	96		9.33333333333
103	9	Do5	C5	318	318	3	16	682	99	96	le	9.45833333333
104	9	Si4b2	B4b1	312	313	1	16	227	95	96		9.5
105	9	Do5	C5	318	318	1	16	227	99	96	ri	9.54166666667
106	9	Si4b2	B4b1	312	313	1	16	227	99	96		9.58333333333
107	9	Si4b2	B4b1	312	313	1	16	227	99	96		9.625
108	9	La4	A4	305	305	1	16	227	95	96		9.66666666667
109	9	La4	A4	305	305	1	2	1818	95	96	min 	10.0
110	9	Do5	C5	318	318	1	8	455	99	96	nû	10.0833333333
111	9	Re5b3	D5b4	324	323	3	8	1364	95	96		10.3333333333
112	9	Re5b3	D5b4	324	323	3	16	682	99	96	ru	10.4583333333
113	9	Do5	C5	318	318	1	16	227	95	96		10.5
114	9	Do5	C5	318	318	3	16	682	99	96	nu 	10.625
115	9	Si4b2	B4b1	312	313	1	16	227	95	96		10.6666666667
116	9	Si4b2	B4b1	312	313	1	16	227	99	96	yor	10.7083333333
117	9	La4	A4	305	305	1	16	227	99	96		10.75
118	9	La4	A4	305	305	1	8	455	99	96		10.8333333333
119	9	Mi5	E5	336	336	1	16	227	99	96		10.875
120	9	Re5b3	D5b4	324	323	1	16	227	99	96		10.9166666667
121	9	Re5b3	D5b4	324	323	1	16	227	99	96		10.9583333333
122	9	Do5	C5	318	318	1	16	227	95	96		11.0
123	9	Si4b2	B4b1	312	313	1	8	455	99	96	dum  	11.0833333333
124	9	Do5	C5	318	318	3	8	1364	95	96		11.3333333333
125	9	Do5	C5	318	318	1	16	227	95	96	SAZ	11.375
126	9	Re5b3	D5b4	324	323	1	16	227	95	96	.	11.4166666667
127	9	Do5	C5	318	318	1	16	227	95	96	.	11.4583333333
128	9	Si4b2	B4b1	312	313	1	16	227	95	96	.	11.5
129	9	Si4b2	B4b1	312	313	1	16	227	95	96	.	11.5416666667
130	9	La4	A4	305	305	1	16	227	95	96	.	11.5833333333
131	9	La4	A4	305	305	1	16	227	95	96	.	11.625
132	9	Si4b2	B4b1	312	313	1	16	227	95	96	.	11.6666666667
133	9	Do5	C5	318	318	3	16	682	95	96	.	11.7916666667
134	9	Re5b3	D5b4	324	323	1	16	227	95	96	.	11.8333333333
135	9	Do5	C5	318	318	1	16	227	95	96	.	11.875
136	9	Si4b2	B4b1	312	313	1	16	227	95	96	.	11.9166666667
137	9	Do5	C5	318	318	1	8	455	95	96	.	12.0
138	9	Mi5	E5	336	336	1	4	909	95	96	Kim	12.1666666667
139	9	Fa5	F5	340	340	3	16	682	99	96	dir 	12.2916666667
140	9	Mi5	E5	336	336	1	16	227	95	96		12.3333333333
141	9	Mi5	E5	336	336	3	16	682	99	96	o 	12.4583333333
142	9	Re5b3	D5b4	324	323	1	16	227	95	96		12.5
143	9	Re5b3	D5b4	324	323	1	8	455	99	96	na	12.5833333333
144	9	Mi5	E5	336	336	1	16	227	99	96		12.625
145	9	Re5b3	D5b4	324	323	1	16	227	95	96		12.6666666667
146	9	Re5b3	D5b4	324	323	1	4	909	99	96	sıl	12.8333333333
147	9	Do5	C5	318	318	1	8	455	99	96		12.9166666667
148	9	Si4b2	B4b1	312	313	1	32	114	99	96		12.9375
149	9	La4	A4	305	305	1	32	114	99	96		12.9583333333
150	9	Si4b2	B4b1	312	313	1	16	227	95	96		13.0
151	9	Do5	C5	318	318	1	4	909	99	96	dır 	13.1666666667
152	9	Re5b3	D5b4	324	323	1	16	227	99	96		13.2083333333
153	9	Mi5	E5	336	336	1	16	227	99	96		13.25
154	9	Re5b3	D5b4	324	323	1	16	227	99	96		13.2916666667
155	9	Do5	C5	318	318	1	16	227	95	96		13.3333333333
156	9	Si4b2	B4b1	312	313	1	4	909	95	96	di	13.5
157	9	Do5	C5	318	318	1	8	455	99	96	ye 	13.5833333333
158	9	Si4b2	B4b1	312	313	1	16	227	99	96		13.625
159	9	La4	A4	305	305	1	16	227	95	96		13.6666666667
160	9	La4	A4	305	305	1	2	1818	95	96	rüz	14.0
161	9	La4	A4	305	305	1	8	455	99	96	gâr	14.0833333333
162	9	Si4b2	B4b1	312	313	1	16	227	99	96		14.125
163	9	La4	A4	305	305	1	16	227	99	96		14.1666666667
164	9	Sol4	G4	296	296	1	4	909	95	96		14.3333333333
165	9	La4	A4	305	305	1	8	455	99	96	la	14.4166666667
166	9	Si4b2	B4b1	312	313	1	8	455	95	96		14.5
167	9	Do5	C5	318	318	1	8	455	99	96	ra 	14.5833333333
168	9	Re5b3	D5b4	324	323	1	8	455	95	96		14.6666666667
169	9	Re5b3	D5b4	324	323	1	16	227	99	96	sor	14.7083333333
170	9	Do5	C5	318	318	1	8	455	99	96		14.7916666667
171	9	Si4b2	B4b1	312	313	1	16	227	99	96		14.8333333333
172	9	La4	A4	305	305	1	8	455	99	96		14.9166666667
173	9	Si4b2	B4b1	312	313	1	16	227	99	96		14.9583333333
174	9	La4	A4	305	305	1	16	227	95	96		15.0
175	9	Si4b2	B4b1	312	313	1	2	1818	95	96	dum  	15.3333333333
176	9	La4	A4	305	305	1	8	455	95	96	SAZ	15.4166666667
177	9	Si4b2	B4b1	312	313	1	8	455	95	96	.	15.5
178	9	Do5	C5	318	318	1	16	227	95	96	.	15.5416666667
179	9	Re5b3	D5b4	324	323	1	16	227	95	96	.	15.5833333333
180	9	Do5	C5	318	318	1	16	227	95	96	.	15.625
181	9	Si4b2	B4b1	312	313	1	16	227	95	96	.	15.6666666667
182	9	Si4b2	B4b1	312	313	3	16	682	95	96	.	15.7916666667
183	9	Do5	C5	318	318	1	16	227	95	96	.	15.8333333333
184	9	Si4b2	B4b1	312	313	1	16	227	95	96	.	15.875
185	9	La4	A4	305	305	1	16	227	95	96	.	15.9166666667
186	9	Si4b2	B4b1	312	313	1	8	455	95	96	.	16.0
187	9	Sol4	G4	296	296	1	4	909	95	96	Kim	16.1666666667
188	9	La4	A4	305	305	1	4	909	95	96	dir 	16.3333333333
189	9	La4	A4	305	305	1	4	909	95	96	o 	16.5
190	9	La4	A4	305	305	3	32	341	99	96	na	16.5625
191	9	Do5	C5	318	318	1	32	114	99	96		16.5833333333
192	9	Si4b2	B4b1	312	313	1	16	227	99	96		16.625
193	9	La4	A4	305	305	1	16	227	95	96		16.6666666667
194	9	Sol4	G4	296	296	1	2	1818	95	96	sıl	17.0
195	9	Mi5	E5	336	336	1	16	227	99	96	dır 	17.0416666667
196	9	Re5	D5	327	327	1	16	227	99	96		17.0833333333
197	9	Re5	D5	327	327	1	16	227	99	96		17.125
198	9	Do5	C5	318	318	1	16	227	99	96		17.1666666667
199	9	Re5	D5	327	327	1	8	455	99	96		17.25
200	9	Mi5	E5	336	336	1	8	455	95	96		17.3333333333
201	9	Do5	C5	318	318	3	16	682	99	96	di	17.4583333333
202	9	Si4b2	B4b1	312	313	1	16	227	95	96		17.5
203	9	La4	A4	305	305	1	4	909	95	96	ye 	17.6666666667
204	9	Si4b2	B4b1	312	313	1	16	227	99	96	rüz	17.7083333333
205	9	La4	A4	305	305	1	16	227	99	96		17.75
206	9	Si4b2	B4b1	312	313	1	4	909	99	96		17.9166666667
207	9	La4	A4	305	305	1	8	455	95	96		18.0
208	9	Do5	C5	318	318	1	8	455	99	96	gâr	18.0833333333
209	9	Re5b3	D5b4	324	323	3	8	1364	95	96		18.3333333333
210	9	Re5b3	D5b4	324	323	3	16	682	99	96	la	18.4583333333
211	9	Do5	C5	318	318	1	16	227	95	96		18.5
212	9	Do5	C5	318	318	1	4	909	95	96	ra 	18.6666666667
213	9	Re5b3	D5b4	324	323	1	16	227	99	96	sor	18.7083333333
214	9	Do5	C5	318	318	1	16	227	99	96		18.75
215	9	Si4b2	B4b1	312	313	1	16	227	99	96		18.7916666667
216	9	La4	A4	305	305	1	16	227	99	96		18.8333333333
217	9	Si4b2	B4b1	312	313	1	8	455	99	96		18.9166666667
218	9	Do5	C5	318	318	1	8	455	95	96		19.0
219	9	La4	A4	305	305	1	2	1818	95	96	dum  	19.3333333333
220	9	Mi5	E5	336	336	3	16	682	95	96	SAZ	19.4583333333
221	9	Re5	D5	327	327	1	16	227	95	96	.	19.5
222	9	Mi5	E5	336	336	1	16	227	95	96	.	19.5416666667
223	9	Re5	D5	327	327	1	16	227	95	96	.	19.5833333333
224	9	Do5	C5	318	318	1	16	227	95	96	.	19.625
225	9	Re5	D5	327	327	1	16	227	95	96	.	19.6666666667
226	9	Mi5	E5	336	336	3	16	682	95	96	.	19.7916666667
227	9	Fa5	F5	340	340	1	16	227	95	96	.	19.8333333333
228	9	Mi5	E5	336	336	1	16	227	95	96	.	19.875
229	9	Re5	D5	327	327	1	16	227	95	96	.	19.9166666667
230	9	Mi5	E5	336	336	1	8	455	95	96	.	20.0
231	9	Re5	D5	327	327	3	16	682	99	96	Hül	20.125
232	9	Mi5	E5	336	336	1	16	227	95	96		20.1666666667
233	9	Mi5	E5	336	336	1	4	909	95	96	yâ	20.3333333333
234	9	Mi5	E5	336	336	1	4	909	95	96	mı 	20.5
235	9	Mi5	E5	336	336	1	16	227	99	96	tu	20.5416666667
236	9	Sol5	G5	349	349	1	16	227	99	96		20.5833333333
237	9	Fa5#4	F5#4	344	344	1	16	227	99	96		20.625
238	9	Mi5	E5	336	336	1	16	227	95	96		20.6666666667
239	9	Mi5	E5	336	336	1	2	1818	95	96	tan 	21.0
240	9	Do5	C5	318	318	3	16	682	99	96	bir 	21.125
241	9	Si4	B4	314	314	1	16	227	99	96		21.1666666667
242	9	La4	A4	305	305	1	4	909	95	96		21.3333333333
243	9	Si4	B4	314	314	1	8	455	99	96	bü	21.4166666667
244	9	Do5	C5	318	318	1	16	227	99	96		21.4583333333
245	9	Si4	B4	314	314	1	16	227	95	96		21.5
246	9	Si4	B4	314	314	1	16	227	99	96	yü 	21.5416666667
247	9	La4	A4	305	305	1	16	227	99	96		21.5833333333
248	9	La4	A4	305	305	1	16	227	99	96		21.625
249	9	Sol4#4	G4#4	300	300	1	16	227	95	96		21.6666666667
250	9	La4	A4	305	305	1	2	1818	95	96	var 	22.0
251	9	Re5	D5	327	327	1	8	455	99	96	on	22.0833333333
252	9	Mi5	E5	336	336	3	8	1364	95	96		22.3333333333
253	9	Mi5	E5	336	336	1	4	909	95	96	da 	22.5
254	9	Mi5	E5	336	336	3	16	682	99	96	di	22.625
255	9	Re5	D5	327	327	1	16	227	95	96		22.6666666667
256	9	Re5	D5	327	327	1	4	909	99	96	yor	22.8333333333
257	9	Sol5	G5	349	349	1	8	455	99	96		22.9166666667
258	9	Fa5#4	F5#4	344	344	1	16	227	99	96		22.9583333333
259	9	Mi5	E5	336	336	1	16	227	95	96		23.0
260	9	Mi5	E5	336	336	1	2	1818	95	96	dum  	23.3333333333
261	9	Fa5	F5	340	340	1	4	909	95	96	SAZ	23.5
262	9	Mi5	E5	336	336	1	16	227	95	96	.	23.5416666667
263	9	Fa5	F5	340	340	1	16	227	95	96	.	23.5833333333
264	9	Sol5	G5	349	349	1	16	227	95	96	.	23.625
265	9	Mi5	E5	336	336	1	16	227	95	96	.	23.6666666667
266	9	Fa5	F5	340	340	3	16	682	95	96	.	23.7916666667
267	9	Sol5	G5	349	349	1	16	227	95	96	.	23.8333333333
268	9	Fa5	F5	340	340	1	16	227	95	96	.	23.875
269	9	Mi5	E5	336	336	1	16	227	95	96	.	23.9166666667
270	9	Fa5	F5	340	340	1	8	455	95	96	.	24.0
271	9	Mi5	E5	336	336	1	8	455	99	96	Hül	24.0833333333
272	9	Fa5	F5	340	340	1	8	455	95	96		24.1666666667
273	9	Fa5	F5	340	340	1	4	909	95	96	yâ	24.3333333333
274	9	Fa5	F5	340	340	1	4	909	95	96	mı 	24.5
275	9	Mi5	E5	336	336	1	8	455	99	96	tu	24.5833333333
276	9	Sol5	G5	349	349	1	8	455	95	96		24.6666666667
277	9	Fa5	F5	340	340	1	2	1818	95	96	tan 	25.0
278	9	Fa5	F5	340	340	1	8	455	99	96	bir 	25.0833333333
279	9	La5	A5	358	358	1	4	909	99	96		25.25
280	9	Sol5	G5	349	349	1	8	455	95	96		25.3333333333
281	9	Sol5	G5	349	349	3	16	682	99	96	bü	25.4583333333
282	9	Fa5	F5	340	340	1	16	227	95	96		25.5
283	9	Fa5	F5	340	340	3	16	682	99	96	yü 	25.625
284	9	Mi5	E5	336	336	1	16	227	95	96		25.6666666667
285	9	Mi5	E5	336	336	3	16	682	99	96	var 	25.7916666667
286	9	Re5	D5	327	327	1	16	227	99	96		25.8333333333
287	9	Do5	C5	318	318	1	4	909	95	96		26.0
288	9	Do5	C5	318	318	1	8	455	99	96	on	26.0833333333
289	9	Re5b3	D5b4	324	323	3	8	1364	95	96		26.3333333333
290	9	Re5b3	D5b4	324	323	3	16	682	99	96	da 	26.4583333333
291	9	Do5	C5	318	318	1	16	227	95	96		26.5
292	9	Do5	C5	318	318	3	16	682	99	96	di	26.625
293	9	Si4b2	B4b1	312	313	1	16	227	95	96		26.6666666667
294	9	Si4b2	B4b1	312	313	1	16	227	99	96	yor	26.7083333333
295	9	La4	A4	305	305	1	16	227	99	96		26.75
296	9	La4	A4	305	305	1	8	455	99	96		26.8333333333
297	9	Mi5	E5	336	336	1	16	227	99	96		26.875
298	9	Re5b3	D5b4	324	323	1	16	227	99	96		26.9166666667
299	9	Re5b3	D5b4	324	323	1	16	227	99	96		26.9583333333
300	9	Do5	C5	318	318	1	16	227	95	96		27.0
301	9	Si4b2	B4b1	312	313	1	8	455	95	96	dum  	27.0833333333
302	9	Do5	C5	318	318	3	8	1364	95	96	SAZ	27.3333333333
303	9	Do5	C5	318	318	1	16	227	95	96	.	27.375
304	9	Re5b3	D5b4	324	323	1	16	227	95	96	.	27.4166666667
305	9	Do5	C5	318	318	1	16	227	95	96	.	27.4583333333
306	9	Si4b2	B4b1	312	313	1	16	227	95	96	.	27.5
307	9	Si4b2	B4b1	312	313	1	16	227	95	96	.	27.5416666667
308	9	La4	A4	305	305	1	16	227	95	96	.	27.5833333333
309	9	La4	A4	305	305	1	16	227	95	96	.	27.625
310	9	Si4b2	B4b1	312	313	1	16	227	95	96	.	27.6666666667
311	9	Do5	C5	318	318	3	16	682	95	96	.	27.7916666667
312	9	Re5b3	D5b4	324	323	1	16	227	95	96	.	27.8333333333
313	9	Do5	C5	318	318	1	16	227	95	96	.	27.875
314	9	Si4b2	B4b1	312	313	1	16	227	95	96	.	27.9166666667
315	9	Do5	C5	318	318	1	8	455	95	96	.	28.0
316	9	Mi5	E5	336	336	1	4	909	95	96	Kim	28.1666666667
317	9	Fa5	F5	340	340	3	16	682	99	96	dir 	28.2916666667
318	9	Mi5	E5	336	336	1	16	227	95	96		28.3333333333
319	9	Mi5	E5	336	336	3	16	682	99	96	o 	28.4583333333
320	9	Re5b3	D5b4	324	323	1	16	227	95	96		28.5
321	9	Re5b3	D5b4	324	323	1	8	455	99	96	na	28.5833333333
322	9	Mi5	E5	336	336	1	16	227	99	96		28.625
323	9	Re5b3	D5b4	324	323	1	16	227	95	96		28.6666666667
324	9	Re5b3	D5b4	324	323	1	4	909	99	96	sıl	28.8333333333
325	9	Do5	C5	318	318	1	8	455	99	96		28.9166666667
326	9	Si4b2	B4b1	312	313	1	32	114	99	96		28.9375
327	9	La4	A4	305	305	1	32	114	99	96		28.9583333333
328	9	Si4b2	B4b1	312	313	1	16	227	95	96		29.0
329	9	Do5	C5	318	318	1	4	909	99	96	dır 	29.1666666667
330	9	Re5b3	D5b4	324	323	1	16	227	99	96		29.2083333333
331	9	Mi5	E5	336	336	1	16	227	99	96		29.25
332	9	Re5b3	D5b4	324	323	1	16	227	99	96		29.2916666667
333	9	Do5	C5	318	318	1	16	227	95	96		29.3333333333
334	9	Si4b2	B4b1	312	313	1	4	909	95	96	di	29.5
335	9	Do5	C5	318	318	1	8	455	99	96	ye 	29.5833333333
336	9	Si4b2	B4b1	312	313	1	16	227	99	96		29.625
337	9	La4	A4	305	305	1	16	227	95	96		29.6666666667
338	9	La4	A4	305	305	1	2	1818	95	96	rüz	30.0
339	9	La4	A4	305	305	1	8	455	99	96	gâr	30.0833333333
340	9	Si4b2	B4b1	312	313	1	16	227	99	96		30.125
341	9	La4	A4	305	305	1	16	227	99	96		30.1666666667
342	9	Sol4	G4	296	296	1	4	909	95	96		30.3333333333
343	9	La4	A4	305	305	1	8	455	99	96	la	30.4166666667
344	9	Si4b2	B4b1	312	313	1	8	455	95	96		30.5
345	9	Do5	C5	318	318	1	8	455	99	96	ra 	30.5833333333
346	9	Re5b3	D5b4	324	323	1	8	455	95	96		30.6666666667
347	9	Re5b3	D5b4	324	323	1	16	227	99	96	sor	30.7083333333
348	9	Do5	C5	318	318	1	8	455	99	96		30.7916666667
349	9	Si4b2	B4b1	312	313	1	16	227	99	96		30.8333333333
350	9	La4	A4	305	305	1	8	455	99	96		30.9166666667
351	9	Si4b2	B4b1	312	313	1	16	227	99	96		30.9583333333
352	9	La4	A4	305	305	1	16	227	95	96		31.0
353	9	Si4b2	B4b1	312	313	1	2	1818	95	96	dum  	31.3333333333
354	9	La4	A4	305	305	1	8	455	95	96	SAZ	31.4166666667
355	9	Si4b2	B4b1	312	313	1	8	455	95	96	.	31.5
356	9	Do5	C5	318	318	1	16	227	95	96	.	31.5416666667
357	9	Re5b3	D5b4	324	323	1	16	227	95	96	.	31.5833333333
358	9	Do5	C5	318	318	1	16	227	95	96	.	31.625
359	9	Si4b2	B4b1	312	313	1	16	227	95	96	.	31.6666666667
360	9	Si4b2	B4b1	312	313	3	16	682	95	96	.	31.7916666667
361	9	Do5	C5	318	318	1	16	227	95	96	.	31.8333333333
362	9	Si4b2	B4b1	312	313	1	16	227	95	96	.	31.875
363	9	La4	A4	305	305	1	16	227	95	96	.	31.9166666667
364	9	Si4b2	B4b1	312	313	1	8	455	95	96	.	32.0
365	9	Sol4	G4	296	296	1	4	909	95	96	Kim	32.1666666667
366	9	La4	A4	305	305	1	4	909	95	96	dir 	32.3333333333
367	9	La4	A4	305	305	1	4	909	95	96	o 	32.5
368	9	La4	A4	305	305	3	32	341	99	96	na	32.5625
369	9	Do5	C5	318	318	1	32	114	99	96		32.5833333333
370	9	Si4b2	B4b1	312	313	1	16	227	99	96		32.625
371	9	La4	A4	305	305	1	16	227	95	96		32.6666666667
372	9	Sol4	G4	296	296	1	2	1818	95	96	sıl	33.0
373	9	Mi5	E5	336	336	1	16	227	99	96	dır 	33.0416666667
374	9	Re5	D5	327	327	1	16	227	99	96		33.0833333333
375	9	Re5	D5	327	327	1	16	227	99	96		33.125
376	9	Do5	C5	318	318	1	16	227	99	96		33.1666666667
377	9	Re5	D5	327	327	1	8	455	99	96		33.25
378	9	Mi5	E5	336	336	1	8	455	95	96		33.3333333333
379	9	Do5	C5	318	318	3	16	682	99	96	di	33.4583333333
380	9	Si4b2	B4b1	312	313	1	16	227	95	96		33.5
381	9	La4	A4	305	305	1	4	909	95	96	ye 	33.6666666667
382	9	Si4b2	B4b1	312	313	1	16	227	99	96	rüz	33.7083333333
383	9	La4	A4	305	305	1	16	227	99	96		33.75
384	9	Si4b2	B4b1	312	313	1	4	909	99	96		33.9166666667
385	9	La4	A4	305	305	1	8	455	95	96		34.0
386	9	Do5	C5	318	318	1	8	455	99	96	gâr	34.0833333333
387	9	Re5b3	D5b4	324	323	3	8	1364	95	96		34.3333333333
388	9	Re5b3	D5b4	324	323	3	16	682	99	96	la	34.4583333333
389	9	Do5	C5	318	318	1	16	227	95	96		34.5
390	9	Do5	C5	318	318	1	4	909	95	96	ra 	34.6666666667
391	9	Re5b3	D5b4	324	323	1	16	227	99	96	sor	34.7083333333
392	9	Do5	C5	318	318	1	16	227	99	96		34.75
393	9	Si4b2	B4b1	312	313	1	16	227	99	96		34.7916666667
394	9	La4	A4	305	305	1	16	227	99	96		34.8333333333
395	9	Si4b2	B4b1	312	313	1	8	455	99	96		34.9166666667
396	9	Do5	C5	318	318	1	8	455	95	96		35.0
397	9	La4	A4	305	305	1	2	1818	95	96	KARAR	35.3333333333
398	9	La4	A4	305	305	3	16	682	95	96		35.4583333333
399	9	Sol4	G4	296	296	1	16	227	95	96		35.5
400	9	Do5	C5	318	318	1	8	455	95	96		35.5833333333
401	9	Si4b2	B4b1	312	313	1	16	227	95	96		35.625
402	9	La4	A4	305	305	1	16	227	95	96		35.6666666667
403	9	La4	A4	305	305	1	2	1818	95	96		36.0
