Sira	Kod	Nota53	NotaAE	Koma53	KomaAE	Pay	Payda	Ms	LNS	Bas	Soz1	Offset
1	51			0	0	10	4	0	31	0	Ağır Aksaksemâî	0.0
2	9	Sol4	G4	296	296	1	4	1463	99	96		0.1
3	9	Sol4	G4	296	296	1	16	366	99	96		0.125
4	9	Fa5	F5	340	340	1	16	366	99	96		0.15
5	9	Mi5b1	E5b1	335	335	1	16	366	99	96		0.175
6	9	Re5	D5	327	327	1	16	366	95	96		0.2
7	9	Do5	C5	318	318	3	32	549	99	96		0.2375
8	9	Si4b1	B4b1	313	313	1	32	183	99	96		0.25
9	9	La4#4	A4#4	309	309	1	16	366	99	96		0.275
10	9	Si4b1	B4b1	313	313	1	16	366	99	96		0.3
11	9	La4#4	A4#4	309	309	1	8	732	95	96		0.35
12	9	Si4b1	B4b1	313	313	1	16	366	99	96		0.375
13	9	Do5	C5	318	318	1	16	366	99	96		0.4
14	9	Re5	D5	327	327	1	8	732	99	96		0.45
15	9	Do5	C5	318	318	1	16	366	99	96		0.475
16	9	Si4b1	B4b1	313	313	1	16	366	99	96		0.5
17	8	Do5	C5	318	318	0	0	0	99	96		0.5
18	9	Si4b1	B4b1	313	313	3	32	549	99	96		0.5375
19	9	La4#4	A4#4	309	309	1	32	183	99	96		0.55
20	9	Sol4	G4	296	296	1	8	732	95	96		0.6
21	9	Fa5	F5	340	340	1	8	732	95	96		0.65
22	9	Mi5b1	E5b1	335	335	1	16	366	99	96		0.675
23	9	Re5	D5	327	327	1	16	366	95	96		0.7
24	9	Re5	D5	327	327	1	8	732	99	96		0.75
25	8	Mi5b1	E5b1	335	335	0	0	0	99	96		0.75
26	9	Re5	D5	327	327	1	16	366	99	96		0.775
27	9	Do5	C5	318	318	1	16	366	99	96		0.8
28	9	Do5	C5	318	318	1	32	183	99	96		0.8125
29	9	Si4b1	B4b1	313	313	1	32	183	99	96		0.825
30	9	Do5	C5	318	318	1	32	183	99	96		0.8375
31	9	Re5	D5	327	327	1	32	183	99	96		0.85
32	9	Do5	C5	318	318	1	16	366	99	96		0.875
33	9	Si4b1	B4b1	313	313	1	16	366	99	96		0.9
34	9	Si4b1	B4b1	313	313	1	4	1463	95	96		1.0
35	9	Es	Es	-1	-1	1	16	366	100	0		1.025
36	9	Sol4	G4	296	296	1	8	732	99	96		1.075
37	9	Fa5	F5	340	340	1	16	366	99	96		1.1
38	9	Mi5b1	E5b1	335	335	1	8	732	99	96		1.15
39	9	Re5	D5	327	327	1	16	366	99	96		1.175
40	9	Do5	C5	318	318	1	16	366	99	96		1.2
41	9	Si4b1	B4b1	313	313	1	16	366	99	96		1.225
42	9	La4	A4	305	305	1	16	366	99	96		1.25
43	9	Sol4	G4	296	296	1	8	732	95	96		1.3
44	9	Si4b1	B4b1	313	313	1	8	732	99	96		1.35
45	9	Do5	C5	318	318	1	8	732	99	96		1.4
46	9	Do5	C5	318	318	1	32	183	99	96		1.4125
47	9	Si4b1	B4b1	313	313	1	32	183	99	96		1.425
48	9	Do5	C5	318	318	1	32	183	99	96		1.4375
49	9	Re5	D5	327	327	1	32	183	99	96		1.45
50	9	Do5	C5	318	318	1	16	366	99	96		1.475
51	9	Si4b1	B4b1	313	313	1	16	366	99	96		1.5
52	9	Si4b1	B4b1	313	313	1	16	366	99	96		1.525
53	9	La4	A4	305	305	1	16	366	99	96		1.55
54	9	Sol4	G4	296	296	1	8	732	95	96		1.6
55	9	La4	A4	305	305	1	8	732	95	96		1.65
56	9	Si4b4	B4b4	310	310	1	8	732	95	96		1.7
57	9	La4	A4	305	305	1	32	183	99	96		1.7125
58	9	Sol4	G4	296	296	1	32	183	99	96		1.725
59	9	Fa4#4	F4#4	291	291	1	32	183	99	96		1.7375
60	9	Mi4	E4	283	283	1	32	183	99	96		1.75
61	9	Fa4#4	F4#4	291	291	1	16	366	99	96		1.775
62	9	Sol4	G4	296	296	1	16	366	99	96		1.8
63	9	Fa4#4	F4#4	291	291	1	16	366	99	96		1.825
64	9	Sol4	G4	296	296	1	32	183	99	96		1.8375
65	9	La4	A4	305	305	1	32	183	99	96		1.85
66	9	Sol4	G4	296	296	1	16	366	99	96		1.875
67	9	Fa4#4	F4#4	291	291	1	16	366	99	96		1.9
68	9	Fa4#4	F4#4	291	291	3	32	549	99	96		1.9375
69	9	Mi4	E4	283	283	1	32	183	99	96		1.95
70	9	Re4	D4	274	274	1	8	732	95	96		2.0
71	9	Re4	D4	274	274	1	8	732	99	96		2.05
72	9	Sol4	G4	296	296	1	16	366	99	96		2.075
73	9	Fa4#4	F4#4	291	291	1	16	366	99	96		2.1
74	9	Sol4	G4	296	296	1	8	732	99	96		2.15
75	9	Si4b1	B4b1	313	313	1	16	366	99	96		2.175
76	9	La4#4	A4#4	309	309	1	16	366	99	96		2.2
77	9	Si4b1	B4b1	313	313	1	4	1463	95	96		2.3
78	9	Es	Es	-1	-1	1	8	732	100	0		2.35
79	9	Si4b1	B4b1	313	313	1	16	366	99	96		2.375
80	9	Do5	C5	318	318	1	16	366	99	96		2.4
81	9	Re5	D5	327	327	1	16	366	99	96		2.425
82	9	Mi5b1	E5b1	335	335	1	16	366	99	96		2.45
83	9	Fa5#4	F5#4	344	344	1	16	366	99	96		2.475
84	9	Sol5	G5	349	349	1	32	183	99	96		2.4875
85	9	La5	A5	358	358	1	32	183	99	96		2.5
86	9	Sol5	G5	349	349	1	16	366	99	96		2.525
87	9	Fa5#4	F5#4	344	344	1	8	732	99	96		2.575
88	9	Sol5	G5	349	349	1	16	366	99	96		2.6
89	9	Fa5#4	F5#4	344	344	1	16	366	99	96		2.625
90	9	Sol5	G5	349	349	1	16	366	99	96		2.65
91	9	Fa5#4	F5#4	344	344	1	16	366	95	96		2.675
92	9	Sol5	G5	349	349	1	16	366	95	96		2.7
93	9	Sol5	G5	349	349	3	32	549	99	96		2.7375
94	9	Fa5#4	F5#4	344	344	1	32	183	99	96		2.75
95	9	Fa5#4	F5#4	344	344	1	8	732	99	96		2.8
96	9	Fa5#4	F5#4	344	344	1	8	732	99	96		2.85
97	8	Sol5	G5	349	349	0	0	0	99	96		2.85
98	9	Fa5#4	F5#4	344	344	1	16	366	99	96		2.875
99	9	Mi5b1	E5b1	335	335	1	16	366	99	96		2.9
100	9	Mi5b1	E5b1	335	335	1	32	183	99	96		2.9125
101	9	Re5	D5	327	327	1	32	183	99	96		2.925
102	9	Mi5b1	E5b1	335	335	1	32	183	99	96		2.9375
103	9	Fa5#4	F5#4	344	344	1	32	183	99	96		2.95
104	9	Mi5b1	E5b1	335	335	1	16	366	99	96		2.975
105	9	Re5	D5	327	327	1	16	366	95	96		3.0
106	9	Do5	C5	318	318	1	16	366	99	96		3.025
107	9	Re5	D5	327	327	3	16	1098	95	96		3.1
108	9	Es	Es	-1	-1	1	8	732	100	0		3.15
109	9	La5	A5	358	358	3	32	549	99	96		3.1875
110	9	Sol5	G5	349	349	1	32	183	99	96		3.2
111	9	Sol5	G5	349	349	3	32	549	99	96		3.2375
112	9	Fa5	F5	340	340	1	32	183	99	96		3.25
113	9	Fa5	F5	340	340	3	32	549	99	96		3.2875
114	9	Mi5b1	E5b1	335	335	1	32	183	99	96		3.3
115	9	Mi5b1	E5b1	335	335	3	32	549	99	96		3.3375
116	9	Re5	D5	327	327	1	32	183	99	96		3.35
117	9	Do5	C5	318	318	1	16	366	99	96		3.375
118	9	Re5	D5	327	327	1	16	366	99	96		3.4
119	9	Mi5b1	E5b1	335	335	1	8	732	99	96		3.45
120	9	Sol5	G5	349	349	3	32	549	99	96		3.4875
121	9	Fa5	F5	340	340	1	32	183	99	96		3.5
122	9	Fa5	F5	340	340	3	32	549	99	96		3.5375
123	9	Mi5b1	E5b1	335	335	1	32	183	99	96		3.55
124	9	Mi5b1	E5b1	335	335	3	32	549	99	96		3.5875
125	9	Re5	D5	327	327	1	32	183	99	96		3.6
126	9	Re5	D5	327	327	3	32	549	99	96		3.6375
127	9	Do5	C5	318	318	1	32	183	99	96		3.65
128	9	Si4b1	B4b1	313	313	1	16	366	99	96		3.675
129	9	Re5	D5	327	327	1	16	366	99	96		3.7
130	9	Do5	C5	318	318	1	4	1463	99	96		3.8
131	9	Do5	C5	318	318	1	32	183	99	96		3.8125
132	9	Si4b1	B4b1	313	313	1	32	183	99	96		3.825
133	9	Do5	C5	318	318	1	32	183	99	96		3.8375
134	9	Re5	D5	327	327	1	32	183	99	96		3.85
135	9	Do5	C5	318	318	1	16	366	99	96		3.875
136	9	Si4b1	B4b1	313	313	1	16	366	99	96		3.9
137	9	Si4b1	B4b1	313	313	1	4	1463	95	96		4.0
138	9	Si4b1	B4b1	313	313	1	4	1463	99	96		4.1
139	9	Sol5	G5	349	349	1	8	732	99	96		4.15
140	9	Fa5#4	F5#4	344	344	1	16	366	99	96		4.175
141	9	Mi5#4	E5#4	340	340	1	16	366	95	96		4.2
142	9	Fa5#4	F5#4	344	344	1	8	732	95	96		4.25
143	9	Es	Es	-1	-1	1	8	732	100	0		4.3
144	9	Fa5#4	F5#4	344	344	1	16	366	99	96		4.325
145	9	Mi5#4	E5#4	340	340	1	16	366	99	96		4.35
146	9	Fa5#4	F5#4	344	344	1	16	366	99	96		4.375
147	9	Sol5	G5	349	349	1	16	366	99	96		4.4
148	9	Mi5b1	E5b1	335	335	1	16	366	99	96		4.425
149	9	Fa5#4	F5#4	344	344	1	16	366	99	96		4.45
150	9	Re5	D5	327	327	1	16	366	99	96		4.475
151	9	Mi5b1	E5b1	335	335	1	16	366	99	96		4.5
152	9	Re5	D5	327	327	1	16	366	99	96		4.525
153	9	Do5	C5	318	318	1	16	366	99	96		4.55
154	9	Si4b1	B4b1	313	313	1	16	366	99	96		4.575
155	9	La4	A4	305	305	1	16	366	95	96		4.6
156	9	Si4b1	B4b1	313	313	1	8	732	95	96		4.65
157	9	Do5	C5	318	318	1	16	366	99	96		4.675
158	9	Re5	D5	327	327	1	16	366	95	96		4.7
159	9	Do5	C5	318	318	1	8	732	99	96		4.75
160	9	Re5	D5	327	327	1	8	732	99	96		4.8
161	9	Do5	C5	318	318	1	16	366	99	96		4.825
162	9	Re5	D5	327	327	1	16	366	99	96		4.85
163	9	Mi5b1	E5b1	335	335	1	32	183	99	96		4.8625
164	9	Fa5#4	F5#4	344	344	1	32	183	99	96		4.875
165	9	Mi5b1	E5b1	335	335	1	32	183	99	96		4.8875
166	9	Re5	D5	327	327	1	32	183	99	96		4.9
167	9	Re5	D5	327	327	1	4	1463	95	96		5.0
168	9	Es	Es	-1	-1	1	16	366	100	0		5.025
169	9	Re5	D5	327	327	1	8	732	99	96		5.075
170	9	Mi5b1	E5b1	335	335	1	16	366	99	96		5.1
171	9	Fa5	F5	340	340	1	8	732	99	96		5.15
172	9	Sol5	G5	349	349	1	16	366	99	96		5.175
173	9	La5	A5	358	358	1	16	366	99	96		5.2
174	9	La5	A5	358	358	3	32	549	99	96		5.2375
175	9	Sol5	G5	349	349	1	32	183	99	96		5.25
176	9	Fa5	F5	340	340	1	16	366	99	96		5.275
177	9	Sol5	G5	349	349	1	16	366	99	96		5.3
178	9	Fa5	F5	340	340	1	8	732	99	96		5.35
179	9	Sol5	G5	349	349	1	8	732	95	96		5.4
180	9	Es	Es	-1	-1	1	8	732	100	0		5.45
181	9	Fa5	F5	340	340	1	16	366	99	96		5.475
182	9	Sol5	G5	349	349	1	16	366	99	96		5.5
183	9	La5	A5	358	358	1	16	366	99	96		5.525
184	9	Si5b5	B5b5	362	362	1	32	183	99	96		5.5375
185	9	Do6	C6	371	371	1	32	183	99	96		5.55
186	9	La5	A5	358	358	1	16	366	99	96		5.575
187	9	Sol5	G5	349	349	1	16	366	95	96		5.6
188	9	Sol5	G5	349	349	1	16	366	99	96		5.625
189	9	La5	A5	358	358	1	16	366	95	96		5.65
190	9	Sol5	G5	349	349	1	16	366	99	96		5.675
191	9	Fa5	F5	340	340	1	16	366	95	96		5.7
192	9	Fa5	F5	340	340	1	16	366	99	96		5.725
193	9	Sol5	G5	349	349	1	16	366	99	96		5.75
194	9	Fa5	F5	340	340	1	16	366	99	96		5.775
195	9	Mi5b1	E5b1	335	335	1	16	366	99	96		5.8
196	9	Mi5b1	E5b1	335	335	1	16	366	99	96		5.825
197	9	Re5	D5	327	327	1	16	366	99	96		5.85
198	9	Fa5	F5	340	340	1	16	366	99	96		5.875
199	9	Mi5b1	E5b1	335	335	1	32	183	99	96		5.8875
200	9	Re5	D5	327	327	1	32	183	99	96		5.9
201	9	Re5	D5	327	327	1	4	1463	95	96		6.0
202	9	Es	Es	-1	-1	1	16	366	100	0		6.025
203	9	Re5	D5	327	327	1	8	732	99	96		6.075
204	9	La5	A5	358	358	1	16	366	99	96		6.1
205	9	La5	A5	358	358	3	32	549	99	96		6.1375
206	9	Sol5	G5	349	349	1	32	183	99	96		6.15
207	9	Sol5	G5	349	349	3	32	549	99	96		6.1875
208	9	Fa5	F5	340	340	1	32	183	99	96		6.2
209	8	Fa5	F5	340	340	0	0	0	99	96		6.2
210	9	Mi5b1	E5b1	335	335	3	32	549	99	96		6.2375
211	9	Re5	D5	327	327	1	32	183	99	96		6.25
212	9	Do5	C5	318	318	1	16	366	99	96		6.275
213	9	Re5	D5	327	327	1	16	366	99	96		6.3
214	9	Mi5b1	E5b1	335	335	1	32	183	99	96		6.3125
215	9	Fa5	F5	340	340	1	32	183	99	96		6.325
216	9	Mi5b1	E5b1	335	335	1	32	183	99	96		6.3375
217	9	Re5	D5	327	327	1	32	183	99	96		6.35
218	9	Mi5b1	E5b1	335	335	1	8	732	95	96		6.4
219	9	Es	Es	-1	-1	1	8	732	100	0		6.45
220	9	Sol5	G5	349	349	3	32	549	99	96		6.4875
221	9	Fa5	F5	340	340	1	32	183	99	96		6.5
222	9	Fa5	F5	340	340	3	32	549	99	96		6.5375
223	9	Mi5b1	E5b1	335	335	1	32	183	99	96		6.55
224	9	Mi5b1	E5b1	335	335	3	32	549	99	96		6.5875
225	9	Re5	D5	327	327	1	32	183	99	96		6.6
226	9	Re5	D5	327	327	3	16	1098	95	96		6.675
227	9	Mi5b1	E5b1	335	335	1	16	366	95	96		6.7
228	9	Re5	D5	327	327	3	32	549	99	96		6.7375
229	9	Do5	C5	318	318	1	32	183	99	96		6.75
230	9	Si4b1	B4b1	313	313	1	16	366	99	96		6.775
231	9	Re5	D5	327	327	1	16	366	99	96		6.8
232	9	Do5	C5	318	318	1	16	366	99	96		6.825
233	9	Re5	D5	327	327	1	32	183	99	96		6.8375
234	9	Mi5b1	E5b1	335	335	1	32	183	99	96		6.85
235	9	Re5	D5	327	327	1	16	366	99	96		6.875
236	9	Do5	C5	318	318	1	16	366	99	96		6.9
237	9	Do5	C5	318	318	1	8	732	99	96		6.95
238	8	Re5	D5	327	327	0	0	0	99	96		6.95
239	9	Do5	C5	318	318	1	16	366	99	96		6.975
240	9	Si4b1	B4b1	313	313	1	16	366	95	96		7.0
241	9	Es	Es	-1	-1	1	8	732	100	0		7.05
242	9	Si4b1	B4b1	313	313	1	16	366	99	96		7.075
243	9	Re5	D5	327	327	1	16	366	99	96		7.1
244	9	Do5	C5	318	318	1	8	732	99	96		7.15
245	9	Re5	D5	327	327	1	16	366	99	96		7.175
246	9	Mi5b1	E5b1	335	335	1	16	366	99	96		7.2
247	9	Re5	D5	327	327	1	8	732	99	96		7.25
248	9	Do5	C5	318	318	1	16	366	99	96		7.275
249	9	Si4b1	B4b1	313	313	1	16	366	95	96		7.3
250	9	Es	Es	-1	-1	1	8	732	100	0		7.35
251	9	Si4b1	B4b1	313	313	1	16	366	99	96		7.375
252	9	Do5	C5	318	318	1	16	366	99	96		7.4
253	9	Re5	D5	327	327	1	16	366	99	96		7.425
254	9	Mi5b1	E5b1	335	335	1	16	366	99	96		7.45
255	9	Fa5	F5	340	340	1	16	366	99	96		7.475
256	9	Mi5b1	E5b1	335	335	1	16	366	99	96		7.5
257	9	Mi5b1	E5b1	335	335	3	32	549	99	96		7.5375
258	9	Re5	D5	327	327	1	32	183	99	96		7.55
259	9	Re5	D5	327	327	3	32	549	99	96		7.5875
260	9	Do5	C5	318	318	1	32	183	99	96		7.6
261	9	Do5	C5	318	318	3	32	549	99	96		7.6375
262	9	Si4b1	B4b1	313	313	1	32	183	99	96		7.65
263	9	La4#4	A4#4	309	309	1	16	366	99	96		7.675
264	9	Si4b1	B4b1	313	313	1	16	366	99	96		7.7
265	9	La4#4	A4#4	309	309	1	16	366	99	96		7.725
266	9	Si4b1	B4b1	313	313	1	16	366	99	96		7.75
267	9	Do5	C5	318	318	1	32	183	99	96		7.7625
268	9	Re5	D5	327	327	1	32	183	99	96		7.775
269	9	Do5	C5	318	318	1	32	183	99	96		7.7875
270	9	Si4b1	B4b1	313	313	1	32	183	99	96		7.8
271	9	Si4b1	B4b1	313	313	3	8	2195	95	96		7.95
272	9	Es	Es	-1	-1	1	8	732	100	0		8.0
273	9	Sol5	G5	349	349	1	4	1463	99	96		8.1
274	9	Sol5	G5	349	349	1	16	366	99	96		8.125
275	9	Do6	C6	371	371	1	16	366	99	96		8.15
276	9	Si5b1	B5b1	366	366	1	16	366	99	96		8.175
277	9	La5#4	A5#4	362	362	1	16	366	95	96		8.2
278	9	Si5b1	B5b1	366	366	1	8	732	95	96		8.25
279	9	Es	Es	-1	-1	1	8	732	100	0		8.3
280	9	Si5b1	B5b1	366	366	1	16	366	95	96		8.325
281	9	La5#4	A5#4	362	362	1	16	366	95	96		8.35
282	9	Si5b1	B5b1	366	366	1	16	366	95	96		8.375
283	9	Do6	C6	371	371	1	16	366	95	96		8.4
284	9	Si5b1	B5b1	366	366	1	16	366	99	96		8.425
285	9	La5#4	A5#4	362	362	1	16	366	99	96		8.45
286	9	Sol5	G5	349	349	1	16	366	99	96		8.475
287	9	Fa5#4	F5#4	344	344	1	16	366	99	96		8.5
288	9	Fa5#4	F5#4	344	344	1	16	366	99	96		8.525
289	9	Mi5	E5	336	336	1	16	366	99	96		8.55
290	9	Re5	D5	327	327	1	8	732	95	96		8.6
291	9	Mi5	E5	336	336	1	8	732	95	96		8.65
292	9	Fa5#4	F5#4	344	344	1	8	732	95	96		8.7
293	9	Sol5	G5	349	349	3	16	1098	99	96		8.775
294	9	La5	A5	358	358	1	16	366	99	96		8.8
295	9	Si5b1	B5b1	366	366	1	8	732	99	96		8.85
296	9	La5	A5	358	358	1	16	366	99	96		8.875
297	9	Sol5	G5	349	349	1	16	366	99	96		8.9
298	9	Sol5	G5	349	349	1	4	1463	95	96		9.0
299	9	Re5	D5	327	327	1	8	732	99	96		9.05
300	9	Do5	C5	318	318	1	16	366	99	96		9.075
301	9	Si4b1	B4b1	313	313	1	16	366	99	96		9.1
302	9	La4	A4	305	305	1	32	183	99	96		9.1125
303	9	Si4b1	B4b1	313	313	1	32	183	99	96		9.125
304	9	Do5	C5	318	318	1	16	366	99	96		9.15
305	9	Si4b1	B4b1	313	313	1	16	366	99	96		9.175
306	9	La4	A4	305	305	1	16	366	99	96		9.2
307	9	Sol4	G4	296	296	1	4	1463	95	96		9.3
308	9	Si5b1	B5b1	366	366	1	8	732	99	96		9.35
309	9	Do6	C6	371	371	1	8	732	99	96		9.4
310	9	Do6	C6	371	371	1	16	366	99	96		9.425
311	9	Re6	D6	380	380	1	16	366	99	96		9.45
312	9	Do6	C6	371	371	1	16	366	99	96		9.475
313	9	Si5b1	B5b1	366	366	1	16	366	99	96		9.5
314	9	Si5b1	B5b1	366	366	1	16	366	99	96		9.525
315	9	Do6	C6	371	371	1	16	366	99	96		9.55
316	9	Si5b1	B5b1	366	366	1	16	366	99	96		9.575
317	9	La5	A5	358	358	1	16	366	95	96		9.6
318	9	La5	A5	358	358	1	8	732	95	96		9.65
319	9	La5	A5	358	358	1	8	732	95	96		9.7
320	9	Sol5	G5	349	349	1	8	732	99	96		9.75
321	9	La5	A5	358	358	1	16	366	99	96		9.775
322	9	Si5b1	B5b1	366	366	1	16	366	99	96		9.8
323	9	La5	A5	358	358	1	16	366	99	96		9.825
324	9	Si5b1	B5b1	366	366	1	8	732	99	96		9.875
325	9	La5	A5	358	358	1	32	183	99	96		9.8875
326	9	Sol5	G5	349	349	1	32	183	99	96		9.9
327	9	Sol5	G5	349	349	1	4	1463	95	96		10.0
328	9	Es	Es	-1	-1	1	16	366	100	0		10.025
329	9	Re5	D5	327	327	1	8	732	99	96		10.075
330	9	Mi5b1	E5b1	335	335	1	16	366	99	96		10.1
331	9	Fa5	F5	340	340	1	8	732	99	96		10.15
332	9	Sol5	G5	349	349	1	16	366	99	96		10.175
333	9	La5	A5	358	358	1	16	366	99	96		10.2
334	9	La5	A5	358	358	3	32	549	99	96		10.2375
335	9	Sol5	G5	349	349	1	32	183	99	96		10.25
336	9	Fa5	F5	340	340	1	16	366	99	96		10.275
337	9	Sol5	G5	349	349	1	16	366	99	96		10.3
338	9	Fa5	F5	340	340	1	8	732	99	96		10.35
339	9	Sol5	G5	349	349	1	8	732	95	96		10.4
340	9	Es	Es	-1	-1	1	8	732	100	0		10.45
341	9	Fa5	F5	340	340	1	16	366	99	96		10.475
342	9	Sol5	G5	349	349	1	16	366	99	96		10.5
343	9	La5	A5	358	358	1	16	366	99	96		10.525
344	9	Si5b5	B5b5	362	362	1	32	183	99	96		10.5375
345	9	Do6	C6	371	371	1	32	183	99	96		10.55
346	9	La5	A5	358	358	1	16	366	99	96		10.575
347	9	Sol5	G5	349	349	1	16	366	99	96		10.6
348	9	Sol5	G5	349	349	1	16	366	99	96		10.625
349	9	Fa5	F5	340	340	1	16	366	99	96		10.65
350	8	Sol5	G5	349	349	0	0	0	99	96		10.65
351	9	Fa5	F5	340	340	1	16	366	95	96		10.675
352	9	Sol5	G5	349	349	1	16	366	95	96		10.7
353	9	Sol5	G5	349	349	3	32	549	99	96		10.7375
354	9	Fa5	F5	340	340	1	32	183	99	96		10.75
355	9	Fa5	F5	340	340	1	8	732	99	96		10.8
356	9	Fa5	F5	340	340	1	8	732	99	96		10.85
357	9	Fa5	F5	340	340	1	16	366	99	96		10.875
358	9	Mi5b1	E5b1	335	335	1	16	366	99	96		10.9
359	9	Mi5b1	E5b1	335	335	1	32	183	99	96		10.9125
360	9	Re5	D5	327	327	1	32	183	99	96		10.925
361	9	Mi5b1	E5b1	335	335	1	32	183	99	96		10.9375
362	9	Fa5	F5	340	340	1	32	183	99	96		10.95
363	9	Mi5b1	E5b1	335	335	1	16	366	99	96		10.975
364	9	Re5	D5	327	327	1	16	366	95	96		11.0
365	9	Do5	C5	318	318	1	16	366	99	96		11.025
366	9	Re5	D5	327	327	3	16	1098	95	96		11.1
367	9	Es	Es	-1	-1	1	8	732	100	0		11.15
368	9	La5	A5	358	358	3	32	549	99	96		11.1875
369	9	Sol5	G5	349	349	1	32	183	99	96		11.2
370	9	Sol5	G5	349	349	3	32	549	99	96		11.2375
371	9	Fa5	F5	340	340	1	32	183	99	96		11.25
372	9	Fa5	F5	340	340	3	32	549	99	96		11.2875
373	9	Mi5b1	E5b1	335	335	1	32	183	99	96		11.3
374	9	Mi5b1	E5b1	335	335	3	32	549	99	96		11.3375
375	9	Re5	D5	327	327	1	32	183	99	96		11.35
376	9	Do5	C5	318	318	1	16	366	99	96		11.375
377	9	Re5	D5	327	327	1	16	366	99	96		11.4
378	9	Mi5b1	E5b1	335	335	1	8	732	99	96		11.45
379	9	Sol5	G5	349	349	3	32	549	99	96		11.4875
380	9	Fa5	F5	340	340	1	32	183	99	96		11.5
381	9	Fa5	F5	340	340	3	32	549	99	96		11.5375
382	9	Mi5b1	E5b1	335	335	1	32	183	99	96		11.55
383	9	Mi5b1	E5b1	335	335	3	32	549	99	96		11.5875
384	9	Re5	D5	327	327	1	32	183	99	96		11.6
385	9	Re5	D5	327	327	3	32	549	99	96		11.6375
386	9	Do5	C5	318	318	1	32	183	99	96		11.65
387	9	Si4b1	B4b1	313	313	1	16	366	99	96		11.675
388	9	Re5	D5	327	327	1	16	366	99	96		11.7
389	9	Do5	C5	318	318	1	4	1463	99	96		11.8
390	9	Do5	C5	318	318	1	32	183	99	96		11.8125
391	9	Si4b1	B4b1	313	313	1	32	183	99	96		11.825
392	9	Do5	C5	318	318	1	32	183	99	96		11.8375
393	9	Re5	D5	327	327	1	32	183	99	96		11.85
394	9	Do5	C5	318	318	1	16	366	99	96		11.875
395	9	Si4b1	B4b1	313	313	1	16	366	99	96		11.9
396	9	Si4b1	B4b1	313	313	1	4	1463	95	96		12.0
397	9	Si4b1	B4b1	313	313	1	4	1463	99	96		12.1
398	9	Sol5	G5	349	349	1	8	732	99	96		12.15
399	9	Fa5#4	F5#4	344	344	1	16	366	99	96		12.175
400	9	Mi5#4	E5#4	340	340	1	16	366	95	96		12.2
401	9	Fa5#4	F5#4	344	344	1	8	732	95	96		12.25
402	9	Es	Es	-1	-1	1	8	732	100	0		12.3
403	9	Fa5#4	F5#4	344	344	1	16	366	99	96		12.325
404	9	Mi5#4	E5#4	340	340	1	16	366	99	96		12.35
405	9	Fa5#4	F5#4	344	344	1	16	366	99	96		12.375
406	9	Sol5	G5	349	349	1	16	366	99	96		12.4
407	9	Mi5b1	E5b1	335	335	1	16	366	99	96		12.425
408	9	Fa5#4	F5#4	344	344	1	16	366	99	96		12.45
409	9	Re5	D5	327	327	1	16	366	99	96		12.475
410	9	Mi5b1	E5b1	335	335	1	16	366	99	96		12.5
411	9	Re5	D5	327	327	1	16	366	99	96		12.525
412	9	Do5	C5	318	318	1	16	366	99	96		12.55
413	9	Si4b1	B4b1	313	313	1	16	366	99	96		12.575
414	9	La4	A4	305	305	1	16	366	95	96		12.6
415	9	Si4b1	B4b1	313	313	1	8	732	95	96		12.65
416	9	Do5	C5	318	318	1	16	366	99	96		12.675
417	9	Re5	D5	327	327	1	16	366	95	96		12.7
418	9	Do5	C5	318	318	1	8	732	99	96		12.75
419	9	Re5	D5	327	327	1	8	732	99	96		12.8
420	9	Do5	C5	318	318	1	16	366	99	96		12.825
421	9	Re5	D5	327	327	1	16	366	99	96		12.85
422	9	Mi5b1	E5b1	335	335	1	32	183	99	96		12.8625
423	9	Fa5#4	F5#4	344	344	1	32	183	99	96		12.875
424	9	Mi5b1	E5b1	335	335	1	32	183	99	96		12.8875
425	9	Re5	D5	327	327	1	32	183	99	96		12.9
426	9	Re5	D5	327	327	1	4	1463	95	96		13.0
427	9	Es	Es	-1	-1	1	16	366	100	0		13.025
428	9	Re5	D5	327	327	1	8	732	99	96		13.075
429	9	Mi5b1	E5b1	335	335	1	16	366	99	96		13.1
430	9	Fa5	F5	340	340	1	8	732	99	96		13.15
431	9	Sol5	G5	349	349	1	16	366	99	96		13.175
432	9	La5	A5	358	358	1	16	366	99	96		13.2
433	9	La5	A5	358	358	3	32	549	99	96		13.2375
434	9	Sol5	G5	349	349	1	32	183	99	96		13.25
435	9	Fa5	F5	340	340	1	16	366	99	96		13.275
436	9	Sol5	G5	349	349	1	16	366	99	96		13.3
437	9	Fa5	F5	340	340	1	8	732	99	96		13.35
438	9	Sol5	G5	349	349	1	8	732	95	96		13.4
439	9	Es	Es	-1	-1	1	8	732	100	0		13.45
440	9	Fa5	F5	340	340	1	16	366	99	96		13.475
441	9	Sol5	G5	349	349	1	16	366	99	96		13.5
442	9	La5	A5	358	358	1	16	366	99	96		13.525
443	9	Si5b5	B5b5	362	362	1	32	183	99	96		13.5375
444	9	Do6	C6	371	371	1	32	183	99	96		13.55
445	9	La5	A5	358	358	1	16	366	99	96		13.575
446	9	Sol5	G5	349	349	1	16	366	95	96		13.6
447	9	Sol5	G5	349	349	1	16	366	99	96		13.625
448	9	La5	A5	358	358	1	16	366	95	96		13.65
449	9	Sol5	G5	349	349	1	16	366	99	96		13.675
450	9	Fa5	F5	340	340	1	16	366	95	96		13.7
451	9	Fa5	F5	340	340	1	16	366	99	96		13.725
452	9	Sol5	G5	349	349	1	16	366	99	96		13.75
453	9	Fa5	F5	340	340	1	16	366	99	96		13.775
454	9	Mi5b1	E5b1	335	335	1	16	366	99	96		13.8
455	9	Mi5b1	E5b1	335	335	1	16	366	99	96		13.825
456	9	Re5	D5	327	327	1	16	366	99	96		13.85
457	9	Fa5	F5	340	340	1	16	366	99	96		13.875
458	9	Mi5b1	E5b1	335	335	1	32	183	99	96		13.8875
459	9	Re5	D5	327	327	1	32	183	99	96		13.9
460	9	Re5	D5	327	327	1	4	1463	95	96		14.0
461	9	Es	Es	-1	-1	1	16	366	100	0		14.025
462	9	Re5	D5	327	327	1	8	732	99	96		14.075
463	9	La5	A5	358	358	1	16	366	99	96		14.1
464	9	La5	A5	358	358	3	32	549	99	96		14.1375
465	9	Sol5	G5	349	349	1	32	183	99	96		14.15
466	9	Sol5	G5	349	349	3	32	549	99	96		14.1875
467	9	Fa5	F5	340	340	1	32	183	99	96		14.2
468	8	Fa5	F5	340	340	0	0	0	99	96		14.2
469	9	Mi5b1	E5b1	335	335	3	32	549	99	96		14.2375
470	9	Re5	D5	327	327	1	32	183	99	96		14.25
471	9	Do5	C5	318	318	1	16	366	99	96		14.275
472	9	Re5	D5	327	327	1	16	366	99	96		14.3
473	9	Mi5b1	E5b1	335	335	1	32	183	99	96		14.3125
474	9	Fa5	F5	340	340	1	32	183	99	96		14.325
475	9	Mi5b1	E5b1	335	335	1	32	183	99	96		14.3375
476	9	Re5	D5	327	327	1	32	183	99	96		14.35
477	9	Mi5b1	E5b1	335	335	1	8	732	95	96		14.4
478	9	Es	Es	-1	-1	1	8	732	100	0		14.45
479	9	Sol5	G5	349	349	3	32	549	99	96		14.4875
480	9	Fa5	F5	340	340	1	32	183	99	96		14.5
481	9	Fa5	F5	340	340	3	32	549	99	96		14.5375
482	9	Mi5b1	E5b1	335	335	1	32	183	99	96		14.55
483	9	Mi5b1	E5b1	335	335	3	32	549	99	96		14.5875
484	9	Re5	D5	327	327	1	32	183	99	96		14.6
485	9	Re5	D5	327	327	3	16	1098	95	96		14.675
486	9	Mi5b1	E5b1	335	335	1	16	366	95	96		14.7
487	9	Re5	D5	327	327	3	32	549	99	96		14.7375
488	9	Do5	C5	318	318	1	32	183	99	96		14.75
489	9	Si4b1	B4b1	313	313	1	16	366	99	96		14.775
490	9	Re5	D5	327	327	1	16	366	99	96		14.8
491	9	Do5	C5	318	318	1	16	366	99	96		14.825
492	9	Re5	D5	327	327	1	32	183	99	96		14.8375
493	9	Mi5b1	E5b1	335	335	1	32	183	99	96		14.85
494	9	Re5	D5	327	327	1	16	366	99	96		14.875
495	9	Do5	C5	318	318	1	16	366	99	96		14.9
496	9	Do5	C5	318	318	1	8	732	99	96		14.95
497	8	Re5	D5	327	327	0	0	0	99	96		14.95
498	9	Do5	C5	318	318	1	16	366	99	96		14.975
499	9	Si4b1	B4b1	313	313	1	16	366	95	96		15.0
500	9	Es	Es	-1	-1	1	8	732	100	0		15.05
501	9	Si4b1	B4b1	313	313	1	16	366	99	96		15.075
502	9	Re5	D5	327	327	1	16	366	99	96		15.1
503	9	Do5	C5	318	318	1	8	732	99	96		15.15
504	9	Re5	D5	327	327	1	16	366	99	96		15.175
505	9	Mi5b1	E5b1	335	335	1	16	366	99	96		15.2
506	9	Re5	D5	327	327	1	8	732	99	96		15.25
507	9	Do5	C5	318	318	1	16	366	99	96		15.275
508	9	Si4b1	B4b1	313	313	1	16	366	95	96		15.3
509	9	Es	Es	-1	-1	1	8	732	100	0		15.35
510	9	Si4b1	B4b1	313	313	1	16	366	99	96		15.375
511	9	Do5	C5	318	318	1	16	366	99	96		15.4
512	9	Re5	D5	327	327	1	16	366	99	96		15.425
513	9	Mi5b1	E5b1	335	335	1	16	366	99	96		15.45
514	9	Fa5	F5	340	340	1	16	366	99	96		15.475
515	9	Mi5b1	E5b1	335	335	1	16	366	99	96		15.5
516	9	Mi5b1	E5b1	335	335	3	32	549	99	96		15.5375
517	9	Re5	D5	327	327	1	32	183	99	96		15.55
518	9	Re5	D5	327	327	3	32	549	99	96		15.5875
519	9	Do5	C5	318	318	1	32	183	99	96		15.6
520	9	Do5	C5	318	318	3	32	549	99	96		15.6375
521	9	Si4b1	B4b1	313	313	1	32	183	99	96		15.65
522	9	La4#4	A4#4	309	309	1	16	366	99	96		15.675
523	9	Si4b1	B4b1	313	313	1	16	366	99	96		15.7
524	9	La4#4	A4#4	309	309	1	16	366	99	96		15.725
525	9	Si4b1	B4b1	313	313	1	16	366	99	96		15.75
526	9	Do5	C5	318	318	1	32	183	99	96		15.7625
527	9	Re5	D5	327	327	1	32	183	99	96		15.775
528	9	Do5	C5	318	318	1	32	183	99	96		15.7875
529	9	Si4b1	B4b1	313	313	1	32	183	99	96		15.8
530	9	Si4b1	B4b1	313	313	3	8	2195	95	96		15.95
531	9	Es	Es	-1	-1	1	8	732	100	0		16.0
532	9	Sol5	G5	349	349	1	4	1463	99	96		16.1
533	9	Sol5	G5	349	349	1	16	366	99	96		16.125
534	9	Do6	C6	371	371	1	16	366	99	96		16.15
535	9	Si5b1	B5b1	366	366	1	16	366	99	96		16.175
536	9	La5#4	A5#4	362	362	1	16	366	95	96		16.2
537	9	Si5b1	B5b1	366	366	1	8	732	95	96		16.25
538	9	Es	Es	-1	-1	1	8	732	100	0		16.3
539	9	Si5b1	B5b1	366	366	1	16	366	95	96		16.325
540	9	La5#4	A5#4	362	362	1	16	366	95	96		16.35
541	9	Si5b1	B5b1	366	366	1	16	366	95	96		16.375
542	9	Do6	C6	371	371	1	16	366	95	96		16.4
543	9	Si5b1	B5b1	366	366	1	16	366	99	96		16.425
544	9	La5#4	A5#4	362	362	1	16	366	99	96		16.45
545	9	Sol5	G5	349	349	1	16	366	99	96		16.475
546	9	Fa5#4	F5#4	344	344	1	16	366	99	96		16.5
547	9	Fa5#4	F5#4	344	344	1	16	366	99	96		16.525
548	9	Mi5	E5	336	336	1	16	366	99	96		16.55
549	9	Re5	D5	327	327	1	8	732	95	96		16.6
550	9	Mi5	E5	336	336	1	8	732	95	96		16.65
551	9	Fa5#4	F5#4	344	344	1	8	732	95	96		16.7
552	9	Sol5	G5	349	349	3	16	1098	99	96		16.775
553	9	La5	A5	358	358	1	16	366	99	96		16.8
554	9	Si5b1	B5b1	366	366	1	8	732	99	96		16.85
555	9	La5	A5	358	358	1	16	366	99	96		16.875
556	9	Sol5	G5	349	349	1	16	366	99	96		16.9
557	9	Sol5	G5	349	349	1	4	1463	95	96		17.0
558	9	Re5	D5	327	327	1	8	732	99	96		17.05
559	9	Do5	C5	318	318	1	16	366	99	96		17.075
560	9	Si4b1	B4b1	313	313	1	16	366	99	96		17.1
561	9	La4	A4	305	305	1	32	183	99	96		17.1125
562	9	Si4b1	B4b1	313	313	1	32	183	99	96		17.125
563	9	Do5	C5	318	318	1	16	366	99	96		17.15
564	9	Si4b1	B4b1	313	313	1	16	366	99	96		17.175
565	9	La4	A4	305	305	1	16	366	99	96		17.2
566	9	Sol4	G4	296	296	1	4	1463	95	96		17.3
567	9	Si5b1	B5b1	366	366	1	8	732	99	96		17.35
568	9	Do6	C6	371	371	1	8	732	99	96		17.4
569	9	Do6	C6	371	371	1	16	366	99	96		17.425
570	9	Re6	D6	380	380	1	16	366	99	96		17.45
571	9	Do6	C6	371	371	1	16	366	99	96		17.475
572	9	Si5b1	B5b1	366	366	1	16	366	99	96		17.5
573	9	Si5b1	B5b1	366	366	1	16	366	99	96		17.525
574	9	Do6	C6	371	371	1	16	366	99	96		17.55
575	9	Si5b1	B5b1	366	366	1	16	366	99	96		17.575
576	9	La5	A5	358	358	1	16	366	95	96		17.6
577	9	La5	A5	358	358	1	8	732	95	96		17.65
578	9	La5	A5	358	358	1	8	732	95	96		17.7
579	9	Sol5	G5	349	349	1	8	732	99	96		17.75
580	9	La5	A5	358	358	1	16	366	99	96		17.775
581	9	Si5b1	B5b1	366	366	1	16	366	99	96		17.8
582	9	La5	A5	358	358	1	16	366	99	96		17.825
583	9	Si5b1	B5b1	366	366	1	8	732	99	96		17.875
584	9	La5	A5	358	358	1	32	183	99	96		17.8875
585	9	Sol5	G5	349	349	1	32	183	99	96		17.9
586	9	Sol5	G5	349	349	1	4	1463	95	96		18.0
587	9	Es	Es	-1	-1	1	16	366	100	0		18.025
588	9	Re5	D5	327	327	1	8	732	99	96		18.075
589	9	Mi5b1	E5b1	335	335	1	16	366	99	96		18.1
590	9	Fa5	F5	340	340	1	8	732	99	96		18.15
591	9	Sol5	G5	349	349	1	16	366	99	96		18.175
592	9	La5	A5	358	358	1	16	366	99	96		18.2
593	9	La5	A5	358	358	3	32	549	99	96		18.2375
594	9	Sol5	G5	349	349	1	32	183	99	96		18.25
595	9	Fa5	F5	340	340	1	16	366	99	96		18.275
596	9	Sol5	G5	349	349	1	16	366	99	96		18.3
597	9	Fa5	F5	340	340	1	8	732	99	96		18.35
598	9	Sol5	G5	349	349	1	8	732	95	96		18.4
599	9	Es	Es	-1	-1	1	8	732	100	0		18.45
600	9	Fa5	F5	340	340	1	16	366	99	96		18.475
601	9	Sol5	G5	349	349	1	16	366	99	96		18.5
602	9	La5	A5	358	358	1	16	366	99	96		18.525
603	9	Si5b5	B5b5	362	362	1	32	183	99	96		18.5375
604	9	Do6	C6	371	371	1	32	183	99	96		18.55
605	9	La5	A5	358	358	1	16	366	99	96		18.575
606	9	Sol5	G5	349	349	1	16	366	99	96		18.6
607	9	Sol5	G5	349	349	1	16	366	99	96		18.625
608	9	Fa5	F5	340	340	1	16	366	99	96		18.65
609	8	Sol5	G5	349	349	0	0	0	99	96		18.65
610	9	Fa5	F5	340	340	1	16	366	95	96		18.675
611	9	Sol5	G5	349	349	1	16	366	95	96		18.7
612	9	Sol5	G5	349	349	3	32	549	99	96		18.7375
613	9	Fa5	F5	340	340	1	32	183	99	96		18.75
614	9	Fa5	F5	340	340	1	8	732	99	96		18.8
615	9	Fa5	F5	340	340	1	8	732	99	96		18.85
616	9	Fa5	F5	340	340	1	16	366	99	96		18.875
617	9	Mi5b1	E5b1	335	335	1	16	366	99	96		18.9
618	9	Mi5b1	E5b1	335	335	1	32	183	99	96		18.9125
619	9	Re5	D5	327	327	1	32	183	99	96		18.925
620	9	Mi5b1	E5b1	335	335	1	32	183	99	96		18.9375
621	9	Fa5	F5	340	340	1	32	183	99	96		18.95
622	9	Mi5b1	E5b1	335	335	1	16	366	99	96		18.975
623	9	Re5	D5	327	327	1	16	366	95	96		19.0
624	9	Do5	C5	318	318	1	16	366	99	96		19.025
625	9	Re5	D5	327	327	3	16	1098	95	96		19.1
626	9	Es	Es	-1	-1	1	8	732	100	0		19.15
627	9	La5	A5	358	358	3	32	549	99	96		19.1875
628	9	Sol5	G5	349	349	1	32	183	99	96		19.2
629	9	Sol5	G5	349	349	3	32	549	99	96		19.2375
630	9	Fa5	F5	340	340	1	32	183	99	96		19.25
631	9	Fa5	F5	340	340	3	32	549	99	96		19.2875
632	9	Mi5b1	E5b1	335	335	1	32	183	99	96		19.3
633	9	Mi5b1	E5b1	335	335	3	32	549	99	96		19.3375
634	9	Re5	D5	327	327	1	32	183	99	96		19.35
635	9	Do5	C5	318	318	1	16	366	99	96		19.375
636	9	Re5	D5	327	327	1	16	366	99	96		19.4
637	9	Mi5b1	E5b1	335	335	1	8	732	99	96		19.45
638	9	Sol5	G5	349	349	3	32	549	99	96		19.4875
639	9	Fa5	F5	340	340	1	32	183	99	96		19.5
640	9	Fa5	F5	340	340	3	32	549	99	96		19.5375
641	9	Mi5b1	E5b1	335	335	1	32	183	99	96		19.55
642	9	Mi5b1	E5b1	335	335	3	32	549	99	96		19.5875
643	9	Re5	D5	327	327	1	32	183	99	96		19.6
644	9	Re5	D5	327	327	3	32	549	99	96		19.6375
645	9	Do5	C5	318	318	1	32	183	99	96		19.65
646	9	Si4b1	B4b1	313	313	1	16	366	99	96		19.675
647	9	Re5	D5	327	327	1	16	366	99	96		19.7
648	9	Do5	C5	318	318	1	4	1463	99	96		19.8
649	9	Do5	C5	318	318	1	32	183	99	96		19.8125
650	9	Si4b1	B4b1	313	313	1	32	183	99	96		19.825
651	9	Do5	C5	318	318	1	32	183	99	96		19.8375
652	9	Re5	D5	327	327	1	32	183	99	96		19.85
653	9	Do5	C5	318	318	1	16	366	99	96		19.875
654	9	Si4b1	B4b1	313	313	1	16	366	99	96		19.9
655	9	Si4b1	B4b1	313	313	1	4	1463	95	96		20.0
656	9	La5#4	A5#4	362	362	1	8	732	95	96		20.05
657	9	Si5b1	B5b1	366	366	1	8	732	95	96		20.1
658	9	Si5b1	B5b1	366	366	1	8	732	95	96		20.15
659	9	La5#4	A5#4	362	362	1	16	366	95	96		20.175
660	9	Si5b1	B5b1	366	366	1	16	366	95	96		20.2
661	9	Do6	C6	371	371	1	8	732	95	96		20.25
662	9	Re6	D6	380	380	1	16	366	95	96		20.275
663	9	Do6	C6	371	371	1	16	366	95	96		20.3
664	9	Si5b1	B5b1	366	366	1	8	732	95	96		20.35
665	9	Do6	C6	371	371	1	16	366	95	96		20.375
666	9	Si5b1	B5b1	366	366	1	16	366	95	96		20.4
667	9	La5#4	A5#4	362	362	1	8	732	95	96		20.45
668	9	Si5b1	B5b1	366	366	1	16	366	95	96		20.475
669	9	La5#4	A5#4	362	362	1	16	366	95	96		20.5
670	9	Sol5	G5	349	349	1	8	732	95	96		20.55
671	9	La5#4	A5#4	362	362	1	16	366	95	96		20.575
672	9	Sol5	G5	349	349	1	16	366	95	96		20.6
673	9	Fa5	F5	340	340	1	8	732	95	96		20.65
674	9	Sol5	G5	349	349	1	16	366	95	96		20.675
675	9	Fa5	F5	340	340	1	16	366	95	96		20.7
676	9	Mi5b1	E5b1	335	335	1	8	732	95	96		20.75
677	9	Fa5	F5	340	340	1	16	366	95	96		20.775
678	9	Mi5b1	E5b1	335	335	1	16	366	95	96		20.8
679	9	Re5	D5	327	327	1	8	732	95	96		20.85
680	9	Mi5b1	E5b1	335	335	1	8	732	95	96		20.9
681	9	Re5	D5	327	327	1	8	732	95	96		20.95
682	9	Do5	C5	318	318	1	8	732	95	96		21.0
683	9	Re5	D5	327	327	1	16	366	95	96		21.025
684	9	Do5	C5	318	318	1	16	366	95	96		21.05
685	9	Si4b1	B4b1	313	313	1	16	366	95	96		21.075
686	9	Do5	C5	318	318	1	16	366	95	96		21.1
687	9	Re5	D5	327	327	1	8	732	95	96		21.15
688	9	Mi5b1	E5b1	335	335	1	16	366	95	96		21.175
689	9	Fa5	F5	340	340	1	16	366	95	96		21.2
690	9	La5	A5	358	358	1	16	366	95	96		21.225
691	9	Sol5	G5	349	349	1	16	366	95	96		21.25
692	9	Sol5	G5	349	349	1	16	366	95	96		21.275
693	9	Fa5	F5	340	340	1	16	366	95	96		21.3
694	9	Fa5	F5	340	340	1	16	366	95	96		21.325
695	9	Mi5b1	E5b1	335	335	1	16	366	95	96		21.35
696	9	Mi5b1	E5b1	335	335	1	16	366	95	96		21.375
697	9	Re5	D5	327	327	1	16	366	95	96		21.4
698	9	Re5	D5	327	327	1	16	366	95	96		21.425
699	9	Mi5b1	E5b1	335	335	1	16	366	95	96		21.45
700	9	Re5	D5	327	327	1	16	366	95	96		21.475
701	9	Do5	C5	318	318	1	16	366	95	96		21.5
702	9	Re5	D5	327	327	3	32	549	95	96		21.5375
703	9	Do5	C5	318	318	1	32	183	95	96		21.55
704	9	Re5	D5	327	327	1	16	366	95	96		21.575
705	9	Mi5b1	E5b1	335	335	1	16	366	95	96		21.6
706	9	Re5	D5	327	327	1	16	366	95	96		21.625
707	9	Do5	C5	318	318	1	16	366	95	96		21.65
708	9	Si4b1	B4b1	313	313	1	16	366	95	96		21.675
709	9	La4#4	A4#4	309	309	1	16	366	95	96		21.7
710	9	Si4b1	B4b1	313	313	1	4	1463	95	96		21.8
711	9	Si4b1	B4b1	313	313	1	16	366	95	96		21.825
712	9	Do5	C5	318	318	1	16	366	95	96		21.85
713	9	Re5	D5	327	327	1	16	366	95	96		21.875
714	9	Mi5b1	E5b1	335	335	1	16	366	95	96		21.9
715	9	Fa5	F5	340	340	1	16	366	95	96		21.925
716	9	Sol5	G5	349	349	1	16	366	95	96		21.95
717	9	La5#4	A5#4	362	362	1	16	366	95	96		21.975
718	9	Si5b1	B5b1	366	366	1	16	366	95	96		22.0
719	9	La5#4	A5#4	362	362	1	8	732	95	96		22.05
720	9	Si5b1	B5b1	366	366	1	8	732	95	96		22.1
721	9	Si5b1	B5b1	366	366	1	8	732	95	96		22.15
722	9	La5#4	A5#4	362	362	1	16	366	95	96		22.175
723	9	Si5b1	B5b1	366	366	1	16	366	95	96		22.2
724	9	Do6	C6	371	371	1	8	732	95	96		22.25
725	9	Re6	D6	380	380	1	16	366	95	96		22.275
726	9	Do6	C6	371	371	1	16	366	95	96		22.3
727	9	Si5b1	B5b1	366	366	1	8	732	95	96		22.35
728	9	Do6	C6	371	371	1	16	366	95	96		22.375
729	9	Si5b1	B5b1	366	366	1	16	366	95	96		22.4
730	9	La5#4	A5#4	362	362	1	8	732	95	96		22.45
731	9	Si5b1	B5b1	366	366	1	16	366	95	96		22.475
732	9	La5#4	A5#4	362	362	1	16	366	95	96		22.5
733	9	Sol5	G5	349	349	1	8	732	95	96		22.55
734	9	La5#4	A5#4	362	362	1	16	366	95	96		22.575
735	9	Sol5	G5	349	349	1	16	366	95	96		22.6
736	9	Fa5	F5	340	340	1	8	732	95	96		22.65
737	9	Sol5	G5	349	349	1	16	366	95	96		22.675
738	9	Fa5	F5	340	340	1	16	366	95	96		22.7
739	9	Mi5b1	E5b1	335	335	1	8	732	95	96		22.75
740	9	Fa5	F5	340	340	1	16	366	95	96		22.775
741	9	Mi5b1	E5b1	335	335	1	16	366	95	96		22.8
742	9	Re5	D5	327	327	1	8	732	95	96		22.85
743	9	Mi5b1	E5b1	335	335	1	8	732	95	96		22.9
744	9	Re5	D5	327	327	1	8	732	95	96		22.95
745	9	Do5	C5	318	318	1	8	732	95	96		23.0
746	9	Re5	D5	327	327	1	16	366	95	96		23.025
747	9	Do5	C5	318	318	1	16	366	95	96		23.05
748	9	Si4b1	B4b1	313	313	1	16	366	95	96		23.075
749	9	Do5	C5	318	318	1	16	366	95	96		23.1
750	9	Re5	D5	327	327	1	8	732	95	96		23.15
751	9	Mi5b1	E5b1	335	335	1	16	366	95	96		23.175
752	9	Fa5	F5	340	340	1	16	366	95	96		23.2
753	9	La5	A5	358	358	1	16	366	95	96		23.225
754	9	Sol5	G5	349	349	1	16	366	95	96		23.25
755	9	Sol5	G5	349	349	1	16	366	95	96		23.275
756	9	Fa5	F5	340	340	1	16	366	95	96		23.3
757	9	Fa5	F5	340	340	1	16	366	95	96		23.325
758	9	Mi5b1	E5b1	335	335	1	16	366	95	96		23.35
759	9	Mi5b1	E5b1	335	335	1	16	366	95	96		23.375
760	9	Re5	D5	327	327	1	16	366	95	96		23.4
761	9	Re5	D5	327	327	1	16	366	95	96		23.425
762	9	Mi5b1	E5b1	335	335	1	16	366	95	96		23.45
763	9	Re5	D5	327	327	1	16	366	95	96		23.475
764	9	Do5	C5	318	318	1	16	366	95	96		23.5
765	9	Re5	D5	327	327	3	32	549	95	96		23.5375
766	9	Do5	C5	318	318	1	32	183	95	96		23.55
767	9	Re5	D5	327	327	1	16	366	95	96		23.575
768	9	Mi5b1	E5b1	335	335	1	16	366	95	96		23.6
769	9	Re5	D5	327	327	1	16	366	95	96		23.625
770	9	Do5	C5	318	318	1	16	366	95	96		23.65
771	9	Si4b1	B4b1	313	313	1	16	366	95	96		23.675
772	9	La4#4	A4#4	309	309	1	16	366	95	96		23.7
773	9	Si4b1	B4b1	313	313	1	4	1463	95	96		23.8
774	9	Es	Es	-1	-1	1	8	732	100	0		23.85
775	9	Si4b1	B4b1	313	313	1	16	366	95	96		23.875
776	9	Do5	C5	318	318	1	16	366	95	96		23.9
777	9	Si4b1	B4b1	313	313	1	16	366	95	96		23.925
778	9	La4#4	A4#4	309	309	1	16	366	95	96		23.95
779	9	Sol4	G4	296	296	1	16	366	95	96		23.975
780	9	La4#4	A4#4	309	309	1	16	366	95	96		24.0
