Sira	Kod	Nota53	NotaAE	Koma53	KomaAE	Pay	Payda	Ms	LNS	Bas	Soz1	Offset
1	51			0	0	9	8	0	20	0	Aksak	0.0
2	7	Sol5	G5	349	349	3	16	652	95	96	ARANAĞME	0.166666666667
3	9	Fa5#4	F5#4	344	344	1	16	217	95	96	.	0.222222222222
4	7	Mi5b1	E5b1	335	335	1	8	435	95	96	.	0.333333333333
5	9	Re5	D5	327	327	1	8	435	95	96	.	0.444444444444
6	9	Fa5#4	F5#4	344	344	1	16	217	95	96	.	0.5
7	9	Sol5	G5	349	349	1	16	217	95	96	.	0.555555555556
8	9	La5	A5	358	358	1	16	217	95	96	.	0.611111111111
9	9	Fa5#4	F5#4	344	344	1	16	217	95	96	.	0.666666666667
10	9	Sol5	G5	349	349	1	8	435	95	96	.	0.777777777778
11	9	Sol5	G5	349	349	1	4	870	95	96	.	1.0
12	12	Fa5#4	F5#4	344	344	3	16	652	95	96	.	1.16666666667
13	9	Mi5b1	E5b1	335	335	1	16	217	95	96	.	1.22222222222
14	9	Fa5#4	F5#4	344	344	1	8	435	95	96	.	1.33333333333
15	9	Sol5	G5	349	349	1	16	217	95	96	.	1.38888888889
16	9	Mi5b1	E5b1	335	335	1	16	217	95	96	.	1.44444444444
17	7	Mi5b1	E5b1	335	335	1	8	435	95	96	.	1.55555555556
18	9	Re5	D5	327	327	1	8	435	95	96	.	1.66666666667
19	9	Mi5b1	E5b1	335	335	1	8	435	95	96	.	1.77777777778
20	9	Fa5	F5	340	340	1	16	217	95	96	.	1.83333333333
21	9	Sol5	G5	349	349	1	16	217	95	96	.	1.88888888889
22	9	Mi5b1	E5b1	335	335	1	8	435	95	96	.	2.0
23	12	Re5	D5	327	327	1	8	435	95	96	.	2.11111111111
24	9	Re5	D5	327	327	1	16	217	95	96	.	2.16666666667
25	9	Mi5b1	E5b1	335	335	1	16	217	95	96	.	2.22222222222
26	7	Re5	D5	327	327	1	16	217	95	96	.	2.27777777778
27	24	Do5	C5	318	318	1	8	435	95	96	.	2.38888888889
28	9	Si4b1	B4b1	313	313	1	16	217	95	96	.	2.44444444444
29	9	Si4b1	B4b1	313	313	1	16	217	95	96	.	2.5
30	1	La4#3	A4#4	308	309	1	16	217	95	96	.	2.55555555556
31	1	Si4b1	B4b1	313	313	1	16	217	95	96	.	2.61111111111
32	1	Do5	C5	318	318	1	16	217	95	96	.	2.66666666667
33	1	Re5	D5	327	327	1	16	217	95	96	.	2.72222222222
34	1	Mi5b1	E5b1	335	335	1	16	217	95	96	.	2.77777777778
35	1	Fa5	F5	340	340	1	16	217	95	96	.	2.83333333333
36	1	Fa5#4	F5#4	344	344	1	16	217	95	96	.	2.88888888889
37	1	Sol5	G5	349	349	1	8	435	95	96	.	3.0
38	7	Sol5	G5	349	349	3	16	652	95	96	.	3.16666666667
39	9	Fa5#4	F5#4	344	344	1	16	217	95	96	.	3.22222222222
40	7	Mi5b1	E5b1	335	335	1	8	435	95	96	.	3.33333333333
41	9	Re5	D5	327	327	1	8	435	95	96	.	3.44444444444
42	9	Fa5#4	F5#4	344	344	1	16	217	95	96	.	3.5
43	9	Sol5	G5	349	349	1	16	217	95	96	.	3.55555555556
44	9	La5	A5	358	358	1	16	217	95	96	.	3.61111111111
45	9	Fa5#4	F5#4	344	344	1	16	217	95	96	.	3.66666666667
46	9	Sol5	G5	349	349	1	8	435	95	96	.	3.77777777778
47	9	Sol5	G5	349	349	1	4	870	95	96	.	4.0
48	12	Fa5#4	F5#4	344	344	3	16	652	95	96	.	4.16666666667
49	9	Mi5b1	E5b1	335	335	1	16	217	95	96	.	4.22222222222
50	9	Fa5#4	F5#4	344	344	1	8	435	95	96	.	4.33333333333
51	9	Sol5	G5	349	349	1	16	217	95	96	.	4.38888888889
52	9	Mi5b1	E5b1	335	335	1	16	217	95	96	.	4.44444444444
53	7	Mi5b1	E5b1	335	335	1	8	435	95	96	.	4.55555555556
54	9	Re5	D5	327	327	1	8	435	95	96	.	4.66666666667
55	9	Sol5	G5	349	349	1	8	435	95	96	.	4.77777777778
56	24	Sol5	G5	349	349	1	8	435	95	96	.	4.88888888889
57	9	Mi5b1	E5b1	335	335	1	16	217	95	96	.	4.94444444444
58	9	Re5	D5	327	327	1	16	217	95	96	.	5.0
59	12	Re5	D5	327	327	1	8	435	95	96	.	5.11111111111
60	9	Re5	D5	327	327	1	16	217	95	96	.	5.16666666667
61	9	Mi5b1	E5b1	335	335	1	16	217	95	96	.	5.22222222222
62	7	Re5	D5	327	327	1	16	217	95	96	.	5.27777777778
63	24	Do5	C5	318	318	1	8	435	95	96	.	5.38888888889
64	9	Si4b1	B4b1	313	313	1	16	217	95	96	.	5.44444444444
65	9	Si4b1	B4b1	313	313	1	16	217	95	96	.	5.5
66	1	La4#3	A4#4	308	309	1	16	217	95	96	.	5.55555555556
67	1	Si4b1	B4b1	313	313	1	16	217	95	96	.	5.61111111111
68	1	Do5	C5	318	318	1	16	217	95	96	.	5.66666666667
69	1	Re5	D5	327	327	1	16	217	95	96	.	5.72222222222
70	1	Mi5b1	E5b1	335	335	1	16	217	95	96	.	5.77777777778
71	1	Fa5	F5	340	340	1	16	217	95	96	.	5.83333333333
72	1	Fa5#4	F5#4	344	344	1	16	217	95	96	.	5.88888888889
73	1	Sol5	G5	349	349	1	8	435	95	96	.	6.0
74	1	Sol4	G4	296	296	1	4	870	95	96		6.22222222222
75	9	Sol5	G5	349	349	3	16	652	95	96	Bir 	6.38888888889
76	9	Sol5	G5	349	349	1	16	217	95	96	ge	6.44444444444
77	9	Sol5	G5	349	349	1	4	870	95	96	mim 	6.66666666667
78	8	Re6	D6	380	380	0	0	0	95	96		6.66666666667
79	9	Do6	C6	371	371	1	8	435	99	96	var_	6.77777777778
80	9	Si5b4	B5b4	363	363	1	8	435	95	96		6.88888888889
81	9	La5	A5	358	358	1	8	435	95	96	a	7.0
82	9	Si5b5	B5b5	362	362	1	24	145	99	96	man 	7.03703703704
83	9	Si5b5	B5b5	362	362	1	24	145	99	96		7.07407407407
84	9	La5	A5	358	358	1	24	145	99	96		7.11111111111
85	9	Sol5	G5	349	349	1	8	435	95	96		7.22222222222
86	9	Fa5#4	F5#4	344	344	1	16	217	99	96	a	7.27777777778
87	9	Sol5	G5	349	349	1	16	217	95	96		7.33333333333
88	9	La5	A5	358	358	1	16	217	99	96	da	7.38888888889
89	11	Sol5	G5	349	349	1	16	217	95	96		7.44444444444
90	9	Sol5	G5	349	349	1	4	870	95	96	la	7.66666666667
91	8	Re6	D6	380	380	0	0	0	95	96		7.66666666667
92	9	Do6	C6	371	371	1	8	435	99	96	ra 	7.77777777778
93	9	Si5b4	B5b4	363	363	1	8	435	99	96		7.88888888889
94	9	La5	A5	358	358	1	8	435	95	96		8.0
95	12	Sol5	G5	349	349	3	16	652	99	96	yas	8.16666666667
96	9	Fa5#4	F5#4	344	344	1	16	217	99	96		8.22222222222
97	23	Mi5	E5	336	336	1	8	435	95	96		8.33333333333
98	9	Fa5#4	F5#4	344	344	1	16	217	99	96	la	8.38888888889
99	9	La5	A5	358	358	1	16	217	95	96		8.44444444444
100	9	Sol5	G5	349	349	1	4	870	95	96	nır  	8.66666666667
101	1	Fa5#4	F5#4	344	344	1	16	217	95	96	SAZ	8.72222222222
102	1	Mi5	E5	336	336	1	16	217	95	96	.	8.77777777778
103	1	Re5	D5	327	327	1	16	217	95	96	.	8.83333333333
104	1	Do5	C5	318	318	1	16	217	95	96	.	8.88888888889
105	1	Si4b1	B4b1	313	313	1	16	217	95	96	.	8.94444444444
106	1	La4	A4	305	305	1	16	217	95	96	.	9.0
107	1	Sol4	G4	296	296	1	4	870	95	96		9.22222222222
108	9	Sol5	G5	349	349	3	16	652	95	96	Bir 	9.38888888889
109	9	Sol5	G5	349	349	1	16	217	95	96	ge	9.44444444444
110	9	Sol5	G5	349	349	1	4	870	95	96	mim 	9.66666666667
111	8	Re6	D6	380	380	0	0	0	95	96		9.66666666667
112	9	Do6	C6	371	371	1	8	435	99	96	var_	9.77777777778
113	9	Si5b4	B5b4	363	363	1	8	435	95	96		9.88888888889
114	9	La5	A5	358	358	1	8	435	95	96	a	10.0
115	9	Si5b5	B5b5	362	362	1	24	145	99	96	man 	10.037037037
116	9	Si5b5	B5b5	362	362	1	24	145	99	96		10.0740740741
117	9	La5	A5	358	358	1	24	145	99	96		10.1111111111
118	9	Sol5	G5	349	349	1	8	435	95	96		10.2222222222
119	9	Fa5#4	F5#4	344	344	1	16	217	99	96	a	10.2777777778
120	9	Sol5	G5	349	349	1	16	217	95	96		10.3333333333
121	9	La5	A5	358	358	1	16	217	99	96	da	10.3888888889
122	11	Sol5	G5	349	349	1	16	217	95	96		10.4444444444
123	9	Sol5	G5	349	349	1	4	870	95	96	la	10.6666666667
124	8	Re6	D6	380	380	0	0	0	95	96		10.6666666667
125	9	Do6	C6	371	371	1	8	435	99	96	ra 	10.7777777778
126	9	Si5b4	B5b4	363	363	1	8	435	99	96		10.8888888889
127	9	La5	A5	358	358	1	8	435	95	96		11.0
128	12	Sol5	G5	349	349	3	16	652	99	96	yas	11.1666666667
129	9	Fa5#4	F5#4	344	344	1	16	217	99	96		11.2222222222
130	23	Mi5	E5	336	336	1	8	435	95	96		11.3333333333
131	9	Fa5#4	F5#4	344	344	1	16	217	99	96	la	11.3888888889
132	9	La5	A5	358	358	1	16	217	95	96		11.4444444444
133	9	Sol5	G5	349	349	1	4	870	95	96	nır  	11.6666666667
134	9	Es	Es	-1	-1	1	16	217	100	0		11.7222222222
135	1	Re5	D5	327	327	1	16	217	95	96	SAZ	11.7777777778
136	1	Mi5	E5	336	336	1	16	217	95	96	.	11.8333333333
137	1	Fa5#4	F5#4	344	344	1	16	217	95	96	.	11.8888888889
138	1	Sol5	G5	349	349	1	8	435	95	96	.	12.0
139	7	Sol5	G5	349	349	3	16	652	99	96	Yağ	12.1666666667
140	9	Fa5#4	F5#4	344	344	1	16	217	95	96		12.2222222222
141	7	Mi5b1	E5b1	335	335	3	16	652	99	96	mur 	12.3888888889
142	9	Re5	D5	327	327	1	16	217	95	96		12.4444444444
143	9	Fa5#4	F5#4	344	344	1	16	217	99	96	ya	12.5
144	9	Sol5	G5	349	349	1	16	217	99	96		12.5555555556
145	9	La5	A5	358	358	1	16	217	99	96		12.6111111111
146	11	Fa5#4	F5#4	344	344	1	16	217	95	96		12.6666666667
147	9	Sol5	G5	349	349	3	8	1304	95	96	ğar 	13.0
148	12	Fa5#4	F5#4	344	344	3	16	652	99	96	yel	13.1666666667
149	9	Mi5b1	E5b1	335	335	1	16	217	99	96		13.2222222222
150	9	Fa5#4	F5#4	344	344	1	8	435	95	96		13.3333333333
151	9	Sol5	G5	349	349	1	16	217	99	96	ken	13.3888888889
152	9	Mi5b1	E5b1	335	335	1	16	217	95	96		13.4444444444
153	7	Mi5b1	E5b1	335	335	1	8	435	95	96	le	13.5555555556
154	9	Re5	D5	327	327	1	8	435	95	96	ri 	13.6666666667
155	9	Mi5b1	E5b1	335	335	1	8	435	95	96	e	13.7777777778
156	9	Fa5	F5	340	340	1	16	217	99	96	fem 	13.8333333333
157	9	Sol5	G5	349	349	1	16	217	99	96		13.8888888889
158	9	Mi5	E5	336	336	1	8	435	95	96		14.0
159	7	Re5	D5	327	327	3	16	652	99	96	ıs	14.1666666667
160	9	Mi5b1	E5b1	335	335	1	16	217	95	96		14.2222222222
161	9	Re5	D5	327	327	1	16	217	99	96	la	14.2777777778
162	24	Do5	C5	318	318	1	8	435	99	96		14.3888888889
163	9	Si4b1	B4b1	313	313	1	16	217	95	96		14.4444444444
164	9	Si4b1	B4b1	313	313	1	4	870	95	96	nır  	14.6666666667
165	1	Do5	C5	318	318	1	16	217	95	96	SAZ	14.7222222222
166	1	Re5	D5	327	327	1	16	217	95	96	.	14.7777777778
167	1	Mi5b1	E5b1	335	335	1	16	217	95	96	.	14.8333333333
168	1	Fa5#4	F5#4	344	344	1	16	217	95	96	.	14.8888888889
169	1	Sol5	G5	349	349	1	8	435	95	96	.	15.0
170	7	Sol5	G5	349	349	3	16	652	99	96	Yağ	15.1666666667
171	9	Fa5#4	F5#4	344	344	1	16	217	95	96		15.2222222222
172	7	Mi5b1	E5b1	335	335	3	16	652	99	96	mur 	15.3888888889
173	9	Re5	D5	327	327	1	16	217	95	96		15.4444444444
174	9	Fa5#4	F5#4	344	344	1	16	217	99	96	ya	15.5
175	9	Sol5	G5	349	349	1	16	217	99	96		15.5555555556
176	9	La5	A5	358	358	1	16	217	99	96		15.6111111111
177	11	Fa5#4	F5#4	344	344	1	16	217	95	96		15.6666666667
178	9	Sol5	G5	349	349	3	8	1304	95	96	ğar 	16.0
179	12	Fa5#4	F5#4	344	344	3	16	652	99	96	yel	16.1666666667
180	9	Mi5b1	E5b1	335	335	1	16	217	99	96		16.2222222222
181	9	Fa5#4	F5#4	344	344	1	8	435	95	96		16.3333333333
182	9	Sol5	G5	349	349	1	16	217	99	96	ken	16.3888888889
183	9	Mi5b1	E5b1	335	335	1	16	217	95	96		16.4444444444
184	7	Mi5b1	E5b1	335	335	1	8	435	95	96	le	16.5555555556
185	9	Re5	D5	327	327	1	8	435	95	96	ri 	16.6666666667
186	9	Mi5b1	E5b1	335	335	1	8	435	95	96	e	16.7777777778
187	9	Fa5	F5	340	340	1	16	217	99	96	fem 	16.8333333333
188	9	Sol5	G5	349	349	1	16	217	99	96		16.8888888889
189	9	Mi5	E5	336	336	1	8	435	95	96		17.0
190	7	Re5	D5	327	327	3	16	652	99	96	ıs	17.1666666667
191	9	Mi5b1	E5b1	335	335	1	16	217	95	96		17.2222222222
192	7	Re5	D5	327	327	1	16	217	99	96	la	17.2777777778
193	24	Do5	C5	318	318	1	8	435	99	96		17.3888888889
194	9	Si4b1	B4b1	313	313	1	16	217	95	96		17.4444444444
195	9	Si4b1	B4b1	313	313	1	4	870	95	96	nır  	17.6666666667
196	1	Re5	D5	327	327	1	16	217	95	96	SAZ	17.7222222222
197	1	Mi5b1	E5b1	335	335	1	16	217	95	96	.	17.7777777778
198	1	Fa5#4	F5#4	344	344	1	16	217	95	96	.	17.8333333333
199	1	Sol5	G5	349	349	1	16	217	95	96	.	17.8888888889
200	1	Fa5#4	F5#4	344	344	1	16	217	95	96	.	17.9444444444
201	1	La5	A5	358	358	1	16	217	95	96	.	18.0
202	1	Sol5	G5	349	349	1	4	870	95	96	.	18.2222222222
203	9	Sol5	G5	349	349	3	16	652	95	96	Bir 	18.3888888889
204	9	Sol5	G5	349	349	1	16	217	95	96	gün_	18.4444444444
205	9	Sol5	G5	349	349	1	4	870	95	96	o	18.6666666667
206	8	Re6	D6	380	380	0	0	0	95	96		18.6666666667
207	9	Do6	C6	371	371	1	8	435	99	96	lur_	18.7777777778
208	9	Si5b1	B5b1	366	366	1	8	435	95	96		18.8888888889
209	9	La5	A5	358	358	1	8	435	95	96	a	19.0
210	9	Si5b5	B5b5	362	362	1	24	145	99	96	man 	19.037037037
211	9	Si5b5	B5b5	362	362	1	24	145	99	96		19.0740740741
212	9	La5	A5	358	358	1	24	145	99	96		19.1111111111
213	9	Sol5	G5	349	349	1	8	435	95	96		19.2222222222
214	9	Fa5#4	F5#4	344	344	1	16	217	99	96	de	19.2777777778
215	9	Sol5	G5	349	349	1	16	217	95	96		19.3333333333
216	9	La5	A5	358	358	1	16	217	99	96	li 	19.3888888889
217	11	Sol5	G5	349	349	1	16	217	95	96		19.4444444444
218	9	Sol5	G5	349	349	1	4	870	95	96	gö	19.6666666667
219	8	Re6	D6	380	380	0	0	0	95	96		19.6666666667
220	9	Do6	C6	371	371	1	8	435	99	96	nül 	19.7777777778
221	9	Si5b4	B5b4	363	363	1	8	435	99	96		19.8888888889
222	9	La5	A5	358	358	1	8	435	95	96		20.0
223	12	Sol5	G5	349	349	3	16	652	99	96	us	20.1666666667
224	9	Fa5#4	F5#4	344	344	1	16	217	99	96		20.2222222222
225	9	Mi5b1	E5b1	335	335	1	8	435	95	96		20.3333333333
226	9	Fa5#4	F5#4	344	344	1	16	217	99	96	la	20.3888888889
227	9	La5	A5	358	358	1	16	217	95	96		20.4444444444
228	9	Sol5	G5	349	349	1	16	217	95	96	nır  	20.5
229	1	Sol4	G4	296	296	1	16	217	50	96	SAZ	20.5555555556
230	1	La4	A4	305	305	1	16	217	50	96	.	20.6111111111
231	1	Si4b1	B4b1	313	313	1	16	217	50	96	.	20.6666666667
232	1	Do5	C5	318	318	1	16	217	50	96	.	20.7222222222
233	1	Re5	D5	327	327	1	16	217	50	96	.	20.7777777778
234	1	Mi5b1	E5b1	335	335	1	16	217	50	96	.	20.8333333333
235	1	Fa5#4	F5#4	344	344	1	16	217	50	96	.	20.8888888889
236	1	Sol5	G5	349	349	1	8	435	50	96	.	21.0
237	7	Sol5	G5	349	349	3	16	652	99	96	Ağ	21.1666666667
238	9	Fa5#4	F5#4	344	344	1	16	217	95	96		21.2222222222
239	7	Mi5b1	E5b1	335	335	1	8	435	95	96	la	21.3333333333
240	9	Re5	D5	327	327	1	8	435	95	96	ma 	21.4444444444
241	9	Fa5#4	F5#4	344	344	1	16	217	99	96	fi	21.5
242	9	Sol5	G5	349	349	1	16	217	95	96		21.5555555556
243	9	La5	A5	358	358	1	16	217	99	96	dan 	21.6111111111
244	9	Fa5#4	F5#4	344	344	1	16	217	95	96		21.6666666667
245	9	Sol5	G5	349	349	1	8	435	95	96	boy	21.7777777778
246	9	Sol5	G5	349	349	1	4	870	50	96	lum 	22.0
247	12	Fa5#4	F5#4	344	344	3	16	652	99	96	yol	22.1666666667
248	9	Mi5b1	E5b1	335	335	1	16	217	99	96		22.2222222222
249	9	Fa5#4	F5#4	344	344	1	8	435	95	96		22.3333333333
250	9	Sol5	G5	349	349	1	16	217	99	96	dan 	22.3888888889
251	9	Mi5b1	E5b1	335	335	1	16	217	95	96		22.4444444444
252	7	Mi5b1	E5b1	335	335	1	8	435	95	96	gel	22.5555555556
253	9	Re5	D5	327	327	1	8	435	95	96	dim_	22.6666666667
254	9	Mi5	E5	336	336	1	8	435	95	96	e	22.7777777778
255	9	Fa5	F5	340	340	1	16	217	99	96	fem 	22.8333333333
256	9	Sol5	G5	349	349	1	16	217	99	96		22.8888888889
257	9	Mi5	E5	336	336	1	8	435	95	96		23.0
258	12	Re5	D5	327	327	1	8	435	99	96	yor	23.1111111111
259	9	Re5	D5	327	327	1	16	217	99	96		23.1666666667
260	9	Mi5b1	E5b1	335	335	1	16	217	95	96		23.2222222222
261	7	Re5	D5	327	327	1	16	217	99	96	gu	23.2777777778
262	24	Do5	C5	318	318	1	8	435	99	96		23.3888888889
263	9	Si4b1	B4b1	313	313	1	16	217	95	96		23.4444444444
264	9	Si4b1	B4b1	313	313	1	16	217	95	96	num  	23.5
265	1	La4#3	A4#4	308	309	1	16	217	95	96	SAZ	23.5555555556
266	1	Si4b1	B4b1	313	313	1	16	217	95	96	.	23.6111111111
267	1	Do5	C5	318	318	1	16	217	95	96	.	23.6666666667
268	1	Re5	D5	327	327	1	16	217	95	96	.	23.7222222222
269	1	Mi5b1	E5b1	335	335	1	16	217	95	96	.	23.7777777778
270	1	Fa5	F5	340	340	1	16	217	95	96	.	23.8333333333
271	1	Fa5#4	F5#4	344	344	1	16	217	95	96	.	23.8888888889
272	1	Sol5	G5	349	349	1	8	435	95	96	.	24.0
273	7	Sol5	G5	349	349	3	16	652	99	96	Ben_	24.1666666667
274	9	Fa5#4	F5#4	344	344	1	16	217	95	96		24.2222222222
275	7	Mi5b1	E5b1	335	335	1	8	435	99	96	o 	24.3333333333
276	9	Re5	D5	327	327	1	8	435	95	96		24.4444444444
277	9	Fa5#4	F5#4	344	344	1	16	217	99	96	yâ	24.5
278	9	Sol5	G5	349	349	1	16	217	99	96		24.5555555556
279	9	La5	A5	358	358	1	16	217	99	96		24.6111111111
280	9	Fa5#4	F5#4	344	344	1	16	217	95	96		24.6666666667
281	9	Sol5	G5	349	349	3	8	1305	50	96	rin 	25.0
282	12	Fa5#4	F5#4	344	344	3	16	652	99	96	e	25.1666666667
283	9	Mi5b1	E5b1	335	335	1	16	217	99	96		25.2222222222
284	9	Fa5#4	F5#4	344	344	1	8	435	95	96		25.3333333333
285	9	Sol5	G5	349	349	1	16	217	99	96	dâ	25.3888888889
286	9	Mi5b1	E5b1	335	335	1	16	217	95	96		25.4444444444
287	7	Mi5b1	E5b1	335	335	1	8	435	95	96	sı	25.5555555556
288	9	Re5	D5	327	327	1	8	435	95	96	na 	25.6666666667
289	9	Sol5	G5	349	349	1	8	435	95	96	ef	25.7777777778
290	24	Sol5	G5	349	349	1	8	435	99	96	fem 	25.8888888889
291	9	Mi5b1	E5b1	335	335	1	16	217	99	96		25.9444444444
292	9	Re5	D5	327	327	1	16	217	95	96		26.0
293	12	Re5	D5	327	327	1	8	435	99	96	vur	26.1111111111
294	9	Re5	D5	327	327	1	16	217	99	96		26.1666666667
295	9	Mi5b1	E5b1	335	335	1	16	217	95	96		26.2222222222
296	7	Re5	D5	327	327	1	16	217	99	96	gu	26.2777777778
297	24	Do5	C5	318	318	1	8	435	99	96		26.3888888889
298	9	Si4b1	B4b1	313	313	1	16	217	95	96		26.4444444444
299	9	Si4b1	B4b1	313	313	1	16	217	95	96	num  	26.5
300	1	La4#3	A4#4	308	309	1	16	217	95	96	SAZ	26.5555555556
301	1	Si4b1	B4b1	313	313	1	16	217	95	96	.	26.6111111111
302	1	Do5	C5	318	318	1	16	217	95	96	.	26.6666666667
303	1	Re5	D5	327	327	1	16	217	95	96	.	26.7222222222
304	1	Mi5b1	E5b1	335	335	1	16	217	95	96	.	26.7777777778
305	1	Fa5	F5	340	340	1	16	217	95	96	.	26.8333333333
306	1	Fa5#4	F5#4	344	344	1	16	217	95	96	.	26.8888888889
307	1	Sol5	G5	349	349	1	8	435	95	96	.	27.0
308	7	Sol5	G5	349	349	3	16	652	95	96	ARANAĞME	27.1666666667
309	9	Fa5#4	F5#4	344	344	1	16	217	95	96	.	27.2222222222
310	7	Mi5b1	E5b1	335	335	1	8	435	95	96	.	27.3333333333
311	9	Re5	D5	327	327	1	8	435	95	96	.	27.4444444444
312	9	Fa5#4	F5#4	344	344	1	16	217	95	96	.	27.5
313	9	Sol5	G5	349	349	1	16	217	95	96	.	27.5555555556
314	9	La5	A5	358	358	1	16	217	95	96	.	27.6111111111
315	9	Fa5#4	F5#4	344	344	1	16	217	95	96	.	27.6666666667
316	9	Sol5	G5	349	349	1	8	435	95	96	.	27.7777777778
317	9	Sol5	G5	349	349	1	4	870	95	96	.	28.0
318	12	Fa5#4	F5#4	344	344	3	16	652	95	96	.	28.1666666667
319	9	Mi5b1	E5b1	335	335	1	16	217	95	96	.	28.2222222222
320	9	Fa5#4	F5#4	344	344	1	8	435	95	96	.	28.3333333333
321	9	Sol5	G5	349	349	1	16	217	95	96	.	28.3888888889
322	9	Mi5b1	E5b1	335	335	1	16	217	95	96	.	28.4444444444
323	7	Mi5b1	E5b1	335	335	1	8	435	95	96	.	28.5555555556
324	9	Re5	D5	327	327	1	8	435	95	96	.	28.6666666667
325	9	Mi5b1	E5b1	335	335	1	8	435	95	96	.	28.7777777778
326	9	Fa5	F5	340	340	1	16	217	95	96	.	28.8333333333
327	9	Sol5	G5	349	349	1	16	217	95	96	.	28.8888888889
328	9	Mi5b1	E5b1	335	335	1	8	435	95	96	.	29.0
329	12	Re5	D5	327	327	1	8	435	95	96	.	29.1111111111
330	9	Re5	D5	327	327	1	16	217	95	96	.	29.1666666667
331	9	Mi5b1	E5b1	335	335	1	16	217	95	96	.	29.2222222222
332	7	Re5	D5	327	327	1	16	217	95	96	.	29.2777777778
333	24	Do5	C5	318	318	1	8	435	95	96	.	29.3888888889
334	9	Si4b1	B4b1	313	313	1	16	217	95	96	.	29.4444444444
335	9	Si4b1	B4b1	313	313	1	16	217	95	96	.	29.5
336	1	La4#3	A4#4	308	309	1	16	217	95	96	.	29.5555555556
337	1	Si4b1	B4b1	313	313	1	16	217	95	96	.	29.6111111111
338	1	Do5	C5	318	318	1	16	217	95	96	.	29.6666666667
339	1	Re5	D5	327	327	1	16	217	95	96	.	29.7222222222
340	1	Mi5b1	E5b1	335	335	1	16	217	95	96	.	29.7777777778
341	1	Fa5	F5	340	340	1	16	217	95	96	.	29.8333333333
342	1	Fa5#4	F5#4	344	344	1	16	217	95	96	.	29.8888888889
343	1	Sol5	G5	349	349	1	8	435	95	96	.	30.0
344	7	Sol5	G5	349	349	3	16	652	95	96	.	30.1666666667
345	9	Fa5#4	F5#4	344	344	1	16	217	95	96	.	30.2222222222
346	7	Mi5b1	E5b1	335	335	1	8	435	95	96	.	30.3333333333
347	9	Re5	D5	327	327	1	8	435	95	96	.	30.4444444444
348	9	Fa5#4	F5#4	344	344	1	16	217	95	96	.	30.5
349	9	Sol5	G5	349	349	1	16	217	95	96	.	30.5555555556
350	9	La5	A5	358	358	1	16	217	95	96	.	30.6111111111
351	9	Fa5#4	F5#4	344	344	1	16	217	95	96	.	30.6666666667
352	9	Sol5	G5	349	349	1	8	435	95	96	.	30.7777777778
353	9	Sol5	G5	349	349	1	4	870	95	96	.	31.0
354	12	Fa5#4	F5#4	344	344	3	16	652	95	96	.	31.1666666667
355	9	Mi5b1	E5b1	335	335	1	16	217	95	96	.	31.2222222222
356	9	Fa5#4	F5#4	344	344	1	8	435	95	96	.	31.3333333333
357	9	Sol5	G5	349	349	1	16	217	95	96	.	31.3888888889
358	9	Mi5b1	E5b1	335	335	1	16	217	95	96	.	31.4444444444
359	7	Mi5b1	E5b1	335	335	1	8	435	95	96	.	31.5555555556
360	9	Re5	D5	327	327	1	8	435	95	96	.	31.6666666667
361	9	Sol5	G5	349	349	1	8	435	95	96	.	31.7777777778
362	24	Sol5	G5	349	349	1	8	435	95	96	.	31.8888888889
363	9	Mi5b1	E5b1	335	335	1	16	217	95	96	.	31.9444444444
364	9	Re5	D5	327	327	1	16	217	95	96	.	32.0
365	12	Re5	D5	327	327	1	8	435	95	96	.	32.1111111111
366	9	Re5	D5	327	327	1	16	217	95	96	.	32.1666666667
367	9	Mi5b1	E5b1	335	335	1	16	217	95	96	.	32.2222222222
368	7	Re5	D5	327	327	1	16	217	95	96	.	32.2777777778
369	24	Do5	C5	318	318	1	8	435	95	96	.	32.3888888889
370	9	Si4b1	B4b1	313	313	1	16	217	95	96	.	32.4444444444
371	9	Si4b1	B4b1	313	313	1	16	217	95	96	.	32.5
372	1	La4#3	A4#4	308	309	1	16	217	95	96	.	32.5555555556
373	1	Si4b1	B4b1	313	313	1	16	217	95	96	.	32.6111111111
374	1	Do5	C5	318	318	1	16	217	95	96	.	32.6666666667
375	1	Re5	D5	327	327	1	16	217	95	96	.	32.7222222222
376	1	Mi5b1	E5b1	335	335	1	16	217	95	96	.	32.7777777778
377	1	Fa5	F5	340	340	1	16	217	95	96	.	32.8333333333
378	1	Fa5#4	F5#4	344	344	1	16	217	95	96	.	32.8888888889
379	1	Sol5	G5	349	349	1	8	435	95	96	.	33.0
380	1	Sol4	G4	296	296	1	4	870	95	96		33.2222222222
381	9	Sol5	G5	349	349	3	16	652	95	96	Bir 	33.3888888889
382	9	Sol5	G5	349	349	1	16	217	95	96	ge	33.4444444444
383	9	Sol5	G5	349	349	1	4	870	95	96	mim 	33.6666666667
384	8	Re6	D6	380	380	0	0	0	95	96		33.6666666667
385	9	Do6	C6	371	371	1	8	435	99	96	var_	33.7777777778
386	9	Si5b4	B5b4	363	363	1	8	435	95	96		33.8888888889
387	9	La5	A5	358	358	1	8	435	95	96	a	34.0
388	9	Si5b5	B5b5	362	362	1	24	145	99	96	man 	34.037037037
389	9	Si5b5	B5b5	362	362	1	24	145	99	96		34.0740740741
390	9	La5	A5	358	358	1	24	145	99	96		34.1111111111
391	9	Sol5	G5	349	349	1	8	435	95	96		34.2222222222
392	9	Fa5#4	F5#4	344	344	1	16	217	99	96	a	34.2777777778
393	9	Sol5	G5	349	349	1	16	217	95	96		34.3333333333
394	9	La5	A5	358	358	1	16	217	99	96	da	34.3888888889
395	11	Sol5	G5	349	349	1	16	217	95	96		34.4444444444
396	9	Sol5	G5	349	349	1	4	870	95	96	la	34.6666666667
397	8	Re6	D6	380	380	0	0	0	95	96		34.6666666667
398	9	Do6	C6	371	371	1	8	435	99	96	ra 	34.7777777778
399	9	Si5b4	B5b4	363	363	1	8	435	99	96		34.8888888889
400	9	La5	A5	358	358	1	8	435	95	96		35.0
401	12	Sol5	G5	349	349	3	16	652	99	96	yas	35.1666666667
402	9	Fa5#4	F5#4	344	344	1	16	217	99	96		35.2222222222
403	23	Mi5	E5	336	336	1	8	435	95	96		35.3333333333
404	9	Fa5#4	F5#4	344	344	1	16	217	99	96	la	35.3888888889
405	9	La5	A5	358	358	1	16	217	95	96		35.4444444444
406	9	Sol5	G5	349	349	1	4	870	95	96	nır  	35.6666666667
407	1	Fa5#4	F5#4	344	344	1	16	217	95	96	SAZ	35.7222222222
408	1	Mi5	E5	336	336	1	16	217	95	96	.	35.7777777778
409	1	Re5	D5	327	327	1	16	217	95	96	.	35.8333333333
410	1	Do5	C5	318	318	1	16	217	95	96	.	35.8888888889
411	1	Si4b1	B4b1	313	313	1	16	217	95	96	.	35.9444444444
412	1	La4	A4	305	305	1	16	217	95	96	.	36.0
413	1	Sol4	G4	296	296	1	4	870	95	96		36.2222222222
414	9	Sol5	G5	349	349	3	16	652	95	96	Bir 	36.3888888889
415	9	Sol5	G5	349	349	1	16	217	95	96	ge	36.4444444444
416	9	Sol5	G5	349	349	1	4	870	95	96	mim 	36.6666666667
417	8	Re6	D6	380	380	0	0	0	95	96		36.6666666667
418	9	Do6	C6	371	371	1	8	435	99	96	var_	36.7777777778
419	9	Si5b4	B5b4	363	363	1	8	435	95	96		36.8888888889
420	9	La5	A5	358	358	1	8	435	95	96	a	37.0
421	9	Si5b5	B5b5	362	362	1	24	145	99	96	man 	37.037037037
422	9	Si5b5	B5b5	362	362	1	24	145	99	96		37.0740740741
423	9	La5	A5	358	358	1	24	145	99	96		37.1111111111
424	9	Sol5	G5	349	349	1	8	435	95	96		37.2222222222
425	9	Fa5#4	F5#4	344	344	1	16	217	99	96	a	37.2777777778
426	9	Sol5	G5	349	349	1	16	217	95	96		37.3333333333
427	9	La5	A5	358	358	1	16	217	99	96	da	37.3888888889
428	11	Sol5	G5	349	349	1	16	217	95	96		37.4444444444
429	9	Sol5	G5	349	349	1	4	870	95	96	la	37.6666666667
430	8	Re6	D6	380	380	0	0	0	95	96		37.6666666667
431	9	Do6	C6	371	371	1	8	435	99	96	ra 	37.7777777778
432	9	Si5b4	B5b4	363	363	1	8	435	99	96		37.8888888889
433	9	La5	A5	358	358	1	8	435	95	96		38.0
434	12	Sol5	G5	349	349	3	16	652	99	96	yas	38.1666666667
435	9	Fa5#4	F5#4	344	344	1	16	217	99	96		38.2222222222
436	23	Mi5	E5	336	336	1	8	435	95	96		38.3333333333
437	9	Fa5#4	F5#4	344	344	1	16	217	99	96	la	38.3888888889
438	9	La5	A5	358	358	1	16	217	95	96		38.4444444444
439	9	Sol5	G5	349	349	1	4	870	95	96	nır  	38.6666666667
440	9	Es	Es	-1	-1	1	16	217	100	0		38.7222222222
441	1	Re5	D5	327	327	1	16	217	95	96	SAZ	38.7777777778
442	1	Mi5	E5	336	336	1	16	217	95	96	.	38.8333333333
443	1	Fa5#4	F5#4	344	344	1	16	217	95	96	.	38.8888888889
444	1	Sol5	G5	349	349	1	8	435	95	96	.	39.0
445	7	Sol5	G5	349	349	3	16	652	99	96	Yağ	39.1666666667
446	9	Fa5#4	F5#4	344	344	1	16	217	95	96		39.2222222222
447	7	Mi5b1	E5b1	335	335	3	16	652	99	96	mur 	39.3888888889
448	9	Re5	D5	327	327	1	16	217	95	96		39.4444444444
449	9	Fa5#4	F5#4	344	344	1	16	217	99	96	ya	39.5
450	9	Sol5	G5	349	349	1	16	217	99	96		39.5555555556
451	9	La5	A5	358	358	1	16	217	99	96		39.6111111111
452	11	Fa5#4	F5#4	344	344	1	16	217	95	96		39.6666666667
453	9	Sol5	G5	349	349	3	8	1304	95	96	ğar 	40.0
454	12	Fa5#4	F5#4	344	344	3	16	652	99	96	yel	40.1666666667
455	9	Mi5b1	E5b1	335	335	1	16	217	99	96		40.2222222222
456	9	Fa5#4	F5#4	344	344	1	8	435	95	96		40.3333333333
457	9	Sol5	G5	349	349	1	16	217	99	96	ken	40.3888888889
458	9	Mi5b1	E5b1	335	335	1	16	217	95	96		40.4444444444
459	7	Mi5b1	E5b1	335	335	1	8	435	95	96	le	40.5555555556
460	9	Re5	D5	327	327	1	8	435	95	96	ri 	40.6666666667
461	9	Mi5b1	E5b1	335	335	1	8	435	95	96	e	40.7777777778
462	9	Fa5	F5	340	340	1	16	217	99	96	fem 	40.8333333333
463	9	Sol5	G5	349	349	1	16	217	99	96		40.8888888889
464	9	Mi5	E5	336	336	1	8	435	95	96		41.0
465	7	Re5	D5	327	327	3	16	652	99	96	ıs	41.1666666667
466	9	Mi5b1	E5b1	335	335	1	16	217	95	96		41.2222222222
467	9	Re5	D5	327	327	1	16	217	99	96	la	41.2777777778
468	24	Do5	C5	318	318	1	8	435	99	96		41.3888888889
469	9	Si4b1	B4b1	313	313	1	16	217	95	96		41.4444444444
470	9	Si4b1	B4b1	313	313	1	4	870	95	96	nır  	41.6666666667
471	1	Do5	C5	318	318	1	16	217	95	96	SAZ	41.7222222222
472	1	Re5	D5	327	327	1	16	217	95	96	.	41.7777777778
473	1	Mi5b1	E5b1	335	335	1	16	217	95	96	.	41.8333333333
474	1	Fa5#4	F5#4	344	344	1	16	217	95	96	.	41.8888888889
475	1	Sol5	G5	349	349	1	8	435	95	96	.	42.0
476	7	Sol5	G5	349	349	3	16	652	99	96	Yağ	42.1666666667
477	9	Fa5#4	F5#4	344	344	1	16	217	95	96		42.2222222222
478	7	Mi5b1	E5b1	335	335	3	16	652	99	96	mur 	42.3888888889
479	9	Re5	D5	327	327	1	16	217	95	96		42.4444444444
480	9	Fa5#4	F5#4	344	344	1	16	217	99	96	ya	42.5
481	9	Sol5	G5	349	349	1	16	217	99	96		42.5555555556
482	9	La5	A5	358	358	1	16	217	99	96		42.6111111111
483	11	Fa5#4	F5#4	344	344	1	16	217	95	96		42.6666666667
484	9	Sol5	G5	349	349	3	8	1304	95	96	ğar 	43.0
485	12	Fa5#4	F5#4	344	344	3	16	652	99	96	yel	43.1666666667
486	9	Mi5b1	E5b1	335	335	1	16	217	99	96		43.2222222222
487	9	Fa5#4	F5#4	344	344	1	8	435	95	96		43.3333333333
488	9	Sol5	G5	349	349	1	16	217	99	96	ken	43.3888888889
489	9	Mi5b1	E5b1	335	335	1	16	217	95	96		43.4444444444
490	7	Mi5b1	E5b1	335	335	1	8	435	95	96	le	43.5555555556
491	9	Re5	D5	327	327	1	8	435	95	96	ri 	43.6666666667
492	9	Mi5b1	E5b1	335	335	1	8	435	95	96	e	43.7777777778
493	9	Fa5	F5	340	340	1	16	217	99	96	fem 	43.8333333333
494	9	Sol5	G5	349	349	1	16	217	99	96		43.8888888889
495	9	Mi5	E5	336	336	1	8	435	95	96		44.0
496	7	Re5	D5	327	327	3	16	652	99	96	ıs	44.1666666667
497	9	Mi5b1	E5b1	335	335	1	16	217	95	96		44.2222222222
498	7	Re5	D5	327	327	1	16	217	99	96	la	44.2777777778
499	24	Do5	C5	318	318	1	8	435	99	96		44.3888888889
500	9	Si4b1	B4b1	313	313	1	16	217	95	96		44.4444444444
501	9	Si4b1	B4b1	313	313	1	4	870	95	96	nır  	44.6666666667
502	1	Re5	D5	327	327	1	16	217	95	96	SAZ	44.7222222222
503	1	Mi5b1	E5b1	335	335	1	16	217	95	96	.	44.7777777778
504	1	Fa5#4	F5#4	344	344	1	16	217	95	96	.	44.8333333333
505	1	Sol5	G5	349	349	1	16	217	95	96	.	44.8888888889
506	1	Fa5#4	F5#4	344	344	1	16	217	95	96	.	44.9444444444
507	1	La5	A5	358	358	1	16	217	95	96	.	45.0
508	1	Sol5	G5	349	349	1	4	870	95	96	.	45.2222222222
509	9	Sol5	G5	349	349	3	16	652	95	96	Bir 	45.3888888889
510	9	Sol5	G5	349	349	1	16	217	95	96	gün_	45.4444444444
511	9	Sol5	G5	349	349	1	4	870	95	96	o	45.6666666667
512	8	Re6	D6	380	380	0	0	0	95	96		45.6666666667
513	9	Do6	C6	371	371	1	8	435	99	96	lur_	45.7777777778
514	9	Si5b1	B5b1	366	366	1	8	435	95	96		45.8888888889
515	9	La5	A5	358	358	1	8	435	95	96	a	46.0
516	9	Si5b5	B5b5	362	362	1	24	145	99	96	man 	46.037037037
517	9	Si5b5	B5b5	362	362	1	24	145	99	96		46.0740740741
518	9	La5	A5	358	358	1	24	145	99	96		46.1111111111
519	9	Sol5	G5	349	349	1	8	435	95	96		46.2222222222
520	9	Fa5#4	F5#4	344	344	1	16	217	99	96	de	46.2777777778
521	9	Sol5	G5	349	349	1	16	217	95	96		46.3333333333
522	9	La5	A5	358	358	1	16	217	99	96	li 	46.3888888889
523	11	Sol5	G5	349	349	1	16	217	95	96		46.4444444444
524	9	Sol5	G5	349	349	1	4	870	95	96	gö	46.6666666667
525	8	Re6	D6	380	380	0	0	0	95	96		46.6666666667
526	9	Do6	C6	371	371	1	8	435	99	96	nül 	46.7777777778
527	9	Si5b4	B5b4	363	363	1	8	435	99	96		46.8888888889
528	9	La5	A5	358	358	1	8	435	95	96		47.0
529	12	Sol5	G5	349	349	3	16	652	99	96	us	47.1666666667
530	9	Fa5#4	F5#4	344	344	1	16	217	99	96		47.2222222222
531	9	Mi5b1	E5b1	335	335	1	8	435	95	96		47.3333333333
532	9	Fa5#4	F5#4	344	344	1	16	217	99	96	la	47.3888888889
533	9	La5	A5	358	358	1	16	217	95	96		47.4444444444
534	9	Sol5	G5	349	349	1	16	217	95	96	nır  	47.5
535	1	Sol4	G4	296	296	1	16	217	50	96	SAZ	47.5555555556
536	1	La4	A4	305	305	1	16	217	50	96	.	47.6111111111
537	1	Si4b1	B4b1	313	313	1	16	217	50	96	.	47.6666666667
538	1	Do5	C5	318	318	1	16	217	50	96	.	47.7222222222
539	1	Re5	D5	327	327	1	16	217	50	96	.	47.7777777778
540	1	Mi5b1	E5b1	335	335	1	16	217	50	96	.	47.8333333333
541	1	Fa5#4	F5#4	344	344	1	16	217	50	96	.	47.8888888889
542	1	Sol5	G5	349	349	1	8	435	50	96	.	48.0
543	7	Sol5	G5	349	349	3	16	652	99	96	Ağ	48.1666666667
544	9	Fa5#4	F5#4	344	344	1	16	217	95	96		48.2222222222
545	7	Mi5b1	E5b1	335	335	1	8	435	95	96	la	48.3333333333
546	9	Re5	D5	327	327	1	8	435	95	96	ma 	48.4444444444
547	9	Fa5#4	F5#4	344	344	1	16	217	99	96	fi	48.5
548	9	Sol5	G5	349	349	1	16	217	95	96		48.5555555556
549	9	La5	A5	358	358	1	16	217	99	96	dan 	48.6111111111
550	9	Fa5#4	F5#4	344	344	1	16	217	95	96		48.6666666667
551	9	Sol5	G5	349	349	1	8	435	95	96	boy	48.7777777778
552	9	Sol5	G5	349	349	1	4	870	50	96	lum 	49.0
553	12	Fa5#4	F5#4	344	344	3	16	652	99	96	yol	49.1666666667
554	9	Mi5b1	E5b1	335	335	1	16	217	99	96		49.2222222222
555	9	Fa5#4	F5#4	344	344	1	8	435	95	96		49.3333333333
556	9	Sol5	G5	349	349	1	16	217	99	96	dan 	49.3888888889
557	9	Mi5b1	E5b1	335	335	1	16	217	95	96		49.4444444444
558	7	Mi5b1	E5b1	335	335	1	8	435	95	96	gel	49.5555555556
559	9	Re5	D5	327	327	1	8	435	95	96	dim_	49.6666666667
560	9	Mi5	E5	336	336	1	8	435	95	96	e	49.7777777778
561	9	Fa5	F5	340	340	1	16	217	99	96	fem 	49.8333333333
562	9	Sol5	G5	349	349	1	16	217	99	96		49.8888888889
563	9	Mi5	E5	336	336	1	8	435	95	96		50.0
564	12	Re5	D5	327	327	1	8	435	99	96	yor	50.1111111111
565	9	Re5	D5	327	327	1	16	217	99	96		50.1666666667
566	9	Mi5b1	E5b1	335	335	1	16	217	95	96		50.2222222222
567	7	Re5	D5	327	327	1	16	217	99	96	gu	50.2777777778
568	24	Do5	C5	318	318	1	8	435	99	96		50.3888888889
569	9	Si4b1	B4b1	313	313	1	16	217	95	96		50.4444444444
570	9	Si4b1	B4b1	313	313	1	16	217	95	96	num  	50.5
571	1	La4#3	A4#4	308	309	1	16	217	95	96	SAZ	50.5555555556
572	1	Si4b1	B4b1	313	313	1	16	217	95	96	.	50.6111111111
573	1	Do5	C5	318	318	1	16	217	95	96	.	50.6666666667
574	1	Re5	D5	327	327	1	16	217	95	96	.	50.7222222222
575	1	Mi5b1	E5b1	335	335	1	16	217	95	96	.	50.7777777778
576	1	Fa5	F5	340	340	1	16	217	95	96	.	50.8333333333
577	1	Fa5#4	F5#4	344	344	1	16	217	95	96	.	50.8888888889
578	1	Sol5	G5	349	349	1	8	435	95	96	.	51.0
579	7	Sol5	G5	349	349	3	16	652	99	96	Ben_	51.1666666667
580	9	Fa5#4	F5#4	344	344	1	16	217	95	96		51.2222222222
581	7	Mi5b1	E5b1	335	335	1	8	435	99	96	o 	51.3333333333
582	9	Re5	D5	327	327	1	8	435	95	96		51.4444444444
583	9	Fa5#4	F5#4	344	344	1	16	217	99	96	yâ	51.5
584	9	Sol5	G5	349	349	1	16	217	99	96		51.5555555556
585	9	La5	A5	358	358	1	16	217	99	96		51.6111111111
586	9	Fa5#4	F5#4	344	344	1	16	217	95	96		51.6666666667
587	9	Sol5	G5	349	349	3	8	1305	50	96	rin 	52.0
588	12	Fa5#4	F5#4	344	344	3	16	652	99	96	e	52.1666666667
589	9	Mi5b1	E5b1	335	335	1	16	217	99	96		52.2222222222
590	9	Fa5#4	F5#4	344	344	1	8	435	95	96		52.3333333333
591	9	Sol5	G5	349	349	1	16	217	99	96	dâ	52.3888888889
592	9	Mi5b1	E5b1	335	335	1	16	217	95	96		52.4444444444
593	7	Mi5b1	E5b1	335	335	1	8	435	95	96	sı	52.5555555556
594	9	Re5	D5	327	327	1	8	435	95	96	na 	52.6666666667
595	9	Sol5	G5	349	349	1	8	435	95	96	ef	52.7777777778
596	24	Sol5	G5	349	349	1	8	435	99	96	fem 	52.8888888889
597	9	Mi5b1	E5b1	335	335	1	16	217	99	96		52.9444444444
598	9	Re5	D5	327	327	1	16	217	95	96		53.0
599	12	Re5	D5	327	327	1	8	435	99	96		53.1111111111
600	9	Re5	D5	327	327	1	16	217	99	96	KARAR	53.1666666667
601	9	Mi5b1	E5b1	335	335	1	16	217	95	96		53.2222222222
602	7	Re5	D5	327	327	1	16	217	99	96		53.2777777778
603	24	Do5	C5	318	318	1	8	435	99	96		53.3888888889
604	9	Si4b1	B4b1	313	313	1	16	217	95	96		53.4444444444
605	9	Si4b1	B4b1	313	313	1	4	870	95	96		53.6666666667
606	9	Es	Es	-1	-1	3	8	1304	100	0		54.0
