Sira	Kod	Nota53	NotaAE	Koma53	KomaAE	Pay	Payda	Ms	LNS	Bas	Soz1	Offset
1	51			0	0	4	4	0	6	0	Sofyan	0.0
2	9	Sol4	G4	296	296	3	8	1500	95	96		0.375
3	9	La4#4	A4#4	309	309	1	8	500	95	96		0.5
4	9	Si4b1	B4b1	313	313	1	2	2000	95	96		1.0
5	9	Si4b1	B4b1	313	313	1	8	500	95	96		1.125
6	9	Do5	C5	318	318	1	16	250	95	96		1.1875
7	9	Re5	D5	327	327	1	16	250	95	96		1.25
8	9	Do5	C5	318	318	1	8	500	95	96		1.375
9	9	Si4b2	B4b1	312	313	1	8	500	95	96		1.5
10	9	Si4b2	B4b1	312	313	3	16	750	95	96		1.6875
11	9	La4	A4	305	305	1	16	250	95	96		1.75
12	9	Sol4	G4	296	296	1	4	1000	95	96		2.0
13	9	Es	Es	-1	-1	1	8	500	100	0		2.125
14	9	Fa5	F5	340	340	1	8	500	95	96		2.25
15	9	Mi5b1	E5b1	335	335	1	8	500	95	96		2.375
16	9	Re5	D5	327	327	1	8	500	95	96		2.5
17	9	Re5	D5	327	327	3	16	750	95	96		2.6875
18	9	Do5	C5	318	318	1	16	250	95	96		2.75
19	9	Si4b1	B4b1	313	313	1	8	500	95	96		2.875
20	9	Do5	C5	318	318	1	8	500	95	96		3.0
21	9	Re5	D5	327	327	3	4	3000	95	96		3.75
22	9	Es	Es	-1	-1	1	4	1000	100	0		4.0
23	9	Mi5b1	E5b1	335	335	1	8	500	95	96		4.125
24	9	Fa5	F5	340	340	1	8	500	95	96		4.25
25	9	Mi5b1	E5b1	335	335	1	8	500	95	96		4.375
26	9	Fa5	F5	340	340	1	8	500	95	96		4.5
27	9	Sol5	G5	349	349	1	8	500	95	96		4.625
28	9	Fa5	F5	340	340	1	8	500	95	96		4.75
29	9	Mi5b1	E5b1	335	335	1	8	500	95	96		4.875
30	9	Re5	D5	327	327	1	8	500	95	96		5.0
31	9	Re5	D5	327	327	1	16	250	95	96		5.0625
32	9	Fa5	F5	340	340	1	16	250	95	96		5.125
33	9	Mi5b1	E5b1	335	335	1	16	250	95	96		5.1875
34	9	Re5	D5	327	327	1	16	250	95	96		5.25
35	9	Do5	C5	318	318	1	8	500	95	96		5.375
36	9	Re5	D5	327	327	1	8	500	95	96		5.5
37	9	Do5	C5	318	318	1	8	500	95	96		5.625
38	9	Si4b1	B4b1	313	313	1	16	250	95	96		5.6875
39	9	La4#4	A4#4	309	309	1	16	250	95	96		5.75
40	9	Si4b1	B4b1	313	313	1	4	1000	95	96		6.0
41	9	Es	Es	-1	-1	1	4	1000	100	0		6.25
42	9	Do5	C5	318	318	1	8	500	95	96		6.375
43	9	Re5	D5	327	327	1	8	500	95	96		6.5
44	9	Re5	D5	327	327	1	4	1000	95	96		6.75
45	9	Mi5b1	E5b1	335	335	1	4	1000	95	96		7.0
46	9	Fa5	F5	340	340	1	16	250	95	96		7.0625
47	9	Mi5b1	E5b1	335	335	1	16	250	95	96		7.125
48	9	Re5	D5	327	327	1	16	250	95	96		7.1875
49	9	Mi5b1	E5b1	335	335	1	16	250	95	96		7.25
50	9	Re5	D5	327	327	1	8	500	95	96		7.375
51	9	Do5	C5	318	318	1	16	250	95	96		7.4375
52	9	Si4b2	B4b1	312	313	1	16	250	95	96		7.5
53	9	La4	A4	305	305	1	2	2000	95	96		8.0
54	9	Sol4	G4	296	296	1	8	500	95	96		8.125
55	9	Do5	C5	318	318	1	8	500	95	96		8.25
56	9	Si4b1	B4b1	313	313	1	8	500	95	96		8.375
57	9	La4#4	A4#4	309	309	1	8	500	95	96		8.5
58	9	Si4b1	B4b1	313	313	1	4	1000	95	96		8.75
59	9	Do5	C5	318	318	1	4	1000	95	96		9.0
60	9	Re5	D5	327	327	1	16	250	95	96		9.0625
61	9	Do5	C5	318	318	1	16	250	95	96		9.125
62	9	Re5	D5	327	327	1	16	250	95	96		9.1875
63	9	Mi5b1	E5b1	335	335	1	16	250	95	96		9.25
64	9	Re5	D5	327	327	1	8	500	95	96		9.375
65	9	Do5	C5	318	318	1	8	500	95	96		9.5
66	9	Si4b1	B4b1	313	313	3	16	750	95	96		9.6875
67	9	La4	A4	305	305	1	16	250	95	96		9.75
68	9	Sol4	G4	296	296	1	4	1000	95	96		10.0
69	9	Es	Es	-1	-1	1	8	500	100	0		10.125
70	9	Fa5	F5	340	340	1	8	500	95	96		10.25
71	9	Mi5b1	E5b1	335	335	1	8	500	95	96		10.375
72	9	Re5	D5	327	327	1	8	500	95	96		10.5
73	9	Re5	D5	327	327	3	16	750	95	96		10.6875
74	9	Do5	C5	318	318	1	16	250	95	96		10.75
75	9	Re5	D5	327	327	1	16	250	95	96		10.8125
76	9	Do5	C5	318	318	1	16	250	95	96		10.875
77	9	Do5	C5	318	318	1	16	250	95	96		10.9375
78	9	Si4b1	B4b1	313	313	1	16	250	95	96		11.0
79	9	Si4b1	B4b1	313	313	1	1	4000	95	96		12.0
