Sira	Kod	Nota53	NotaAE	Koma53	KomaAE	Pay	Payda	Ms	LNS	Bas	Soz1	Offset
1	9	Sol4	G4	296	296	1	4	476	95	96	ARANAĞME	0.25
2	9	Si4b1	B4b1	313	313	1	8	238	95	96	.	0.375
3	9	Re5	D5	327	327	1	8	238	95	96	.	0.5
4	9	Fa5	F5	340	340	1	8	238	95	96	.	0.625
5	9	Mi5b1	E5b1	335	335	1	8	238	95	96	.	0.75
6	9	Re5	D5	327	327	1	4	476	95	96	.	1.0
7	9	Fa5#4	F5#4	344	344	1	4	476	95	96	.	1.25
8	9	Fa5#4	F5#4	344	344	1	4	476	95	96	.	1.5
9	9	Sol5	G5	349	349	1	8	238	95	96	.	1.625
10	9	La5#4	A5#4	362	362	1	8	238	95	96	.	1.75
11	9	Si5b1	B5b1	366	366	1	4	476	95	96	.	2.0
12	9	Do6	C6	371	371	1	8	238	95	96	.	2.125
13	9	Si5b1	B5b1	366	366	1	4	476	95	96	.	2.375
14	9	La5#4	A5#4	362	362	1	8	238	95	96	.	2.5
15	9	Sol5	G5	349	349	1	4	476	95	96	.	2.75
16	9	Si5b1	B5b1	366	366	1	8	238	95	96	.	2.875
17	9	Do6	C6	371	371	1	8	238	95	96	.	3.0
18	9	Re6	D6	380	380	1	8	238	95	96	.	3.125
19	9	Do6	C6	371	371	1	8	238	95	96	.	3.25
20	9	La5#4	A5#4	362	362	1	8	238	95	96	.	3.375
21	9	La5	A5	358	358	1	8	238	95	96	.	3.5
22	9	Sol5	G5	349	349	1	8	238	95	96	.	3.625
23	9	Fa5	F5	340	340	1	8	238	95	96	.	3.75
24	9	Mi5b1	E5b1	335	335	1	8	238	95	96	.	3.875
25	9	Re5	D5	327	327	1	8	238	95	96	.	4.0
26	9	Mi5b1	E5b1	335	335	1	8	238	95	96	.	4.125
27	9	Fa5	F5	340	340	1	4	476	95	96	.	4.375
28	9	Mi5b1	E5b1	335	335	1	8	238	95	96	.	4.5
29	9	Re5	D5	327	327	1	4	476	95	96	.	4.75
30	9	Do5#4	C5#4	322	322	1	8	238	95	96	.	4.875
31	9	Re5	D5	327	327	1	8	238	95	96	.	5.0
32	9	Si4b1	B4b1	313	313	3	8	714	95	96	.	5.375
33	9	Sol4	G4	296	296	1	8	238	95	96	.	5.5
34	9	Si4b1	B4b1	313	313	1	8	238	95	96	.	5.625
35	9	Sol4	G4	296	296	1	8	238	95	96	.	5.75
36	9	Si4b1	B4b1	313	313	1	4	476	95	96	.	6.0
37	9	Sol4	G4	296	296	1	4	476	95	96	ARANAĞME	6.25
38	9	Si4b1	B4b1	313	313	1	8	238	95	96	.	6.375
39	9	Re5	D5	327	327	1	8	238	95	96	.	6.5
40	9	Fa5	F5	340	340	1	8	238	95	96	.	6.625
41	9	Mi5b1	E5b1	335	335	1	8	238	95	96	.	6.75
42	9	Re5	D5	327	327	1	4	476	95	96	.	7.0
43	9	Fa5#4	F5#4	344	344	1	4	476	95	96	.	7.25
44	9	Fa5#4	F5#4	344	344	1	4	476	95	96	.	7.5
45	9	Sol5	G5	349	349	1	8	238	95	96	.	7.625
46	9	La5#4	A5#4	362	362	1	8	238	95	96	.	7.75
47	9	Si5b1	B5b1	366	366	1	4	476	95	96	.	8.0
48	9	Do6	C6	371	371	1	8	238	95	96	.	8.125
49	9	Si5b1	B5b1	366	366	1	4	476	95	96	.	8.375
50	9	La5#4	A5#4	362	362	1	8	238	95	96	.	8.5
51	9	Sol5	G5	349	349	1	4	476	95	96	.	8.75
52	9	Si5b1	B5b1	366	366	1	8	238	95	96	.	8.875
53	9	Do6	C6	371	371	1	8	238	95	96	.	9.0
54	9	Re6	D6	380	380	1	8	238	95	96	.	9.125
55	9	Do6	C6	371	371	1	8	238	95	96	.	9.25
56	9	La5#4	A5#4	362	362	1	8	238	95	96	.	9.375
57	9	La5	A5	358	358	1	8	238	95	96	.	9.5
58	9	Sol5	G5	349	349	1	8	238	95	96	.	9.625
59	9	Fa5	F5	340	340	1	8	238	95	96	.	9.75
60	9	Mi5b1	E5b1	335	335	1	8	238	95	96	.	9.875
61	9	Re5	D5	327	327	1	8	238	95	96	.	10.0
62	9	Mi5b1	E5b1	335	335	1	8	238	95	96	.	10.125
63	9	Fa5	F5	340	340	1	4	476	95	96	.	10.375
64	9	Mi5b1	E5b1	335	335	1	8	238	95	96	.	10.5
65	9	Re5	D5	327	327	1	8	238	95	96	.	10.625
66	9	Do5	C5	318	318	1	8	238	95	96	.	10.75
67	9	Si4b1	B4b1	313	313	1	8	238	95	96	.	10.875
68	9	La4#4	A4#4	309	309	1	8	238	95	96	.	11.0
69	9	Si4b1	B4b1	313	313	3	8	714	95	96	.	11.375
70	9	Sol4	G4	296	296	1	8	238	95	96	.	11.5
71	9	Si4b1	B4b1	313	313	1	8	238	95	96	.	11.625
72	9	Sol4	G4	296	296	1	8	238	95	96	.	11.75
73	9	Si4b1	B4b1	313	313	1	4	476	95	96	.	12.0
74	9	Sol4	G4	296	296	1	4	476	95	96	Aş	12.25
75	9	Si4b1	B4b1	313	313	1	4	476	95	96	kın	12.5
76	9	Re5	D5	327	327	1	8	238	95	96	o	12.625
77	9	Re5	D5	327	327	1	8	238	95	96	si	12.75
78	9	Re5	D5	327	327	1	4	476	95	96	hir	13.0
79	9	Mi5b1	E5b1	335	335	1	4	476	95	96	li	13.25
80	9	Fa5	F5	340	340	1	8	238	95	96	e	13.375
81	9	Mi5b1	E5b1	335	335	1	8	238	95	96	li	13.5
82	9	Re5	D5	327	327	1	2	952	95	96	ni	14.0
83	9	Es	Es	-1	-1	1	8	238	100	0		14.125
84	9	Fa5#4	F5#4	344	344	1	4	476	95	96	his	14.375
85	9	Fa5#4	F5#4	344	344	1	8	238	95	96	se	14.5
86	9	Sol5	G5	349	349	1	4	476	95	96	der	14.75
87	9	Fa5#4	F5#4	344	344	1	8	238	95	96	gi	14.875
88	9	Fa5	F5	340	340	1	8	238	95	96	bi	15.0
89	9	Fa5#4	F5#4	344	344	3	8	714	99	96	yim	15.375
90	9	Re5	D5	327	327	1	16	119	99	96		15.4375
91	9	Mi5b1	E5b1	335	335	1	16	119	99	96		15.5
92	9	Re5	D5	327	327	1	16	119	99	96		15.5625
93	9	Do5	C5	318	318	1	16	119	99	96		15.625
94	9	Si4b1	B4b1	313	313	1	16	119	99	96		15.6875
95	9	La4#4	A4#4	309	309	1	16	119	99	96		15.75
96	9	Si4b1	B4b1	313	313	1	4	476	95	96		16.0
97	9	Sol4	G4	296	296	1	4	476	95	96	Aş	16.25
98	9	Si4b1	B4b1	313	313	1	4	476	95	96	kın	16.5
99	9	Re5	D5	327	327	1	8	238	95	96	o	16.625
100	9	Re5	D5	327	327	1	8	238	95	96	si	16.75
101	9	Re5	D5	327	327	1	4	476	95	96	hir	17.0
102	9	Mi5b1	E5b1	335	335	1	4	476	95	96	li	17.25
103	9	Fa5	F5	340	340	1	8	238	95	96	e	17.375
104	9	Mi5b1	E5b1	335	335	1	8	238	95	96	li	17.5
105	9	Re5	D5	327	327	1	2	952	95	96	ni	18.0
106	9	Es	Es	-1	-1	1	8	238	100	0		18.125
107	9	Fa5#4	F5#4	344	344	1	4	476	95	96	his	18.375
108	9	Fa5#4	F5#4	344	344	1	8	238	95	96	se	18.5
109	9	Sol5	G5	349	349	1	4	476	95	96	der	18.75
110	9	Fa5#4	F5#4	344	344	1	8	238	95	96	gi	18.875
111	9	Fa5	F5	340	340	1	8	238	95	96	bi	19.0
112	9	Fa5#4	F5#4	344	344	1	4	476	99	96	yim	19.25
113	9	Fa5#4	F5#4	344	344	1	8	238	99	96		19.375
114	9	Fa5#4	F5#4	344	344	1	8	238	99	96		19.5
115	9	Re5	D5	327	327	1	12	159	99	96		19.5833333333
116	9	Mi5b1	E5b1	335	335	1	12	159	99	96		19.6666666667
117	9	Fa5#4	F5#4	344	344	1	12	159	99	96		19.75
118	9	Sol5	G5	349	349	1	4	476	95	96		20.0
119	9	Fa5#4	F5#4	344	344	1	8	238	95	96	Ke	20.125
120	9	Sol5	G5	349	349	1	4	476	95	96	der	20.375
121	9	La5#4	A5#4	362	362	1	8	238	95	96	li	20.5
122	9	La5	A5	358	358	1	8	238	95	96	o	20.625
123	9	Sol5	G5	349	349	1	8	238	95	96	la	20.75
124	9	Fa5	F5	340	340	1	8	238	99	96	mam	20.875
125	9	Mi5b1	E5b1	335	335	1	8	238	95	96		21.0
126	9	Fa5	F5	340	340	1	8	238	95	96	ben	21.125
127	9	Mi5b1	E5b1	335	335	1	8	238	99	96	ar	21.25
128	9	Re5	D5	327	327	1	8	238	99	96		21.375
129	9	Do5#4	C5#4	322	322	1	8	238	95	96		21.5
130	9	Re5	D5	327	327	1	2	952	95	96	tık	22.0
131	9	Mi5b1	E5b1	335	335	1	8	238	95	96	gü	22.125
132	9	Fa5	F5	340	340	1	8	238	95	96	le	22.25
133	9	Mi5b1	E5b1	335	335	1	4	476	95	96	rim	22.5
134	9	Re5	D5	327	327	1	4	476	95	96	neş	22.75
135	9	Do5#4	C5#4	322	322	1	8	238	95	96	e	22.875
136	9	Re5	D5	327	327	1	8	238	95	96	li	23.0
137	9	Si4b1	B4b1	313	313	1	2	952	99	96	yim	23.5
138	9	Re5	D5	327	327	1	12	159	99	96		23.5833333333
139	9	Mi5b1	E5b1	335	335	1	12	159	99	96		23.6666666667
140	9	Fa5#4	F5#4	344	344	1	12	159	99	96		23.75
141	9	Sol5	G5	349	349	1	4	476	95	96		24.0
142	9	Fa5#4	F5#4	344	344	1	8	238	95	96	Ke	24.125
143	9	Sol5	G5	349	349	1	4	476	95	96	der	24.375
144	9	La5#4	A5#4	362	362	1	8	238	95	96	li	24.5
145	9	La5	A5	358	358	1	8	238	95	96	o	24.625
146	9	Sol5	G5	349	349	1	8	238	95	96	la	24.75
147	9	Fa5	F5	340	340	1	8	238	99	96	mam	24.875
148	9	Mi5b1	E5b1	335	335	1	8	238	95	96		25.0
149	9	Fa5	F5	340	340	1	8	238	95	96	ben	25.125
150	9	Mi5b1	E5b1	335	335	1	8	238	99	96	ar	25.25
151	9	Re5	D5	327	327	1	8	238	99	96		25.375
152	9	Do5#4	C5#4	322	322	1	8	238	95	96		25.5
153	9	Re5	D5	327	327	1	2	952	95	96	tık	26.0
154	9	Mi5b1	E5b1	335	335	1	8	238	95	96	gü	26.125
155	9	Fa5	F5	340	340	1	8	238	95	96	le	26.25
156	9	Mi5b1	E5b1	335	335	1	4	476	95	96	rim	26.5
157	9	Re5	D5	327	327	1	4	476	95	96	neş	26.75
158	9	Do5#4	C5#4	322	322	1	8	238	95	96	e	26.875
159	9	Re5	D5	327	327	1	8	238	95	96	li	27.0
160	9	Si4b1	B4b1	313	313	3	8	714	99	96	yim	27.375
161	9	Sol4	G4	296	296	1	8	238	99	96		27.5
162	9	Si4b1	B4b1	313	313	1	8	238	99	96		27.625
163	9	Sol4	G4	296	296	1	8	238	95	96		27.75
164	9	Si4b1	B4b1	313	313	1	4	476	95	96		28.0
165	9	Si4b1	B4b1	313	313	1	8	238	99	96	Ah	28.125
166	9	Si4b1	B4b1	313	313	1	4	476	99	96		28.375
167	9	Si4b1	B4b1	313	313	1	8	238	99	96		28.5
168	9	Si4b1	B4b1	313	313	1	4	476	99	96		28.75
169	9	Si4b1	B4b1	313	313	1	4	476	99	96		29.0
170	9	Re5	D5	327	327	1	8	238	99	96		29.125
171	9	Re5	D5	327	327	1	4	476	99	96		29.375
172	9	Re5	D5	327	327	1	8	238	99	96		29.5
173	9	Re5	D5	327	327	1	4	476	99	96		29.75
174	9	Re5	D5	327	327	1	4	476	95	96		30.0
175	9	Mi5b1	E5b1	335	335	1	2	952	99	96	ah	30.5
176	9	Re5	D5	327	327	1	4	476	99	96		30.75
177	9	Do5#4	C5#4	322	322	1	8	238	99	96		30.875
178	9	Re5	D5	327	327	1	8	238	99	96		31.0
179	9	Si4b1	B4b1	313	313	1	1	1904	95	96		32.0
180	9	Si4b1	B4b1	313	313	1	8	238	99	96	Ah	32.125
181	9	Si4b1	B4b1	313	313	1	4	476	99	96		32.375
182	9	Si4b1	B4b1	313	313	1	8	238	99	96		32.5
183	9	Si4b1	B4b1	313	313	1	4	476	99	96		32.75
184	9	Si4b1	B4b1	313	313	1	4	476	99	96		33.0
185	9	Re5	D5	327	327	1	8	238	99	96		33.125
186	9	Re5	D5	327	327	1	4	476	99	96		33.375
187	9	Re5	D5	327	327	1	8	238	99	96		33.5
188	9	Re5	D5	327	327	1	4	476	99	96		33.75
189	9	Re5	D5	327	327	1	4	476	95	96		34.0
190	9	Mi5b1	E5b1	335	335	1	2	952	99	96	ah	34.5
191	9	Re5	D5	327	327	1	4	476	99	96		34.75
192	9	Do5#4	C5#4	322	322	1	8	238	99	96		34.875
193	9	Re5	D5	327	327	1	8	238	99	96		35.0
194	9	Si4b1	B4b1	313	313	1	1	1904	95	96		36.0
195	9	Do5#4	C5#4	322	322	1	4	476	95	96	Dün	36.25
196	9	Re5	D5	327	327	1	4	476	95	96	ya	36.5
197	9	Fa5	F5	340	340	1	8	238	95	96	ne	36.625
198	9	Mi5b1	E5b1	335	335	1	8	238	95	96	gü	36.75
199	9	Re5	D5	327	327	1	4	476	95	96	zel	37.0
200	9	Fa5#4	F5#4	344	344	1	4	476	95	96	sev	37.25
201	9	Fa5#4	F5#4	344	344	1	4	476	95	96	mek	37.5
202	9	Sol5	G5	349	349	1	8	238	95	96	ne	37.625
203	9	La5#4	A5#4	362	362	1	8	238	95	96	gü	37.75
204	9	Si5b1	B5b1	366	366	1	4	476	95	96	zel	38.0
205	9	Do6	C6	371	371	1	8	238	95	96	se	38.125
206	9	Si5b1	B5b1	366	366	1	4	476	99	96	vil	38.375
207	9	La5#4	A5#4	362	362	1	8	238	95	96		38.5
208	9	Sol5	G5	349	349	1	4	476	95	96	mek	38.75
209	9	Si5b1	B5b1	366	366	1	8	238	95	96	ne	38.875
210	9	Do6	C6	371	371	1	8	238	95	96	gü	39.0
211	9	Re6	D6	380	380	1	8	238	99	96	zel	39.125
212	9	Do6	C6	371	371	1	8	238	99	96		39.25
213	9	La5#4	A5#4	362	362	1	8	238	99	96		39.375
214	9	La5	A5	358	358	1	8	238	99	96		39.5
215	9	Sol5	G5	349	349	1	8	238	99	96		39.625
216	9	Fa5	F5	340	340	1	8	238	99	96		39.75
217	9	Mi5b1	E5b1	335	335	1	8	238	99	96		39.875
218	9	Re5	D5	327	327	1	8	238	95	96		40.0
219	9	Mi5b1	E5b1	335	335	1	8	238	95	96	Ne	40.125
220	9	Fa5	F5	340	340	1	4	476	95	96	tat	40.375
221	9	Mi5b1	E5b1	335	335	1	8	238	95	96	lı	40.5
222	9	Re5	D5	327	327	1	4	476	95	96	şey	40.75
223	9	Do5#4	C5#4	322	322	1	8	238	95	96	ya	40.875
224	9	Re5	D5	327	327	1	8	238	95	96	şa	41.0
225	9	Do5#4	C5#4	322	322	1	2	952	99	96	mak	41.5
226	9	Re5	D5	327	327	1	12	159	99	96		41.5833333333
227	9	Do5#4	C5#4	322	322	1	12	159	99	96		41.6666666667
228	9	Re5	D5	327	327	1	12	159	99	96		41.75
229	9	Si4b1	B4b1	313	313	1	4	476	95	96		42.0
230	9	Do5#4	C5#4	322	322	1	4	476	95	96	Dün	42.25
231	9	Re5	D5	327	327	1	4	476	95	96	ya	42.5
232	9	Fa5	F5	340	340	1	8	238	95	96	ne	42.625
233	9	Mi5b1	E5b1	335	335	1	8	238	95	96	gü	42.75
234	9	Re5	D5	327	327	1	4	476	95	96	zel	43.0
235	9	Fa5#4	F5#4	344	344	1	4	476	95	96	sev	43.25
236	9	Fa5#4	F5#4	344	344	1	4	476	95	96	mek	43.5
237	9	Sol5	G5	349	349	1	8	238	95	96	ne	43.625
238	9	La5#4	A5#4	362	362	1	8	238	95	96	gü	43.75
239	9	Si5b1	B5b1	366	366	1	4	476	95	96	zel	44.0
240	9	Do6	C6	371	371	1	8	238	95	96	se	44.125
241	9	Si5b1	B5b1	366	366	1	4	476	99	96	vil	44.375
242	9	La5#4	A5#4	362	362	1	8	238	95	96		44.5
243	9	Sol5	G5	349	349	1	4	476	95	96	mek	44.75
244	9	Si5b1	B5b1	366	366	1	8	238	95	96	ne	44.875
245	9	Do6	C6	371	371	1	8	238	95	96	gü	45.0
246	9	Re6	D6	380	380	1	8	238	99	96	zel	45.125
247	9	Do6	C6	371	371	1	8	238	99	96		45.25
248	9	La5#4	A5#4	362	362	1	8	238	99	96		45.375
249	9	La5	A5	358	358	1	8	238	99	96		45.5
250	9	Sol5	G5	349	349	1	8	238	99	96		45.625
251	9	Fa5	F5	340	340	1	8	238	99	96		45.75
252	9	Mi5b1	E5b1	335	335	1	8	238	99	96		45.875
253	9	Re5	D5	327	327	1	8	238	95	96		46.0
254	9	Mi5b1	E5b1	335	335	1	8	238	95	96	Ne	46.125
255	9	Fa5	F5	340	340	1	4	476	95	96	tat	46.375
256	9	Mi5b1	E5b1	335	335	1	8	238	95	96	lı	46.5
257	9	Re5	D5	327	327	1	8	238	99	96	şey	46.625
258	9	Do5	C5	318	318	1	8	238	95	96		46.75
259	9	Si4b1	B4b1	313	313	1	8	238	95	96	ya	46.875
260	9	La4#4	A4#4	309	309	1	8	238	95	96	şa	47.0
261	9	Si4b1	B4b1	313	313	1	4	476	99	96	mak	47.25
262	9	Si4b1	B4b1	313	313	1	8	238	99	96		47.375
263	9	Si4b1	B4b1	313	313	1	8	238	99	96		47.5
264	9	Sol4	G4	296	296	1	4	476	99	96		47.75
265	9	Si4b1	B4b1	313	313	1	4	476	95	96		48.0
