Sira	Kod	Nota53	NotaAE	Koma53	KomaAE	Pay	Payda	Ms	LNS	Bas	Soz1	Offset
1	9	Si4b1	B4b1	313	313	1	4	952	95	96	ARANAĞME	0.222222222222
2	9	Sol5	G5	349	349	3	16	714	95	96	.	0.388888888889
3	9	Sol5	G5	349	349	1	16	238	95	96	.	0.444444444444
4	12	Sol5	G5	349	349	1	8	476	95	96	.	0.555555555556
5	9	Fa5#4	F5#4	344	344	1	16	238	95	96	.	0.611111111111
6	9	La5	A5	358	358	1	16	238	95	96	.	0.666666666667
7	23	Sol5	G5	349	349	1	8	476	95	96	.	0.777777777778
8	9	Fa5#1	F5#1	341	341	1	8	476	95	96	.	0.888888888889
9	9	Mi5b1	E5b1	335	335	1	8	476	95	96	.	1.0
10	9	Re5	D5	327	327	1	16	238	95	96	.	1.05555555556
11	9	Mi5b1	E5b1	335	335	1	16	238	95	96	.	1.11111111111
12	24	Do5	C5	318	318	1	8	476	95	96	.	1.22222222222
13	9	Si4b1	B4b1	313	313	1	4	952	95	96	.	1.44444444444
14	9	Es	Es	-1	-1	1	16	238	100	0		1.5
15	9	Sol5	G5	349	349	1	16	238	95	96	.	1.55555555556
16	9	Fa5#4	F5#4	344	344	1	16	238	95	96	.	1.61111111111
17	9	La5	A5	358	358	1	16	238	95	96	.	1.66666666667
18	12	Sol5	G5	349	349	1	8	476	95	96	.	1.77777777778
19	10	Fa5	F5	340	340	1	16	238	95	96	.	1.83333333333
20	8	Sol5	G5	349	349	0	0	0	95	96	.	1.83333333333
21	10	Mi5b1	E5b1	335	335	1	16	238	95	96	.	1.88888888889
22	8	Fa5	F5	340	340	0	0	0	95	96	.	1.88888888889
23	9	Re5	D5	327	327	1	8	476	95	96	.	2.0
24	9	Si4b1	B4b1	313	313	1	16	238	95	96	.	2.05555555556
25	9	Do5	C5	318	318	1	16	238	95	96	.	2.11111111111
26	9	Re5	D5	327	327	1	8	476	95	96	.	2.22222222222
27	9	Re5	D5	327	327	1	16	238	95	96	.	2.27777777778
28	24	Do5	C5	318	318	1	8	476	95	96	.	2.38888888889
29	11	Si4b1	B4b1	313	313	1	16	238	95	96	.	2.44444444444
30	9	Si4b1	B4b1	313	313	1	4	952	95	96	.	2.66666666667
31	7	Si4b1	B4b1	313	313	2	8	952	95	96	.	2.88888888889
32	7	Si4b1	B4b1	313	313	2	16	476	95	96	.	3.0
33	9	Si4b1	B4b1	313	313	1	4	952	95	96	ARANAĞME	3.22222222222
34	9	Sol5	G5	349	349	3	16	714	95	96	.	3.38888888889
35	9	Sol5	G5	349	349	1	16	238	95	96	.	3.44444444444
36	12	Sol5	G5	349	349	1	8	476	95	96	.	3.55555555556
37	9	Fa5#4	F5#4	344	344	1	16	238	95	96	.	3.61111111111
38	9	La5	A5	358	358	1	16	238	95	96	.	3.66666666667
39	23	Sol5	G5	349	349	1	8	476	95	96	.	3.77777777778
40	9	Fa5#1	F5#1	341	341	1	8	476	95	96	.	3.88888888889
41	9	Mi5b1	E5b1	335	335	1	8	476	95	96	.	4.0
42	9	Re5	D5	327	327	1	16	238	95	96	.	4.05555555556
43	9	Mi5b1	E5b1	335	335	1	16	238	95	96	.	4.11111111111
44	24	Do5	C5	318	318	1	8	476	95	96	.	4.22222222222
45	9	Si4b1	B4b1	313	313	1	4	952	95	96	.	4.44444444444
46	9	Es	Es	-1	-1	1	16	238	100	0		4.5
47	9	Sol5	G5	349	349	1	16	238	95	96	.	4.55555555556
48	9	Fa5#4	F5#4	344	344	1	16	238	95	96	.	4.61111111111
49	9	La5	A5	358	358	1	16	238	95	96	.	4.66666666667
50	12	Sol5	G5	349	349	1	8	476	95	96	.	4.77777777778
51	10	Fa5	F5	340	340	1	16	238	95	96	.	4.83333333333
52	8	Sol5	G5	349	349	0	0	0	95	96	.	4.83333333333
53	10	Mi5b1	E5b1	335	335	1	16	238	95	96	.	4.88888888889
54	8	Fa5	F5	340	340	0	0	0	95	96	.	4.88888888889
55	9	Re5	D5	327	327	1	8	476	95	96	.	5.0
56	9	Si4b1	B4b1	313	313	1	16	238	95	96	.	5.05555555556
57	9	Do5	C5	318	318	1	16	238	95	96	.	5.11111111111
58	9	Re5	D5	327	327	1	8	476	95	96	.	5.22222222222
59	9	Re5	D5	327	327	1	16	238	95	96	.	5.27777777778
60	24	Do5	C5	318	318	1	8	476	95	96	.	5.38888888889
61	11	Si4b1	B4b1	313	313	1	16	238	95	96	.	5.44444444444
62	9	Si4b1	B4b1	313	313	1	4	952	95	96	.	5.66666666667
63	7	Si4b1	B4b1	313	313	2	8	952	95	96	.	5.88888888889
64	7	Si4b1	B4b1	313	313	2	16	476	95	96	.	6.0
63	51			0	0	5	4	0	89	0	S. Türkaksağı	5.0
66	9	Es	Es	-1	-1	1	4	952	100	0		6.4
67	9	Es	Es	-1	-1	1	8	476	100	0		6.6
68	9	Fa5#4	F5#4	344	344	1	16	238	95	96	Yâ	6.7
69	9	Fa5#4	F5#4	344	344	1	16	238	95	96	rim_	6.8
70	9	Fa5#4	F5#4	344	344	1	8	476	95	96	İs	7.0
71	9	Fa5#4	F5#4	344	344	1	8	476	95	96	tan	7.2
72	9	Fa5#4	F5#4	344	344	1	16	238	95	96	bu	7.3
73	9	Fa5#4	F5#4	344	344	3	16	714	95	96	lu 	7.6
74	9	Fa5#4	F5#4	344	344	1	8	476	95	96	mes	7.8
75	9	Fa5#4	F5#4	344	344	1	16	238	99	96	ken 	7.9
76	9	Re5	D5	327	327	1	16	238	95	96		8.0
77	51			0	0	5	8	0	8	0	Türkaksağı	8.0
78	9	Fa5#4	F5#4	344	344	1	16	238	99	96	mi 	8.1
79	9	Sol5	G5	349	349	1	16	238	95	96		8.2
80	9	La5	A5	358	358	1	8	476	95	96	tut	8.4
81	10	Sol5	G5	349	349	1	8	476	99	96	tun_	8.6
82	8	La5	A5	358	358	0	0	0	99	96		8.6
83	24	Sol5	G5	349	349	1	8	476	95	96		8.8
84	9	Sol5	G5	349	349	1	16	238	99	96	a	8.9
85	9	Fa5#4	F5#4	344	344	1	16	238	95	96		9.0
86	51			0	0	9	8	0	20	0	Aksak	9.0
87	10	Fa5#4	F5#4	344	344	1	8	476	99	96	man  	9.11111111111
88	8	Sol5	G5	349	349	0	0	0	99	96		9.11111111111
89	9	Mi5b1	E5b1	335	335	1	16	238	99	96		9.16666666667
90	9	Re5	D5	327	327	1	16	238	95	96		9.22222222222
91	9	Es	Es	-1	-1	1	8	476	100	0		9.33333333333
92	9	Sol5	G5	349	349	1	16	238	95	96	Gör	9.38888888889
93	9	Sol5	G5	349	349	1	16	238	95	96	dün 	9.44444444444
94	12	Sol5	G5	349	349	1	8	476	99	96	gü	9.55555555556
95	9	Fa5#4	F5#4	344	344	1	16	238	99	96		9.61111111111
96	9	La5	A5	358	358	1	16	238	95	96		9.66666666667
97	12	Sol5	G5	349	349	1	8	476	99	96	zel	9.77777777778
98	9	Fa5#1	F5#1	341	341	1	8	476	99	96		9.88888888889
99	9	Mi5b1	E5b1	335	335	1	8	476	95	96		10.0
100	10	Re5	D5	327	327	1	8	476	99	96	le	10.1111111111
101	8	Mi5b1	E5b1	335	335	0	0	0	99	96		10.1111111111
102	24	Do5	C5	318	318	1	8	476	95	96		10.2222222222
103	9	Si4b1	B4b1	313	313	1	4	952	95	96	ri 	10.4444444444
104	12	Sol5	G5	349	349	1	8	476	99	96	be	10.5555555556
105	9	Fa5#4	F5#4	344	344	1	16	238	99	96		10.6111111111
106	9	La5	A5	358	358	1	16	238	95	96		10.6666666667
107	12	Sol5	G5	349	349	1	8	476	99	96	ni 	10.7777777778
108	9	Fa5#4	F5#4	344	344	1	16	238	99	96		10.8333333333
109	9	Mi5b1	E5b1	335	335	1	16	238	99	96		10.8888888889
110	9	Re5	D5	327	327	1	8	476	95	96		11.0
111	9	Si4b1	B4b1	313	313	1	16	238	95	96	u	11.0555555556
112	9	Do5	C5	318	318	1	16	238	99	96	nut	11.1111111111
113	9	Re5	D5	327	327	1	8	476	95	96		11.2222222222
114	9	Re5	D5	327	327	1	16	238	95	96	tun_	11.2777777778
115	24	Do5	C5	318	318	1	8	476	99	96	am	11.3888888889
116	11	Si4b1	B4b1	313	313	1	16	238	95	96		11.4444444444
117	9	Si4b1	B4b1	313	313	1	4	952	95	96	man  	11.6666666667
118	7	Si4b1	B4b1	313	313	1	4	952	95	96	SAZ	11.8888888889
119	7	Si4b1	B4b1	313	313	1	8	476	95	96	.	12.0
120	9	Es	Es	-1	-1	1	4	952	100	0		12.2222222222
121	9	Sol5	G5	349	349	1	8	476	95	96	Gör	12.3333333333
122	9	Sol5	G5	349	349	1	8	476	95	96	dün 	12.4444444444
123	9	Sol5	G5	349	349	1	8	476	99	96	gü	12.5555555556
124	9	Fa5#4	F5#4	344	344	1	16	238	99	96		12.6111111111
125	9	La5	A5	358	358	1	16	238	95	96		12.6666666667
126	9	Sol5	G5	349	349	1	8	476	99	96	zel	12.7777777778
127	9	Fa5#1	F5#1	341	341	1	8	476	99	96		12.8888888889
128	9	Mi5b1	E5b1	335	335	1	8	476	95	96		13.0
129	10	Re5	D5	327	327	1	8	476	99	96	le	13.1111111111
130	8	Mi5b1	E5b1	335	335	0	0	0	99	96		13.1111111111
131	24	Do5	C5	318	318	1	8	476	95	96		13.2222222222
132	9	Si4b1	B4b1	313	313	1	4	952	95	96	ri 	13.4444444444
133	12	Sol5	G5	349	349	1	8	476	99	96	be	13.5555555556
134	9	Fa5#4	F5#4	344	344	1	16	238	99	96		13.6111111111
135	9	La5	A5	358	358	1	16	238	95	96		13.6666666667
136	12	Sol5	G5	349	349	1	8	476	99	96	ni 	13.7777777778
137	9	Fa5#4	F5#4	344	344	1	16	238	99	96		13.8333333333
138	9	Mi5b1	E5b1	335	335	1	16	238	99	96		13.8888888889
139	9	Re5	D5	327	327	1	8	476	95	96		14.0
140	9	Si4b1	B4b1	313	313	1	16	238	95	96	u	14.0555555556
141	9	Do5	C5	318	318	1	16	238	99	96	nut	14.1111111111
142	9	Re5	D5	327	327	1	8	476	99	96		14.2222222222
143	9	Re5	D5	327	327	1	16	238	95	96		14.2777777778
144	24	Do5	C5	318	318	1	8	476	95	96	tun_	14.3888888889
145	11	Si4b1	B4b1	313	313	1	16	238	95	96	am	14.4444444444
146	9	Si4b1	B4b1	313	313	1	4	952	95	96	man  	14.6666666667
147	9	Sol5	G5	349	349	3	32	357	95	96	SAZ	14.75
148	9	Fa5#4	F5#4	344	344	1	32	119	95	96	.	14.7777777778
149	9	Mi5#3	E5#4	339	340	1	16	238	95	96	.	14.8333333333
150	9	Fa5#4	F5#4	344	344	1	16	238	95	96	.	14.8888888889
151	9	Mi5#3	E5#4	339	340	1	16	238	95	96	.	14.9444444444
152	9	Sol5	G5	349	349	1	16	238	95	96	.	15.0
63	51			0	0	5	4	0	89	0	S. Türkaksağı	5.0
154	9	Fa5#4	F5#4	344	344	1	4	952	95	96	.	15.4
155	9	Es	Es	-1	-1	1	8	476	100	0		15.6
156	9	Fa5#4	F5#4	344	344	1	16	238	95	96	Be	15.7
157	9	Fa5#4	F5#4	344	344	1	16	238	95	96	ni 	15.8
158	9	Fa5#4	F5#4	344	344	1	16	238	95	96	e	15.9
159	9	Fa5#4	F5#4	344	344	3	16	714	95	96	vi	16.2
160	9	Fa5#4	F5#4	344	344	1	16	238	95	96	ni	16.3
161	9	Sol5	G5	349	349	1	16	238	99	96	ze 	16.4
162	9	Fa5#4	F5#4	344	344	1	32	119	99	96		16.45
163	9	Mi5#4	E5#4	340	340	1	32	119	99	96		16.5
164	9	Fa5#4	F5#4	344	344	1	16	238	95	96		16.6
165	9	Fa5#4	F5#4	344	344	3	16	714	95	96	kö	16.9
166	9	Fa5#4	F5#4	344	344	1	16	238	95	96	le 	17.0
167	51			0	0	5	8	0	8	0	Türkaksağı	17.0
168	9	Fa5#4	F5#4	344	344	1	16	238	99	96	mi 	17.1
169	9	Sol5	G5	349	349	1	16	238	95	96		17.2
170	9	La5	A5	358	358	1	8	476	95	96	tut	17.4
171	10	Sol5	G5	349	349	1	8	476	99	96	tun_	17.6
172	8	La5	A5	358	358	0	0	0	99	96		17.6
173	24	Sol5	G5	349	349	1	8	476	95	96		17.8
174	9	Fa5#4	F5#4	344	344	1	16	238	99	96	a	17.9
175	9	Fa5#4	F5#4	344	344	1	16	238	95	96		18.0
176	51			0	0	9	8	0	20	0	Aksak	18.0
177	9	Fa5#4	F5#4	344	344	3	32	357	99	96	man  	18.0833333333
178	9	Sol5	G5	349	349	1	32	119	99	96		18.1111111111
179	9	Mi5b1	E5b1	335	335	1	16	238	99	96		18.1666666667
180	9	Re5	D5	327	327	1	16	238	95	96		18.2222222222
181	9	Es	Es	-1	-1	1	16	238	100	0		18.2777777778
182	9	Sol5	G5	349	349	1	8	476	95	96	Gay	18.3888888889
183	9	Sol5	G5	349	349	1	16	238	95	96	rı 	18.4444444444
184	12	Sol5	G5	349	349	1	8	476	99	96	da	18.5555555556
185	9	Fa5#4	F5#4	344	344	1	16	238	99	96		18.6111111111
186	9	La5	A5	358	358	1	16	238	95	96		18.6666666667
187	9	Sol5	G5	349	349	1	8	476	99	96	ya	18.7777777778
188	9	Fa5#1	F5#1	341	341	1	8	476	99	96		18.8888888889
189	9	Mi5b1	E5b1	335	335	1	8	476	95	96		19.0
190	10	Re5	D5	327	327	1	8	476	99	96	na	19.1111111111
191	8	Mi5b1	E5b1	335	335	0	0	0	99	96		19.1111111111
192	24	Do5	C5	318	318	1	8	476	95	96		19.2222222222
193	9	Si4b1	B4b1	313	313	1	8	476	95	96	cak 	19.3333333333
194	9	Es	Es	-1	-1	1	8	476	100	0		19.4444444444
195	12	Sol5	G5	349	349	1	8	476	99	96	ö	19.5555555556
196	9	Fa5#4	F5#4	344	344	1	16	238	99	96		19.6111111111
197	9	La5	A5	358	358	1	16	238	95	96		19.6666666667
198	12	Sol5	G5	349	349	1	8	476	99	96	züm 	19.7777777778
199	10	Fa5#4	F5#4	344	344	1	16	238	99	96		19.8333333333
200	8	Sol5	G5	349	349	0	0	0	99	96		19.8333333333
201	10	Mi5b1	E5b1	335	335	1	16	238	99	96		19.8888888889
202	8	Fa5#4	F5#4	344	344	0	0	0	99	96		19.8888888889
203	9	Re5	D5	327	327	1	8	476	95	96		20.0
204	9	Si4b1	B4b1	313	313	1	16	238	99	96	kal	20.0555555556
205	9	Do5	C5	318	318	1	16	238	95	96		20.1111111111
206	9	Re5	D5	327	327	1	8	476	95	96	ma	20.2222222222
207	9	Re5	D5	327	327	1	16	238	95	96	dı 	20.2777777778
208	24	Do5	C5	318	318	1	8	476	99	96	am	20.3888888889
209	11	Si4b1	B4b1	313	313	1	16	238	95	96		20.4444444444
210	9	Si4b1	B4b1	313	313	1	4	952	95	96	man  	20.6666666667
211	7	Si4b1	B4b1	313	313	1	4	952	95	96	SAZ	20.8888888889
212	7	Si4b1	B4b1	313	313	1	8	476	95	96	.	21.0
213	9	Es	Es	-1	-1	1	4	952	100	0		21.2222222222
214	9	Fa5#4	F5#4	344	344	1	16	238	99	96	Mek	21.2777777778
215	9	Sol5	G5	349	349	1	8	476	95	96		21.3888888889
216	9	Sol5	G5	349	349	1	16	238	95	96	tu	21.4444444444
217	9	Sol5	G5	349	349	1	8	476	99	96	ba 	21.5555555556
218	9	Fa5#4	F5#4	344	344	1	16	238	99	96		21.6111111111
219	9	La5	A5	358	358	1	16	238	95	96		21.6666666667
220	9	Sol5	G5	349	349	1	8	476	99	96	ya	21.7777777778
221	9	Fa5#1	F5#1	341	341	1	8	476	99	96		21.8888888889
222	9	Mi5	E5	336	336	1	8	476	95	96		22.0
223	10	Re5	D5	327	327	1	8	476	99	96	za	22.1111111111
224	8	Mi5b1	E5b1	335	335	0	0	0	99	96		22.1111111111
225	24	Do5	C5	318	318	1	8	476	95	96		22.2222222222
226	9	Si4b1	B4b1	313	313	1	4	952	95	96	cak 	22.4444444444
227	9	Si4b1	B4b1	313	313	1	16	238	99	96	sö	22.5
228	9	Do5	C5	318	318	1	16	238	99	96		22.5555555556
229	9	Re5	D5	327	327	1	16	238	99	96		22.6111111111
230	9	Mi5b1	E5b1	335	335	1	16	238	95	96		22.6666666667
231	9	Fa5#4	F5#4	344	344	1	16	238	99	96	züm 	22.7222222222
232	9	Sol5	G5	349	349	1	16	238	99	96		22.7777777778
233	9	Fa5#4	F5#4	344	344	1	16	238	99	96		22.8333333333
234	9	Mi5b1	E5b1	335	335	1	16	238	99	96		22.8888888889
235	9	Re5	D5	327	327	1	8	476	95	96		23.0
236	9	Si4b1	B4b1	313	313	1	16	238	99	96	kal	23.0555555556
237	9	Do5	C5	318	318	1	16	238	95	96		23.1111111111
238	9	Re5	D5	327	327	1	8	476	95	96	ma	23.2222222222
239	9	Re5	D5	327	327	1	16	238	95	96	dı 	23.2777777778
240	24	Do5	C5	318	318	1	8	476	99	96	a	23.3888888889
241	11	Si4b1	B4b1	313	313	1	16	238	95	96		23.4444444444
242	9	Si4b1	B4b1	313	313	1	4	952	95	96	man  	23.6666666667
243	9	Si4b1	B4b1	313	313	1	4	952	95	96	SAZ	23.8888888889
244	9	Si4b1	B4b1	313	313	1	8	476	95	96	.	24.0
245	9	Si4b1	B4b1	313	313	1	4	952	95	96	ARANAĞME	24.2222222222
246	9	Sol5	G5	349	349	3	16	714	95	96	.	24.3888888889
247	9	Sol5	G5	349	349	1	16	238	95	96	.	24.4444444444
248	12	Sol5	G5	349	349	1	8	476	95	96	.	24.5555555556
249	9	Fa5#4	F5#4	344	344	1	16	238	95	96	.	24.6111111111
250	9	La5	A5	358	358	1	16	238	95	96	.	24.6666666667
251	23	Sol5	G5	349	349	1	8	476	95	96	.	24.7777777778
252	9	Fa5#1	F5#1	341	341	1	8	476	95	96	.	24.8888888889
253	9	Mi5b1	E5b1	335	335	1	8	476	95	96	.	25.0
254	9	Re5	D5	327	327	1	16	238	95	96	.	25.0555555556
255	9	Mi5b1	E5b1	335	335	1	16	238	95	96	.	25.1111111111
256	24	Do5	C5	318	318	1	8	476	95	96	.	25.2222222222
257	9	Si4b1	B4b1	313	313	1	4	952	95	96	.	25.4444444444
258	9	Es	Es	-1	-1	1	16	238	100	0		25.5
259	9	Sol5	G5	349	349	1	16	238	95	96	.	25.5555555556
260	9	Fa5#4	F5#4	344	344	1	16	238	95	96	.	25.6111111111
261	9	La5	A5	358	358	1	16	238	95	96	.	25.6666666667
262	12	Sol5	G5	349	349	1	8	476	95	96	.	25.7777777778
263	10	Fa5	F5	340	340	1	16	238	95	96	.	25.8333333333
264	8	Sol5	G5	349	349	0	0	0	95	96	.	25.8333333333
265	10	Mi5b1	E5b1	335	335	1	16	238	95	96	.	25.8888888889
266	8	Fa5	F5	340	340	0	0	0	95	96	.	25.8888888889
267	9	Re5	D5	327	327	1	8	476	95	96	.	26.0
268	9	Si4b1	B4b1	313	313	1	16	238	95	96	.	26.0555555556
269	9	Do5	C5	318	318	1	16	238	95	96	.	26.1111111111
270	9	Re5	D5	327	327	1	8	476	95	96	.	26.2222222222
271	9	Re5	D5	327	327	1	16	238	95	96	.	26.2777777778
272	24	Do5	C5	318	318	1	8	476	95	96	.	26.3888888889
273	11	Si4b1	B4b1	313	313	1	16	238	95	96	.	26.4444444444
274	9	Si4b1	B4b1	313	313	1	4	952	95	96	.	26.6666666667
275	7	Si4b1	B4b1	313	313	2	8	952	95	96	.	26.8888888889
276	7	Si4b1	B4b1	313	313	2	16	476	95	96	.	27.0
277	9	Si4b1	B4b1	313	313	1	4	952	95	96	ARANAĞME	27.2222222222
278	9	Sol5	G5	349	349	3	16	714	95	96	.	27.3888888889
279	9	Sol5	G5	349	349	1	16	238	95	96	.	27.4444444444
280	12	Sol5	G5	349	349	1	8	476	95	96	.	27.5555555556
281	9	Fa5#4	F5#4	344	344	1	16	238	95	96	.	27.6111111111
282	9	La5	A5	358	358	1	16	238	95	96	.	27.6666666667
283	23	Sol5	G5	349	349	1	8	476	95	96	.	27.7777777778
284	9	Fa5#1	F5#1	341	341	1	8	476	95	96	.	27.8888888889
285	9	Mi5b1	E5b1	335	335	1	8	476	95	96	.	28.0
286	9	Re5	D5	327	327	1	16	238	95	96	.	28.0555555556
287	9	Mi5b1	E5b1	335	335	1	16	238	95	96	.	28.1111111111
288	24	Do5	C5	318	318	1	8	476	95	96	.	28.2222222222
289	9	Si4b1	B4b1	313	313	1	4	952	95	96	.	28.4444444444
290	9	Es	Es	-1	-1	1	16	238	100	0		28.5
291	9	Sol5	G5	349	349	1	16	238	95	96	.	28.5555555556
292	9	Fa5#4	F5#4	344	344	1	16	238	95	96	.	28.6111111111
293	9	La5	A5	358	358	1	16	238	95	96	.	28.6666666667
294	12	Sol5	G5	349	349	1	8	476	95	96	.	28.7777777778
295	10	Fa5	F5	340	340	1	16	238	95	96	.	28.8333333333
296	8	Sol5	G5	349	349	0	0	0	95	96	.	28.8333333333
297	10	Mi5b1	E5b1	335	335	1	16	238	95	96	.	28.8888888889
298	8	Fa5	F5	340	340	0	0	0	95	96	.	28.8888888889
299	9	Re5	D5	327	327	1	8	476	95	96	.	29.0
300	9	Si4b1	B4b1	313	313	1	16	238	95	96	.	29.0555555556
301	9	Do5	C5	318	318	1	16	238	95	96	.	29.1111111111
302	9	Re5	D5	327	327	1	8	476	95	96	.	29.2222222222
303	9	Re5	D5	327	327	1	16	238	95	96	.	29.2777777778
304	24	Do5	C5	318	318	1	8	476	95	96	.	29.3888888889
305	11	Si4b1	B4b1	313	313	1	16	238	95	96	.	29.4444444444
306	9	Si4b1	B4b1	313	313	1	4	952	95	96	.	29.6666666667
307	7	Si4b1	B4b1	313	313	2	8	952	95	96	.	29.8888888889
308	7	Si4b1	B4b1	313	313	2	16	476	95	96	.	30.0
63	51			0	0	5	4	0	89	0	S. Türkaksağı	5.0
310	9	Es	Es	-1	-1	1	4	952	100	0		30.4
311	9	Es	Es	-1	-1	1	8	476	100	0		30.6
312	9	Fa5#4	F5#4	344	344	1	16	238	95	96	Yâ	30.7
313	9	Fa5#4	F5#4	344	344	1	16	238	95	96	rim_	30.8
314	9	Fa5#4	F5#4	344	344	1	8	476	95	96	İs	31.0
315	9	Fa5#4	F5#4	344	344	1	8	476	95	96	tan	31.2
316	9	Fa5#4	F5#4	344	344	1	16	238	95	96	bu	31.3
317	9	Fa5#4	F5#4	344	344	3	16	714	95	96	lu 	31.6
318	9	Fa5#4	F5#4	344	344	1	8	476	95	96	mes	31.8
319	9	Fa5#4	F5#4	344	344	1	16	238	99	96	ken 	31.9
320	9	Re5	D5	327	327	1	16	238	95	96		32.0
321	51			0	0	5	8	0	8	0	Türkaksağı	32.0
322	9	Fa5#4	F5#4	344	344	1	16	238	99	96	mi 	32.1
323	9	Sol5	G5	349	349	1	16	238	95	96		32.2
324	9	La5	A5	358	358	1	8	476	95	96	tut	32.4
325	10	Sol5	G5	349	349	1	8	476	99	96	tun_	32.6
326	8	La5	A5	358	358	0	0	0	99	96		32.6
327	24	Sol5	G5	349	349	1	8	476	95	96		32.8
328	9	Sol5	G5	349	349	1	16	238	99	96	a	32.9
329	9	Fa5#4	F5#4	344	344	1	16	238	95	96		33.0
330	51			0	0	9	8	0	20	0	Aksak	33.0
331	10	Fa5#4	F5#4	344	344	1	8	476	99	96	man  	33.1111111111
332	8	Sol5	G5	349	349	0	0	0	99	96		33.1111111111
333	9	Mi5b1	E5b1	335	335	1	16	238	99	96		33.1666666667
334	9	Re5	D5	327	327	1	16	238	95	96		33.2222222222
335	9	Es	Es	-1	-1	1	8	476	100	0		33.3333333333
336	9	Sol5	G5	349	349	1	16	238	95	96	Gör	33.3888888889
337	9	Sol5	G5	349	349	1	16	238	95	96	dün 	33.4444444444
338	12	Sol5	G5	349	349	1	8	476	99	96	gü	33.5555555556
339	9	Fa5#4	F5#4	344	344	1	16	238	99	96		33.6111111111
340	9	La5	A5	358	358	1	16	238	95	96		33.6666666667
341	12	Sol5	G5	349	349	1	8	476	99	96	zel	33.7777777778
342	9	Fa5#1	F5#1	341	341	1	8	476	99	96		33.8888888889
343	9	Mi5b1	E5b1	335	335	1	8	476	95	96		34.0
344	10	Re5	D5	327	327	1	8	476	99	96	le	34.1111111111
345	8	Mi5b1	E5b1	335	335	0	0	0	99	96		34.1111111111
346	24	Do5	C5	318	318	1	8	476	95	96		34.2222222222
347	9	Si4b1	B4b1	313	313	1	4	952	95	96	ri 	34.4444444444
348	12	Sol5	G5	349	349	1	8	476	99	96	be	34.5555555556
349	9	Fa5#4	F5#4	344	344	1	16	238	99	96		34.6111111111
350	9	La5	A5	358	358	1	16	238	95	96		34.6666666667
351	12	Sol5	G5	349	349	1	8	476	99	96	ni 	34.7777777778
352	9	Fa5#4	F5#4	344	344	1	16	238	99	96		34.8333333333
353	9	Mi5b1	E5b1	335	335	1	16	238	99	96		34.8888888889
354	9	Re5	D5	327	327	1	8	476	95	96		35.0
355	9	Si4b1	B4b1	313	313	1	16	238	95	96	u	35.0555555556
356	9	Do5	C5	318	318	1	16	238	99	96	nut	35.1111111111
357	9	Re5	D5	327	327	1	8	476	95	96		35.2222222222
358	9	Re5	D5	327	327	1	16	238	95	96	tun_	35.2777777778
359	24	Do5	C5	318	318	1	8	476	99	96	am	35.3888888889
360	11	Si4b1	B4b1	313	313	1	16	238	95	96		35.4444444444
361	9	Si4b1	B4b1	313	313	1	4	952	95	96	man  	35.6666666667
362	7	Si4b1	B4b1	313	313	1	4	952	95	96	SAZ	35.8888888889
363	7	Si4b1	B4b1	313	313	1	8	476	95	96	.	36.0
364	9	Es	Es	-1	-1	1	4	952	100	0		36.2222222222
365	9	Sol5	G5	349	349	1	8	476	95	96	Gör	36.3333333333
366	9	Sol5	G5	349	349	1	8	476	95	96	dün 	36.4444444444
367	9	Sol5	G5	349	349	1	8	476	99	96	gü	36.5555555556
368	9	Fa5#4	F5#4	344	344	1	16	238	99	96		36.6111111111
369	9	La5	A5	358	358	1	16	238	95	96		36.6666666667
370	9	Sol5	G5	349	349	1	8	476	99	96	zel	36.7777777778
371	9	Fa5#1	F5#1	341	341	1	8	476	99	96		36.8888888889
372	9	Mi5b1	E5b1	335	335	1	8	476	95	96		37.0
373	10	Re5	D5	327	327	1	8	476	99	96	le	37.1111111111
374	8	Mi5b1	E5b1	335	335	0	0	0	99	96		37.1111111111
375	24	Do5	C5	318	318	1	8	476	95	96		37.2222222222
376	9	Si4b1	B4b1	313	313	1	4	952	95	96	ri 	37.4444444444
377	12	Sol5	G5	349	349	1	8	476	99	96	be	37.5555555556
378	9	Fa5#4	F5#4	344	344	1	16	238	99	96		37.6111111111
379	9	La5	A5	358	358	1	16	238	95	96		37.6666666667
380	12	Sol5	G5	349	349	1	8	476	99	96	ni 	37.7777777778
381	9	Fa5#4	F5#4	344	344	1	16	238	99	96		37.8333333333
382	9	Mi5b1	E5b1	335	335	1	16	238	99	96		37.8888888889
383	9	Re5	D5	327	327	1	8	476	95	96		38.0
384	9	Si4b1	B4b1	313	313	1	16	238	95	96	u	38.0555555556
385	9	Do5	C5	318	318	1	16	238	99	96	nut	38.1111111111
386	9	Re5	D5	327	327	1	8	476	99	96		38.2222222222
387	9	Re5	D5	327	327	1	16	238	95	96		38.2777777778
388	24	Do5	C5	318	318	1	8	476	95	96	tun_	38.3888888889
389	11	Si4b1	B4b1	313	313	1	16	238	95	96	am	38.4444444444
390	9	Si4b1	B4b1	313	313	1	4	952	95	96	man  	38.6666666667
391	9	Sol5	G5	349	349	3	32	357	95	96	SAZ	38.75
392	9	Fa5#4	F5#4	344	344	1	32	119	95	96	.	38.7777777778
393	9	Mi5#3	E5#4	339	340	1	16	238	95	96	.	38.8333333333
394	9	Fa5#4	F5#4	344	344	1	16	238	95	96	.	38.8888888889
395	9	Mi5#3	E5#4	339	340	1	16	238	95	96	.	38.9444444444
396	9	Sol5	G5	349	349	1	16	238	95	96	.	39.0
63	51			0	0	5	4	0	89	0	S. Türkaksağı	5.0
398	9	Fa5#4	F5#4	344	344	1	4	952	95	96	.	39.4
399	9	Es	Es	-1	-1	1	8	476	100	0		39.6
400	9	Fa5#4	F5#4	344	344	1	16	238	95	96	Be	39.7
401	9	Fa5#4	F5#4	344	344	1	16	238	95	96	ni 	39.8
402	9	Fa5#4	F5#4	344	344	1	16	238	95	96	e	39.9
403	9	Fa5#4	F5#4	344	344	3	16	714	95	96	vi	40.2
404	9	Fa5#4	F5#4	344	344	1	16	238	95	96	ni	40.3
405	9	Sol5	G5	349	349	1	16	238	99	96	ze 	40.4
406	9	Fa5#4	F5#4	344	344	1	32	119	99	96		40.45
407	9	Mi5#4	E5#4	340	340	1	32	119	99	96		40.5
408	9	Fa5#4	F5#4	344	344	1	16	238	95	96		40.6
409	9	Fa5#4	F5#4	344	344	3	16	714	95	96	kö	40.9
410	9	Fa5#4	F5#4	344	344	1	16	238	95	96	le 	41.0
411	51			0	0	5	8	0	8	0	Türkaksağı	41.0
412	9	Fa5#4	F5#4	344	344	1	16	238	99	96	mi 	41.1
413	9	Sol5	G5	349	349	1	16	238	95	96		41.2
414	9	La5	A5	358	358	1	8	476	95	96	tut	41.4
415	10	Sol5	G5	349	349	1	8	476	99	96	tun_	41.6
416	8	La5	A5	358	358	0	0	0	99	96		41.6
417	24	Sol5	G5	349	349	1	8	476	95	96		41.8
418	9	Fa5#4	F5#4	344	344	1	16	238	99	96	a	41.9
419	9	Fa5#4	F5#4	344	344	1	16	238	95	96		42.0
420	51			0	0	9	8	0	20	0	Aksak	42.0
421	9	Fa5#4	F5#4	344	344	3	32	357	99	96	man  	42.0833333333
422	9	Sol5	G5	349	349	1	32	119	99	96		42.1111111111
423	9	Mi5b1	E5b1	335	335	1	16	238	99	96		42.1666666667
424	9	Re5	D5	327	327	1	16	238	95	96		42.2222222222
425	9	Es	Es	-1	-1	1	16	238	100	0		42.2777777778
426	9	Sol5	G5	349	349	1	8	476	95	96	Gay	42.3888888889
427	9	Sol5	G5	349	349	1	16	238	95	96	rı 	42.4444444444
428	12	Sol5	G5	349	349	1	8	476	99	96	da	42.5555555556
429	9	Fa5#4	F5#4	344	344	1	16	238	99	96		42.6111111111
430	9	La5	A5	358	358	1	16	238	95	96		42.6666666667
431	9	Sol5	G5	349	349	1	8	476	99	96	ya	42.7777777778
432	9	Fa5#1	F5#1	341	341	1	8	476	99	96		42.8888888889
433	9	Mi5b1	E5b1	335	335	1	8	476	95	96		43.0
434	10	Re5	D5	327	327	1	8	476	99	96	na	43.1111111111
435	8	Mi5b1	E5b1	335	335	0	0	0	99	96		43.1111111111
436	24	Do5	C5	318	318	1	8	476	95	96		43.2222222222
437	9	Si4b1	B4b1	313	313	1	8	476	95	96	cak 	43.3333333333
438	9	Es	Es	-1	-1	1	8	476	100	0		43.4444444444
439	12	Sol5	G5	349	349	1	8	476	99	96	ö	43.5555555556
440	9	Fa5#4	F5#4	344	344	1	16	238	99	96		43.6111111111
441	9	La5	A5	358	358	1	16	238	95	96		43.6666666667
442	12	Sol5	G5	349	349	1	8	476	99	96	züm 	43.7777777778
443	10	Fa5#4	F5#4	344	344	1	16	238	99	96		43.8333333333
444	8	Sol5	G5	349	349	0	0	0	99	96		43.8333333333
445	10	Mi5b1	E5b1	335	335	1	16	238	99	96		43.8888888889
446	8	Fa5#4	F5#4	344	344	0	0	0	99	96		43.8888888889
447	9	Re5	D5	327	327	1	8	476	95	96		44.0
448	9	Si4b1	B4b1	313	313	1	16	238	99	96	kal	44.0555555556
449	9	Do5	C5	318	318	1	16	238	95	96		44.1111111111
450	9	Re5	D5	327	327	1	8	476	95	96	ma	44.2222222222
451	9	Re5	D5	327	327	1	16	238	95	96	dı 	44.2777777778
452	24	Do5	C5	318	318	1	8	476	99	96	am	44.3888888889
453	11	Si4b1	B4b1	313	313	1	16	238	95	96		44.4444444444
454	9	Si4b1	B4b1	313	313	1	4	952	95	96	man  	44.6666666667
455	7	Si4b1	B4b1	313	313	1	4	952	95	96	SAZ	44.8888888889
456	7	Si4b1	B4b1	313	313	1	8	476	95	96	.	45.0
457	9	Es	Es	-1	-1	1	4	952	100	0		45.2222222222
458	9	Fa5#4	F5#4	344	344	1	16	238	99	96	Mek	45.2777777778
459	9	Sol5	G5	349	349	1	8	476	95	96		45.3888888889
460	9	Sol5	G5	349	349	1	16	238	95	96	tu	45.4444444444
461	9	Sol5	G5	349	349	1	8	476	99	96	ba 	45.5555555556
462	9	Fa5#4	F5#4	344	344	1	16	238	99	96		45.6111111111
463	9	La5	A5	358	358	1	16	238	95	96		45.6666666667
464	9	Sol5	G5	349	349	1	8	476	99	96	ya	45.7777777778
465	9	Fa5#1	F5#1	341	341	1	8	476	99	96		45.8888888889
466	9	Mi5	E5	336	336	1	8	476	95	96		46.0
467	10	Re5	D5	327	327	1	8	476	99	96	za	46.1111111111
468	8	Mi5b1	E5b1	335	335	0	0	0	99	96		46.1111111111
469	24	Do5	C5	318	318	1	8	476	95	96		46.2222222222
470	9	Si4b1	B4b1	313	313	1	4	952	95	96	cak 	46.4444444444
471	9	Si4b1	B4b1	313	313	1	16	238	99	96	sö	46.5
472	9	Do5	C5	318	318	1	16	238	99	96		46.5555555556
473	9	Re5	D5	327	327	1	16	238	99	96		46.6111111111
474	9	Mi5b1	E5b1	335	335	1	16	238	95	96		46.6666666667
475	9	Fa5#4	F5#4	344	344	1	16	238	99	96	züm 	46.7222222222
476	9	Sol5	G5	349	349	1	16	238	99	96		46.7777777778
477	9	Fa5#4	F5#4	344	344	1	16	238	99	96		46.8333333333
478	9	Mi5b1	E5b1	335	335	1	16	238	99	96		46.8888888889
479	9	Re5	D5	327	327	1	8	476	95	96		47.0
480	9	Si4b1	B4b1	313	313	1	16	238	99	96	kal	47.0555555556
481	9	Do5	C5	318	318	1	16	238	95	96		47.1111111111
482	9	Re5	D5	327	327	1	8	476	95	96	ma	47.2222222222
483	9	Re5	D5	327	327	1	16	238	95	96	dı 	47.2777777778
484	24	Do5	C5	318	318	1	8	476	99	96	a	47.3888888889
485	11	Si4b1	B4b1	313	313	1	16	238	95	96		47.4444444444
486	9	Si4b1	B4b1	313	313	1	4	952	95	96	man  	47.6666666667
487	9	Si4b1	B4b1	313	313	1	4	952	95	96	SAZ	47.8888888889
488	9	Si4b1	B4b1	313	313	1	8	476	95	96	.	48.0
