Sýra	Kod	Nota53	NotaAE	Koma53	KomaAE	Pay	Payda	Ms	LNS	VelOn	Söz-1
1	9	La4	A4	305	305	1	4	556	95	96	Dem_
2	9	La5	A5	358	358	4	8	1111	95	96	i 
3	9	La5	A5	358	358	1	4	556	95	96	vi
4	9	Si5	B5	367	367	1	4	556	99	96	sâ
5	8	Re6	D6	380	380	1	64	35	99	96	
6	9	Do6	C6	371	371	1	8	278	99	96	
7	9	Si5	B5	367	367	1	8	278	95	96	
8	9	Si5	B5	367	367	1	8	278	99	96	li 
9	9	Do6	C6	371	371	1	8	278	95	96	
10	9	Si5	B5	367	367	1	8	278	99	96	o 
11	9	La5	A5	358	358	1	8	278	95	96	
12	9	La5	A5	358	358	3	16	417	99	96	þû
13	9	Sol5#4	G#4	353	353	1	16	139	99	96	
14	9	Fa5#1	F5#1	341	341	1	8	278	99	96	
15	9	Sol5#4	G#4	353	353	1	8	278	95	96	
16	7	La5	A5	358	358	4	8	1111	95	96	ha 
17	9	Si5	B5	367	367	1	8	278	99	96	i
18	9	Do6	C6	371	371	1	8	278	95	96	
19	9	Si5	B5	367	367	1	8	278	99	96	tâ
20	9	La5	A5	358	358	1	8	278	99	96	
21	9	Sol5#4	G#4	353	353	1	8	278	99	96	
22	9	Fa5#1	F5#1	341	341	1	8	278	95	96	
23	9	Fa5#1	F5#1	341	341	1	8	278	99	96	bý 
24	9	Mi5	E5	336	336	1	8	278	95	96	
25	9	Si5	B5	367	367	1	4	556	99	96	ney
26	9	La5	A5	358	358	1	8	278	99	96	
27	9	Sol5#4	G#4	353	353	1	8	278	95	96	
28	9	Sol5#4	G#4	353	353	3	16	417	99	96	ler
29	10	Fa5#1	F5#1	341	341	7	128	122	99	96	
30	8	Sol5#4	G#4	353	353	1	128	17	99	96	
31	9	Fa5#1	F5#1	341	341	1	4	556	99	96	
32	9	Fa5#1	F5#1	341	341	3	16	417	99	96	
33	9	Mi5	E5	336	336	1	16	139	95	96	
34	9	Sol5#4	G#4	353	353	1	8	278	99	96	sin 
35	9	Fa5#1	F5#1	341	341	1	16	139	99	96	
36	9	Mi5	E5	336	336	1	16	139	99	96	
37	9	Mi5	E5	336	336	4	8	1111	95	96	
38	9	Mi5	E5	336	336	1	4	556	99	96	yâr 
39	9	Mi5	E5	336	336	1	4	556	99	96	
40	9	Fa5#3	F5#4	343	344	2	16	278	99	96	
41	9	Fa5#3	F5#4	343	344	2	16	278	99	96	
42	9	Re5	D5	327	327	1	4	556	99	96	
43	9	Sol5	G5	349	349	1	2	1111	95	96	
44	9	Fa5#3	F5#4	343	344	1	4	556	99	96	yâ 
45	9	Sol5	G5	349	349	1	2	1111	99	96	
46	9	Fa5#1	F5#1	341	341	1	8	278	99	96	
47	9	Mi5	E5	336	336	1	8	278	99	96	
48	9	Mi5	E5	336	336	4	8	1111	95	96	
49	9	Mi5	E5	336	336	1	4	556	99	96	câ
50	9	Fa5	F5	340	340	1	4	556	99	96	
51	9	Mi5	E5	336	336	1	4	556	99	96	
52	9	Re5	D5	327	327	1	4	556	99	96	
53	9	Re5	D5	327	327	1	8	278	99	96	
54	9	Do5#4	C5#4	322	322	1	8	278	99	96	
55	10	Si4b4	B4b4	310	310	7	64	243	99	96	
56	8	Mi5	E5	336	336	1	64	35	99	96	
57	9	Re5	D5	327	327	1	16	139	99	96	
58	10	Do5#4	C5#4	322	322	7	128	122	95	96	
59	8	Re5	D5	327	327	1	128	17	95	96	
60	9	Do5#4	C5#4	322	322	4	4	2223	95	96	ným  
61	9	Fa5	F5	340	340	3	16	417	99	96	Ter 
62	9	Sol5	G5	349	349	1	16	139	99	96	
63	9	Mi5	E5	336	336	1	8	278	99	96	
64	9	Sol5	G5	349	349	1	8	278	95	96	
65	9	Mi5	E5	336	336	2	16	278	99	96	dil
66	9	Re5	D5	327	327	1	8	278	99	96	
67	9	Re5	D5	327	327	2	16	278	99	96	
68	9	Do5#4	C5#4	322	322	1	8	278	95	96	
69	9	Do5#4	C5#4	322	322	4	8	1111	95	96	li 
70	9	Re5	D5	327	327	3	16	417	99	96	ter 
71	9	Mi5	E5	336	336	1	16	139	99	96	
72	9	Re5	D5	327	327	1	8	278	99	96	
73	9	Mi5	E5	336	336	1	8	278	95	96	
74	9	Do5#4	C5#4	322	322	2	16	278	99	96	dil
75	9	Si4b4	B4b4	310	310	1	8	278	99	96	
76	9	Si4b4	B4b4	310	310	2	16	278	99	96	
77	9	La4	A4	305	305	1	8	278	95	96	
78	9	La4	A4	305	305	4	8	1111	95	96	li 
79	9	Mi5	E5	336	336	1	2	1111	95	96	ter 
80	9	Mi5	E5	336	336	1	4	556	99	96	dil
81	9	Mi5	E5	336	336	1	8	278	99	96	
82	9	Fa5	F5	340	340	1	8	278	95	96	
83	9	Re5	D5	327	327	1	4	556	95	96	li 
84	9	La5	A5	358	358	3	16	417	99	96	te 
85	9	Sol5	G5	349	349	1	16	139	95	96	
86	9	Sol5	G5	349	349	1	8	278	99	96	nen 
87	9	Fa5	F5	340	340	1	8	278	99	96	
88	9	Mi5	E5	336	336	1	8	278	99	96	
89	9	Re5	D5	327	327	1	8	278	95	96	
90	9	Mi5	E5	336	336	1	8	278	99	96	te 
91	9	Fa5	F5	340	340	1	8	278	95	96	
92	9	Mi5	E5	336	336	1	8	278	99	96	nen 
93	9	Re5	D5	327	327	1	8	278	99	96	
94	9	Do5#4	C5#4	322	322	1	8	278	99	96	
95	10	Si4b4	B4b4	310	310	7	64	243	95	96	
96	8	Re5	D5	327	327	1	64	35	95	96	
97	9	Do5#4	C5#4	322	322	1	8	278	99	96	tâ 
98	9	Re5	D5	327	327	1	8	278	95	96	
99	9	Do5#4	C5#4	322	322	2	16	278	99	96	dir  
100	9	Si4b4	B4b4	310	310	1	8	278	99	96	
101	9	Si4b4	B4b4	310	310	2	16	278	99	96	
102	9	La4	A4	305	305	1	8	278	95	96	
103	9	La4	A4	305	305	1	2	1111	95	96	ney  
104	9	La5	A5	358	358	3	16	417	95	96	SAZ
105	9	Sol5#4	G#4	353	353	1	16	139	95	96	.
106	9	Fa5#1	F5#1	341	341	1	8	278	95	96	.
107	9	Sol5#4	G#4	353	353	1	8	278	95	96	.
108	9	La5	A5	358	358	1	2	1111	95	96	.
109	9	La4	A4	305	305	1	4	556	95	96	Dem_
110	9	La5	A5	358	358	4	8	1111	95	96	i 
111	9	La5	A5	358	358	1	4	556	95	96	vi
112	9	Si5	B5	367	367	1	4	556	99	96	sâ
113	8	Re6	D6	380	380	1	64	35	99	96	
114	9	Do6	C6	371	371	1	8	278	99	96	
115	9	Si5	B5	367	367	1	8	278	95	96	
116	9	Si5	B5	367	367	1	8	278	99	96	li 
117	9	Do6	C6	371	371	1	8	278	95	96	
118	9	Si5	B5	367	367	1	8	278	99	96	o 
119	9	La5	A5	358	358	1	8	278	95	96	
120	9	La5	A5	358	358	3	16	417	99	96	þû
121	9	Sol5#4	G#4	353	353	1	16	139	99	96	
122	9	Fa5#1	F5#1	341	341	1	8	278	99	96	
123	9	Sol5#4	G#4	353	353	1	8	278	95	96	
124	7	La5	A5	358	358	4	8	1111	95	96	ha 
125	9	Si5	B5	367	367	1	8	278	99	96	i
126	9	Do6	C6	371	371	1	8	278	95	96	
127	9	Si5	B5	367	367	1	8	278	99	96	tâ
128	9	La5	A5	358	358	1	8	278	99	96	
129	9	Sol5#4	G#4	353	353	1	8	278	99	96	
130	9	Fa5#1	F5#1	341	341	1	8	278	95	96	
131	9	Fa5#1	F5#1	341	341	1	8	278	99	96	bý 
132	9	Mi5	E5	336	336	1	8	278	95	96	
133	9	Si5	B5	367	367	1	4	556	99	96	ney
134	9	La5	A5	358	358	1	8	278	99	96	
135	9	Sol5#4	G#4	353	353	1	8	278	95	96	
136	9	Sol5#4	G#4	353	353	3	16	417	99	96	ler
137	10	Fa5#1	F5#1	341	341	7	128	122	99	96	
138	8	Sol5#4	G#4	353	353	1	128	17	99	96	
139	9	Fa5#1	F5#1	341	341	1	4	556	99	96	
140	9	Fa5#1	F5#1	341	341	3	16	417	99	96	
141	9	Mi5	E5	336	336	1	16	139	95	96	
142	9	Sol5#4	G#4	353	353	1	8	278	99	96	sin 
143	9	Fa5#1	F5#1	341	341	1	16	139	99	96	
144	9	Mi5	E5	336	336	1	16	139	99	96	
145	9	Mi5	E5	336	336	4	8	1111	95	96	
146	9	Mi5	E5	336	336	1	4	556	99	96	yâr 
147	9	Mi5	E5	336	336	1	4	556	99	96	
148	9	Fa5#3	F5#4	343	344	2	16	278	99	96	
149	9	Fa5#3	F5#4	343	344	2	16	278	99	96	
150	9	Re5	D5	327	327	1	4	556	99	96	
151	9	Sol5	G5	349	349	1	2	1111	95	96	
152	9	Fa5#3	F5#4	343	344	1	4	556	99	96	yâ 
153	9	Sol5	G5	349	349	1	2	1111	99	96	
154	9	Fa5#1	F5#1	341	341	1	8	278	99	96	
155	9	Mi5	E5	336	336	1	8	278	99	96	
156	9	Mi5	E5	336	336	4	8	1111	95	96	
157	9	Mi5	E5	336	336	1	4	556	99	96	câ
158	9	Fa5	F5	340	340	1	4	556	99	96	
159	9	Mi5	E5	336	336	1	4	556	99	96	
160	9	Re5	D5	327	327	1	4	556	99	96	
161	9	Re5	D5	327	327	1	8	278	99	96	
162	9	Do5#4	C5#4	322	322	1	8	278	99	96	
163	10	Si4b4	B4b4	310	310	7	64	243	99	96	
164	8	Mi5	E5	336	336	1	64	35	99	96	
165	9	Re5	D5	327	327	1	16	139	99	96	
166	10	Do5#4	C5#4	322	322	7	128	122	95	96	
167	8	Re5	D5	327	327	1	128	17	95	96	
168	9	Do5#4	C5#4	322	322	4	4	2223	95	96	ným  
169	9	Fa5	F5	340	340	3	16	417	99	96	Ter 
170	9	Sol5	G5	349	349	1	16	139	99	96	
171	9	Mi5	E5	336	336	1	8	278	99	96	
172	9	Sol5	G5	349	349	1	8	278	95	96	
173	9	Mi5	E5	336	336	2	16	278	99	96	dil
174	9	Re5	D5	327	327	1	8	278	99	96	
175	9	Re5	D5	327	327	2	16	278	99	96	
176	9	Do5#4	C5#4	322	322	1	8	278	95	96	
177	9	Do5#4	C5#4	322	322	4	8	1111	95	96	li 
178	9	Re5	D5	327	327	3	16	417	99	96	ter 
179	9	Mi5	E5	336	336	1	16	139	99	96	
180	9	Re5	D5	327	327	1	8	278	99	96	
181	9	Mi5	E5	336	336	1	8	278	95	96	
182	9	Do5#4	C5#4	322	322	2	16	278	99	96	dil
183	9	Si4b4	B4b4	310	310	1	8	278	99	96	
184	9	Si4b4	B4b4	310	310	2	16	278	99	96	
185	9	La4	A4	305	305	1	8	278	95	96	
186	9	La4	A4	305	305	4	8	1111	95	96	li 
187	9	Mi5	E5	336	336	1	2	1111	95	96	ter 
188	9	Mi5	E5	336	336	1	4	556	99	96	dil
189	9	Mi5	E5	336	336	1	8	278	99	96	
190	9	Fa5	F5	340	340	1	8	278	95	96	
191	9	Re5	D5	327	327	1	4	556	95	96	li 
192	9	La5	A5	358	358	3	16	417	99	96	te 
193	9	Sol5	G5	349	349	1	16	139	95	96	
194	9	Sol5	G5	349	349	1	8	278	99	96	nen 
195	9	Fa5	F5	340	340	1	8	278	99	96	
196	9	Mi5	E5	336	336	1	8	278	99	96	
197	9	Re5	D5	327	327	1	8	278	95	96	
198	9	Mi5	E5	336	336	1	8	278	99	96	te 
199	9	Fa5	F5	340	340	1	8	278	95	96	
200	9	Mi5	E5	336	336	1	8	278	99	96	nen 
201	9	Re5	D5	327	327	1	8	278	99	96	
202	9	Do5#4	C5#4	322	322	1	8	278	99	96	
203	10	Si4b4	B4b4	310	310	7	64	243	95	96	
204	8	Re5	D5	327	327	1	64	35	95	96	
205	9	Do5#4	C5#4	322	322	1	8	278	99	96	tâ 
206	9	Re5	D5	327	327	1	8	278	95	96	
207	9	Do5#4	C5#4	322	322	2	16	278	99	96	dir  
208	9	Si4b4	B4b4	310	310	1	8	278	99	96	
209	9	Si4b4	B4b4	310	310	2	16	278	99	96	
210	9	La4	A4	305	305	1	8	278	95	96	
211	9	La4	A4	305	305	1	2	1111	95	96	ney  
212	9	Fa5#4	F5#4	344	344	3	16	417	95	96	SAZ
213	9	Mi5#4	E5#4	340	340	1	16	139	95	96	.
214	9	Re5	D5	327	327	1	8	278	95	96	.
215	9	Mi5#4	E5#4	340	340	1	8	278	95	96	.
216	9	Fa5#4	F5#4	344	344	1	2	1111	95	96	.
217	9	Re5	D5	327	327	1	4	556	95	96	Fe
218	9	Fa5#4	F5#4	344	344	1	2	1111	95	96	lek
219	9	Fa5#4	F5#4	344	344	1	4	556	95	96	te 
220	9	Fa5#4	F5#4	344	344	4	8	1111	95	96	bir 
221	9	La5	A5	358	358	1	8	278	99	96	gün 
222	9	Sol5	G5	349	349	1	8	278	95	96	
223	9	Sol5	G5	349	349	2	16	278	99	96	i
224	9	Fa5#4	F5#4	344	344	1	8	278	95	96	
225	9	Fa5#4	F5#4	344	344	1	8	278	99	96	se 
226	9	Sol5	G5	349	349	1	8	278	99	96	
227	9	Fa5#4	F5#4	344	344	1	8	278	99	96	
228	9	Mi5	E5	336	336	1	8	278	95	96	
229	9	Fa5#4	F5#4	344	344	1	8	278	99	96	gör
230	9	Sol5	G5	349	349	1	8	278	99	96	
231	9	Fa5#4	F5#4	344	344	1	4	556	95	96	
232	9	Sol5	G5	349	349	1	4	556	95	96	mek 
233	9	La5	A5	358	358	1	4	556	99	96	ey 
234	9	La5	A5	358	358	3	16	417	99	96	
235	9	Fa5#3	F5#4	343	344	1	16	139	95	96	
236	9	Fa5#3	F5#4	343	344	1	4	556	95	96	gö
237	9	La5	A5	358	358	1	8	278	99	96	nül 
238	9	Sol5	G5	349	349	1	4	556	99	96	
239	9	Fa5#3	F5#4	343	344	1	8	278	95	96	
240	9	Fa5#2	F5#1	342	341	1	8	278	99	96	kas
241	9	Mi5	E5	336	336	1	8	278	99	96	
242	9	Fa5	F5	340	340	2	16	278	99	96	
243	9	Mi5	E5	336	336	1	8	278	95	96	
244	9	Mi5	E5	336	336	8	8	2222	95	96	týn 
245	9	Mi5	E5	336	336	1	4	556	99	96	yâr 
246	9	Mi5	E5	336	336	1	4	556	99	96	
247	9	Fa5#3	F5#4	343	344	2	16	278	99	96	
248	9	Fa5#3	F5#4	343	344	2	16	278	99	96	
249	9	Re5	D5	327	327	1	4	556	99	96	
250	9	Sol5	G5	349	349	1	2	1111	95	96	
251	9	Fa5#3	F5#4	343	344	1	4	556	99	96	yâ 
252	9	Sol5	G5	349	349	1	2	1111	99	96	
253	9	Fa5#1	F5#1	341	341	1	8	278	99	96	
254	9	Mi5	E5	336	336	1	8	278	99	96	
255	9	Mi5	E5	336	336	4	8	1111	95	96	
256	9	Mi5	E5	336	336	1	4	556	99	96	câ
257	9	Fa5	F5	340	340	1	4	556	99	96	
258	9	Mi5	E5	336	336	1	4	556	99	96	
259	9	Re5	D5	327	327	1	4	556	99	96	
260	9	Re5	D5	327	327	1	8	278	99	96	
261	9	Do5#4	C5#4	322	322	1	8	278	99	96	
262	10	Si4b4	B4b4	310	310	7	64	243	99	96	
263	8	Mi5	E5	336	336	1	64	35	99	96	
264	9	Re5	D5	327	327	1	16	139	99	96	
265	10	Do5#4	C5#4	322	322	7	128	122	95	96	
266	8	Re5	D5	327	327	1	128	17	95	96	
267	9	Do5#4	C5#4	322	322	4	4	2223	95	96	ným  
268	9	Fa5	F5	340	340	3	16	417	99	96	Ter 
269	9	Sol5	G5	349	349	1	16	139	99	96	
270	9	Mi5	E5	336	336	1	8	278	99	96	
271	9	Sol5	G5	349	349	1	8	278	95	96	
272	9	Mi5	E5	336	336	2	16	278	99	96	dil
273	9	Re5	D5	327	327	1	8	278	99	96	
274	9	Re5	D5	327	327	2	16	278	99	96	
275	9	Do5#4	C5#4	322	322	1	8	278	95	96	
276	9	Do5#4	C5#4	322	322	4	8	1111	95	96	li 
277	9	Re5	D5	327	327	3	16	417	99	96	ter 
278	9	Mi5	E5	336	336	1	16	139	99	96	
279	9	Re5	D5	327	327	1	8	278	99	96	
280	9	Mi5	E5	336	336	1	8	278	95	96	
281	9	Do5#4	C5#4	322	322	2	16	278	99	96	dil
282	9	Si4b4	B4b4	310	310	1	8	278	99	96	
283	9	Si4b4	B4b4	310	310	2	16	278	99	96	
284	9	La4	A4	305	305	1	8	278	95	96	
285	9	La4	A4	305	305	4	8	1111	95	96	li 
286	9	Mi5	E5	336	336	1	2	1111	95	96	ter 
287	9	Mi5	E5	336	336	1	4	556	99	96	dil
288	9	Mi5	E5	336	336	1	8	278	99	96	
289	9	Fa5	F5	340	340	1	8	278	95	96	
290	9	Re5	D5	327	327	1	4	556	95	96	li 
291	9	La5	A5	358	358	3	16	417	99	96	te 
292	9	Sol5	G5	349	349	1	16	139	95	96	
293	9	Sol5	G5	349	349	1	8	278	99	96	nen 
294	9	Fa5	F5	340	340	1	8	278	99	96	
295	9	Mi5	E5	336	336	1	8	278	99	96	
296	9	Re5	D5	327	327	1	8	278	95	96	
297	9	Mi5	E5	336	336	1	8	278	99	96	te 
298	9	Fa5	F5	340	340	1	8	278	95	96	
299	9	Mi5	E5	336	336	1	8	278	99	96	nen 
300	9	Re5	D5	327	327	1	8	278	99	96	
301	9	Do5#4	C5#4	322	322	1	8	278	99	96	
302	10	Si4b4	B4b4	310	310	7	64	243	95	96	
303	8	Re5	D5	327	327	1	64	35	95	96	
304	9	Do5#4	C5#4	322	322	1	8	278	99	96	tâ 
305	9	Re5	D5	327	327	1	8	278	95	96	
306	9	Do5#4	C5#4	322	322	2	16	278	99	96	dir  
307	9	Si4b4	B4b4	310	310	1	8	278	99	96	
308	9	Si4b4	B4b4	310	310	2	16	278	99	96	
309	9	La4	A4	305	305	1	8	278	95	96	
310	9	La4	A4	305	305	1	2	1111	95	96	ney  
311	9	La5	A5	358	358	3	16	417	95	96	SAZ
312	9	Sol5#4	G#4	353	353	1	16	139	95	96	.
313	9	Fa5#1	F5#1	341	341	1	8	278	95	96	.
314	9	Sol5#4	G#4	353	353	1	8	278	95	96	.
315	9	La5	A5	358	358	1	2	1111	95	96	.
316	9	La4	A4	305	305	1	4	556	95	96	Dem_
317	9	La5	A5	358	358	4	8	1111	95	96	i 
318	9	La5	A5	358	358	1	4	556	95	96	vi
319	9	Si5	B5	367	367	1	4	556	99	96	sâ
320	8	Re6	D6	380	380	1	64	35	99	96	
321	9	Do6	C6	371	371	1	8	278	99	96	
322	9	Si5	B5	367	367	1	8	278	95	96	
323	9	Si5	B5	367	367	1	8	278	99	96	li 
324	9	Do6	C6	371	371	1	8	278	95	96	
325	9	Si5	B5	367	367	1	8	278	99	96	o 
326	9	La5	A5	358	358	1	8	278	95	96	
327	9	La5	A5	358	358	3	16	417	99	96	þû
328	9	Sol5#4	G#4	353	353	1	16	139	99	96	
329	9	Fa5#1	F5#1	341	341	1	8	278	99	96	
330	9	Sol5#4	G#4	353	353	1	8	278	95	96	
331	7	La5	A5	358	358	4	8	1111	95	96	ha 
332	9	Si5	B5	367	367	1	8	278	99	96	i
333	9	Do6	C6	371	371	1	8	278	95	96	
334	9	Si5	B5	367	367	1	8	278	99	96	tâ
335	9	La5	A5	358	358	1	8	278	99	96	
336	9	Sol5#4	G#4	353	353	1	8	278	99	96	
337	9	Fa5#1	F5#1	341	341	1	8	278	95	96	
338	9	Fa5#1	F5#1	341	341	1	8	278	99	96	bý 
339	9	Mi5	E5	336	336	1	8	278	95	96	
340	9	Si5	B5	367	367	1	4	556	99	96	ney
341	9	La5	A5	358	358	1	8	278	99	96	
342	9	Sol5#4	G#4	353	353	1	8	278	95	96	
343	9	Sol5#4	G#4	353	353	3	16	417	99	96	ler
344	10	Fa5#1	F5#1	341	341	7	128	122	99	96	
345	8	Sol5#4	G#4	353	353	1	128	17	99	96	
346	9	Fa5#1	F5#1	341	341	1	4	556	99	96	
347	9	Fa5#1	F5#1	341	341	3	16	417	99	96	
348	9	Mi5	E5	336	336	1	16	139	95	96	
349	9	Sol5#4	G#4	353	353	1	8	278	99	96	sin 
350	9	Fa5#1	F5#1	341	341	1	16	139	99	96	
351	9	Mi5	E5	336	336	1	16	139	99	96	
352	9	Mi5	E5	336	336	4	8	1111	95	96	
353	9	Mi5	E5	336	336	1	4	556	99	96	yâr 
354	9	Mi5	E5	336	336	1	4	556	99	96	
355	9	Fa5#3	F5#4	343	344	2	16	278	99	96	
356	9	Fa5#3	F5#4	343	344	2	16	278	99	96	
357	9	Re5	D5	327	327	1	4	556	99	96	
358	9	Sol5	G5	349	349	1	2	1111	95	96	
359	9	Fa5#3	F5#4	343	344	1	4	556	99	96	yâ 
360	9	Sol5	G5	349	349	1	2	1111	99	96	
361	9	Fa5#1	F5#1	341	341	1	8	278	99	96	
362	9	Mi5	E5	336	336	1	8	278	99	96	
363	9	Mi5	E5	336	336	4	8	1111	95	96	
364	9	Mi5	E5	336	336	1	4	556	99	96	câ
365	9	Fa5	F5	340	340	1	4	556	99	96	
366	9	Mi5	E5	336	336	1	4	556	99	96	
367	9	Re5	D5	327	327	1	4	556	99	96	
368	9	Re5	D5	327	327	1	8	278	99	96	
369	9	Do5#4	C5#4	322	322	1	8	278	99	96	
370	10	Si4b4	B4b4	310	310	7	64	243	99	96	
371	8	Mi5	E5	336	336	1	64	35	99	96	
372	9	Re5	D5	327	327	1	16	139	99	96	
373	10	Do5#4	C5#4	322	322	7	128	122	95	96	
374	8	Re5	D5	327	327	1	128	17	95	96	
375	9	Do5#4	C5#4	322	322	4	4	2223	95	96	ným  
376	9	Fa5	F5	340	340	3	16	417	99	96	Ter 
377	9	Sol5	G5	349	349	1	16	139	99	96	
378	9	Mi5	E5	336	336	1	8	278	99	96	
379	9	Sol5	G5	349	349	1	8	278	95	96	
380	9	Mi5	E5	336	336	2	16	278	99	96	dil
381	9	Re5	D5	327	327	1	8	278	99	96	
382	9	Re5	D5	327	327	2	16	278	99	96	
383	9	Do5#4	C5#4	322	322	1	8	278	95	96	
384	9	Do5#4	C5#4	322	322	4	8	1111	95	96	li 
385	9	Re5	D5	327	327	3	16	417	99	96	ter 
386	9	Mi5	E5	336	336	1	16	139	99	96	
387	9	Re5	D5	327	327	1	8	278	99	96	
388	9	Mi5	E5	336	336	1	8	278	95	96	
389	9	Do5#4	C5#4	322	322	2	16	278	99	96	dil
390	9	Si4b4	B4b4	310	310	1	8	278	99	96	
391	9	Si4b4	B4b4	310	310	2	16	278	99	96	
392	9	La4	A4	305	305	1	8	278	95	96	
393	9	La4	A4	305	305	4	8	1111	95	96	li 
394	9	Mi5	E5	336	336	1	2	1111	95	96	ter 
395	9	Mi5	E5	336	336	1	4	556	99	96	dil
396	9	Mi5	E5	336	336	1	8	278	99	96	
397	9	Fa5	F5	340	340	1	8	278	95	96	
398	9	Re5	D5	327	327	1	4	556	95	96	li 
399	9	La5	A5	358	358	3	16	417	99	96	te 
400	9	Sol5	G5	349	349	1	16	139	95	96	
401	9	Sol5	G5	349	349	1	8	278	99	96	nen 
402	9	Fa5	F5	340	340	1	8	278	99	96	
403	9	Mi5	E5	336	336	1	8	278	99	96	
404	9	Re5	D5	327	327	1	8	278	95	96	
405	9	Mi5	E5	336	336	1	8	278	99	96	te 
406	9	Fa5	F5	340	340	1	8	278	95	96	
407	9	Mi5	E5	336	336	1	8	278	99	96	nen 
408	9	Re5	D5	327	327	1	8	278	99	96	
409	9	Do5#4	C5#4	322	322	1	8	278	99	96	
410	10	Si4b4	B4b4	310	310	7	64	243	95	96	
411	8	Re5	D5	327	327	1	64	35	95	96	
412	9	Do5#4	C5#4	322	322	1	8	278	99	96	tâ 
413	9	Re5	D5	327	327	1	8	278	95	96	
414	9	Do5#4	C5#4	322	322	2	16	278	99	96	dir  
415	9	Si4b4	B4b4	310	310	1	8	278	99	96	
416	9	Si4b4	B4b4	310	310	2	16	278	99	96	
417	9	La4	A4	305	305	1	8	278	95	96	
418	9	La4	A4	305	305	1	4	556	95	96	O 
419	9	La5	A5	358	358	1	2	1111	95	96	mâh_
420	9	La5	A5	358	358	1	4	556	95	96	ý 
421	9	Si5	B5	367	367	1	4	556	99	96	pâ
422	8	Re6	D6	380	380	1	64	35	99	96	
423	9	Do6	C6	371	371	1	8	278	99	96	
424	9	Si5	B5	367	367	1	8	278	95	96	
425	9	Si5	B5	367	367	1	8	278	99	96	re
426	9	Do6	C6	371	371	1	8	278	95	96	
427	9	Si5	B5	367	367	1	8	278	99	96	yi 
428	9	La5	A5	358	358	1	8	278	95	96	
429	9	La5	A5	358	358	3	16	417	99	96	gör 
430	9	Sol5#4	G#4	353	353	1	16	139	99	96	
431	9	Fa5#1	F5#1	341	341	1	8	278	99	96	
432	9	Sol5#4	G#4	353	353	1	8	278	95	96	
433	9	La5	A5	358	358	4	8	1111	95	96	â
434	9	Si5	B5	367	367	1	8	278	99	96	fi
435	9	Do6	C6	371	371	1	8	278	95	96	
436	9	Si5	B5	367	367	1	8	278	99	96	tâ
437	9	La5	A5	358	358	1	8	278	99	96	
438	9	Sol5#4	G#4	353	353	1	8	278	99	96	
439	9	Fa5#1	F5#1	341	341	1	8	278	95	96	
440	9	Fa5#1	F5#1	341	341	1	8	278	99	96	bý 
441	9	Mi5	E5	336	336	1	8	278	95	96	
442	9	Si5	B5	367	367	1	4	556	99	96	ney
443	9	La5	A5	358	358	1	8	278	99	96	
444	9	Sol5#4	G#4	353	353	1	8	278	95	96	
445	9	Sol5#4	G#4	353	353	3	16	417	99	96	ler
446	10	Fa5#1	F5#1	341	341	7	128	122	99	96	
447	8	Sol5#4	G#4	353	353	1	128	17	99	96	
448	9	Fa5#1	F5#1	341	341	1	4	556	99	96	
449	9	Fa5#1	F5#1	341	341	3	16	417	99	96	
450	9	Mi5	E5	336	336	1	16	139	95	96	
451	9	Sol5#4	G#4	353	353	1	8	278	99	96	sin 
452	9	Fa5#1	F5#1	341	341	1	16	139	99	96	
453	9	Mi5	E5	336	336	1	16	139	99	96	
454	9	Mi5	E5	336	336	4	8	1111	95	96	
455	9	Mi5	E5	336	336	1	4	556	99	96	yâr 
456	9	Mi5	E5	336	336	1	4	556	99	96	
457	9	Fa5#3	F5#4	343	344	2	16	278	99	96	
458	9	Fa5#3	F5#4	343	344	2	16	278	99	96	
459	9	Re5	D5	327	327	1	4	556	99	96	
460	9	Sol5	G5	349	349	1	2	1111	95	96	
461	9	Fa5#3	F5#4	343	344	1	4	556	99	96	yâ 
462	9	Sol5	G5	349	349	1	2	1111	99	96	
463	9	Fa5#1	F5#1	341	341	1	8	278	99	96	
464	9	Mi5	E5	336	336	1	8	278	99	96	
465	9	Mi5	E5	336	336	4	8	1111	95	96	
466	9	Mi5	E5	336	336	1	4	556	99	96	câ
467	9	Fa5	F5	340	340	1	4	556	99	96	
468	9	Mi5	E5	336	336	1	4	556	99	96	
469	9	Re5	D5	327	327	1	4	556	99	96	
470	9	Re5	D5	327	327	1	8	278	99	96	
471	9	Do5#4	C5#4	322	322	1	8	278	99	96	
472	10	Si4b4	B4b4	310	310	7	64	243	99	96	
473	8	Mi5	E5	336	336	1	64	35	99	96	
474	9	Re5	D5	327	327	1	16	139	99	96	
475	10	Do5#4	C5#4	322	322	7	128	122	95	96	
476	8	Re5	D5	327	327	1	128	17	95	96	
477	9	Do5#4	C5#4	322	322	4	4	2223	95	96	ným  
478	9	Fa5	F5	340	340	3	16	417	99	96	Ter 
479	9	Sol5	G5	349	349	1	16	139	99	96	
480	9	Mi5	E5	336	336	1	8	278	99	96	
481	9	Sol5	G5	349	349	1	8	278	95	96	
482	9	Mi5	E5	336	336	2	16	278	99	96	dil
483	9	Re5	D5	327	327	1	8	278	99	96	
484	9	Re5	D5	327	327	2	16	278	99	96	
485	9	Do5#4	C5#4	322	322	1	8	278	95	96	
486	9	Do5#4	C5#4	322	322	4	8	1111	95	96	li 
487	9	Re5	D5	327	327	3	16	417	99	96	ter 
488	9	Mi5	E5	336	336	1	16	139	99	96	
489	9	Re5	D5	327	327	1	8	278	99	96	
490	9	Mi5	E5	336	336	1	8	278	95	96	
491	9	Do5#4	C5#4	322	322	2	16	278	99	96	dil
492	9	Si4b4	B4b4	310	310	1	8	278	99	96	
493	9	Si4b4	B4b4	310	310	2	16	278	99	96	
494	9	La4	A4	305	305	1	8	278	95	96	
495	9	La4	A4	305	305	4	8	1111	95	96	li 
496	9	Mi5	E5	336	336	1	2	1111	95	96	ter 
497	9	Mi5	E5	336	336	1	4	556	99	96	dil
498	9	Mi5	E5	336	336	1	8	278	99	96	
499	9	Fa5#1	F5#1	341	341	1	8	278	95	96	
500	9	Re5	D5	327	327	1	4	556	95	96	li 
501	9	La5	A5	358	358	3	16	417	99	96	te 
502	9	Sol5	G5	349	349	1	16	139	95	96	
503	9	Sol5	G5	349	349	1	8	278	99	96	nen 
504	9	Fa5#1	F5#1	341	341	1	8	278	99	96	
505	9	Mi5	E5	336	336	1	8	278	99	96	
506	9	Re5	D5	327	327	1	8	278	95	96	
507	9	Mi5	E5	336	336	1	8	278	99	96	te 
508	9	Fa5#1	F5#1	341	341	1	8	278	95	96	
509	9	Mi5	E5	336	336	1	8	278	99	96	nen 
510	9	Re5	D5	327	327	1	8	278	99	96	
511	9	Do5#4	C5#4	322	322	1	8	278	99	96	
512	10	Si4b4	B4b4	310	310	7	64	243	95	96	
513	8	Re5	D5	327	327	1	64	35	95	96	
514	9	Do5#4	C5#4	322	322	1	8	278	99	96	tâ 
515	9	Re5	D5	327	327	1	8	278	95	96	
516	9	Do5#4	C5#4	322	322	2	16	278	99	96	dir 
517	9	Si4b4	B4b4	310	310	1	8	278	99	96	
518	9	Si4b4	B4b4	310	310	2	16	278	99	96	
519	9	La4	A4	305	305	1	8	278	95	96	
520	9	La4	A4	305	305	3	2	3333	95	96	ney  
