Sira	Kod	Nota53	NotaAE	Koma53	KomaAE	Pay	Payda	Ms	LNS	Bas	Soz1	Offset
1	51			0	0	4	4	0	6	0	Sofyan	0.0
2	9	La5	A5	358	358	1	2	2000	95	96		0.5
3	9	Sol5#4	G5#4	353	353	1	8	500	95	96		0.625
4	9	La5	A5	358	358	1	8	500	95	96		0.75
5	9	Si5	B5	367	367	1	16	250	95	96		0.8125
6	9	Do6	C6	371	371	1	16	250	95	96		0.875
7	9	Si5	B5	367	367	1	16	250	95	96		0.9375
8	9	La5	A5	358	358	1	16	250	95	96		1.0
9	9	La5	A5	358	358	1	2	2000	95	96		1.5
10	9	Es	Es	-1	-1	1	8	500	100	0		1.625
11	9	Mi5	E5	336	336	1	16	250	95	96		1.6875
12	9	Fa5#1	F5#1	341	341	1	16	250	95	96		1.75
13	9	Sol5#4	G5#4	353	353	1	16	250	95	96		1.8125
14	9	La5	A5	358	358	1	16	250	95	96		1.875
15	9	Si5	B5	367	367	1	16	250	95	96		1.9375
16	9	Do6	C6	371	371	1	16	250	95	96		2.0
17	9	Re6	D6	380	380	1	4	1000	95	96		2.25
18	9	Do6	C6	371	371	1	8	500	95	96		2.375
19	9	Si5	B5	367	367	1	8	500	95	96		2.5
20	9	Si5	B5	367	367	3	16	750	95	96		2.6875
21	9	La5	A5	358	358	1	16	250	95	96		2.75
22	9	Do6	C6	371	371	1	16	250	95	96		2.8125
23	9	Si5	B5	367	367	1	16	250	95	96		2.875
24	9	La5	A5	358	358	1	16	250	95	96		2.9375
25	9	Sol5#4	G5#4	353	353	1	16	250	95	96		3.0
26	9	La5	A5	358	358	3	8	1500	95	96		3.375
27	9	Mi5	E5	336	336	1	8	500	95	96		3.5
28	9	Fa5#1	F5#1	341	341	1	8	500	95	96		3.625
29	9	Sol5#4	G5#4	353	353	1	8	500	95	96		3.75
30	9	La5	A5	358	358	1	4	1000	95	96		4.0
31	9	Es	Es	-1	-1	1	4	1000	100	0		4.25
32	9	Si5	B5	367	367	1	8	500	95	96		4.375
33	9	Do6	C6	371	371	1	8	500	95	96		4.5
34	9	Mi6	E6	389	389	1	4	1000	95	96		4.75
35	9	Mi6	E6	389	389	1	4	1000	95	96		5.0
36	9	Re6	D6	380	380	1	8	500	95	96		5.125
37	9	Do6	C6	371	371	1	8	500	95	96		5.25
38	9	Si5	B5	367	367	1	8	500	95	96		5.375
39	9	La5	A5	358	358	1	8	500	95	96		5.5
40	9	Sol5#4	G5#4	353	353	1	2	2000	95	96		6.0
41	9	Es	Es	-1	-1	1	8	500	100	0		6.125
42	9	La5	A5	358	358	1	4	1000	95	96		6.375
43	9	Do6	C6	371	371	1	8	500	95	96		6.5
44	9	Si5	B5	367	367	1	8	500	95	96		6.625
45	9	La5	A5	358	358	1	8	500	95	96		6.75
46	9	La5	A5	358	358	1	8	500	95	96		6.875
47	9	Sol5#4	G5#4	353	353	1	8	500	95	96		7.0
48	9	Sol5#4	G5#4	353	353	3	16	750	95	96		7.1875
49	9	Fa5#1	F5#1	341	341	1	16	250	95	96		7.25
50	9	Sol5#4	G5#4	353	353	1	16	250	95	96		7.3125
51	9	Fa5#1	F5#1	341	341	1	16	250	95	96		7.375
52	9	Fa5#1	F5#1	341	341	1	16	250	95	96		7.4375
53	9	Mi5	E5	336	336	1	16	250	95	96		7.5
54	9	Mi5	E5	336	336	1	2	2000	95	96		8.0
55	9	Re5	D5	327	327	1	4	1000	95	96		8.25
56	9	La5	A5	358	358	1	4	1000	95	96		8.5
57	9	La5	A5	358	358	1	4	1000	95	96		8.75
58	9	Fa5#3	F5#4	343	344	1	8	500	95	96		8.875
59	9	La5	A5	358	358	1	8	500	95	96		9.0
60	9	Sol5	G5	349	349	3	16	750	95	96		9.1875
61	9	Fa5#3	F5#4	343	344	1	16	250	95	96		9.25
62	9	Mi5	E5	336	336	1	4	1000	95	96		9.5
63	9	Sol5	G5	349	349	1	8	500	95	96		9.625
64	9	Fa5#3	F5#4	343	344	1	8	500	95	96		9.75
65	9	Mi5	E5	336	336	1	8	500	95	96		9.875
66	9	Re5	D5	327	327	1	8	500	95	96		10.0
67	9	Mi5	E5	336	336	1	8	500	95	96		10.125
68	9	Fa5#1	F5#1	341	341	3	8	1500	95	96		10.5
69	9	Fa5#1	F5#1	341	341	1	16	250	95	96		10.5625
70	9	La5	A5	358	358	1	16	250	95	96		10.625
71	9	Sol5#4	G5#4	353	353	1	16	250	95	96		10.6875
72	9	Fa5#1	F5#1	341	341	1	16	250	95	96		10.75
73	9	Mi5	E5	336	336	1	16	250	95	96		10.8125
74	9	Re5	D5	327	327	1	16	250	95	96		10.875
75	9	Do5#4	C5#4	322	322	1	8	500	95	96		11.0
76	9	Es	Es	-1	-1	1	8	500	100	0		11.125
77	9	Re5	D5	327	327	1	4	1000	95	96		11.375
78	9	Fa5#1	F5#1	341	341	1	8	500	95	96		11.5
79	9	Mi5	E5	336	336	1	8	500	95	96		11.625
80	9	Re5	D5	327	327	1	8	500	95	96		11.75
81	9	Re5	D5	327	327	1	8	500	95	96		11.875
82	9	Do5#4	C5#4	322	322	1	8	500	95	96		12.0
83	9	Do5#4	C5#4	322	322	3	16	750	95	96		12.1875
84	9	Si4b4	B4b4	310	310	1	16	250	95	96		12.25
85	9	Do5#4	C5#4	322	322	1	16	250	95	96		12.3125
86	9	Si4b4	B4b4	310	310	1	16	250	95	96		12.375
87	9	Si4b4	B4b4	310	310	1	16	250	95	96		12.4375
88	9	La4	A4	305	305	1	16	250	95	96		12.5
89	9	La4	A4	305	305	1	2	2000	95	96		13.0
