Sira	Kod	Nota53	NotaAE	Koma53	KomaAE	Pay	Payda	Ms	LNS	Bas	Soz1	Offset
1	9	La5	A5	358	358	1	4	400	95	96	1. HANE	0.25
2	9	La5	A5	358	358	1	4	400	95	96		0.5
3	9	La5	A5	358	358	1	8	200	95	96		0.625
4	9	La5	A5	358	358	1	8	200	95	96		0.75
5	9	Do6	C6	371	371	1	16	100	95	96		0.8125
6	9	Si5	B5	367	367	1	16	100	95	96		0.875
7	9	La5	A5	358	358	1	8	200	95	96		1.0
8	9	Sol5#4	G5#4	353	353	1	16	100	95	96		1.0625
9	9	La5	A5	358	358	1	16	100	95	96		1.125
10	9	Sol5#4	G5#4	353	353	1	16	100	95	96		1.1875
11	9	La5	A5	358	358	1	16	100	95	96		1.25
12	9	Sol5#4	G5#4	353	353	1	16	100	95	96		1.3125
13	9	La5	A5	358	358	1	16	100	95	96		1.375
14	9	Sol5#4	G5#4	353	353	1	16	100	95	96		1.4375
15	9	Fa5#1	F5#1	341	341	1	16	100	95	96		1.5
16	9	Sol5#4	G5#4	353	353	1	8	200	95	96		1.625
17	9	La5	A5	358	358	1	8	200	95	96		1.75
18	9	Si5	B5	367	367	1	16	100	95	96		1.8125
19	9	Re6	D6	380	380	1	16	100	95	96		1.875
20	9	Do6	C6	371	371	1	16	100	95	96		1.9375
21	9	Si5	B5	367	367	1	16	100	95	96		2.0
22	9	La5	A5	358	358	1	16	100	95	96		2.0625
23	9	Do6	C6	371	371	1	16	100	95	96		2.125
24	9	Si5	B5	367	367	1	16	100	95	96		2.1875
25	9	La5	A5	358	358	1	16	100	95	96		2.25
26	9	Sol5#4	G5#4	353	353	1	16	100	95	96		2.3125
27	9	Si5	B5	367	367	1	16	100	95	96		2.375
28	9	La5	A5	358	358	1	16	100	95	96		2.4375
29	9	Sol5#4	G5#4	353	353	1	16	100	95	96		2.5
30	9	Fa5#1	F5#1	341	341	1	16	100	95	96		2.5625
31	9	Mi5	E5	336	336	1	16	100	95	96		2.625
32	9	Re5	D5	327	327	1	8	200	95	96		2.75
33	9	Fa5#1	F5#1	341	341	1	16	100	95	96		2.8125
34	9	Mi5	E5	336	336	1	16	100	95	96		2.875
35	9	Re5	D5	327	327	1	16	100	95	96		2.9375
36	9	Do5#4	C5#4	322	322	1	16	100	95	96		3.0
37	9	Re5	D5	327	327	3	16	300	95	96		3.1875
38	9	Mi5	E5	336	336	1	16	100	95	96		3.25
39	9	Fa5#1	F5#1	341	341	1	8	200	95	96		3.375
40	9	Sol5#4	G5#4	353	353	1	8	200	95	96		3.5
41	9	La5	A5	358	358	1	16	100	95	96		3.5625
42	9	Si5	B5	367	367	1	16	100	95	96		3.625
43	9	La5	A5	358	358	1	16	100	95	96		3.6875
44	9	Sol5#4	G5#4	353	353	1	16	100	95	96		3.75
45	9	Fa5#1	F5#1	341	341	1	16	100	95	96		3.8125
46	9	Mi5	E5	336	336	1	16	100	95	96		3.875
47	9	Re5	D5	327	327	1	8	200	95	96		4.0
48	9	La5	A5	358	358	1	4	400	95	96	1. HANE	4.25
49	9	La5	A5	358	358	1	4	400	95	96		4.5
50	9	La5	A5	358	358	1	8	200	95	96		4.625
51	9	La5	A5	358	358	1	8	200	95	96		4.75
52	9	Do6	C6	371	371	1	16	100	95	96		4.8125
53	9	Si5	B5	367	367	1	16	100	95	96		4.875
54	9	La5	A5	358	358	1	8	200	95	96		5.0
55	9	Sol5#4	G5#4	353	353	1	16	100	95	96		5.0625
56	9	La5	A5	358	358	1	16	100	95	96		5.125
57	9	Sol5#4	G5#4	353	353	1	16	100	95	96		5.1875
58	9	La5	A5	358	358	1	16	100	95	96		5.25
59	9	Sol5#4	G5#4	353	353	1	16	100	95	96		5.3125
60	9	La5	A5	358	358	1	16	100	95	96		5.375
61	9	Sol5#4	G5#4	353	353	1	16	100	95	96		5.4375
62	9	Fa5#1	F5#1	341	341	1	16	100	95	96		5.5
63	9	Sol5#4	G5#4	353	353	1	8	200	95	96		5.625
64	9	La5	A5	358	358	1	8	200	95	96		5.75
65	9	Si5	B5	367	367	1	16	100	95	96		5.8125
66	9	Re6	D6	380	380	1	16	100	95	96		5.875
67	9	Do6	C6	371	371	1	16	100	95	96		5.9375
68	9	Si5	B5	367	367	1	16	100	95	96		6.0
69	9	La5	A5	358	358	1	16	100	95	96		6.0625
70	9	Do6	C6	371	371	1	16	100	95	96		6.125
71	9	Si5	B5	367	367	1	16	100	95	96		6.1875
72	9	La5	A5	358	358	1	16	100	95	96		6.25
73	9	Sol5#4	G5#4	353	353	1	16	100	95	96		6.3125
74	9	Si5	B5	367	367	1	16	100	95	96		6.375
75	9	La5	A5	358	358	1	16	100	95	96		6.4375
76	9	Sol5#4	G5#4	353	353	1	16	100	95	96		6.5
77	9	Fa5#1	F5#1	341	341	1	16	100	95	96		6.5625
78	9	Mi5	E5	336	336	1	16	100	95	96		6.625
79	9	Re5	D5	327	327	1	8	200	95	96		6.75
80	9	Fa5#1	F5#1	341	341	1	16	100	95	96		6.8125
81	9	Mi5	E5	336	336	1	16	100	95	96		6.875
82	9	Re5	D5	327	327	1	16	100	95	96		6.9375
83	9	Do5#4	C5#4	322	322	1	16	100	95	96		7.0
84	9	Re5	D5	327	327	3	16	300	95	96		7.1875
85	9	Fa5#1	F5#1	341	341	1	16	100	95	96		7.25
86	9	La5	A5	358	358	1	8	200	95	96		7.375
87	9	Fa5#1	F5#1	341	341	1	8	200	95	96		7.5
88	9	Re5	D5	327	327	1	8	200	95	96		7.625
89	9	Mi5	E5	336	336	1	16	100	95	96		7.6875
90	9	Fa5#1	F5#1	341	341	1	16	100	95	96		7.75
91	9	Mi5	E5	336	336	1	16	100	95	96		7.8125
92	9	Re5	D5	327	327	1	16	100	95	96		7.875
93	9	Do5#4	C5#4	322	322	1	16	100	95	96		7.9375
94	9	Si4b4	B4b4	310	310	1	16	100	95	96		8.0
95	7	La4	A4	305	305	4	16	400	95	96	TESLİM	8.25
96	7	Do5#4	C5#4	322	322	4	16	400	95	96		8.5
97	7	Mi5	E5	336	336	4	16	400	95	96		8.75
98	9	La5	A5	358	358	1	4	400	50	96		9.0
99	7	La4	A4	305	305	4	16	400	95	96		9.25
100	7	Do5#4	C5#4	322	322	4	16	400	95	96		9.5
101	7	Mi5	E5	336	336	4	16	400	95	96		9.75
102	9	Sol5	G5	349	349	1	4	400	50	96		10.0
103	9	La5	A5	358	358	1	16	100	95	96		10.0625
104	9	Sol5	G5	349	349	1	16	100	95	96		10.125
105	9	Fa5#1	F5#1	341	341	1	16	100	95	96		10.1875
106	9	La5	A5	358	358	1	16	100	95	96		10.25
107	9	Sol5	G5	349	349	1	16	100	95	96		10.3125
108	9	Fa5#1	F5#1	341	341	1	16	100	95	96		10.375
109	9	Mi5	E5	336	336	1	16	100	95	96		10.4375
110	9	Sol5	G5	349	349	1	16	100	95	96		10.5
111	9	Fa5#1	F5#1	341	341	1	16	100	95	96		10.5625
112	9	Mi5	E5	336	336	1	16	100	95	96		10.625
113	9	Re5	D5	327	327	1	16	100	95	96		10.6875
114	9	Fa5#1	F5#1	341	341	1	16	100	95	96		10.75
115	9	Mi5	E5	336	336	1	16	100	95	96		10.8125
116	9	Re5	D5	327	327	1	16	100	95	96		10.875
117	9	Do5#4	C5#4	322	322	1	16	100	95	96		10.9375
118	9	Mi5	E5	336	336	1	16	100	95	96		11.0
119	9	Re5	D5	327	327	1	16	100	95	96		11.0625
120	9	Do5#4	C5#4	322	322	1	16	100	95	96		11.125
121	9	Si4b4	B4b4	310	310	1	16	100	95	96		11.1875
122	9	Re5	D5	327	327	1	16	100	95	96		11.25
123	9	Do5#4	C5#4	322	322	1	16	100	95	96		11.3125
124	9	Si4b4	B4b4	310	310	1	16	100	95	96		11.375
125	9	La4	A4	305	305	1	16	100	95	96		11.4375
126	9	Sol4#4	G4#4	300	300	1	16	100	95	96		11.5
127	9	La4	A4	305	305	1	16	100	95	96		11.5625
128	9	Si4b4	B4b4	310	310	1	16	100	95	96		11.625
129	9	La4	A4	305	305	1	16	100	95	96		11.6875
130	9	Sol4#4	G4#4	300	300	1	16	100	95	96		11.75
131	9	Fa4#1	F4#1	288	288	1	16	100	95	96		11.8125
132	9	Mi4	E4	283	283	1	16	100	95	96		11.875
133	9	Re4	D4	274	274	1	8	200	95	96		12.0
134	9	La4	A4	305	305	1	16	100	95	96		12.0625
135	9	Do5#4	C5#4	322	322	1	16	100	95	96		12.125
136	9	Mi5	E5	336	336	1	16	100	95	96		12.1875
137	9	Do5#4	C5#4	322	322	1	16	100	95	96		12.25
138	9	La4	A4	305	305	1	16	100	95	96		12.3125
139	9	Do5#4	C5#4	322	322	1	16	100	95	96		12.375
140	9	Mi5	E5	336	336	1	16	100	95	96		12.4375
141	9	Do5#4	C5#4	322	322	1	16	100	95	96		12.5
142	9	La4	A4	305	305	1	16	100	95	96		12.5625
143	9	Do5#4	C5#4	322	322	1	16	100	95	96		12.625
144	9	Mi5	E5	336	336	1	16	100	95	96		12.6875
145	9	Do5#4	C5#4	322	322	1	16	100	95	96		12.75
146	9	La5	A5	358	358	1	4	400	50	96		13.0
147	9	La4	A4	305	305	1	16	100	95	96		13.0625
148	9	Do5#4	C5#4	322	322	1	16	100	95	96		13.125
149	9	Mi5	E5	336	336	1	16	100	95	96		13.1875
150	9	Do5#4	C5#4	322	322	1	16	100	95	96		13.25
151	9	La4	A4	305	305	1	16	100	95	96		13.3125
152	9	Do5#4	C5#4	322	322	1	16	100	95	96		13.375
153	9	Mi5	E5	336	336	1	16	100	95	96		13.4375
154	9	Do5#4	C5#4	322	322	1	16	100	95	96		13.5
155	9	La4	A4	305	305	1	16	100	95	96		13.5625
156	9	Do5#4	C5#4	322	322	1	16	100	95	96		13.625
157	9	Mi5	E5	336	336	1	16	100	95	96		13.6875
158	9	Do5#4	C5#4	322	322	1	16	100	95	96		13.75
159	9	Sol5	G5	349	349	1	4	400	95	96		14.0
160	9	La5	A5	358	358	1	16	100	95	96		14.0625
161	9	Sol5	G5	349	349	1	16	100	95	96		14.125
162	9	Fa5#1	F5#1	341	341	1	16	100	95	96		14.1875
163	9	La5	A5	358	358	1	16	100	95	96		14.25
164	9	Sol5	G5	349	349	1	16	100	95	96		14.3125
165	9	Fa5#1	F5#1	341	341	1	16	100	95	96		14.375
166	9	Mi5	E5	336	336	1	16	100	95	96		14.4375
167	9	Sol5	G5	349	349	1	16	100	95	96		14.5
168	9	Fa5#1	F5#1	341	341	1	16	100	95	96		14.5625
169	9	Mi5	E5	336	336	1	16	100	95	96		14.625
170	9	Re5	D5	327	327	1	16	100	95	96		14.6875
171	9	Fa5#1	F5#1	341	341	1	16	100	95	96		14.75
172	9	Mi5	E5	336	336	1	16	100	95	96		14.8125
173	9	Re5	D5	327	327	1	16	100	95	96		14.875
174	9	Do5#4	C5#4	322	322	1	16	100	95	96		14.9375
175	9	Mi5	E5	336	336	1	16	100	95	96		15.0
176	9	Re5	D5	327	327	3	16	300	95	96		15.1875
177	9	Fa5	F5	340	340	1	16	100	95	96		15.25
178	9	La5	A5	358	358	1	8	200	95	96		15.375
179	9	Fa5	F5	340	340	1	8	200	95	96		15.5
180	9	Re5	D5	327	327	1	8	200	95	96		15.625
181	9	La4	A4	305	305	1	8	200	95	96		15.75
182	9	Re5	D5	327	327	1	4	400	95	96		16.0
183	9	Es	Es	-1	-1	1	8	200	100	0	2. HANE	16.125
184	9	Si5b4	B5b4	363	363	1	16	100	95	96		16.1875
185	9	La5	A5	358	358	1	16	100	95	96		16.25
186	9	Sol5#4	G5#4	353	353	1	8	200	95	96		16.375
187	9	La5	A5	358	358	1	8	200	95	96		16.5
188	9	Si5b4	B5b4	363	363	3	8	600	95	96		16.875
189	9	La5	A5	358	358	1	8	200	95	96		17.0
190	9	La5	A5	358	358	3	32	150	95	96		17.09375
191	9	Si5b4	B5b4	363	363	1	32	50	95	96		17.125
192	9	La5	A5	358	358	1	16	100	95	96		17.1875
193	9	Sol5#4	G5#4	353	353	1	16	100	95	96		17.25
194	9	Fa5#1	F5#1	341	341	1	8	200	95	96		17.375
195	9	Sol5#4	G5#4	353	353	1	8	200	95	96		17.5
196	9	La5	A5	358	358	1	16	100	95	96		17.5625
197	9	Si5b4	B5b4	363	363	1	16	100	95	96		17.625
198	9	La5	A5	358	358	1	16	100	95	96		17.6875
199	9	Sol5#4	G5#4	353	353	1	16	100	95	96		17.75
200	9	Fa5#1	F5#1	341	341	1	16	100	95	96		17.8125
201	9	Mi5	E5	336	336	1	16	100	95	96		17.875
202	9	Re5	D5	327	327	1	8	200	95	96		18.0
203	9	Sol5	G5	349	349	1	8	200	50	96		18.125
204	9	Sol5	G5	349	349	1	8	200	50	96		18.25
205	9	Es	Es	-1	-1	1	4	400	100	0		18.5
206	9	Fa5#1	F5#1	341	341	1	8	200	50	96		18.625
207	9	Fa5#1	F5#1	341	341	1	8	200	50	96		18.75
208	9	Es	Es	-1	-1	1	4	400	100	0		19.0
209	9	Mi5	E5	336	336	1	16	100	95	96		19.0625
210	9	Fa5#1	F5#1	341	341	1	16	100	95	96		19.125
211	9	Mi5	E5	336	336	1	16	100	95	96		19.1875
212	9	Re5	D5	327	327	1	16	100	95	96		19.25
213	9	Do5#4	C5#4	322	322	1	16	100	95	96		19.3125
214	9	Re5	D5	327	327	1	16	100	95	96		19.375
215	9	Mi5	E5	336	336	1	16	100	95	96		19.4375
216	9	Fa5#1	F5#1	341	341	1	16	100	95	96		19.5
217	9	Mi5	E5	336	336	1	16	100	95	96		19.5625
218	9	Re5	D5	327	327	1	16	100	95	96		19.625
219	9	Do5#4	C5#4	322	322	1	16	100	95	96		19.6875
220	9	Si4b4	B4b4	310	310	1	16	100	95	96		19.75
221	9	Do5#4	C5#4	322	322	1	16	100	95	96		19.8125
222	9	Si4b4	B4b4	310	310	1	16	100	95	96		19.875
223	9	La4	A4	305	305	1	8	200	95	96		20.0
224	9	Es	Es	-1	-1	1	8	200	100	0		20.125
225	9	Si5b4	B5b4	363	363	1	16	100	95	96		20.1875
226	9	La5	A5	358	358	1	16	100	95	96		20.25
227	9	Sol5#4	G5#4	353	353	1	8	200	95	96		20.375
228	9	La5	A5	358	358	1	8	200	95	96		20.5
229	9	Re6	D6	380	380	3	8	600	95	96		20.875
230	9	Do6#4	C6#4	375	375	1	8	200	95	96		21.0
231	9	Si5b4	B5b4	363	363	3	16	300	95	96		21.1875
232	9	La5	A5	358	358	1	16	100	95	96		21.25
233	9	Sol5#4	G5#4	353	353	1	16	100	95	96		21.3125
234	9	La5	A5	358	358	1	16	100	95	96		21.375
235	9	Si5b4	B5b4	363	363	1	8	200	95	96		21.5
236	9	La5	A5	358	358	1	16	100	95	96		21.5625
237	9	Si5b4	B5b4	363	363	1	16	100	95	96		21.625
238	9	La5	A5	358	358	1	16	100	95	96		21.6875
239	9	Sol5#4	G5#4	353	353	1	16	100	95	96		21.75
240	9	Fa5#1	F5#1	341	341	1	16	100	95	96		21.8125
241	9	Mi5	E5	336	336	1	16	100	95	96		21.875
242	9	Re5	D5	327	327	1	8	200	95	96		22.0
243	9	Es	Es	-1	-1	1	8	200	100	0		22.125
244	9	Si5b4	B5b4	363	363	1	8	200	95	96		22.25
245	9	La5	A5	358	358	1	8	200	95	96		22.375
246	9	Sol5#4	G5#4	353	353	1	8	200	95	96		22.5
247	9	Fa5#1	F5#1	341	341	1	8	200	95	96		22.625
248	9	Mi5	E5	336	336	1	8	200	95	96		22.75
249	9	Re5	D5	327	327	1	8	200	95	96		22.875
250	9	Do5#4	C5#4	322	322	1	8	200	95	96		23.0
251	9	Re5	D5	327	327	3	16	300	95	96		23.1875
252	9	Fa5	F5	340	340	1	16	100	95	96		23.25
253	9	La5	A5	358	358	1	8	200	95	96		23.375
254	9	Fa5	F5	340	340	1	8	200	95	96		23.5
255	9	Re5	D5	327	327	1	8	200	95	96		23.625
256	9	Mi5	E5	336	336	1	16	100	95	96		23.6875
257	9	Fa5	F5	340	340	1	16	100	95	96		23.75
258	9	Mi5	E5	336	336	1	16	100	95	96		23.8125
259	9	Re5	D5	327	327	1	16	100	95	96		23.875
260	9	Do5#4	C5#4	322	322	1	16	100	95	96		23.9375
261	9	Si4b4	B4b4	310	310	1	16	100	95	96		24.0
262	7	La4	A4	305	305	4	16	400	95	96	TESLİM	24.25
263	7	Do5#4	C5#4	322	322	4	16	400	95	96		24.5
264	7	Mi5	E5	336	336	4	16	400	95	96		24.75
265	9	La5	A5	358	358	1	4	400	50	96		25.0
266	7	La4	A4	305	305	4	16	400	95	96		25.25
267	7	Do5#4	C5#4	322	322	4	16	400	95	96		25.5
268	7	Mi5	E5	336	336	4	16	400	95	96		25.75
269	9	Sol5	G5	349	349	1	4	400	50	96		26.0
270	9	La5	A5	358	358	1	16	100	95	96		26.0625
271	9	Sol5	G5	349	349	1	16	100	95	96		26.125
272	9	Fa5#1	F5#1	341	341	1	16	100	95	96		26.1875
273	9	La5	A5	358	358	1	16	100	95	96		26.25
274	9	Sol5	G5	349	349	1	16	100	95	96		26.3125
275	9	Fa5#1	F5#1	341	341	1	16	100	95	96		26.375
276	9	Mi5	E5	336	336	1	16	100	95	96		26.4375
277	9	Sol5	G5	349	349	1	16	100	95	96		26.5
278	9	Fa5#1	F5#1	341	341	1	16	100	95	96		26.5625
279	9	Mi5	E5	336	336	1	16	100	95	96		26.625
280	9	Re5	D5	327	327	1	16	100	95	96		26.6875
281	9	Fa5#1	F5#1	341	341	1	16	100	95	96		26.75
282	9	Mi5	E5	336	336	1	16	100	95	96		26.8125
283	9	Re5	D5	327	327	1	16	100	95	96		26.875
284	9	Do5#4	C5#4	322	322	1	16	100	95	96		26.9375
285	9	Mi5	E5	336	336	1	16	100	95	96		27.0
286	9	Re5	D5	327	327	1	16	100	95	96		27.0625
287	9	Do5#4	C5#4	322	322	1	16	100	95	96		27.125
288	9	Si4b4	B4b4	310	310	1	16	100	95	96		27.1875
289	9	Re5	D5	327	327	1	16	100	95	96		27.25
290	9	Do5#4	C5#4	322	322	1	16	100	95	96		27.3125
291	9	Si4b4	B4b4	310	310	1	16	100	95	96		27.375
292	9	La4	A4	305	305	1	16	100	95	96		27.4375
293	9	Sol4#4	G4#4	300	300	1	16	100	95	96		27.5
294	9	La4	A4	305	305	1	16	100	95	96		27.5625
295	9	Si4b4	B4b4	310	310	1	16	100	95	96		27.625
296	9	La4	A4	305	305	1	16	100	95	96		27.6875
297	9	Sol4#4	G4#4	300	300	1	16	100	95	96		27.75
298	9	Fa4#1	F4#1	288	288	1	16	100	95	96		27.8125
299	9	Mi4	E4	283	283	1	16	100	95	96		27.875
300	9	Re4	D4	274	274	1	8	200	95	96		28.0
301	9	La4	A4	305	305	1	16	100	95	96		28.0625
302	9	Do5#4	C5#4	322	322	1	16	100	95	96		28.125
303	9	Mi5	E5	336	336	1	16	100	95	96		28.1875
304	9	Do5#4	C5#4	322	322	1	16	100	95	96		28.25
305	9	La4	A4	305	305	1	16	100	95	96		28.3125
306	9	Do5#4	C5#4	322	322	1	16	100	95	96		28.375
307	9	Mi5	E5	336	336	1	16	100	95	96		28.4375
308	9	Do5#4	C5#4	322	322	1	16	100	95	96		28.5
309	9	La4	A4	305	305	1	16	100	95	96		28.5625
310	9	Do5#4	C5#4	322	322	1	16	100	95	96		28.625
311	9	Mi5	E5	336	336	1	16	100	95	96		28.6875
312	9	Do5#4	C5#4	322	322	1	16	100	95	96		28.75
313	9	La5	A5	358	358	1	4	400	50	96		29.0
314	9	La4	A4	305	305	1	16	100	95	96		29.0625
315	9	Do5#4	C5#4	322	322	1	16	100	95	96		29.125
316	9	Mi5	E5	336	336	1	16	100	95	96		29.1875
317	9	Do5#4	C5#4	322	322	1	16	100	95	96		29.25
318	9	La4	A4	305	305	1	16	100	95	96		29.3125
319	9	Do5#4	C5#4	322	322	1	16	100	95	96		29.375
320	9	Mi5	E5	336	336	1	16	100	95	96		29.4375
321	9	Do5#4	C5#4	322	322	1	16	100	95	96		29.5
322	9	La4	A4	305	305	1	16	100	95	96		29.5625
323	9	Do5#4	C5#4	322	322	1	16	100	95	96		29.625
324	9	Mi5	E5	336	336	1	16	100	95	96		29.6875
325	9	Do5#4	C5#4	322	322	1	16	100	95	96		29.75
326	9	Sol5	G5	349	349	1	4	400	95	96		30.0
327	9	La5	A5	358	358	1	16	100	95	96		30.0625
328	9	Sol5	G5	349	349	1	16	100	95	96		30.125
329	9	Fa5#1	F5#1	341	341	1	16	100	95	96		30.1875
330	9	La5	A5	358	358	1	16	100	95	96		30.25
331	9	Sol5	G5	349	349	1	16	100	95	96		30.3125
332	9	Fa5#1	F5#1	341	341	1	16	100	95	96		30.375
333	9	Mi5	E5	336	336	1	16	100	95	96		30.4375
334	9	Sol5	G5	349	349	1	16	100	95	96		30.5
335	9	Fa5#1	F5#1	341	341	1	16	100	95	96		30.5625
336	9	Mi5	E5	336	336	1	16	100	95	96		30.625
337	9	Re5	D5	327	327	1	16	100	95	96		30.6875
338	9	Fa5#1	F5#1	341	341	1	16	100	95	96		30.75
339	9	Mi5	E5	336	336	1	16	100	95	96		30.8125
340	9	Re5	D5	327	327	1	16	100	95	96		30.875
341	9	Do5#4	C5#4	322	322	1	16	100	95	96		30.9375
342	9	Mi5	E5	336	336	1	16	100	95	96		31.0
343	9	Re5	D5	327	327	3	16	300	95	96		31.1875
344	9	Fa5	F5	340	340	1	16	100	95	96		31.25
345	9	La5	A5	358	358	1	8	200	95	96		31.375
346	9	Fa5	F5	340	340	1	8	200	95	96		31.5
347	9	Re5	D5	327	327	1	8	200	95	96		31.625
348	9	La4	A4	305	305	1	8	200	95	96		31.75
349	9	Re5	D5	327	327	1	4	400	95	96		32.0
350	9	La4	A4	305	305	1	8	200	95	96	3. HANE	32.125
351	9	Mi5	E5	336	336	1	16	100	95	96		32.1875
352	9	Re5	D5	327	327	1	16	100	95	96		32.25
353	9	Do5#4	C5#4	322	322	1	8	200	95	96		32.375
354	9	Re5	D5	327	327	1	8	200	95	96		32.5
355	7	Mi5	E5	336	336	6	16	600	95	96		32.875
356	9	Fa5#1	F5#1	341	341	1	8	200	95	96		33.0
357	9	Sol5#4	G5#4	353	353	3	16	300	95	96		33.1875
358	9	Si5b4	B5b4	363	363	1	16	100	95	96		33.25
359	9	La5	A5	358	358	1	8	200	95	96		33.375
360	9	Sol5#4	G5#4	353	353	1	8	200	95	96		33.5
361	9	Fa5#1	F5#1	341	341	1	8	200	95	96		33.625
362	9	Mi5	E5	336	336	1	8	200	95	96		33.75
363	24	Re5	D5	327	327	1	4	400	95	96		34.0
364	9	Es	Es	-1	-1	1	8	200	100	0		34.125
365	9	Re6	D6	380	380	1	4	400	95	96		34.375
366	9	Do6#4	C6#4	375	375	1	8	200	95	96		34.5
367	9	Si5b4	B5b4	363	363	3	16	300	95	96		34.6875
368	9	La5	A5	358	358	1	16	100	95	96		34.75
369	9	Sol5#4	G5#4	353	353	1	16	100	95	96		34.8125
370	9	La5	A5	358	358	1	16	100	95	96		34.875
371	9	Si5b4	B5b4	363	363	1	8	200	95	96		35.0
372	9	Mi5	E5	336	336	1	16	100	95	96		35.0625
373	9	Fa5#1	F5#1	341	341	1	16	100	95	96		35.125
374	9	Sol5#4	G5#4	353	353	1	16	100	95	96		35.1875
375	9	La5	A5	358	358	1	16	100	95	96		35.25
376	9	Sol5#4	G5#4	353	353	1	16	100	95	96		35.3125
377	9	Fa5#1	F5#1	341	341	1	16	100	95	96		35.375
378	9	Mi5	E5	336	336	1	16	100	95	96		35.4375
379	9	Re5	D5	327	327	1	16	100	95	96		35.5
380	9	Do5#4	C5#4	322	322	1	16	100	95	96		35.5625
381	9	Re5	D5	327	327	1	16	100	95	96		35.625
382	9	Mi5	E5	336	336	1	16	100	95	96		35.6875
383	9	Fa5#1	F5#1	341	341	1	16	100	95	96		35.75
384	9	Mi5	E5	336	336	1	16	100	95	96		35.8125
385	9	Re5	D5	327	327	1	16	100	95	96		35.875
386	9	Do5#4	C5#4	322	322	1	16	100	95	96		35.9375
387	9	Si4b4	B4b4	310	310	1	16	100	95	96		36.0
388	9	La4	A4	305	305	1	8	200	95	96	3. HANE	36.125
389	9	Mi5	E5	336	336	1	16	100	95	96		36.1875
390	9	Re5	D5	327	327	1	16	100	95	96		36.25
391	9	Do5#4	C5#4	322	322	1	8	200	95	96		36.375
392	9	Re5	D5	327	327	1	8	200	95	96		36.5
393	7	Mi5	E5	336	336	6	16	600	95	96		36.875
394	9	Fa5#1	F5#1	341	341	1	8	200	95	96		37.0
395	9	Sol5#4	G5#4	353	353	3	16	300	95	96		37.1875
396	9	Si5b4	B5b4	363	363	1	16	100	95	96		37.25
397	9	La5	A5	358	358	1	8	200	95	96		37.375
398	9	Sol5#4	G5#4	353	353	1	8	200	95	96		37.5
399	9	Fa5#1	F5#1	341	341	1	8	200	95	96		37.625
400	9	Mi5	E5	336	336	1	8	200	95	96		37.75
401	24	Re5	D5	327	327	1	4	400	95	96		38.0
402	9	Es	Es	-1	-1	1	8	200	100	0		38.125
403	9	Si5b4	B5b4	363	363	1	8	200	95	96		38.25
404	9	La5	A5	358	358	1	8	200	95	96		38.375
405	9	Sol5#4	G5#4	353	353	1	8	200	95	96		38.5
406	9	Fa5#1	F5#1	341	341	1	8	200	95	96		38.625
407	9	Mi5	E5	336	336	1	8	200	95	96		38.75
408	9	Re5	D5	327	327	1	8	200	95	96		38.875
409	9	Do5#4	C5#4	322	322	1	8	200	95	96		39.0
410	9	Re5	D5	327	327	3	16	300	95	96		39.1875
411	9	Fa5#1	F5#1	341	341	1	16	100	95	96		39.25
412	9	La5	A5	358	358	1	8	200	95	96		39.375
413	9	Fa5#1	F5#1	341	341	1	8	200	95	96		39.5
414	9	Re5	D5	327	327	1	8	200	95	96		39.625
415	9	Mi5	E5	336	336	1	16	100	95	96		39.6875
416	9	Fa5#1	F5#1	341	341	1	16	100	95	96		39.75
417	9	Mi5	E5	336	336	1	16	100	95	96		39.8125
418	9	Re5	D5	327	327	1	16	100	95	96		39.875
419	9	Do5#4	C5#4	322	322	1	16	100	95	96		39.9375
420	9	Si4b4	B4b4	310	310	1	16	100	95	96		40.0
421	7	La4	A4	305	305	4	16	400	95	96	TESLİM	40.25
422	7	Do5#4	C5#4	322	322	4	16	400	95	96		40.5
423	7	Mi5	E5	336	336	4	16	400	95	96		40.75
424	9	La5	A5	358	358	1	4	400	50	96		41.0
425	7	La4	A4	305	305	4	16	400	95	96		41.25
426	7	Do5#4	C5#4	322	322	4	16	400	95	96		41.5
427	7	Mi5	E5	336	336	4	16	400	95	96		41.75
428	9	Sol5	G5	349	349	1	4	400	50	96		42.0
429	9	La5	A5	358	358	1	16	100	95	96		42.0625
430	9	Sol5	G5	349	349	1	16	100	95	96		42.125
431	9	Fa5#1	F5#1	341	341	1	16	100	95	96		42.1875
432	9	La5	A5	358	358	1	16	100	95	96		42.25
433	9	Sol5	G5	349	349	1	16	100	95	96		42.3125
434	9	Fa5#1	F5#1	341	341	1	16	100	95	96		42.375
435	9	Mi5	E5	336	336	1	16	100	95	96		42.4375
436	9	Sol5	G5	349	349	1	16	100	95	96		42.5
437	9	Fa5#1	F5#1	341	341	1	16	100	95	96		42.5625
438	9	Mi5	E5	336	336	1	16	100	95	96		42.625
439	9	Re5	D5	327	327	1	16	100	95	96		42.6875
440	9	Fa5#1	F5#1	341	341	1	16	100	95	96		42.75
441	9	Mi5	E5	336	336	1	16	100	95	96		42.8125
442	9	Re5	D5	327	327	1	16	100	95	96		42.875
443	9	Do5#4	C5#4	322	322	1	16	100	95	96		42.9375
444	9	Mi5	E5	336	336	1	16	100	95	96		43.0
445	9	Re5	D5	327	327	1	16	100	95	96		43.0625
446	9	Do5#4	C5#4	322	322	1	16	100	95	96		43.125
447	9	Si4b4	B4b4	310	310	1	16	100	95	96		43.1875
448	9	Re5	D5	327	327	1	16	100	95	96		43.25
449	9	Do5#4	C5#4	322	322	1	16	100	95	96		43.3125
450	9	Si4b4	B4b4	310	310	1	16	100	95	96		43.375
451	9	La4	A4	305	305	1	16	100	95	96		43.4375
452	9	Sol4#4	G4#4	300	300	1	16	100	95	96		43.5
453	9	La4	A4	305	305	1	16	100	95	96		43.5625
454	9	Si4b4	B4b4	310	310	1	16	100	95	96		43.625
455	9	La4	A4	305	305	1	16	100	95	96		43.6875
456	9	Sol4#4	G4#4	300	300	1	16	100	95	96		43.75
457	9	Fa4#1	F4#1	288	288	1	16	100	95	96		43.8125
458	9	Mi4	E4	283	283	1	16	100	95	96		43.875
459	9	Re4	D4	274	274	1	8	200	95	96		44.0
460	9	La4	A4	305	305	1	16	100	95	96		44.0625
461	9	Do5#4	C5#4	322	322	1	16	100	95	96		44.125
462	9	Mi5	E5	336	336	1	16	100	95	96		44.1875
463	9	Do5#4	C5#4	322	322	1	16	100	95	96		44.25
464	9	La4	A4	305	305	1	16	100	95	96		44.3125
465	9	Do5#4	C5#4	322	322	1	16	100	95	96		44.375
466	9	Mi5	E5	336	336	1	16	100	95	96		44.4375
467	9	Do5#4	C5#4	322	322	1	16	100	95	96		44.5
468	9	La4	A4	305	305	1	16	100	95	96		44.5625
469	9	Do5#4	C5#4	322	322	1	16	100	95	96		44.625
470	9	Mi5	E5	336	336	1	16	100	95	96		44.6875
471	9	Do5#4	C5#4	322	322	1	16	100	95	96		44.75
472	9	La5	A5	358	358	1	4	400	50	96		45.0
473	9	La4	A4	305	305	1	16	100	95	96		45.0625
474	9	Do5#4	C5#4	322	322	1	16	100	95	96		45.125
475	9	Mi5	E5	336	336	1	16	100	95	96		45.1875
476	9	Do5#4	C5#4	322	322	1	16	100	95	96		45.25
477	9	La4	A4	305	305	1	16	100	95	96		45.3125
478	9	Do5#4	C5#4	322	322	1	16	100	95	96		45.375
479	9	Mi5	E5	336	336	1	16	100	95	96		45.4375
480	9	Do5#4	C5#4	322	322	1	16	100	95	96		45.5
481	9	La4	A4	305	305	1	16	100	95	96		45.5625
482	9	Do5#4	C5#4	322	322	1	16	100	95	96		45.625
483	9	Mi5	E5	336	336	1	16	100	95	96		45.6875
484	9	Do5#4	C5#4	322	322	1	16	100	95	96		45.75
485	9	Sol5	G5	349	349	1	4	400	95	96		46.0
486	9	La5	A5	358	358	1	16	100	95	96		46.0625
487	9	Sol5	G5	349	349	1	16	100	95	96		46.125
488	9	Fa5#1	F5#1	341	341	1	16	100	95	96		46.1875
489	9	La5	A5	358	358	1	16	100	95	96		46.25
490	9	Sol5	G5	349	349	1	16	100	95	96		46.3125
491	9	Fa5#1	F5#1	341	341	1	16	100	95	96		46.375
492	9	Mi5	E5	336	336	1	16	100	95	96		46.4375
493	9	Sol5	G5	349	349	1	16	100	95	96		46.5
494	9	Fa5#1	F5#1	341	341	1	16	100	95	96		46.5625
495	9	Mi5	E5	336	336	1	16	100	95	96		46.625
496	9	Re5	D5	327	327	1	16	100	95	96		46.6875
497	9	Fa5#1	F5#1	341	341	1	16	100	95	96		46.75
498	9	Mi5	E5	336	336	1	16	100	95	96		46.8125
499	9	Re5	D5	327	327	1	16	100	95	96		46.875
500	9	Do5#4	C5#4	322	322	1	16	100	95	96		46.9375
501	9	Mi5	E5	336	336	1	16	100	95	96		47.0
502	9	Re5	D5	327	327	3	16	300	95	96		47.1875
503	9	Fa5	F5	340	340	1	16	100	95	96		47.25
504	9	La5	A5	358	358	1	8	200	95	96		47.375
505	9	Fa5	F5	340	340	1	8	200	95	96		47.5
506	9	Re5	D5	327	327	1	8	200	95	96		47.625
507	9	La4	A4	305	305	1	8	200	95	96		47.75
508	9	Re5	D5	327	327	1	4	400	95	96		48.0
