Sira	Kod	Nota53	NotaAE	Koma53	KomaAE	Pay	Payda	Ms	LNS	Bas	Soz1	Offset
1	9	Re5	D5	327	327	1	4	769	95	96	1. HANE	0.200000
2	9	Do5#4	C5#4	322	322	1	8	385	95	96		0.300000
3	9	Re5	D5	327	327	1	4	769	95	96		0.500000
4	9	Do5#4	C5#4	322	322	1	8	385	95	96		0.600000
5	9	Re5	D5	327	327	1	8	385	95	96		0.700000
6	9	Mi5	E5	336	336	1	8	385	95	96		0.800000
7	9	Fa5#4	F5#4	344	344	1	8	385	95	96		0.900000
8	9	Sol5	G5	349	349	1	8	385	95	96		1.000000
9	9	Mi5	E5	336	336	1	4	769	95	96		1.200000
10	9	Fa5	F5	340	340	1	8	385	95	96		1.300000
11	9	Re5	D5	327	327	1	8	385	95	96		1.400000
12	9	Mi5	E5	336	336	1	8	385	95	96		1.500000
13	9	Do5#4	C5#4	322	322	1	8	385	95	96		1.600000
14	9	Re5	D5	327	327	1	8	385	95	96		1.700000
15	9	Si4b4	B4b4	310	310	1	4	769	95	96		1.900000
16	9	Do5#4	C5#4	322	322	1	8	385	95	96		2.000000
17	9	La4	A4	305	305	1	4	769	95	96		2.200000
18	9	Mi5	E5	336	336	1	8	385	95	96		2.300000
19	9	Re5	D5	327	327	1	16	192	95	96		2.350000
20	9	Do5#4	C5#4	322	322	1	16	192	95	96		2.400000
21	9	Si4b4	B4b4	310	310	1	8	385	95	96		2.500000
22	9	Do5#4	C5#4	322	322	1	16	192	95	96		2.550000
23	9	Re5	D5	327	327	1	16	192	95	96		2.600000
24	9	Do5#4	C5#4	322	322	1	8	385	95	96		2.700000
25	9	Re5	D5	327	327	1	4	769	95	96		2.900000
26	9	Es	Es	-1	-1	1	8	385	100	0		3.000000
27	9	Mi5	E5	336	336	1	4	769	95	96		3.200000
28	9	Re5	D5	327	327	1	8	385	95	96		3.300000
29	9	Mi5	E5	336	336	3	16	577	95	96		3.450000
30	9	Fa5#4	F5#4	344	344	1	16	192	95	96		3.500000
31	9	Mi5	E5	336	336	1	8	385	95	96		3.600000
32	9	Sol5	G5	349	349	1	8	385	95	96		3.700000
33	9	Fa5#4	F5#4	344	344	1	4	769	95	96		3.900000
34	9	Re5	D5	327	327	1	8	385	95	96		4.000000
35	9	Mi5	E5	336	336	1	4	769	95	96		4.200000
36	9	Do5#4	C5#4	322	322	1	8	385	95	96		4.300000
37	9	Re5	D5	327	327	1	8	385	95	96		4.400000
38	9	Do5#4	C5#4	322	322	1	16	192	95	96		4.450000
39	9	Si4b4	B4b4	310	310	1	16	192	95	96		4.500000
40	9	La4	A4	305	305	1	8	385	95	96		4.600000
41	9	Sol4	G4	296	296	1	8	385	95	96		4.700000
42	9	Fa4#4	F4#4	291	291	3	8	1154	95	96		5.000000
43	9	Mi4	E4	283	283	3	16	577	95	96		5.150000
44	9	Fa4#4	F4#4	291	291	1	16	192	95	96		5.200000
45	9	Sol4	G4	296	296	1	8	385	95	96		5.300000
46	9	La4	A4	305	305	1	8	385	95	96		5.400000
47	9	Si4	B4	314	314	1	8	385	95	96		5.500000
48	9	La4	A4	305	305	1	8	385	95	96		5.600000
49	9	Sol4	G4	296	296	1	8	385	95	96		5.700000
50	9	Fa4#4	F4#4	291	291	1	4	769	95	96		5.900000
51	9	Mi4	E4	283	283	1	8	385	95	96		6.000000
52	9	Re4	D4	274	274	1	4	769	95	96		6.200000
53	9	Re5	D5	327	327	1	8	385	95	96		6.300000
54	9	Do5	C5	318	318	1	8	385	95	96		6.400000
55	9	Si4	B4	314	314	1	8	385	95	96		6.500000
56	9	La4	A4	305	305	1	8	385	95	96		6.600000
57	9	Sol4	G4	296	296	1	8	385	95	96		6.700000
58	9	Fa4#4	F4#4	291	291	3	16	577	95	96		6.850000
59	9	Mi4	E4	283	283	1	16	192	95	96		6.900000
60	9	Re4	D4	274	274	1	8	385	95	96		7.000000
61	9	Re5	D5	327	327	1	4	769	95	96	MÜLÂZİME	7.200000
62	9	Do5	C5	318	318	1	16	192	95	96		7.250000
63	9	Si4	B4	314	314	1	16	192	95	96		7.300000
64	9	Do5	C5	318	318	3	16	577	95	96		7.450000
65	9	Si4	B4	314	314	1	16	192	95	96		7.500000
66	9	Si4	B4	314	314	3	16	577	95	96		7.650000
67	9	La4	A4	305	305	1	16	192	95	96		7.700000
68	9	Do5	C5	318	318	1	16	192	95	96		7.750000
69	9	Si4	B4	314	314	1	16	192	95	96		7.800000
70	9	La4	A4	305	305	1	8	385	95	96		7.900000
71	9	Sol4	G4	296	296	1	16	192	95	96		7.950000
72	9	La4	A4	305	305	1	16	192	95	96		8.000000
73	9	Si4	B4	314	314	1	4	769	95	96		8.200000
74	9	La4	A4	305	305	1	8	385	95	96		8.300000
75	9	La4	A4	305	305	3	16	577	95	96		8.450000
76	9	Sol4	G4	296	296	1	16	192	95	96		8.500000
77	9	Sol4	G4	296	296	3	16	577	95	96		8.650000
78	9	Fa4#4	F4#4	291	291	1	16	192	95	96		8.700000
79	9	La4	A4	305	305	1	16	192	95	96		8.750000
80	9	Sol4	G4	296	296	1	16	192	95	96		8.800000
81	9	Fa4#4	F4#4	291	291	1	4	769	95	96		9.000000
82	9	Mi4	E4	283	283	3	16	577	95	96		9.150000
83	9	Fa4#4	F4#4	291	291	1	16	192	95	96		9.200000
84	9	Sol4	G4	296	296	1	8	385	95	96		9.300000
85	9	Fa4#4	F4#4	291	291	1	8	385	95	96		9.400000
86	9	Mi4	E4	283	283	1	8	385	95	96		9.500000
87	9	Re4	D4	274	274	1	8	385	95	96		9.600000
88	9	Si4	B4	314	314	1	8	385	95	96		9.700000
89	9	La4	A4	305	305	1	4	769	95	96		9.900000
90	9	Sol4	G4	296	296	1	8	385	95	96		10.000000
91	9	Fa4#4	F4#4	291	291	1	4	769	95	96		10.200000
92	9	Re4	D4	274	274	1	8	385	95	96		10.300000
93	9	Mi4	E4	283	283	3	16	577	95	96		10.450000
94	9	Re4	D4	274	274	1	16	192	95	96		10.500000
95	9	La4	A4	305	305	1	8	385	95	96		10.600000
96	9	Sol4	G4	296	296	1	16	192	95	96		10.650000
97	9	Fa4#4	F4#4	291	291	1	16	192	95	96		10.700000
98	9	Fa4#4	F4#4	291	291	1	16	192	95	96		10.750000
99	9	Mi4	E4	283	283	1	16	192	95	96		10.800000
100	9	Re4	D4	274	274	1	4	769	95	96		11.000000
101	9	Re5	D5	327	327	1	4	769	95	96	MÜLÂZİME	11.200000
102	9	Do5	C5	318	318	1	16	192	95	96		11.250000
103	9	Si4	B4	314	314	1	16	192	95	96		11.300000
104	9	Do5	C5	318	318	3	16	577	95	96		11.450000
105	9	Si4	B4	314	314	1	16	192	95	96		11.500000
106	9	Si4	B4	314	314	3	16	577	95	96		11.650000
107	9	La4	A4	305	305	1	16	192	95	96		11.700000
108	9	Do5	C5	318	318	1	16	192	95	96		11.750000
109	9	Si4	B4	314	314	1	16	192	95	96		11.800000
110	9	La4	A4	305	305	1	8	385	95	96		11.900000
111	9	Sol4	G4	296	296	1	16	192	95	96		11.950000
112	9	La4	A4	305	305	1	16	192	95	96		12.000000
113	9	Si4	B4	314	314	1	4	769	95	96		12.200000
114	9	La4	A4	305	305	1	8	385	95	96		12.300000
115	9	La4	A4	305	305	3	16	577	95	96		12.450000
116	9	Sol4	G4	296	296	1	16	192	95	96		12.500000
117	9	Sol4	G4	296	296	3	16	577	95	96		12.650000
118	9	Fa4#4	F4#4	291	291	1	16	192	95	96		12.700000
119	9	La4	A4	305	305	1	16	192	95	96		12.750000
120	9	Sol4	G4	296	296	1	16	192	95	96		12.800000
121	9	Fa4#4	F4#4	291	291	1	4	769	95	96		13.000000
122	9	Mi4	E4	283	283	3	16	577	95	96		13.150000
123	9	Fa4#4	F4#4	291	291	1	16	192	95	96		13.200000
124	9	Sol4	G4	296	296	1	8	385	95	96		13.300000
125	9	Fa4#4	F4#4	291	291	1	8	385	95	96		13.400000
126	9	Mi4	E4	283	283	1	8	385	95	96		13.500000
127	9	Re4	D4	274	274	1	8	385	95	96		13.600000
128	9	Si4	B4	314	314	1	8	385	95	96		13.700000
129	9	La4	A4	305	305	1	4	769	95	96		13.900000
130	9	Sol4	G4	296	296	1	8	385	95	96		14.000000
131	9	Fa4#4	F4#4	291	291	1	4	769	95	96		14.200000
132	9	Re4	D4	274	274	1	8	385	95	96		14.300000
133	9	Mi4	E4	283	283	3	16	577	95	96		14.450000
134	9	Re4	D4	274	274	1	16	192	95	96		14.500000
135	9	La4	A4	305	305	1	8	385	95	96		14.600000
136	9	Sol4	G4	296	296	1	16	192	95	96		14.650000
137	9	Fa4#4	F4#4	291	291	1	16	192	95	96		14.700000
138	9	Fa4#4	F4#4	291	291	1	16	192	95	96		14.750000
139	9	Mi4	E4	283	283	1	16	192	95	96		14.800000
140	9	Re4	D4	274	274	1	4	769	95	96		15.000000
141	9	Re5	D5	327	327	1	16	192	95	96	2. HANE	15.050000
142	9	Mi5	E5	336	336	1	16	192	95	96		15.100000
143	9	Re5	D5	327	327	1	16	192	95	96		15.150000
144	9	Mi5	E5	336	336	1	16	192	95	96		15.200000
145	9	Fa5#4	F5#4	344	344	1	4	769	95	96		15.400000
146	9	Mi5	E5	336	336	1	8	385	95	96		15.500000
147	9	Re5	D5	327	327	3	16	577	95	96		15.650000
148	9	Mi5	E5	336	336	1	16	192	95	96		15.700000
149	9	Fa5#4	F5#4	344	344	3	8	1154	95	96		16.000000
150	9	Mi5	E5	336	336	3	16	577	95	96		16.150000
151	9	Fa5#4	F5#4	344	344	1	16	192	95	96		16.200000
152	9	Sol5	G5	349	349	1	16	192	95	96		16.250000
153	9	La5	A5	358	358	1	16	192	95	96		16.300000
154	9	Sol5	G5	349	349	1	8	385	95	96		16.400000
155	9	Fa5#4	F5#4	344	344	1	8	385	95	96		16.500000
156	9	Mi5	E5	336	336	3	16	577	95	96		16.650000
157	9	Re5	D5	327	327	1	16	192	95	96		16.700000
158	9	La5	A5	358	358	3	8	1154	95	96		17.000000
159	9	Sol5	G5	349	349	3	16	577	95	96		17.150000
160	9	Fa5#4	F5#4	344	344	1	16	192	95	96		17.200000
161	9	Mi5	E5	336	336	1	4	769	95	96		17.400000
162	9	Re5	D5	327	327	1	8	385	95	96		17.500000
163	9	Do5#4	C5#4	322	322	1	8	385	95	96		17.600000
164	9	Re5	D5	327	327	1	8	385	95	96		17.700000
165	9	Mi5	E5	336	336	1	4	769	95	96		17.900000
166	9	Re5	D5	327	327	1	8	385	95	96		18.000000
167	9	Do5#4	C5#4	322	322	3	16	577	95	96		18.150000
168	9	Si4b4	B4b4	310	310	1	16	192	95	96		18.200000
169	9	La4	A4	305	305	1	4	769	95	96		18.400000
170	9	Sol4	G4	296	296	1	8	385	95	96		18.500000
171	9	La4	A4	305	305	1	16	192	95	96		18.550000
172	9	Si4b4	B4b4	310	310	1	16	192	95	96		18.600000
173	9	La4	A4	305	305	1	16	192	95	96		18.650000
174	9	Sol4	G4	296	296	1	16	192	95	96		18.700000
175	9	Fa4#4	F4#4	291	291	3	8	1154	95	96		19.000000
176	9	Mi4	E4	283	283	3	16	577	95	96		19.150000
177	9	Fa4#4	F4#4	291	291	1	16	192	95	96		19.200000
178	9	Sol4	G4	296	296	1	8	385	95	96		19.300000
179	9	La4	A4	305	305	1	8	385	95	96		19.400000
180	9	Si4	B4	314	314	1	8	385	95	96		19.500000
181	9	La4	A4	305	305	1	8	385	95	96		19.600000
182	9	Sol4	G4	296	296	1	8	385	95	96		19.700000
183	9	Fa4#4	F4#4	291	291	1	4	769	95	96		19.900000
184	9	Mi4	E4	283	283	1	8	385	95	96		20.000000
185	9	Re4	D4	274	274	1	4	769	95	96		20.200000
186	8	Mi5	E5	336	336	0	0	0	95	96		20.200000
187	9	Re5	D5	327	327	1	8	385	95	96		20.300000
188	9	Do5	C5	318	318	1	8	385	95	96		20.400000
189	9	Si4	B4	314	314	1	8	385	95	96		20.500000
190	9	La4	A4	305	305	1	8	385	95	96		20.600000
191	9	Sol4	G4	296	296	1	8	385	95	96		20.700000
192	9	Fa4#4	F4#4	291	291	3	16	577	95	96		20.850000
193	9	Mi4	E4	283	283	1	16	192	95	96		20.900000
194	9	Re4	D4	274	274	1	8	385	95	96		21.000000
195	9	Re5	D5	327	327	1	4	769	95	96	MÜLÂZİME	21.200000
196	9	Do5	C5	318	318	1	16	192	95	96		21.250000
197	9	Si4	B4	314	314	1	16	192	95	96		21.300000
198	9	Do5	C5	318	318	3	16	577	95	96		21.450000
199	9	Si4	B4	314	314	1	16	192	95	96		21.500000
200	9	Si4	B4	314	314	3	16	577	95	96		21.650000
201	9	La4	A4	305	305	1	16	192	95	96		21.700000
202	9	Do5	C5	318	318	1	16	192	95	96		21.750000
203	9	Si4	B4	314	314	1	16	192	95	96		21.800000
204	9	La4	A4	305	305	1	8	385	95	96		21.900000
205	9	Sol4	G4	296	296	1	16	192	95	96		21.950000
206	9	La4	A4	305	305	1	16	192	95	96		22.000000
207	9	Si4	B4	314	314	1	4	769	95	96		22.200000
208	9	La4	A4	305	305	1	8	385	95	96		22.300000
209	9	La4	A4	305	305	3	16	577	95	96		22.450000
210	9	Sol4	G4	296	296	1	16	192	95	96		22.500000
211	9	Sol4	G4	296	296	3	16	577	95	96		22.650000
212	9	Fa4#4	F4#4	291	291	1	16	192	95	96		22.700000
213	9	La4	A4	305	305	1	16	192	95	96		22.750000
214	9	Sol4	G4	296	296	1	16	192	95	96		22.800000
215	9	Fa4#4	F4#4	291	291	1	4	769	95	96		23.000000
216	9	Mi4	E4	283	283	3	16	577	95	96		23.150000
217	9	Fa4#4	F4#4	291	291	1	16	192	95	96		23.200000
218	9	Sol4	G4	296	296	1	8	385	95	96		23.300000
219	9	Fa4#4	F4#4	291	291	1	8	385	95	96		23.400000
220	9	Mi4	E4	283	283	1	8	385	95	96		23.500000
221	9	Re4	D4	274	274	1	8	385	95	96		23.600000
222	9	Si4	B4	314	314	1	8	385	95	96		23.700000
223	9	La4	A4	305	305	1	4	769	95	96		23.900000
224	9	Sol4	G4	296	296	1	8	385	95	96		24.000000
225	9	Fa4#4	F4#4	291	291	1	4	769	95	96		24.200000
226	9	Re4	D4	274	274	1	8	385	95	96		24.300000
227	9	Mi4	E4	283	283	3	16	577	95	96		24.450000
228	9	Re4	D4	274	274	1	16	192	95	96		24.500000
229	9	La4	A4	305	305	1	8	385	95	96		24.600000
230	9	Sol4	G4	296	296	1	16	192	95	96		24.650000
231	9	Fa4#4	F4#4	291	291	1	16	192	95	96		24.700000
232	9	Fa4#4	F4#4	291	291	1	16	192	95	96		24.750000
233	9	Mi4	E4	283	283	1	16	192	95	96		24.800000
234	9	Re4	D4	274	274	1	4	769	95	96		25.000000
235	9	Re5	D5	327	327	1	4	769	95	96	MÜLÂZİME	25.200000
236	9	Do5	C5	318	318	1	16	192	95	96		25.250000
237	9	Si4	B4	314	314	1	16	192	95	96		25.300000
238	9	Do5	C5	318	318	3	16	577	95	96		25.450000
239	9	Si4	B4	314	314	1	16	192	95	96		25.500000
240	9	Si4	B4	314	314	3	16	577	95	96		25.650000
241	9	La4	A4	305	305	1	16	192	95	96		25.700000
242	9	Do5	C5	318	318	1	16	192	95	96		25.750000
243	9	Si4	B4	314	314	1	16	192	95	96		25.800000
244	9	La4	A4	305	305	1	8	385	95	96		25.900000
245	9	Sol4	G4	296	296	1	16	192	95	96		25.950000
246	9	La4	A4	305	305	1	16	192	95	96		26.000000
247	9	Si4	B4	314	314	1	4	769	95	96		26.200000
248	9	La4	A4	305	305	1	8	385	95	96		26.300000
249	9	La4	A4	305	305	3	16	577	95	96		26.450000
250	9	Sol4	G4	296	296	1	16	192	95	96		26.500000
251	9	Sol4	G4	296	296	3	16	577	95	96		26.650000
252	9	Fa4#4	F4#4	291	291	1	16	192	95	96		26.700000
253	9	La4	A4	305	305	1	16	192	95	96		26.750000
254	9	Sol4	G4	296	296	1	16	192	95	96		26.800000
255	9	Fa4#4	F4#4	291	291	1	4	769	95	96		27.000000
256	9	Mi4	E4	283	283	3	16	577	95	96		27.150000
257	9	Fa4#4	F4#4	291	291	1	16	192	95	96		27.200000
258	9	Sol4	G4	296	296	1	8	385	95	96		27.300000
259	9	Fa4#4	F4#4	291	291	1	8	385	95	96		27.400000
260	9	Mi4	E4	283	283	1	8	385	95	96		27.500000
261	9	Re4	D4	274	274	1	8	385	95	96		27.600000
262	9	Si4	B4	314	314	1	8	385	95	96		27.700000
263	9	La4	A4	305	305	1	4	769	95	96		27.900000
264	9	Sol4	G4	296	296	1	8	385	95	96		28.000000
265	9	Fa4#4	F4#4	291	291	1	4	769	95	96		28.200000
266	9	Re4	D4	274	274	1	8	385	95	96		28.300000
267	9	Mi4	E4	283	283	3	16	577	95	96		28.450000
268	9	Re4	D4	274	274	1	16	192	95	96		28.500000
269	9	La4	A4	305	305	1	8	385	95	96		28.600000
270	9	Sol4	G4	296	296	1	16	192	95	96		28.650000
271	9	Fa4#4	F4#4	291	291	1	16	192	95	96		28.700000
272	9	Fa4#4	F4#4	291	291	1	16	192	95	96		28.750000
273	9	Mi4	E4	283	283	1	16	192	95	96		28.800000
274	9	Re4	D4	274	274	1	4	769	95	96		29.000000
275	9	La5	A5	358	358	1	4	769	95	96	3. HANE	29.200000
276	9	Sol5#4	G5#4	353	353	1	8	385	95	96		29.300000
277	9	La5	A5	358	358	1	8	385	95	96		29.400000
278	9	Do6	C6	371	371	1	8	385	95	96		29.500000
279	9	Si5	B5	367	367	1	8	385	95	96		29.600000
280	9	La5	A5	358	358	1	8	385	95	96		29.700000
281	9	Sol5#4	G5#4	353	353	1	8	385	95	96		29.800000
282	9	Fa5	F5	340	340	1	8	385	95	96		29.900000
283	9	Mi5	E5	336	336	1	8	385	95	96		30.000000
284	9	Re5	D5	327	327	1	4	769	95	96		30.200000
285	9	Mi5	E5	336	336	1	8	385	95	96		30.300000
286	9	Fa5	F5	340	340	1	12	256	95	96		30.366670
287	9	Sol5#4	G5#4	353	353	1	12	256	95	96		30.433330
288	9	Fa5	F5	340	340	1	12	256	95	96		30.500000
289	9	Sol5#4	G5#4	353	353	1	12	256	95	96		30.566670
290	9	La5	A5	358	358	1	12	256	95	96		30.633330
291	9	Sol5#4	G5#4	353	353	1	12	256	95	96		30.700000
292	9	La5	A5	358	358	1	4	769	95	96		30.900000
293	9	Es	Es	-1	-1	1	8	385	100	0		31.000000
294	9	Si5	B5	367	367	1	16	192	95	96		31.050000
295	9	Do6	C6	371	371	1	16	192	95	96		31.100000
296	9	Si5	B5	367	367	1	16	192	95	96		31.150000
297	9	Do6	C6	371	371	1	16	192	95	96		31.200000
298	9	Si5	B5	367	367	1	8	385	95	96		31.300000
299	9	La5	A5	358	358	1	4	769	95	96		31.500000
300	9	Re6	D6	380	380	1	16	192	95	96		31.550000
301	9	Do6	C6	371	371	1	16	192	95	96		31.600000
302	9	Si5	B5	367	367	1	8	385	95	96		31.700000
303	9	Do6	C6	371	371	1	16	192	95	96		31.750000
304	9	Si5	B5	367	367	1	16	192	95	96		31.800000
305	9	La5	A5	358	358	1	4	769	95	96		32.000000
306	9	Sol5#4	G5#4	353	353	1	8	385	95	96		32.100000
307	9	Fa5	F5	340	340	1	8	385	95	96		32.200000
308	9	Mi5	E5	336	336	1	8	385	95	96		32.300000
309	9	Re5	D5	327	327	1	8	385	95	96		32.400000
310	9	Mi5	E5	336	336	1	8	385	95	96		32.500000
311	9	Fa5#4	F5#4	344	344	1	8	385	95	96		32.600000
312	9	Sol5	G5	349	349	1	8	385	95	96		32.700000
313	9	Mi5	E5	336	336	1	4	769	95	96		32.900000
314	9	Re5	D5	327	327	1	8	385	95	96		33.000000
315	9	Do5#4	C5#4	322	322	1	4	769	95	96		33.200000
316	9	Si4b4	B4b4	310	310	1	8	385	95	96		33.300000
317	9	La4	A4	305	305	1	4	769	95	96		33.500000
318	9	Re5	D5	327	327	1	16	192	95	96		33.550000
319	9	Do5#4	C5#4	322	322	1	16	192	95	96		33.600000
320	9	Si4	B4	314	314	1	16	192	95	96		33.650000
321	9	Do5#4	C5#4	322	322	1	16	192	95	96		33.700000
322	9	Re5	D5	327	327	1	4	769	95	96		33.900000
323	9	Es	Es	-1	-1	1	8	385	100	0		34.000000
324	9	Re5	D5	327	327	1	16	192	95	96		34.050000
325	9	Do5#4	C5#4	322	322	1	16	192	95	96		34.100000
326	9	Re5	D5	327	327	1	8	385	95	96		34.200000
327	9	Do5#4	C5#4	322	322	1	8	385	95	96		34.300000
328	9	La4	A4	305	305	3	8	1154	95	96		34.600000
329	9	Fa4#4	F4#4	291	291	1	8	385	95	96		34.700000
330	9	Sol4	G4	296	296	1	16	192	95	96		34.750000
331	9	Fa4#4	F4#4	291	291	1	16	192	95	96		34.800000
332	9	Sol4	G4	296	296	1	8	385	95	96		34.900000
333	9	Mi4	E4	283	283	1	8	385	95	96		35.000000
334	9	Re4	D4	274	274	1	4	769	95	96		35.200000
335	8	Mi5	E5	336	336	0	0	0	95	96		35.200000
336	9	Re5	D5	327	327	1	8	385	95	96		35.300000
337	9	Do5	C5	318	318	1	8	385	95	96		35.400000
338	9	Si4	B4	314	314	1	8	385	95	96		35.500000
339	9	La4	A4	305	305	1	8	385	95	96		35.600000
340	9	Sol4	G4	296	296	1	8	385	95	96		35.700000
341	9	Fa4#4	F4#4	291	291	3	16	577	95	96		35.850000
342	9	Mi4	E4	283	283	1	16	192	95	96		35.900000
343	9	Re4	D4	274	274	1	8	385	95	96		36.000000
344	9	Re5	D5	327	327	1	4	769	95	96	MÜLÂZİME	36.200000
345	9	Do5	C5	318	318	1	16	192	95	96		36.250000
346	9	Si4	B4	314	314	1	16	192	95	96		36.300000
347	9	Do5	C5	318	318	3	16	577	95	96		36.450000
348	9	Si4	B4	314	314	1	16	192	95	96		36.500000
349	9	Si4	B4	314	314	3	16	577	95	96		36.650000
350	9	La4	A4	305	305	1	16	192	95	96		36.700000
351	9	Do5	C5	318	318	1	16	192	95	96		36.750000
352	9	Si4	B4	314	314	1	16	192	95	96		36.800000
353	9	La4	A4	305	305	1	8	385	95	96		36.900000
354	9	Sol4	G4	296	296	1	16	192	95	96		36.950000
355	9	La4	A4	305	305	1	16	192	95	96		37.000000
356	9	Si4	B4	314	314	1	4	769	95	96		37.200000
357	9	La4	A4	305	305	1	8	385	95	96		37.300000
358	9	La4	A4	305	305	3	16	577	95	96		37.450000
359	9	Sol4	G4	296	296	1	16	192	95	96		37.500000
360	9	Sol4	G4	296	296	3	16	577	95	96		37.650000
361	9	Fa4#4	F4#4	291	291	1	16	192	95	96		37.700000
362	9	La4	A4	305	305	1	16	192	95	96		37.750000
363	9	Sol4	G4	296	296	1	16	192	95	96		37.800000
364	9	Fa4#4	F4#4	291	291	1	4	769	95	96		38.000000
365	9	Mi4	E4	283	283	3	16	577	95	96		38.150000
366	9	Fa4#4	F4#4	291	291	1	16	192	95	96		38.200000
367	9	Sol4	G4	296	296	1	8	385	95	96		38.300000
368	9	Fa4#4	F4#4	291	291	1	8	385	95	96		38.400000
369	9	Mi4	E4	283	283	1	8	385	95	96		38.500000
370	9	Re4	D4	274	274	1	8	385	95	96		38.600000
371	9	Si4	B4	314	314	1	8	385	95	96		38.700000
372	9	La4	A4	305	305	1	4	769	95	96		38.900000
373	9	Sol4	G4	296	296	1	8	385	95	96		39.000000
374	9	Fa4#4	F4#4	291	291	1	4	769	95	96		39.200000
375	9	Re4	D4	274	274	1	8	385	95	96		39.300000
376	9	Mi4	E4	283	283	3	16	577	95	96		39.450000
377	9	Re4	D4	274	274	1	16	192	95	96		39.500000
378	9	La4	A4	305	305	1	8	385	95	96		39.600000
379	9	Sol4	G4	296	296	1	16	192	95	96		39.650000
380	9	Fa4#4	F4#4	291	291	1	16	192	95	96		39.700000
381	9	Fa4#4	F4#4	291	291	1	16	192	95	96		39.750000
382	9	Mi4	E4	283	283	1	16	192	95	96		39.800000
383	9	Re4	D4	274	274	1	4	769	95	96		40.000000
384	9	Re5	D5	327	327	1	4	769	95	96	MÜLÂZİME	40.200000
385	9	Do5	C5	318	318	1	16	192	95	96		40.250000
386	9	Si4	B4	314	314	1	16	192	95	96		40.300000
387	9	Do5	C5	318	318	3	16	577	95	96		40.450000
388	9	Si4	B4	314	314	1	16	192	95	96		40.500000
389	9	Si4	B4	314	314	3	16	577	95	96		40.650000
390	9	La4	A4	305	305	1	16	192	95	96		40.700000
391	9	Do5	C5	318	318	1	16	192	95	96		40.750000
392	9	Si4	B4	314	314	1	16	192	95	96		40.800000
393	9	La4	A4	305	305	1	8	385	95	96		40.900000
394	9	Sol4	G4	296	296	1	16	192	95	96		40.950000
395	9	La4	A4	305	305	1	16	192	95	96		41.000000
396	9	Si4	B4	314	314	1	4	769	95	96		41.200000
397	9	La4	A4	305	305	1	8	385	95	96		41.300000
398	9	La4	A4	305	305	3	16	577	95	96		41.450000
399	9	Sol4	G4	296	296	1	16	192	95	96		41.500000
400	9	Sol4	G4	296	296	3	16	577	95	96		41.650000
401	9	Fa4#4	F4#4	291	291	1	16	192	95	96		41.700000
402	9	La4	A4	305	305	1	16	192	95	96		41.750000
403	9	Sol4	G4	296	296	1	16	192	95	96		41.800000
404	9	Fa4#4	F4#4	291	291	1	4	769	95	96		42.000000
405	9	Mi4	E4	283	283	3	16	577	95	96		42.150000
406	9	Fa4#4	F4#4	291	291	1	16	192	95	96		42.200000
407	9	Sol4	G4	296	296	1	8	385	95	96		42.300000
408	9	Fa4#4	F4#4	291	291	1	8	385	95	96		42.400000
409	9	Mi4	E4	283	283	1	8	385	95	96		42.500000
410	9	Re4	D4	274	274	1	8	385	95	96		42.600000
411	9	Si4	B4	314	314	1	8	385	95	96		42.700000
412	9	La4	A4	305	305	1	4	769	95	96		42.900000
413	9	Sol4	G4	296	296	1	8	385	95	96		43.000000
414	9	Fa4#4	F4#4	291	291	1	4	769	95	96		43.200000
415	9	Re4	D4	274	274	1	8	385	95	96		43.300000
416	9	Mi4	E4	283	283	3	16	577	95	96		43.450000
417	9	Re4	D4	274	274	1	16	192	95	96		43.500000
418	9	La4	A4	305	305	1	8	385	95	96		43.600000
419	9	Sol4	G4	296	296	1	16	192	95	96		43.650000
420	9	Fa4#4	F4#4	291	291	1	16	192	95	96		43.700000
421	9	Fa4#4	F4#4	291	291	1	16	192	95	96		43.750000
422	9	Mi4	E4	283	283	1	16	192	95	96		43.800000
423	9	Re4	D4	274	274	1	4	769	95	96		44.000000
424	51			0	0	6	8	0	87	0	Yürüksemâî II	44.000000
425	9	Re5	D5	327	327	1	16	83	95	96	4. HANE	44.083330
426	9	Do5#4	C5#4	322	322	1	16	83	95	96		44.166670
427	9	Re5	D5	327	327	1	8	167	95	96		44.333330
428	9	Si4b4	B4b4	310	310	1	8	167	95	96		44.500000
429	9	La4	A4	305	305	1	4	333	95	96		44.833330
430	9	Fa4#4	F4#4	291	291	1	8	167	95	96		45.000000
431	9	Sol4	G4	296	296	1	16	83	95	96		45.083330
432	9	Fa4#4	F4#4	291	291	1	16	83	95	96		45.166670
433	9	Sol4	G4	296	296	1	8	167	95	96		45.333330
434	9	Mi4	E4	283	283	1	8	167	95	96		45.500000
435	9	Re4	D4	274	274	1	4	333	95	96		45.833330
436	9	Do4#4	C4#4	269	269	1	8	167	95	96		46.000000
437	9	Re4	D4	274	274	1	8	167	95	96		46.166670
438	9	Mi4	E4	283	283	1	8	167	95	96		46.333330
439	9	Fa4#4	F4#4	291	291	1	8	167	95	96		46.500000
440	9	Sol4	G4	296	296	1	8	167	95	96		46.666670
441	9	La4	A4	305	305	1	8	167	95	96		46.833330
442	9	Si4	B4	314	314	1	8	167	95	96		47.000000
443	9	La4	A4	305	305	1	4	333	95	96		47.333330
444	9	Re5	D5	327	327	1	8	167	95	96		47.500000
445	9	Do5#4	C5#4	322	322	1	8	167	95	96		47.666670
446	9	Re5	D5	327	327	1	4	333	95	96		48.000000
447	9	Re5	D5	327	327	1	16	83	95	96		48.083330
448	9	Do5#4	C5#4	322	322	1	16	83	95	96		48.166670
449	9	Re5	D5	327	327	1	8	167	95	96		48.333330
450	9	Si4b4	B4b4	310	310	1	8	167	95	96		48.500000
451	9	La4	A4	305	305	1	4	333	95	96		48.833330
452	9	Fa4#4	F4#4	291	291	1	8	167	95	96		49.000000
453	9	Sol4	G4	296	296	1	16	83	95	96		49.083330
454	9	Fa4#4	F4#4	291	291	1	16	83	95	96		49.166670
455	9	Sol4	G4	296	296	1	8	167	95	96		49.333330
456	9	Mi4	E4	283	283	1	8	167	95	96		49.500000
457	9	Re4	D4	274	274	1	4	333	95	96		49.833330
458	9	Do4#4	C4#4	269	269	1	8	167	95	96		50.000000
459	9	Re4	D4	274	274	1	8	167	95	96		50.166670
460	9	Mi4	E4	283	283	1	8	167	95	96		50.333330
461	9	Fa4#4	F4#4	291	291	1	8	167	95	96		50.500000
462	9	Sol4	G4	296	296	1	8	167	95	96		50.666670
463	9	La4	A4	305	305	1	8	167	95	96		50.833330
464	9	Si4	B4	314	314	1	8	167	95	96		51.000000
465	9	La4	A4	305	305	1	4	333	95	96		51.333330
466	9	Fa4#4	F4#4	291	291	1	8	167	95	96		51.500000
467	9	Sol4	G4	296	296	1	16	83	95	96		51.583330
468	9	Fa4#4	F4#4	291	291	1	16	83	95	96		51.666670
469	9	La4	A4	305	305	1	4	333	95	96		52.000000
470	9	La4	A4	305	305	1	4	333	95	96		52.333330
471	9	Re5	D5	327	327	1	8	167	95	96		52.500000
472	9	Do5#4	C5#4	322	322	1	8	167	95	96		52.666670
473	9	Re5	D5	327	327	1	8	167	95	96		52.833330
474	9	Mi5	E5	336	336	1	8	167	95	96		53.000000
475	9	Fa5#4	F5#4	344	344	3	8	500	95	96		53.500000
476	9	Fa5#4	F5#4	344	344	1	4	333	95	96		53.833330
477	9	Sol5	G5	349	349	1	8	167	95	96		54.000000
478	9	Fa5#4	F5#4	344	344	1	8	167	95	96		54.166670
479	9	Mi5	E5	336	336	1	8	167	95	96		54.333330
480	9	Re5	D5	327	327	1	8	167	95	96		54.500000
481	9	Do5#4	C5#4	322	322	1	4	333	95	96		54.833330
482	9	Si4b4	B4b4	310	310	1	8	167	95	96		55.000000
483	9	La4	A4	305	305	1	4	333	95	96		55.333330
484	9	Sol4	G4	296	296	1	8	167	95	96		55.500000
485	9	Fa4#4	F4#4	291	291	3	8	500	95	96		56.000000
486	9	Mi4	E4	283	283	1	8	167	95	96		56.166670
487	9	Fa4#4	F4#4	291	291	1	8	167	95	96		56.333330
488	9	Sol4	G4	296	296	1	8	167	95	96		56.500000
489	9	La4	A4	305	305	1	8	167	95	96		56.666670
490	9	Si4	B4	314	314	1	8	167	95	96		56.833330
491	9	La4	A4	305	305	1	8	167	95	96		57.000000
492	9	Sol4	G4	296	296	1	8	167	95	96		57.166670
493	9	Fa4#4	F4#4	291	291	1	8	167	95	96		57.333330
494	9	Mi4	E4	283	283	1	8	167	95	96		57.500000
495	9	Re4	D4	274	274	1	8	167	95	96		57.666670
496	9	La4	A4	305	305	1	4	333	95	96		58.000000
497	9	Fa4#4	F4#4	291	291	1	4	333	95	96		58.333330
498	9	Re4	D4	274	274	1	8	167	95	96		58.500000
499	9	Mi4	E4	283	283	1	4	333	95	96		58.833330
500	9	Do4#4	C4#4	269	269	1	8	167	95	96		59.000000
501	51			0	0	10	8	0	30	0		59.000000
502	9	Re5	D5	327	327	1	4	769	95	96	MÜLÂZİME	59.200000
503	9	Do5	C5	318	318	1	16	192	95	96		59.250000
504	9	Si4	B4	314	314	1	16	192	95	96		59.300000
505	9	Do5	C5	318	318	3	16	577	95	96		59.450000
506	9	Si4	B4	314	314	1	16	192	95	96		59.500000
507	9	Si4	B4	314	314	3	16	577	95	96		59.650000
508	9	La4	A4	305	305	1	16	192	95	96		59.700000
509	9	Do5	C5	318	318	1	16	192	95	96		59.750000
510	9	Si4	B4	314	314	1	16	192	95	96		59.800000
511	9	La4	A4	305	305	1	8	385	95	96		59.900000
512	9	Sol4	G4	296	296	1	16	192	95	96		59.950000
513	9	La4	A4	305	305	1	16	192	95	96		60.000000
514	9	Si4	B4	314	314	1	4	769	95	96		60.200000
515	9	La4	A4	305	305	1	8	385	95	96		60.300000
516	9	La4	A4	305	305	3	16	577	95	96		60.450000
517	9	Sol4	G4	296	296	1	16	192	95	96		60.500000
518	9	Sol4	G4	296	296	3	16	577	95	96		60.650000
519	9	Fa4#4	F4#4	291	291	1	16	192	95	96		60.700000
520	9	La4	A4	305	305	1	16	192	95	96		60.750000
521	9	Sol4	G4	296	296	1	16	192	95	96		60.800000
522	9	Fa4#4	F4#4	291	291	1	4	769	95	96		61.000000
523	9	Mi4	E4	283	283	3	16	577	95	96		61.150000
524	9	Fa4#4	F4#4	291	291	1	16	192	95	96		61.200000
525	9	Sol4	G4	296	296	1	8	385	95	96		61.300000
526	9	Fa4#4	F4#4	291	291	1	8	385	95	96		61.400000
527	9	Mi4	E4	283	283	1	8	385	95	96		61.500000
528	9	Re4	D4	274	274	1	8	385	95	96		61.600000
529	9	Si4	B4	314	314	1	8	385	95	96		61.700000
530	9	La4	A4	305	305	1	4	769	95	96		61.900000
531	9	Sol4	G4	296	296	1	8	385	95	96		62.000000
532	9	Fa4#4	F4#4	291	291	1	4	769	95	96		62.200000
533	9	Re4	D4	274	274	1	8	385	95	96		62.300000
534	9	Mi4	E4	283	283	3	16	577	95	96		62.450000
535	9	Re4	D4	274	274	1	16	192	95	96		62.500000
536	9	La4	A4	305	305	1	8	385	95	96		62.600000
537	9	Sol4	G4	296	296	1	16	192	95	96		62.650000
538	9	Fa4#4	F4#4	291	291	1	16	192	95	96		62.700000
539	9	Fa4#4	F4#4	291	291	1	16	192	95	96		62.750000
540	9	Mi4	E4	283	283	1	16	192	95	96		62.800000
541	9	Re4	D4	274	274	1	4	769	95	96		63.000000
542	9	Re5	D5	327	327	1	4	769	95	96	MÜLÂZİME	63.200000
543	9	Do5	C5	318	318	1	16	192	95	96		63.250000
544	9	Si4	B4	314	314	1	16	192	95	96		63.300000
545	9	Do5	C5	318	318	3	16	577	95	96		63.450000
546	9	Si4	B4	314	314	1	16	192	95	96		63.500000
547	9	Si4	B4	314	314	3	16	577	95	96		63.650000
548	9	La4	A4	305	305	1	16	192	95	96		63.700000
549	9	Do5	C5	318	318	1	16	192	95	96		63.750000
550	9	Si4	B4	314	314	1	16	192	95	96		63.800000
551	9	La4	A4	305	305	1	8	385	95	96		63.900000
552	9	Sol4	G4	296	296	1	16	192	95	96		63.950000
553	9	La4	A4	305	305	1	16	192	95	96		64.000000
554	9	Si4	B4	314	314	1	4	769	95	96		64.200000
555	9	La4	A4	305	305	1	8	385	95	96		64.300000
556	9	La4	A4	305	305	3	16	577	95	96		64.450000
557	9	Sol4	G4	296	296	1	16	192	95	96		64.500000
558	9	Sol4	G4	296	296	3	16	577	95	96		64.650000
559	9	Fa4#4	F4#4	291	291	1	16	192	95	96		64.700000
560	9	La4	A4	305	305	1	16	192	95	96		64.750000
561	9	Sol4	G4	296	296	1	16	192	95	96		64.800000
562	9	Fa4#4	F4#4	291	291	1	4	769	95	96		65.000000
563	9	Mi4	E4	283	283	3	16	577	95	96		65.150000
564	9	Fa4#4	F4#4	291	291	1	16	192	95	96		65.200000
565	9	Sol4	G4	296	296	1	8	385	95	96		65.300000
566	9	Fa4#4	F4#4	291	291	1	8	385	95	96		65.400000
567	9	Mi4	E4	283	283	1	8	385	95	96		65.500000
568	9	Re4	D4	274	274	1	8	385	95	96		65.600000
569	9	Si4	B4	314	314	1	8	385	95	96		65.700000
570	9	La4	A4	305	305	1	4	769	95	96		65.900000
571	9	Sol4	G4	296	296	1	8	385	95	96		66.000000
572	9	Fa4#4	F4#4	291	291	1	4	769	95	96		66.200000
573	9	Re4	D4	274	274	1	8	385	95	96		66.300000
574	9	Mi4	E4	283	283	3	16	577	95	96		66.450000
575	9	Re4	D4	274	274	1	16	192	95	96		66.500000
576	9	La4	A4	305	305	1	8	385	95	96		66.600000
577	9	Sol4	G4	296	296	1	16	192	95	96		66.650000
578	9	Fa4#4	F4#4	291	291	1	16	192	95	96		66.700000
579	9	Fa4#4	F4#4	291	291	1	16	192	95	96		66.750000
580	9	Mi4	E4	283	283	1	16	192	95	96		66.800000
581	9	Re4	D4	274	274	1	4	769	95	96		67.000000
