Sira	Kod	Nota53	NotaAE	Koma53	KomaAE	Pay	Payda	Ms	LNS	Bas	Soz1	Offset
1	9	Si4b2	B4b1	312	313	1	4	1000	95	96		0.25
2	9	Do5	C5	318	318	1	4	1000	95	96		0.5
3	9	Do5	C5	318	318	1	4	1000	95	96		0.75
4	9	Re5b3	D5b4	324	323	1	8	500	95	96		0.875
5	9	Mi5	E5	336	336	1	8	500	95	96		1.0
6	9	Re5b3	D5b4	324	323	1	8	500	95	96		1.125
7	9	Do5	C5	318	318	1	8	500	95	96		1.25
8	9	Do5	C5	318	318	1	8	500	95	96		1.375
9	9	Si4b2	B4b1	312	313	1	8	500	95	96		1.5
10	9	Do5	C5	318	318	3	16	750	95	96		1.6875
11	9	Si4b2	B4b1	312	313	1	16	250	95	96		1.75
12	9	La4	A4	305	305	1	4	1000	95	96		2.0
13	9	Si4b2	B4b1	312	313	1	8	500	95	96		2.125
14	9	Do5	C5	318	318	1	8	500	95	96		2.25
15	9	La4	A4	305	305	1	8	500	95	96		2.375
16	9	Si4b2	B4b1	312	313	1	8	500	95	96		2.5
17	9	Do5	C5	318	318	1	8	500	95	96		2.625
18	9	Re5b3	D5b4	324	323	1	8	500	95	96		2.75
19	9	Si4b2	B4b1	312	313	1	8	500	95	96		2.875
20	9	Re5b3	D5b4	324	323	1	8	500	95	96		3.0
21	9	Do5	C5	318	318	3	8	1500	95	96		3.375
22	9	Sol4	G4	296	296	1	8	500	95	96		3.5
23	9	La4	A4	305	305	1	8	500	95	96		3.625
24	9	Si4b2	B4b1	312	313	1	8	500	95	96		3.75
25	9	Do5	C5	318	318	1	4	1000	95	96		4.0
26	9	Do5	C5	318	318	1	4	1000	95	96		4.25
27	9	Re5	D5	327	327	1	8	500	95	96		4.375
28	9	Mi5	E5	336	336	1	8	500	95	96		4.5
29	9	Fa5	F5	340	340	1	4	1000	95	96		4.75
30	9	Mi5	E5	336	336	1	8	500	95	96		4.875
31	9	Re5	D5	327	327	1	8	500	95	96		5.0
32	9	Do5	C5	318	318	1	8	500	95	96		5.125
33	9	Re5	D5	327	327	1	4	1000	95	96		5.375
34	9	Do5	C5	318	318	1	8	500	95	96		5.5
35	9	Si4b5	B4b5	309	309	1	8	500	95	96		5.625
36	9	La4	A4	305	305	1	8	500	95	96		5.75
37	9	Si4b5	B4b5	309	309	1	4	1000	95	96		6.0
38	9	La4	A4	305	305	1	8	500	95	96		6.125
39	9	Si4b5	B4b5	309	309	1	8	500	95	96		6.25
40	9	Do5	C5	318	318	1	8	500	95	96		6.375
41	9	Si4b5	B4b5	309	309	1	8	500	95	96		6.5
42	9	La4	A4	305	305	1	4	1000	95	96		6.75
43	9	Sol4	G4	296	296	1	8	500	95	96		6.875
44	9	La4	A4	305	305	1	8	500	95	96		7.0
45	9	Sol4	G4	296	296	3	16	750	95	96		7.1875
46	9	Fa4	F4	287	287	1	16	250	95	96		7.25
47	9	Mi4	E4	283	283	1	8	500	95	96		7.375
48	9	Sol4	G4	296	296	1	8	500	95	96		7.5
49	9	Fa4	F4	287	287	1	2	2000	95	96		8.0
