Sira	Kod	Nota53	NotaAE	Koma53	KomaAE	Pay	Payda	Ms	LNS	Bas	Soz1	Offset
1	9	Fa5	F5	340	340	1	4	1000	95	96		0.400000
2	9	Sol5	G5	349	349	1	4	1000	95	96		0.800000
3	9	La5b4	A5b4	354	354	1	8	500	95	96		1.000000
4	9	Sol5	G5	349	349	1	16	250	95	96		1.100000
5	9	Fa5	F5	340	340	1	16	250	95	96		1.200000
6	9	Mi5	E5	336	336	1	16	250	95	96		1.300000
7	9	Fa5	F5	340	340	1	16	250	95	96		1.400000
8	9	Sol5	G5	349	349	3	8	1500	95	96		2.000000
9	9	Sol5	G5	349	349	1	8	500	95	96		2.200000
10	9	La5b4	A5b4	354	354	1	16	250	95	96		2.300000
11	9	Sol5	G5	349	349	1	16	250	95	96		2.400000
12	9	Do6	C6	371	371	1	16	250	95	96		2.500000
13	9	Si5b1	B5b1	366	366	1	16	250	95	96		2.600000
14	9	La5b4	A5b4	354	354	1	16	250	95	96		2.700000
15	9	Sol5	G5	349	349	1	16	250	95	96		2.800000
16	9	Fa5	F5	340	340	1	8	500	95	96		3.000000
17	9	La5b4	A5b4	354	354	1	16	250	95	96		3.100000
18	9	Sol5	G5	349	349	1	16	250	95	96		3.200000
19	9	Fa5	F5	340	340	1	16	250	95	96		3.300000
20	9	Mi5	E5	336	336	1	16	250	95	96		3.400000
21	9	Fa5	F5	340	340	3	8	1500	95	96		4.000000
22	9	Sol5	G5	349	349	1	4	1000	95	96		4.400000
23	9	La5b4	A5b4	354	354	1	8	500	95	96		4.600000
24	9	Sol5	G5	349	349	1	8	500	95	96		4.800000
25	9	Fa5	F5	340	340	1	8	500	95	96		5.000000
26	9	Fa5	F5	340	340	1	16	250	95	96		5.100000
27	9	Mi5	E5	336	336	1	16	250	95	96		5.200000
28	9	Fa5	F5	340	340	1	16	250	95	96		5.300000
29	9	La5b4	A5b4	354	354	1	16	250	95	96		5.400000
30	9	Sol5	G5	349	349	1	8	500	95	96		5.600000
31	9	Fa5	F5	340	340	1	8	500	95	96		5.800000
32	9	Mi5	E5	336	336	1	8	500	95	96		6.000000
33	9	Re5b4	D5b4	323	323	1	8	500	95	96		6.200000
34	9	Do5	C5	318	318	1	8	500	95	96		6.400000
35	9	Sol5	G5	349	349	1	8	500	95	96		6.600000
36	9	Fa5	F5	340	340	1	8	500	95	96		6.800000
37	9	Mi5	E5	336	336	1	8	500	95	96		7.000000
38	9	Mi5	E5	336	336	1	16	250	95	96		7.100000
39	9	Re5b4	D5b4	323	323	1	16	250	95	96		7.200000
40	9	Re5b4	D5b4	323	323	1	16	250	95	96		7.300000
41	9	Do5	C5	318	318	1	16	250	95	96		7.400000
42	9	Do5	C5	318	318	3	8	1500	95	96		8.000000
43	9	Do5	C5	318	318	1	4	1000	95	96		8.400000
44	9	Fa5	F5	340	340	1	4	1000	95	96		8.800000
45	9	Mi5	E5	336	336	1	8	500	95	96		9.000000
46	9	Fa5	F5	340	340	1	8	500	95	96		9.200000
47	9	La5	A5	358	358	1	8	500	95	96		9.400000
48	9	Sol5	G5	349	349	1	8	500	95	96		9.600000
49	9	Fa5	F5	340	340	1	8	500	95	96		9.800000
50	9	Mi5	E5	336	336	1	8	500	95	96		10.000000
51	9	Re5	D5	327	327	1	8	500	95	96		10.200000
52	9	Do5	C5	318	318	1	8	500	95	96		10.400000
53	9	Do5	C5	318	318	1	4	1000	95	96		10.800000
54	9	Re5	D5	327	327	1	8	500	95	96		11.000000
55	9	Do5	C5	318	318	1	16	250	95	96		11.100000
56	9	Si4b5	B4b5	309	309	1	16	250	95	96		11.200000
57	9	La4	A4	305	305	1	16	250	95	96		11.300000
58	9	Si4b5	B4b5	309	309	1	16	250	95	96		11.400000
59	9	Do5	C5	318	318	3	8	1500	95	96		12.000000
60	9	Do5	C5	318	318	1	8	500	95	96		12.200000
61	9	Re5	D5	327	327	1	16	250	95	96		12.300000
62	9	Mi5	E5	336	336	1	16	250	95	96		12.400000
63	9	Fa5	F5	340	340	1	8	500	95	96		12.600000
64	9	Mi5	E5	336	336	1	8	500	95	96		12.800000
65	9	Re5	D5	327	327	1	8	500	95	96		13.000000
66	9	Do5	C5	318	318	1	16	250	95	96		13.100000
67	9	Si4b5	B4b5	309	309	1	8	500	95	96		13.300000
68	9	Re5	D5	327	327	1	16	250	95	96		13.400000
69	9	Do5	C5	318	318	1	8	500	95	96		13.600000
70	9	Si4b1	B4b1	313	313	1	8	500	95	96		13.800000
71	9	La4b4	A4b4	301	301	1	8	500	95	96		14.000000
72	9	Sol4	G4	296	296	1	8	500	95	96		14.200000
73	9	La4b4	A4b4	301	301	1	16	250	95	96		14.300000
74	9	Sol4	G4	296	296	1	16	250	95	96		14.400000
75	9	Do5	C5	318	318	1	8	500	95	96		14.600000
76	9	Si4b1	B4b1	313	313	1	8	500	95	96		14.800000
77	9	La4b4	A4b4	301	301	1	8	500	95	96		15.000000
78	9	Sol4	G4	296	296	1	16	250	95	96		15.100000
79	9	Fa4	F4	287	287	1	16	250	95	96		15.200000
80	9	Fa4	F4	287	287	1	16	250	95	96		15.300000
81	9	Mi4	E4	283	283	1	16	250	95	96		15.400000
82	9	Fa4	F4	287	287	3	8	1500	95	96		16.000000
