Sira	Kod	Nota53	NotaAE	Koma53	KomaAE	Pay	Payda	Ms	LNS	Bas	Soz1	Offset
1	9	Re5	D5	327	327	3	32	357	95	96	ARANAĞME	0.083333
2	9	Do5#4	C5#4	322	322	1	32	119	95	96	.	0.111111
3	9	Re5	D5	327	327	1	16	238	95	96	.	0.166667
4	9	Mi5	E5	336	336	1	16	238	95	96	.	0.222222
5	9	Do5#4	C5#4	322	322	1	8	476	95	96	.	0.333333
6	9	Si4b5	B4b5	309	309	1	8	476	95	96	.	0.444444
7	9	La4	A4	305	305	1	8	476	95	96	.	0.555556
8	9	Sol4	G4	296	296	1	8	476	95	96	.	0.666667
9	9	La4	A4	305	305	1	8	476	95	96	.	0.777778
10	9	Si4b5	B4b5	309	309	1	8	476	95	96	.	0.888889
11	9	Do5#4	C5#4	322	322	1	8	476	95	96	.	1.000000
12	9	Re5	D5	327	327	1	8	476	95	96	.	1.111111
13	9	Mi5	E5	336	336	1	16	238	95	96	.	1.166667
14	9	Fa5	F5	340	340	1	16	238	95	96	.	1.222222
15	9	La5	A5	358	358	1	16	238	95	96	.	1.277778
16	9	Sol5	G5	349	349	1	16	238	95	96	.	1.333333
17	9	Fa5	F5	340	340	1	16	238	95	96	.	1.388889
18	9	Mi5	E5	336	336	1	16	238	95	96	.	1.444444
19	9	Mi5	E5	336	336	1	16	238	95	96	.	1.500000
20	9	Re5	D5	327	327	1	16	238	95	96	.	1.555556
21	9	Re5	D5	327	327	1	16	238	95	96	.	1.611111
22	9	Do5#4	C5#4	322	322	1	16	238	95	96	.	1.666667
23	9	Re5	D5	327	327	1	4	952	95	96	.	1.888889
24	9	Es	Es	-1	-1	1	8	476	100	0	.	2.000000
25	9	Mi5	E5	336	336	1	16	238	95	96	.	2.055556
26	9	Fa5	F5	340	340	1	8	476	95	96	.	2.166667
27	9	Fa5	F5	340	340	1	16	238	95	96	.	2.222222
28	9	Fa5	F5	340	340	1	8	476	95	96	.	2.333333
29	9	Fa5	F5	340	340	1	8	476	95	96	.	2.444444
30	9	Fa5	F5	340	340	1	16	238	95	96	.	2.500000
31	9	Mi5	E5	336	336	1	16	238	95	96	.	2.555556
32	9	Fa5	F5	340	340	1	16	238	95	96	.	2.611111
33	9	Sol5	G5	349	349	1	16	238	95	96	.	2.666667
34	9	La5	A5	358	358	3	8	1429	95	96	.	3.000000
35	9	Mi5	E5	336	336	1	4	952	95	96	.	3.222222
36	9	Do5#4	C5#4	322	322	1	4	952	95	96	.	3.444444
37	9	Si4b5	B4b5	309	309	1	16	238	95	96	.	3.500000
38	9	La4	A4	305	305	1	16	238	95	96	.	3.555556
39	9	Si4b5	B4b5	309	309	1	16	238	95	96	.	3.611111
40	9	Do5#4	C5#4	322	322	1	16	238	95	96	.	3.666667
41	9	La4	A4	305	305	1	4	952	95	96	.	3.888889
42	9	Es	Es	-1	-1	1	8	476	100	0	.	4.000000
43	9	La4	A4	305	305	1	16	238	95	96	.	4.055555
44	9	Do5	C5	318	318	1	8	476	95	96	.	4.166667
45	9	Do5	C5	318	318	1	16	238	95	96	.	4.222222
46	9	Do5	C5	318	318	1	8	476	95	96	.	4.333333
47	9	Do5	C5	318	318	1	8	476	95	96	.	4.444445
48	9	Do5	C5	318	318	1	16	238	95	96	.	4.500000
49	9	Si4	B4	314	314	1	16	238	95	96	.	4.555555
50	9	Do5	C5	318	318	1	16	238	95	96	.	4.611111
51	9	Mi5b5	E5b5	331	331	1	16	238	95	96	.	4.666667
52	9	Re5	D5	327	327	1	16	238	95	96	.	4.722222
53	9	Do5	C5	318	318	1	16	238	95	96	.	4.777778
54	9	Si4b5	B4b5	309	309	1	16	238	95	96	.	4.833333
55	9	La4	A4	305	305	1	16	238	95	96	.	4.888889
56	9	Sol4	G4	296	296	1	8	476	95	96	.	5.000000
57	9	Sol4	G4	296	296	1	16	238	95	96	.	5.055555
58	9	Si4b5	B4b5	309	309	1	8	476	95	96	.	5.166667
59	9	Si4b5	B4b5	309	309	1	16	238	95	96	.	5.222222
60	9	Si4b5	B4b5	309	309	1	8	476	95	96	.	5.333333
61	9	Si4b5	B4b5	309	309	1	8	476	95	96	.	5.444445
62	9	Si4b5	B4b5	309	309	1	16	238	95	96	.	5.500000
63	9	La4	A4	305	305	1	16	238	95	96	.	5.555555
64	9	Si4b5	B4b5	309	309	1	16	238	95	96	.	5.611111
65	9	Re5	D5	327	327	1	16	238	95	96	.	5.666667
66	9	Do5	C5	318	318	1	16	238	95	96	.	5.722222
67	9	Si4b5	B4b5	309	309	1	16	238	95	96	.	5.777778
68	9	La4	A4	305	305	1	16	238	95	96	.	5.833333
69	9	Sol4	G4	296	296	1	16	238	95	96	.	5.888889
70	9	Fa4	F4	287	287	1	8	476	95	96	.	6.000000
71	9	Fa4	F4	287	287	1	16	238	95	96	.	6.055555
72	9	La4	A4	305	305	1	8	476	95	96	.	6.166667
73	9	La4	A4	305	305	1	16	238	95	96	.	6.222222
74	9	La4	A4	305	305	1	8	476	95	96	.	6.333333
75	9	La4	A4	305	305	1	8	476	95	96	.	6.444445
76	9	La4	A4	305	305	1	16	238	95	96	.	6.500000
77	9	Sol4	G4	296	296	1	16	238	95	96	.	6.555555
78	9	La4	A4	305	305	1	16	238	95	96	.	6.611111
79	9	Si4b5	B4b5	309	309	1	16	238	95	96	.	6.666667
80	9	La4	A4	305	305	1	16	238	95	96	.	6.722222
81	9	Sol4	G4	296	296	1	16	238	95	96	.	6.777778
82	9	Fa4	F4	287	287	1	16	238	95	96	.	6.833333
83	9	Mi4	E4	283	283	1	16	238	95	96	.	6.888889
84	9	Re4	D4	274	274	1	8	476	95	96	.	7.000000
85	9	Mi4	E4	283	283	1	16	238	95	96	.	7.055555
86	9	Fa4	F4	287	287	1	16	238	95	96	.	7.111111
87	9	Mi4	E4	283	283	1	16	238	95	96	.	7.166667
88	9	Fa4	F4	287	287	1	16	238	95	96	.	7.222222
89	9	La4	A4	305	305	1	16	238	95	96	.	7.277778
90	9	Sol4	G4	296	296	1	16	238	95	96	.	7.333333
91	9	Fa4	F4	287	287	1	16	238	95	96	.	7.388889
92	9	Mi4	E4	283	283	1	16	238	95	96	.	7.444445
93	9	Mi4	E4	283	283	1	16	238	95	96	.	7.500000
94	9	Re4	D4	274	274	1	16	238	95	96	.	7.555555
95	9	Re4	D4	274	274	1	16	238	95	96	.	7.611111
96	9	Do4#4	C4#4	269	269	1	16	238	95	96	.	7.666667
97	9	Re4	D4	274	274	3	8	1429	95	96	.	8.000000
98	9	Re5	D5	327	327	3	32	357	95	96	ARANAĞME	8.083333
99	9	Do5#4	C5#4	322	322	1	32	119	95	96	.	8.111111
100	9	Re5	D5	327	327	1	16	238	95	96	.	8.166667
101	9	Mi5	E5	336	336	1	16	238	95	96	.	8.222222
102	9	Do5#4	C5#4	322	322	1	8	476	95	96	.	8.333333
103	9	Si4b5	B4b5	309	309	1	8	476	95	96	.	8.444445
104	9	La4	A4	305	305	1	8	476	95	96	.	8.555555
105	9	Sol4	G4	296	296	1	8	476	95	96	.	8.666667
106	9	La4	A4	305	305	1	8	476	95	96	.	8.777778
107	9	Si4b5	B4b5	309	309	1	8	476	95	96	.	8.888889
108	9	Do5#4	C5#4	322	322	1	8	476	95	96	.	9.000000
109	9	Re5	D5	327	327	1	8	476	95	96	.	9.111111
110	9	Mi5	E5	336	336	1	16	238	95	96	.	9.166667
111	9	Fa5	F5	340	340	1	16	238	95	96	.	9.222222
112	9	La5	A5	358	358	1	16	238	95	96	.	9.277778
113	9	Sol5	G5	349	349	1	16	238	95	96	.	9.333333
114	9	Fa5	F5	340	340	1	16	238	95	96	.	9.388889
115	9	Mi5	E5	336	336	1	16	238	95	96	.	9.444445
116	9	Mi5	E5	336	336	1	16	238	95	96	.	9.500000
117	9	Re5	D5	327	327	1	16	238	95	96	.	9.555555
118	9	Re5	D5	327	327	1	16	238	95	96	.	9.611111
119	9	Do5#4	C5#4	322	322	1	16	238	95	96	.	9.666667
120	9	Re5	D5	327	327	1	4	952	95	96	.	9.888889
121	9	Es	Es	-1	-1	1	8	476	100	0	.	10.000000
122	9	Mi5	E5	336	336	1	16	238	95	96	.	10.055560
123	9	Fa5	F5	340	340	1	8	476	95	96	.	10.166670
124	9	Fa5	F5	340	340	1	16	238	95	96	.	10.222220
125	9	Fa5	F5	340	340	1	8	476	95	96	.	10.333330
126	9	Fa5	F5	340	340	1	8	476	95	96	.	10.444440
127	9	Fa5	F5	340	340	1	16	238	95	96	.	10.500000
128	9	Mi5	E5	336	336	1	16	238	95	96	.	10.555560
129	9	Fa5	F5	340	340	1	16	238	95	96	.	10.611110
130	9	Sol5	G5	349	349	1	16	238	95	96	.	10.666670
131	9	La5	A5	358	358	3	8	1429	95	96	.	11.000000
132	9	Mi5	E5	336	336	1	4	952	95	96	.	11.222220
133	9	Do5#4	C5#4	322	322	1	4	952	95	96	.	11.444440
134	9	Si4b5	B4b5	309	309	1	16	238	95	96	.	11.500000
135	9	La4	A4	305	305	1	16	238	95	96	.	11.555560
136	9	Si4b5	B4b5	309	309	1	16	238	95	96	.	11.611110
137	9	Do5#4	C5#4	322	322	1	16	238	95	96	.	11.666670
138	9	La4	A4	305	305	1	4	952	95	96	.	11.888890
139	9	Es	Es	-1	-1	1	8	476	100	0	.	12.000000
140	9	La4	A4	305	305	1	16	238	95	96	.	12.055560
141	9	Do5	C5	318	318	1	8	476	95	96	.	12.166670
142	9	Do5	C5	318	318	1	16	238	95	96	.	12.222220
143	9	Do5	C5	318	318	1	8	476	95	96	.	12.333330
144	9	Do5	C5	318	318	1	8	476	95	96	.	12.444440
145	9	Do5	C5	318	318	1	16	238	95	96	.	12.500000
146	9	Si4	B4	314	314	1	16	238	95	96	.	12.555560
147	9	Do5	C5	318	318	1	16	238	95	96	.	12.611110
148	9	Mi5b5	E5b5	331	331	1	16	238	95	96	.	12.666670
149	9	Re5	D5	327	327	1	16	238	95	96	.	12.722220
150	9	Do5	C5	318	318	1	16	238	95	96	.	12.777780
151	9	Si4b5	B4b5	309	309	1	16	238	95	96	.	12.833330
152	9	La4	A4	305	305	1	16	238	95	96	.	12.888890
153	9	Sol4	G4	296	296	1	8	476	95	96	.	13.000000
154	9	Sol4	G4	296	296	1	16	238	95	96	.	13.055560
155	9	Si4b5	B4b5	309	309	1	8	476	95	96	.	13.166670
156	9	Si4b5	B4b5	309	309	1	16	238	95	96	.	13.222220
157	9	Si4b5	B4b5	309	309	1	8	476	95	96	.	13.333330
158	9	Si4b5	B4b5	309	309	1	8	476	95	96	.	13.444440
159	9	Si4b5	B4b5	309	309	1	16	238	95	96	.	13.500000
160	9	La4	A4	305	305	1	16	238	95	96	.	13.555560
161	9	Si4b5	B4b5	309	309	1	16	238	95	96	.	13.611110
162	9	Re5	D5	327	327	1	16	238	95	96	.	13.666670
163	9	Do5	C5	318	318	1	16	238	95	96	.	13.722220
164	9	Si4b5	B4b5	309	309	1	16	238	95	96	.	13.777780
165	9	La4	A4	305	305	1	16	238	95	96	.	13.833330
166	9	Sol4	G4	296	296	1	16	238	95	96	.	13.888890
167	9	Fa4	F4	287	287	1	8	476	95	96	.	14.000000
168	9	Fa4	F4	287	287	1	16	238	95	96	.	14.055560
169	9	La4	A4	305	305	1	8	476	95	96	.	14.166670
170	9	La4	A4	305	305	1	16	238	95	96	.	14.222220
171	9	La4	A4	305	305	1	8	476	95	96	.	14.333330
172	9	La4	A4	305	305	1	8	476	95	96	.	14.444440
173	9	La4	A4	305	305	1	16	238	95	96	.	14.500000
174	9	Sol4	G4	296	296	1	16	238	95	96	.	14.555560
175	9	La4	A4	305	305	1	16	238	95	96	.	14.611110
176	9	Si4b5	B4b5	309	309	1	16	238	95	96	.	14.666670
177	9	La4	A4	305	305	1	16	238	95	96	.	14.722220
178	9	Sol4	G4	296	296	1	16	238	95	96	.	14.777780
179	9	Fa4	F4	287	287	1	16	238	95	96	.	14.833330
180	9	Mi4	E4	283	283	1	16	238	95	96	.	14.888890
181	9	Re4	D4	274	274	1	8	476	95	96	.	15.000000
182	9	Mi4	E4	283	283	1	16	238	95	96	.	15.055560
183	9	Fa4	F4	287	287	1	16	238	95	96	.	15.111110
184	9	Mi4	E4	283	283	1	16	238	95	96	.	15.166670
185	9	Fa4	F4	287	287	1	16	238	95	96	.	15.222220
186	9	La4	A4	305	305	1	16	238	95	96	.	15.277780
187	9	Sol4	G4	296	296	1	16	238	95	96	.	15.333330
188	9	Fa4	F4	287	287	1	16	238	95	96	.	15.388890
189	9	Mi4	E4	283	283	1	16	238	95	96	.	15.444440
190	9	Mi4	E4	283	283	1	16	238	95	96	.	15.500000
191	9	Re4	D4	274	274	1	16	238	95	96	.	15.555560
192	9	Re4	D4	274	274	1	16	238	95	96	.	15.611110
193	9	Do4#4	C4#4	269	269	1	16	238	95	96	.	15.666670
194	9	Re4	D4	274	274	3	8	1429	95	96	.	16.000000
195	9	Es	Es	-1	-1	1	4	952	100	0		16.222220
196	9	La4	A4	305	305	1	8	476	95	96	Sa	16.333330
197	9	La4	A4	305	305	1	8	476	95	96	çı	16.444440
198	9	Re5	D5	327	327	1	4	952	95	96	nın 	16.666670
199	9	Fa5	F5	340	340	1	8	476	95	96		16.777780
200	9	Mi5	E5	336	336	1	8	476	95	96		16.888890
201	9	Re5	D5	327	327	1	8	476	95	96		17.000000
202	9	Do5#4	C5#4	322	322	3	16	714	95	96	tel	17.166670
203	9	La4	A4	305	305	1	16	238	95	96		17.222220
204	9	Si4b5	B4b5	309	309	1	8	476	95	96		17.333330
205	9	Do5#4	C5#4	322	322	1	8	476	95	96	le	17.444440
206	9	Re5	D5	327	327	1	2	1905	95	96	ri 	17.888890
207	9	Es	Es	-1	-1	1	8	476	100	0		18.000000
208	9	Mi5	E5	336	336	1	4	952	95	96	göğ	18.222220
209	9	Fa5	F5	340	340	1	4	952	95	96	sün	18.444440
210	9	Mi5	E5	336	336	1	8	476	95	96	de 	18.555560
211	9	Sol5	G5	349	349	1	8	476	95	96	pe	18.666670
212	9	Fa5	F5	340	340	1	8	476	95	96	rî	18.777780
213	9	Mi5	E5	336	336	1	8	476	95	96		18.888890
214	9	Re5	D5	327	327	1	8	476	95	96		19.000000
215	9	Fa5	F5	340	340	3	16	714	95	96	şan 	19.166670
216	9	Mi5	E5	336	336	1	16	238	95	96		19.222220
217	9	Mi5	E5	336	336	1	16	238	95	96	ya	19.277780
218	9	Re5	D5	327	327	1	16	238	95	96		19.333330
219	9	Re5	D5	327	327	1	16	238	95	96	ra	19.388890
220	9	Do5#4	C5#4	322	322	1	16	238	95	96		19.444440
221	9	Re5	D5	327	327	1	4	952	95	96	şır  	19.666670
222	9	Fa5	F5	340	340	1	16	238	95	96	SAZ	19.722220
223	9	Mi5	E5	336	336	1	16	238	95	96	.	19.777780
224	9	Re5	D5	327	327	1	16	238	95	96	.	19.833330
225	9	Do5#4	C5#4	322	322	1	16	238	95	96	.	19.888890
226	9	Si4b5	B4b5	309	309	1	16	238	95	96	.	19.944440
227	9	Do5#4	C5#4	322	322	1	16	238	95	96	.	20.000000
228	9	La4	A4	305	305	1	4	952	95	96	.	20.222220
229	9	La4	A4	305	305	1	8	476	95	96	Sa	20.333330
230	9	La4	A4	305	305	1	8	476	95	96	çı	20.444440
231	9	Re5	D5	327	327	1	4	952	95	96	nın 	20.666670
232	9	Fa5	F5	340	340	1	8	476	95	96		20.777780
233	9	Mi5	E5	336	336	1	8	476	95	96		20.888890
234	9	Re5	D5	327	327	1	8	476	95	96		21.000000
235	9	Do5#4	C5#4	322	322	3	16	714	95	96	tel	21.166670
236	9	La4	A4	305	305	1	16	238	95	96		21.222220
237	9	Si4b5	B4b5	309	309	1	8	476	95	96		21.333330
238	9	Do5#4	C5#4	322	322	1	8	476	95	96	le	21.444440
239	9	Re5	D5	327	327	1	2	1905	95	96	ri 	21.888890
240	9	Es	Es	-1	-1	1	8	476	100	0		22.000000
241	9	Mi5	E5	336	336	1	4	952	95	96	göğ	22.222220
242	9	Fa5	F5	340	340	1	4	952	95	96	sün	22.444440
243	9	Mi5	E5	336	336	1	8	476	95	96	de 	22.555560
244	9	Fa5	F5	340	340	1	8	476	95	96	pe	22.666670
245	9	Sol5	G5	349	349	1	8	476	95	96	rî	22.777780
246	9	Fa5	F5	340	340	1	8	476	95	96		22.888890
247	9	Mi5	E5	336	336	1	8	476	95	96		23.000000
248	9	Mi5	E5	336	336	3	16	714	95	96	şan 	23.166670
249	9	Fa5	F5	340	340	1	16	238	95	96		23.222220
250	9	Mi5	E5	336	336	1	16	238	95	96	ya	23.277780
251	9	Re5	D5	327	327	1	16	238	95	96		23.333330
252	9	Do5#4	C5#4	322	322	1	16	238	95	96	ra	23.388890
253	9	Re5	D5	327	327	1	16	238	95	96		23.444440
254	9	Mi5	E5	336	336	1	4	952	95	96	şır  	23.666670
255	9	Mi5	E5	336	336	1	16	238	95	96	SAZ	23.722220
256	9	Fa5	F5	340	340	1	16	238	95	96	.	23.777780
257	9	Mi5	E5	336	336	1	16	238	95	96	.	23.833330
258	9	Re5	D5	327	327	1	16	238	95	96	.	23.888890
259	9	Do5#4	C5#4	322	322	1	16	238	95	96	.	23.944440
260	9	Re5	D5	327	327	1	16	238	95	96	.	24.000000
261	9	Mi5	E5	336	336	1	4	952	95	96	.	24.222220
262	9	Re5	D5	327	327	3	16	714	95	96	Öy	24.388890
263	9	La5	A5	358	358	1	16	238	95	96	le	24.444440
264	9	La5	A5	358	358	1	4	952	95	96	sün	24.666670
265	9	La5	A5	358	358	1	16	238	95	96	bül	24.722220
266	9	Si5b5	B5b5	362	362	1	16	238	95	96		24.777780
267	9	La5	A5	358	358	1	16	238	95	96		24.833330
268	9	Si5b5	B5b5	362	362	1	16	238	95	96		24.888890
269	9	La5	A5	358	358	1	16	238	95	96		24.944440
270	9	Sol5	G5	349	349	1	16	238	95	96		25.000000
271	9	Sol5	G5	349	349	1	8	476	95	96		25.111110
272	9	Fa5	F5	340	340	1	8	476	95	96		25.222220
273	9	Sol5	G5	349	349	1	8	476	95	96	le	25.333330
274	9	La5	A5	358	358	1	16	238	95	96	re 	25.388890
275	9	Sol5	G5	349	349	1	16	238	95	96		25.444440
276	9	Sol5	G5	349	349	1	16	238	95	96	bir 	25.500000
277	9	Fa5	F5	340	340	1	16	238	95	96		25.555560
278	9	Fa5	F5	340	340	1	16	238	95	96		25.611110
279	9	Mi5	E5	336	336	1	16	238	95	96		25.666670
280	9	Fa5	F5	340	340	1	8	476	95	96	böy	25.777780
281	9	Mi5	E5	336	336	1	8	476	95	96		25.888890
282	9	Sol5	G5	349	349	1	16	238	95	96		25.944440
283	9	Fa5	F5	340	340	1	16	238	95	96		26.000000
284	9	Fa5	F5	340	340	1	4	952	95	96		26.222220
285	9	Sol5	G5	349	349	1	8	476	95	96	le	26.333330
286	9	Si5b5	B5b5	362	362	1	8	476	95	96	gü	26.444440
287	9	La5	A5	358	358	1	8	476	95	96	lis	26.555560
288	9	Sol5	G5	349	349	1	8	476	95	96		26.666670
289	9	Fa5	F5	340	340	1	8	476	95	96	tan 	26.777780
290	9	Mi5	E5	336	336	1	8	476	95	96		26.888890
291	9	Re5	D5	327	327	1	8	476	95	96		27.000000
292	9	Fa5	F5	340	340	3	16	714	95	96		27.166670
293	9	Mi5	E5	336	336	1	16	238	95	96		27.222220
294	9	Mi5	E5	336	336	1	16	238	95	96	ya	27.277780
295	9	Re5	D5	327	327	1	16	238	95	96		27.333330
296	9	Re5	D5	327	327	1	16	238	95	96	ra	27.388890
297	9	Do5#4	C5#4	322	322	1	16	238	95	96		27.444440
298	9	Re5	D5	327	327	1	4	952	95	96	şır  	27.666670
299	9	La4	A4	305	305	1	4	952	95	96	SAZ	27.888890
300	9	Si4b5	B4b5	309	309	1	16	238	95	96	.	27.944440
301	9	Do5#4	C5#4	322	322	1	16	238	95	96	.	28.000000
302	9	Re5	D5	327	327	1	4	952	95	96	.	28.222220
303	9	Re5	D5	327	327	3	16	714	95	96	Öy	28.388890
304	9	Fa5#4	F5#4	344	344	1	16	238	95	96	le 	28.444440
305	9	Mi5b4	E5b4	332	332	3	16	714	95	96	sün	28.611110
306	9	Re5	D5	327	327	1	16	238	95	96		28.666670
307	9	Re5	D5	327	327	1	16	238	95	96	bül	28.722220
308	9	Mi5b4	E5b4	332	332	1	16	238	95	96		28.777780
309	9	Re5	D5	327	327	1	16	238	95	96		28.833330
310	9	Mi5b4	E5b4	332	332	1	16	238	95	96		28.888890
311	9	Re5	D5	327	327	1	16	238	95	96		28.944440
312	9	Do5#4	C5#4	322	322	1	16	238	95	96		29.000000
313	9	Do5#4	C5#4	322	322	1	8	476	95	96		29.111110
314	9	Si4b5	B4b5	309	309	1	24	159	95	96		29.148150
315	9	La4	A4	305	305	1	24	159	95	96		29.185180
316	9	Si4b5	B4b5	309	309	1	24	159	95	96		29.222220
317	9	Do5#4	C5#4	322	322	1	8	476	95	96	le	29.333330
318	9	Re5	D5	327	327	1	8	476	95	96	re 	29.444440
319	9	Do5#4	C5#4	322	322	1	16	238	95	96	bir 	29.500000
320	9	Si4b5	B4b5	309	309	1	16	238	95	96		29.555560
321	9	Si4b5	B4b5	309	309	1	16	238	95	96		29.611110
322	9	La4	A4	305	305	1	16	238	95	96		29.666670
323	9	La4	A4	305	305	1	4	952	95	96	böy	29.888890
324	9	Si4	B4	314	314	1	8	476	95	96		30.000000
325	9	Do5	C5	318	318	3	16	714	95	96		30.166670
326	9	Si4b5	B4b5	309	309	1	16	238	95	96		30.222220
327	9	La4	A4	305	305	1	8	476	95	96	le 	30.333330
328	9	Re5	D5	327	327	1	8	476	95	96	gü	30.444440
329	9	Do5	C5	318	318	1	8	476	95	96	lis	30.555560
330	9	Si4b5	B4b5	309	309	1	8	476	95	96		30.666670
331	9	La4	A4	305	305	1	8	476	95	96	tan 	30.777780
332	9	Sol4	G4	296	296	1	8	476	95	96		30.888890
333	9	Fa4	F4	287	287	1	8	476	95	96		31.000000
334	9	Mi4	E4	283	283	1	8	476	95	96		31.111110
335	9	Fa4	F4	287	287	1	16	238	95	96		31.166670
336	9	Mi4	E4	283	283	1	16	238	95	96		31.222220
337	9	Mi4	E4	283	283	1	16	238	95	96	ya	31.277780
338	9	Re4	D4	274	274	1	16	238	95	96		31.333330
339	9	Re4	D4	274	274	1	16	238	95	96	ra	31.388890
340	9	Do4#4	C4#4	269	269	1	16	238	95	96		31.444440
341	9	Re4	D4	274	274	1	4	952	95	96	şır  	31.666670
342	9	La5	A5	358	358	3	16	714	95	96	SAZ	31.833330
343	9	Sol5	G5	349	349	1	16	238	95	96	.	31.888890
344	9	Fa5	F5	340	340	1	16	238	95	96	.	31.944440
345	9	Sol5	G5	349	349	1	16	238	95	96	.	32.000000
346	9	La5	A5	358	358	1	4	952	95	96	.	32.222220
347	9	Sol5	G5	349	349	3	16	714	95	96	Tâc 	32.388890
348	9	La5	A5	358	358	1	16	238	95	96	o	32.444440
349	9	La5	A5	358	358	1	4	952	95	96	lur 	32.666670
350	9	La5	A5	358	358	1	8	476	95	96	ay	32.777780
351	9	Si5b1	B5b1	366	366	1	8	476	95	96		32.888890
352	9	Do6	C6	371	371	1	8	476	95	96		33.000000
353	9	La5	A5	358	358	3	16	714	95	96		33.166670
354	9	Sol5	G5	349	349	1	16	238	95	96		33.222220
355	9	La5	A5	358	358	1	16	238	95	96	la 	33.277780
356	9	Sol5	G5	349	349	1	16	238	95	96		33.333330
357	9	Fa5	F5	340	340	1	16	238	95	96	gü	33.388890
358	9	Sol5	G5	349	349	1	16	238	95	96		33.444440
359	9	La5	A5	358	358	1	4	952	95	96	neş 	33.666670
360	9	Fa5	F5	340	340	1	8	476	95	96	al	33.777780
361	9	Sol5b4	G5b4	345	345	1	8	476	95	96		33.888890
362	9	Sol5b4	G5b4	345	345	1	16	238	95	96		33.944440
363	9	Fa5	F5	340	340	1	16	238	95	96		34.000000
364	9	Fa5	F5	340	340	3	16	714	95	96		34.166670
365	9	Mi5b1	E5b1	335	335	1	16	238	95	96		34.222220
366	9	Fa5	F5	340	340	1	16	238	95	96	nı	34.277780
367	9	Mi5b1	E5b1	335	335	1	16	238	95	96		34.333330
368	9	Mi5b1	E5b1	335	335	1	16	238	95	96	na 	34.388890
369	9	Re5	D5	327	327	1	16	238	95	96		34.444440
370	9	Re5	D5	327	327	1	4	952	95	96	her 	34.666670
371	9	Si5b5	B5b5	362	362	1	8	476	95	96	an 	34.777780
372	9	La5	A5	358	358	1	8	476	95	96		34.888890
373	9	Sol5	G5	349	349	1	8	476	95	96		35.000000
374	9	Sol5	G5	349	349	1	8	476	95	96		35.111110
375	9	La5	A5	358	358	1	16	238	95	96		35.166670
376	9	Sol5	G5	349	349	1	16	238	95	96		35.222220
377	9	La5	A5	358	358	1	16	238	95	96	ya	35.277780
378	9	Sol5	G5	349	349	1	16	238	95	96		35.333330
379	9	Fa5	F5	340	340	1	16	238	95	96	ra	35.388890
380	9	Sol5	G5	349	349	1	16	238	95	96		35.444440
381	9	La5	A5	358	358	1	4	952	95	96	şır  	35.666670
382	9	La5	A5	358	358	3	16	714	95	96	SAZ	35.833330
383	9	Sol5	G5	349	349	1	16	238	95	96	.	35.888890
384	9	Fa5	F5	340	340	1	16	238	95	96	.	35.944440
385	9	Sol5	G5	349	349	1	16	238	95	96	.	36.000000
386	9	La5	A5	358	358	1	4	952	95	96	.	36.222220
387	9	Sol5	G5	349	349	3	16	714	95	96	Tâc 	36.388890
388	9	La5	A5	358	358	1	16	238	95	96	o	36.444440
389	9	La5	A5	358	358	1	4	952	95	96	lur 	36.666670
390	9	La5	A5	358	358	1	8	476	95	96	ay	36.777780
391	9	Si5b1	B5b1	366	366	1	8	476	95	96		36.888890
392	9	Do6	C6	371	371	1	8	476	95	96		37.000000
393	9	La5	A5	358	358	3	16	714	95	96		37.166670
394	9	Sol5	G5	349	349	1	16	238	95	96		37.222220
395	9	La5	A5	358	358	1	16	238	95	96	la 	37.277780
396	9	Sol5	G5	349	349	1	16	238	95	96		37.333330
397	9	Fa5	F5	340	340	1	16	238	95	96	gü	37.388890
398	9	Mi5	E5	336	336	1	16	238	95	96		37.444440
399	9	Re5	D5	327	327	1	4	952	95	96	neş 	37.666670
400	9	Mi5	E5	336	336	1	8	476	95	96	al	37.777780
401	9	Fa5	F5	340	340	1	8	476	95	96		37.888890
402	9	Fa5	F5	340	340	1	16	238	95	96		37.944440
403	9	Mi5	E5	336	336	1	16	238	95	96		38.000000
404	9	Mi5	E5	336	336	3	16	714	95	96		38.166670
405	9	Re5	D5	327	327	1	16	238	95	96		38.222220
406	9	Do5#4	C5#4	322	322	1	8	476	95	96	nı	38.333330
407	9	Re5	D5	327	327	1	8	476	95	96	na 	38.444440
408	9	Mi5	E5	336	336	1	8	476	95	96	her 	38.555560
409	9	Fa5	F5	340	340	1	8	476	95	96		38.666670
410	9	Sol5	G5	349	349	1	8	476	95	96	an 	38.777780
411	9	Fa5	F5	340	340	1	8	476	95	96		38.888890
412	9	Mi5	E5	336	336	1	8	476	95	96		39.000000
413	9	Mi5	E5	336	336	3	16	714	95	96		39.166670
414	9	Fa5	F5	340	340	1	16	238	95	96		39.222220
415	9	Mi5	E5	336	336	1	16	238	95	96	ya	39.277780
416	9	Re5	D5	327	327	1	16	238	95	96		39.333330
417	9	Do5#4	C5#4	322	322	1	16	238	95	96	ra	39.388890
418	9	Re5	D5	327	327	1	16	238	95	96		39.444440
419	9	Mi5	E5	336	336	1	4	952	95	96	şır  	39.666670
420	9	Mi5	E5	336	336	1	16	238	95	96	SAZ	39.722220
421	9	Fa5	F5	340	340	1	16	238	95	96	.	39.777780
422	9	Mi5	E5	336	336	1	16	238	95	96	.	39.833330
423	9	Re5	D5	327	327	1	16	238	95	96	.	39.888890
424	9	Do5#4	C5#4	322	322	1	16	238	95	96	.	39.944440
425	9	Re5	D5	327	327	1	16	238	95	96	.	40.000000
426	9	Mi5	E5	336	336	1	4	952	95	96	.	40.222220
427	9	Re5	D5	327	327	3	16	714	95	96	Gön	40.388890
428	9	La5	A5	358	358	1	16	238	95	96	lü	40.444440
429	9	La5	A5	358	358	1	4	952	95	96	mün 	40.666670
430	9	La5	A5	358	358	1	16	238	95	96	tah	40.722220
431	9	Si5b5	B5b5	362	362	1	16	238	95	96		40.777780
432	9	La5	A5	358	358	1	16	238	95	96		40.833330
433	9	Si5b5	B5b5	362	362	1	16	238	95	96		40.888890
434	9	La5	A5	358	358	1	16	238	95	96		40.944440
435	9	Sol5	G5	349	349	1	16	238	95	96		41.000000
436	9	Sol5	G5	349	349	1	8	476	95	96		41.111110
437	9	Fa5	F5	340	340	1	8	476	95	96		41.222220
438	9	Sol5	G5	349	349	1	8	476	95	96	tı	41.333330
439	9	La5	A5	358	358	1	16	238	95	96	na 	41.388890
440	9	Sol5	G5	349	349	1	16	238	95	96		41.444440
441	9	Sol5	G5	349	349	1	16	238	95	96	bir 	41.500000
442	9	Fa5	F5	340	340	1	16	238	95	96		41.555560
443	9	Fa5	F5	340	340	1	16	238	95	96		41.611110
444	9	Mi5	E5	336	336	1	16	238	95	96		41.666670
445	9	Fa5	F5	340	340	1	8	476	95	96	sen 	41.777780
446	9	Mi5	E5	336	336	1	8	476	95	96		41.888890
447	9	Sol5	G5	349	349	1	16	238	95	96		41.944440
448	9	Fa5	F5	340	340	1	16	238	95	96		42.000000
449	9	Fa5	F5	340	340	1	4	952	95	96		42.222220
450	9	Sol5	G5	349	349	1	8	476	95	96	gi	42.333330
451	9	Si5b5	B5b5	362	362	1	8	476	95	96	bi 	42.444440
452	9	La5	A5	358	358	1	8	476	95	96	sul	42.555560
453	9	Sol5	G5	349	349	1	8	476	95	96		42.666670
454	9	Fa5	F5	340	340	1	8	476	95	96	tan 	42.777780
455	9	Mi5	E5	336	336	1	8	476	95	96		42.888890
456	9	Re5	D5	327	327	1	8	476	95	96		43.000000
457	9	Fa5	F5	340	340	3	16	714	95	96		43.166670
458	9	Mi5	E5	336	336	1	16	238	95	96		43.222220
459	9	Mi5	E5	336	336	1	16	238	95	96	ya	43.277780
460	9	Re5	D5	327	327	1	16	238	95	96		43.333330
461	9	Re5	D5	327	327	1	16	238	95	96	ra	43.388890
462	9	Do5#4	C5#4	322	322	1	16	238	95	96		43.444440
463	9	Re5	D5	327	327	1	4	952	95	96	şır  	43.666670
464	9	La4	A4	305	305	1	4	952	95	96	SAZ	43.888890
465	9	Si4b5	B4b5	309	309	1	16	238	95	96	.	43.944440
466	9	Do5#4	C5#4	322	322	1	16	238	95	96	.	44.000000
467	9	Re5	D5	327	327	1	4	952	95	96	.	44.222220
468	9	Re5	D5	327	327	3	16	714	95	96	Gön	44.388890
469	9	Fa5#4	F5#4	344	344	1	16	238	95	96	lü	44.444440
470	9	Mi5b4	E5b4	332	332	3	16	714	95	96	mün 	44.611110
471	9	Re5	D5	327	327	1	16	238	95	96		44.666670
472	9	Re5	D5	327	327	1	16	238	95	96	tah	44.722220
473	9	Mi5b4	E5b4	332	332	1	16	238	95	96		44.777780
474	9	Re5	D5	327	327	1	16	238	95	96		44.833330
475	9	Mi5b4	E5b4	332	332	1	16	238	95	96		44.888890
476	9	Re5	D5	327	327	1	16	238	95	96		44.944440
477	9	Do5#4	C5#4	322	322	1	16	238	95	96		45.000000
478	9	Do5#4	C5#4	322	322	1	8	476	95	96		45.111110
479	9	Si4b5	B4b5	309	309	1	24	159	95	96		45.148150
480	9	La4	A4	305	305	1	24	159	95	96		45.185180
481	9	Si4b5	B4b5	309	309	1	24	159	95	96		45.222220
482	9	Do5#4	C5#4	322	322	1	8	476	95	96	tı	45.333330
483	9	Re5	D5	327	327	1	8	476	95	96	na 	45.444440
484	9	Do5#4	C5#4	322	322	1	16	238	95	96	bir 	45.500000
485	9	Si4b5	B4b5	309	309	1	16	238	95	96		45.555560
486	9	Si4b5	B4b5	309	309	1	16	238	95	96		45.611110
487	9	La4	A4	305	305	1	16	238	95	96		45.666670
488	9	La4	A4	305	305	1	4	952	95	96	sen 	45.888890
489	9	Si4	B4	314	314	1	8	476	95	96		46.000000
490	9	Do5	C5	318	318	1	4	952	95	96		46.222220
491	9	La4	A4	305	305	1	8	476	95	96	gi	46.333330
492	9	Re5	D5	327	327	1	8	476	95	96	bi 	46.444440
493	9	Do5	C5	318	318	1	8	476	95	96	sul	46.555560
494	9	Si4b5	B4b5	309	309	1	8	476	95	96		46.666670
495	9	La4	A4	305	305	1	8	476	95	96	tan 	46.777780
496	9	Sol4	G4	296	296	1	8	476	95	96		46.888890
497	9	Fa4	F4	287	287	1	8	476	95	96		47.000000
498	9	Mi4	E4	283	283	1	8	476	95	96		47.111110
499	9	Fa4	F4	287	287	1	16	238	95	96		47.166670
500	9	Mi4	E4	283	283	1	16	238	95	96		47.222220
501	9	Mi4	E4	283	283	1	16	238	95	96	ya	47.277780
502	9	Re4	D4	274	274	1	16	238	95	96		47.333330
503	9	Re4	D4	274	274	1	16	238	95	96	ra	47.388890
504	9	Do4#4	C4#4	269	269	1	16	238	95	96		47.444440
505	9	Re4	D4	274	274	5	8	2381	95	96	şır  	48.000000
