Sira	Kod	Nota53	NotaAE	Koma53	KomaAE	Pay	Payda	Ms	LNS	Bas	Soz1	Offset
1	9	Re5	D5	327	327	3	32	357	95	96	ARANAĞME	0.083333
2	9	Do5#4	C5#4	322	322	1	32	119	95	96	.	0.111111
3	9	Re5	D5	327	327	1	16	238	95	96	.	0.166667
4	9	Mi5	E5	336	336	1	16	238	95	96	.	0.222222
5	9	Do5#4	C5#4	322	322	1	8	476	95	96	.	0.333333
6	9	Si4b5	B4b5	309	309	1	8	476	95	96	.	0.444444
7	9	La4	A4	305	305	1	8	476	95	96	.	0.555556
8	9	Sol4	G4	296	296	1	8	476	95	96	.	0.666667
9	9	La4	A4	305	305	1	8	476	95	96	.	0.777778
10	9	Si4b5	B4b5	309	309	1	8	476	95	96	.	0.888889
11	9	Do5#4	C5#4	322	322	1	8	476	95	96	.	1.000000
12	9	Re5	D5	327	327	1	8	476	95	96	.	1.111111
13	9	Mi5	E5	336	336	1	16	238	95	96	.	1.166667
14	9	Fa5	F5	340	340	1	16	238	95	96	.	1.222222
15	9	La5	A5	358	358	1	16	238	95	96	.	1.277778
16	9	Sol5	G5	349	349	1	16	238	95	96	.	1.333333
17	9	Fa5	F5	340	340	1	16	238	95	96	.	1.388889
18	9	Mi5	E5	336	336	1	16	238	95	96	.	1.444444
19	9	Mi5	E5	336	336	1	16	238	95	96	.	1.500000
20	9	Re5	D5	327	327	1	16	238	95	96	.	1.555556
21	9	Re5	D5	327	327	1	16	238	95	96	.	1.611111
22	9	Do5#4	C5#4	322	322	1	16	238	95	96	.	1.666667
23	9	Re5	D5	327	327	1	4	952	95	96	.	1.888889
24	9	Es	Es	-1	-1	1	8	476	100	0	.	2.000000
25	9	Mi5	E5	336	336	1	16	238	95	96	.	2.055556
26	9	Fa5	F5	340	340	1	8	476	95	96	.	2.166667
27	9	Fa5	F5	340	340	1	16	238	95	96	.	2.222222
28	9	Fa5	F5	340	340	1	8	476	95	96	.	2.333333
29	9	Fa5	F5	340	340	1	8	476	95	96	.	2.444444
30	9	Fa5	F5	340	340	1	16	238	95	96	.	2.500000
31	9	Mi5	E5	336	336	1	16	238	95	96	.	2.555556
32	9	Fa5	F5	340	340	1	16	238	95	96	.	2.611111
33	9	Sol5	G5	349	349	1	16	238	95	96	.	2.666667
34	9	La5	A5	358	358	3	8	1429	95	96	.	3.000000
35	9	Mi5	E5	336	336	1	4	952	95	96	.	3.222222
36	9	Do5#4	C5#4	322	322	1	4	952	95	96	.	3.444444
37	9	Si4b5	B4b5	309	309	1	16	238	95	96	.	3.500000
38	9	La4	A4	305	305	1	16	238	95	96	.	3.555556
39	9	Si4b5	B4b5	309	309	1	16	238	95	96	.	3.611111
40	9	Do5#4	C5#4	322	322	1	16	238	95	96	.	3.666667
41	9	La4	A4	305	305	1	4	952	95	96	.	3.888889
42	9	Es	Es	-1	-1	1	8	476	100	0	.	4.000000
43	9	La4	A4	305	305	1	16	238	95	96	.	4.055555
44	9	Do5	C5	318	318	1	8	476	95	96	.	4.166667
45	9	Do5	C5	318	318	1	16	238	95	96	.	4.222222
46	9	Do5	C5	318	318	1	8	476	95	96	.	4.333333
47	9	Do5	C5	318	318	1	8	476	95	96	.	4.444445
48	9	Do5	C5	318	318	1	16	238	95	96	.	4.500000
49	9	Si4	B4	314	314	1	16	238	95	96	.	4.555555
50	9	Do5	C5	318	318	1	16	238	95	96	.	4.611111
51	9	Mi5b5	E5b5	331	331	1	16	238	95	96	.	4.666667
52	9	Re5	D5	327	327	1	16	238	95	96	.	4.722222
53	9	Do5	C5	318	318	1	16	238	95	96	.	4.777778
54	9	Si4b5	B4b5	309	309	1	16	238	95	96	.	4.833333
55	9	La4	A4	305	305	1	16	238	95	96	.	4.888889
56	9	Sol4	G4	296	296	1	8	476	95	96	.	5.000000
57	9	Sol4	G4	296	296	1	16	238	95	96	.	5.055555
58	9	Si4b5	B4b5	309	309	1	8	476	95	96	.	5.166667
59	9	Si4b5	B4b5	309	309	1	16	238	95	96	.	5.222222
60	9	Si4b5	B4b5	309	309	1	8	476	95	96	.	5.333333
61	9	Si4b5	B4b5	309	309	1	8	476	95	96	.	5.444445
62	9	Si4b5	B4b5	309	309	1	16	238	95	96	.	5.500000
63	9	La4	A4	305	305	1	16	238	95	96	.	5.555555
64	9	Si4b5	B4b5	309	309	1	16	238	95	96	.	5.611111
65	9	Re5	D5	327	327	1	16	238	95	96	.	5.666667
66	9	Do5	C5	318	318	1	16	238	95	96	.	5.722222
67	9	Si4b5	B4b5	309	309	1	16	238	95	96	.	5.777778
68	9	La4	A4	305	305	1	16	238	95	96	.	5.833333
69	9	Sol4	G4	296	296	1	16	238	95	96	.	5.888889
70	9	Fa4	F4	287	287	1	8	476	95	96	.	6.000000
71	9	Fa4	F4	287	287	1	16	238	95	96	.	6.055555
72	9	La4	A4	305	305	1	8	476	95	96	.	6.166667
73	9	La4	A4	305	305	1	16	238	95	96	.	6.222222
74	9	La4	A4	305	305	1	8	476	95	96	.	6.333333
75	9	La4	A4	305	305	1	8	476	95	96	.	6.444445
76	9	La4	A4	305	305	1	16	238	95	96	.	6.500000
77	9	Sol4	G4	296	296	1	16	238	95	96	.	6.555555
78	9	La4	A4	305	305	1	16	238	95	96	.	6.611111
79	9	Si4b5	B4b5	309	309	1	16	238	95	96	.	6.666667
80	9	La4	A4	305	305	1	16	238	95	96	.	6.722222
81	9	Sol4	G4	296	296	1	16	238	95	96	.	6.777778
82	9	Fa4	F4	287	287	1	16	238	95	96	.	6.833333
83	9	Mi4	E4	283	283	1	16	238	95	96	.	6.888889
84	9	Re4	D4	274	274	1	8	476	95	96	.	7.000000
85	9	Mi4	E4	283	283	1	16	238	95	96	.	7.055555
86	9	Fa4	F4	287	287	1	16	238	95	96	.	7.111111
87	9	Mi4	E4	283	283	1	16	238	95	96	.	7.166667
88	9	Fa4	F4	287	287	1	16	238	95	96	.	7.222222
89	9	La4	A4	305	305	1	16	238	95	96	.	7.277778
90	9	Sol4	G4	296	296	1	16	238	95	96	.	7.333333
91	9	Fa4	F4	287	287	1	16	238	95	96	.	7.388889
92	9	Mi4	E4	283	283	1	16	238	95	96	.	7.444445
93	9	Mi4	E4	283	283	1	16	238	95	96	.	7.500000
94	9	Re4	D4	274	274	1	16	238	95	96	.	7.555555
95	9	Re4	D4	274	274	1	16	238	95	96	.	7.611111
96	9	Do4#4	C4#4	269	269	1	16	238	95	96	.	7.666667
97	9	Re4	D4	274	274	3	8	1429	95	96	.	8.000000
98	9	Re5	D5	327	327	3	32	357	95	96	ARANAĞME	8.083333
99	9	Do5#4	C5#4	322	322	1	32	119	95	96	.	8.111111
100	9	Re5	D5	327	327	1	16	238	95	96	.	8.166667
101	9	Mi5	E5	336	336	1	16	238	95	96	.	8.222222
102	9	Do5#4	C5#4	322	322	1	8	476	95	96	.	8.333333
103	9	Si4b5	B4b5	309	309	1	8	476	95	96	.	8.444445
104	9	La4	A4	305	305	1	8	476	95	96	.	8.555555
105	9	Sol4	G4	296	296	1	8	476	95	96	.	8.666667
106	9	La4	A4	305	305	1	8	476	95	96	.	8.777778
107	9	Si4b5	B4b5	309	309	1	8	476	95	96	.	8.888889
108	9	Do5#4	C5#4	322	322	1	8	476	95	96	.	9.000000
109	9	Re5	D5	327	327	1	8	476	95	96	.	9.111111
110	9	Mi5	E5	336	336	1	16	238	95	96	.	9.166667
111	9	Fa5	F5	340	340	1	16	238	95	96	.	9.222222
112	9	La5	A5	358	358	1	16	238	95	96	.	9.277778
113	9	Sol5	G5	349	349	1	16	238	95	96	.	9.333333
114	9	Fa5	F5	340	340	1	16	238	95	96	.	9.388889
115	9	Mi5	E5	336	336	1	16	238	95	96	.	9.444445
116	9	Mi5	E5	336	336	1	16	238	95	96	.	9.500000
117	9	Re5	D5	327	327	1	16	238	95	96	.	9.555555
118	9	Re5	D5	327	327	1	16	238	95	96	.	9.611111
119	9	Do5#4	C5#4	322	322	1	16	238	95	96	.	9.666667
120	9	Re5	D5	327	327	1	4	952	95	96	.	9.888889
121	9	Es	Es	-1	-1	1	8	476	100	0	.	10.000000
122	9	Mi5	E5	336	336	1	16	238	95	96	.	10.055560
123	9	Fa5	F5	340	340	1	8	476	95	96	.	10.166670
124	9	Fa5	F5	340	340	1	16	238	95	96	.	10.222220
125	9	Fa5	F5	340	340	1	8	476	95	96	.	10.333330
126	9	Fa5	F5	340	340	1	8	476	95	96	.	10.444440
127	9	Fa5	F5	340	340	1	16	238	95	96	.	10.500000
128	9	Mi5	E5	336	336	1	16	238	95	96	.	10.555560
129	9	Fa5	F5	340	340	1	16	238	95	96	.	10.611110
130	9	Sol5	G5	349	349	1	16	238	95	96	.	10.666670
131	9	La5	A5	358	358	3	8	1429	95	96	.	11.000000
132	9	Mi5	E5	336	336	1	4	952	95	96	.	11.222220
133	9	Do5#4	C5#4	322	322	1	4	952	95	96	.	11.444440
134	9	Si4b5	B4b5	309	309	1	16	238	95	96	.	11.500000
135	9	La4	A4	305	305	1	16	238	95	96	.	11.555560
136	9	Si4b5	B4b5	309	309	1	16	238	95	96	.	11.611110
137	9	Do5#4	C5#4	322	322	1	16	238	95	96	.	11.666670
138	9	La4	A4	305	305	1	4	952	95	96	.	11.888890
139	9	Es	Es	-1	-1	1	8	476	100	0	.	12.000000
140	9	La4	A4	305	305	1	16	238	95	96	.	12.055560
141	9	Do5	C5	318	318	1	8	476	95	96	.	12.166670
142	9	Do5	C5	318	318	1	16	238	95	96	.	12.222220
143	9	Do5	C5	318	318	1	8	476	95	96	.	12.333330
144	9	Do5	C5	318	318	1	8	476	95	96	.	12.444440
145	9	Do5	C5	318	318	1	16	238	95	96	.	12.500000
146	9	Si4	B4	314	314	1	16	238	95	96	.	12.555560
147	9	Do5	C5	318	318	1	16	238	95	96	.	12.611110
148	9	Mi5b5	E5b5	331	331	1	16	238	95	96	.	12.666670
149	9	Re5	D5	327	327	1	16	238	95	96	.	12.722220
150	9	Do5	C5	318	318	1	16	238	95	96	.	12.777780
151	9	Si4b5	B4b5	309	309	1	16	238	95	96	.	12.833330
152	9	La4	A4	305	305	1	16	238	95	96	.	12.888890
153	9	Sol4	G4	296	296	1	8	476	95	96	.	13.000000
154	9	Sol4	G4	296	296	1	16	238	95	96	.	13.055560
155	9	Si4b5	B4b5	309	309	1	8	476	95	96	.	13.166670
156	9	Si4b5	B4b5	309	309	1	16	238	95	96	.	13.222220
157	9	Si4b5	B4b5	309	309	1	8	476	95	96	.	13.333330
158	9	Si4b5	B4b5	309	309	1	8	476	95	96	.	13.444440
159	9	Si4b5	B4b5	309	309	1	16	238	95	96	.	13.500000
160	9	La4	A4	305	305	1	16	238	95	96	.	13.555560
161	9	Si4b5	B4b5	309	309	1	16	238	95	96	.	13.611110
162	9	Re5	D5	327	327	1	16	238	95	96	.	13.666670
163	9	Do5	C5	318	318	1	16	238	95	96	.	13.722220
164	9	Si4b5	B4b5	309	309	1	16	238	95	96	.	13.777780
165	9	La4	A4	305	305	1	16	238	95	96	.	13.833330
166	9	Sol4	G4	296	296	1	16	238	95	96	.	13.888890
167	9	Fa4	F4	287	287	1	8	476	95	96	.	14.000000
168	9	Fa4	F4	287	287	1	16	238	95	96	.	14.055560
169	9	La4	A4	305	305	1	8	476	95	96	.	14.166670
170	9	La4	A4	305	305	1	16	238	95	96	.	14.222220
171	9	La4	A4	305	305	1	8	476	95	96	.	14.333330
172	9	La4	A4	305	305	1	8	476	95	96	.	14.444440
173	9	La4	A4	305	305	1	16	238	95	96	.	14.500000
174	9	Sol4	G4	296	296	1	16	238	95	96	.	14.555560
175	9	La4	A4	305	305	1	16	238	95	96	.	14.611110
176	9	Si4b5	B4b5	309	309	1	16	238	95	96	.	14.666670
177	9	La4	A4	305	305	1	16	238	95	96	.	14.722220
178	9	Sol4	G4	296	296	1	16	238	95	96	.	14.777780
179	9	Fa4	F4	287	287	1	16	238	95	96	.	14.833330
180	9	Mi4	E4	283	283	1	16	238	95	96	.	14.888890
181	9	Re4	D4	274	274	1	8	476	95	96	.	15.000000
182	9	Mi4	E4	283	283	1	16	238	95	96	.	15.055560
183	9	Fa4	F4	287	287	1	16	238	95	96	.	15.111110
184	9	Mi4	E4	283	283	1	16	238	95	96	.	15.166670
185	9	Fa4	F4	287	287	1	16	238	95	96	.	15.222220
186	9	La4	A4	305	305	1	16	238	95	96	.	15.277780
187	9	Sol4	G4	296	296	1	16	238	95	96	.	15.333330
188	9	Fa4	F4	287	287	1	16	238	95	96	.	15.388890
189	9	Mi4	E4	283	283	1	16	238	95	96	.	15.444440
190	9	Mi4	E4	283	283	1	16	238	95	96	.	15.500000
191	9	Re4	D4	274	274	1	16	238	95	96	.	15.555560
192	9	Re4	D4	274	274	1	16	238	95	96	.	15.611110
193	9	Do4#4	C4#4	269	269	1	16	238	95	96	.	15.666670
194	9	Re4	D4	274	274	3	8	1429	95	96	.	16.000000
195	9	La4	A4	305	305	1	4	952	95	96	Hâ	16.222220
196	9	Re5	D5	327	327	3	16	714	99	96	bî	16.388890
197	9	Mi5	E5	336	336	1	16	238	95	96		16.444440
198	9	Fa5	F5	340	340	1	16	238	99	96	de 	16.500000
199	9	Mi5	E5	336	336	1	16	238	95	96		16.555560
200	9	Re5	D5	327	327	1	16	238	99	96	o	16.611110
201	9	Do5#4	C5#4	322	322	1	16	238	95	96		16.666670
202	9	Re5	D5	327	327	1	4	952	99	96	lan 	16.888890
203	9	Mi5	E5	336	336	1	16	238	99	96		16.944440
204	9	Fa5	F5	340	340	1	16	238	95	96		17.000000
205	9	Mi5	E5	336	336	1	16	238	99	96	tâ	17.055560
206	9	Re5	D5	327	327	1	16	238	99	96		17.111110
207	9	Do5#4	C5#4	322	322	1	16	238	99	96		17.166670
208	9	Si4b5	B4b5	309	309	1	16	238	95	96		17.222220
209	9	La4	A4	305	305	1	8	476	95	96	li 	17.333330
210	9	Mi5	E5	336	336	1	16	238	99	96	i 	17.388890
211	9	Fa5	F5	340	340	1	16	238	95	96		17.444440
212	9	Mi5	E5	336	336	1	16	238	99	96	nâ	17.500000
213	9	Re5	D5	327	327	1	16	238	99	96		17.555560
214	9	Re5	D5	327	327	1	16	238	99	96		17.611110
215	9	Do5#4	C5#4	322	322	1	16	238	99	96		17.666670
216	9	Re5	D5	327	327	3	8	1429	95	96		18.000000
217	9	Mi5	E5	336	336	1	8	476	99	96	sâ	18.111110
218	9	Mi5	E5	336	336	1	16	238	99	96		18.166670
219	9	Fa5	F5	340	340	1	16	238	95	96		18.222220
220	9	Sol5	G5	349	349	1	8	476	95	96	zım_	18.333330
221	9	Fa5	F5	340	340	1	16	238	99	96	u	18.388890
222	9	Mi5	E5	336	336	1	16	238	95	96		18.444440
223	9	Mi5	E5	336	336	1	16	238	99	96	yan	18.500000
224	9	Fa5	F5	340	340	1	16	238	99	96		18.555560
225	9	Mi5	E5	336	336	1	16	238	99	96		18.611110
226	9	Re5	D5	327	327	1	16	238	99	96		18.666670
227	9	Do5#4	C5#4	322	322	1	16	238	99	96		18.722220
228	9	Re5	D5	327	327	1	16	238	99	96		18.777780
229	9	Mi5	E5	336	336	1	16	238	99	96		18.833330
230	9	Fa5	F5	340	340	1	16	238	99	96		18.888890
231	9	Re5	D5	327	327	1	16	238	99	96		18.944440
232	9	Fa5	F5	340	340	1	16	238	95	96		19.000000
233	9	Mi5	E5	336	336	3	8	1429	95	96	dı  	19.333330
234	9	Mi5	E5	336	336	1	16	238	95	96	SAZ	19.388890
235	9	Fa5	F5	340	340	1	16	238	95	96	.	19.444440
236	9	Mi5	E5	336	336	1	16	238	95	96	.	19.500000
237	9	Re5	D5	327	327	1	16	238	95	96	.	19.555560
238	9	Do5#4	C5#4	322	322	1	16	238	95	96	.	19.611110
239	9	Re5	D5	327	327	1	16	238	95	96	.	19.666670
240	9	Mi5	E5	336	336	1	4	952	95	96	.	19.888890
241	9	Es	Es	-1	-1	1	8	476	100	0		20.000000
242	9	Mi5	E5	336	336	3	16	714	99	96	Et	20.166670
243	9	Fa5	F5	340	340	1	16	238	95	96		20.222220
244	9	Sol5	G5	349	349	1	8	476	99	96	tik	20.333330
245	9	La5	A5	358	358	1	8	476	95	96		20.444440
246	9	Si5b5	B5b5	362	362	1	16	238	99	96	le	20.500000
247	9	La5	A5	358	358	1	16	238	99	96		20.555560
248	9	Sol5	G5	349	349	1	16	238	95	96		20.611110
249	9	Si5b5	B5b5	362	362	1	16	238	95	96	ri	20.666670
250	9	La5	A5	358	358	1	4	952	95	96	ne 	20.888890
251	9	Es	Es	-1	-1	1	8	476	100	0		21.000000
252	9	La5	A5	358	358	1	16	238	99	96	şûh_	21.055560
253	9	Sol5	G5	349	349	1	16	238	99	96		21.111110
254	9	Si5b5	B5b5	362	362	1	16	238	99	96		21.166670
255	9	La5	A5	358	358	1	16	238	95	96		21.222220
256	9	Sol5	G5	349	349	1	16	238	99	96	i 	21.277780
257	9	Fa5	F5	340	340	1	16	238	95	96		21.333330
258	9	La5	A5	358	358	1	16	238	99	96	si	21.388890
259	9	Fa5	F5	340	340	1	16	238	95	96		21.444440
260	9	Fa5	F5	340	340	1	16	238	99	96	tem	21.500000
261	9	Mi5	E5	336	336	1	16	238	99	96		21.555560
262	9	Re5	D5	327	327	1	16	238	99	96		21.611110
263	9	Do5#4	C5#4	322	322	1	16	238	99	96		21.666670
264	9	Re5	D5	327	327	3	8	1429	95	96		22.000000
265	9	Mi5	E5	336	336	1	8	476	99	96	kâ	22.111110
266	9	Mi5	E5	336	336	1	16	238	99	96		22.166670
267	9	Fa5	F5	340	340	1	16	238	95	96		22.222220
268	9	Sol5	G5	349	349	1	8	476	95	96	rım_	22.333330
269	9	Fa5	F5	340	340	1	16	238	99	96	u	22.388890
270	9	Mi5	E5	336	336	1	16	238	95	96		22.444440
271	9	Mi5	E5	336	336	1	16	238	99	96	tan	22.500000
272	9	Fa5	F5	340	340	1	16	238	99	96		22.555560
273	9	Mi5	E5	336	336	1	16	238	99	96		22.611110
274	9	Re5	D5	327	327	1	16	238	99	96		22.666670
275	9	Do5#4	C5#4	322	322	1	16	238	99	96		22.722220
276	9	Re5	D5	327	327	1	16	238	99	96		22.777780
277	9	Mi5	E5	336	336	1	16	238	99	96		22.833330
278	9	Fa5	F5	340	340	1	16	238	99	96		22.888890
279	9	Mi5	E5	336	336	1	16	238	99	96		22.944440
280	9	Re5	D5	327	327	1	16	238	95	96		23.000000
281	9	Do5#4	C5#4	322	322	1	8	476	99	96	dı  	23.111110
282	9	Re5	D5	327	327	1	4	952	95	96		23.333330
283	9	La4	A4	305	305	1	8	476	95	96	SAZ	23.444440
284	9	Si4b5	B4b5	309	309	1	16	238	95	96	.	23.500000
285	9	La4	A4	305	305	1	16	238	95	96	.	23.555560
286	9	Si4b5	B4b5	309	309	1	16	238	95	96	.	23.611110
287	9	Do5#4	C5#4	322	322	1	16	238	95	96	.	23.666670
288	9	Re5	D5	327	327	3	8	1429	95	96	.	24.000000
289	9	Re5	D5	327	327	3	16	714	99	96	Et	24.166670
290	9	Do5	C5	318	318	1	16	238	95	96		24.222220
291	9	Si4b5	B4b5	309	309	1	16	238	99	96	tik	24.277780
292	9	La4	A4	305	305	1	16	238	99	96		24.333330
293	9	Sol4	G4	296	296	1	8	476	95	96		24.444440
294	9	Fa4	F4	287	287	1	16	238	99	96	le	24.500000
295	9	Mi4	E4	283	283	1	16	238	99	96		24.555560
296	9	Fa4	F4	287	287	1	16	238	95	96		24.611110
297	9	Sol4	G4	296	296	1	16	238	95	96	ri	24.666670
298	9	La4	A4	305	305	1	4	952	95	96	ne 	24.888890
299	9	Es	Es	-1	-1	1	8	476	100	0		25.000000
300	9	La4	A4	305	305	3	16	714	99	96	şûh_	25.166670
301	9	Si4b5	B4b5	309	309	1	16	238	95	96		25.222220
302	9	Do5#4	C5#4	322	322	1	8	476	95	96	i 	25.333330
303	9	Re5	D5	327	327	1	8	476	95	96	si	25.444440
304	9	Do5#4	C5#4	322	322	1	8	476	99	96	tem	25.555560
305	9	Mi5	E5	336	336	1	16	238	99	96		25.611110
306	9	Re5	D5	327	327	1	16	238	99	96		25.666670
307	9	Re5	D5	327	327	3	8	1429	95	96		26.000000
308	9	Re5	D5	327	327	3	16	714	99	96	kâ	26.166670
309	9	Do5	C5	318	318	1	16	238	95	96		26.222220
310	9	Si4	B4	314	314	1	16	238	99	96	rım_	26.277780
311	9	La4	A4	305	305	1	16	238	95	96		26.333330
312	9	Sol4	G4	296	296	1	8	476	95	96	u	26.444440
313	9	Fa4	F4	287	287	1	8	476	99	96	tan	26.555560
314	9	Mi4	E4	283	283	1	16	238	99	96		26.611110
315	9	Fa4	F4	287	287	1	16	238	99	96		26.666670
316	9	La4	A4	305	305	1	16	238	99	96		26.722220
317	9	Sol4	G4	296	296	1	16	238	99	96		26.777780
318	9	Fa4	F4	287	287	1	16	238	99	96		26.833330
319	9	Mi4	E4	283	283	1	16	238	99	96		26.888890
320	9	Re4	D4	274	274	1	16	238	99	96		26.944440
321	9	Do4#4	C4#4	269	269	1	16	238	95	96		27.000000
322	9	Re4	D4	274	274	3	8	1429	95	96	dı  	27.333330
323	9	La5	A5	358	358	1	16	238	95	96	SAZ	27.388890
324	9	Si5b5	B5b5	362	362	1	16	238	95	96	.	27.444440
325	9	La5	A5	358	358	1	16	238	95	96	.	27.500000
326	9	Sol5	G5	349	349	1	16	238	95	96	.	27.555560
327	9	Fa5	F5	340	340	1	16	238	95	96	.	27.611110
328	9	Sol5	G5	349	349	1	16	238	95	96	.	27.666670
329	9	La5	A5	358	358	3	8	1429	95	96	.	28.000000
330	9	Sol5	G5	349	349	3	16	714	99	96	At	28.166670
331	9	La5	A5	358	358	1	16	238	95	96		28.222220
332	9	La5	A5	358	358	1	4	952	95	96	tı 	28.444440
333	9	La5	A5	358	358	1	8	476	95	96	ko	28.555560
334	8	Do6#4	C6#4	375	375	0	0	0	95	96		28.555560
335	9	Si5b5	B5b5	362	362	1	16	238	99	96	lu	28.611110
336	9	La5	A5	358	358	1	16	238	95	96		28.666670
337	9	La5	A5	358	358	1	4	952	95	96	nu 	28.888890
338	9	Es	Es	-1	-1	1	8	476	100	0		29.000000
339	9	Fa5	F5	340	340	3	16	714	99	96	boy	29.166670
340	9	Sol5b4	G5b4	345	345	1	16	238	95	96		29.222220
341	9	Sol5b4	G5b4	345	345	1	8	476	95	96	nu	29.333330
342	9	Sol5b4	G5b4	345	345	1	16	238	99	96	ma 	29.388890
343	9	Fa5	F5	340	340	1	16	238	95	96		29.444440
344	9	Fa5	F5	340	340	1	16	238	99	96	mes	29.500000
345	9	Mi5b1	E5b1	335	335	1	16	238	99	96		29.555560
346	9	Re5	D5	327	327	1	16	238	99	96		29.611110
347	9	Mi5b1	E5b1	335	335	1	16	238	99	96		29.666670
348	9	Fa5	F5	340	340	3	8	1429	95	96		30.000000
349	9	La5	A5	358	358	3	16	714	99	96	tâ	30.166670
350	9	Sol5	G5	349	349	1	16	238	95	96		30.222220
351	9	Do6	C6	371	371	1	8	476	95	96	ne 	30.333330
352	9	Si5b5	B5b5	362	362	1	16	238	99	96	u	30.388890
353	9	La5	A5	358	358	1	16	238	95	96		30.444440
354	9	La5	A5	358	358	1	16	238	99	96	zan	30.500000
355	9	Si5b5	B5b5	362	362	1	16	238	99	96		30.555560
356	9	La5	A5	358	358	1	16	238	99	96		30.611110
357	9	Sol5	G5	349	349	1	16	238	99	96		30.666670
358	9	La5	A5	358	358	1	16	238	99	96		30.722220
359	9	Sol5	G5	349	349	1	16	238	99	96		30.777780
360	9	Fa5	F5	340	340	1	16	238	99	96		30.833330
361	9	Sol5	G5	349	349	1	16	238	99	96		30.888890
362	9	La5	A5	358	358	1	16	238	99	96		30.944440
363	9	Si5b5	B5b5	362	362	1	16	238	95	96		31.000000
364	9	Sol5	G5	349	349	1	8	476	99	96	dı  	31.111110
365	9	La5	A5	358	358	1	4	952	95	96		31.333330
366	9	La5	A5	358	358	1	16	238	95	96	SAZ	31.388890
367	9	Si5b5	B5b5	362	362	1	16	238	95	96	.	31.444440
368	9	La5	A5	358	358	1	16	238	95	96	.	31.500000
369	9	Sol5	G5	349	349	1	16	238	95	96	.	31.555560
370	9	Fa5	F5	340	340	1	16	238	95	96	.	31.611110
371	9	Sol5	G5	349	349	1	16	238	95	96	.	31.666670
372	9	La5	A5	358	358	3	8	1429	95	96	.	32.000000
373	9	Do6	C6	371	371	3	16	714	99	96	At	32.166670
374	9	Si5b5	B5b5	362	362	1	16	238	95	96		32.222220
375	9	Si5b5	B5b5	362	362	3	16	714	99	96	tı 	32.388890
376	9	La5	A5	358	358	1	16	238	95	96		32.444440
377	9	La5	A5	358	358	1	8	476	99	96	ko	32.555560
378	8	Si5b5	B5b5	362	362	0	0	0	95	96		32.555560
379	9	La5	A5	358	358	1	16	238	99	96	lu	32.611110
380	9	Sol5	G5	349	349	1	16	238	95	96		32.666670
381	9	Sol5	G5	349	349	1	8	476	99	96	nu 	32.777780
382	9	Sol5	G5	349	349	1	16	238	99	96		32.833330
383	9	La5b4	A5b4	354	354	1	16	238	99	96		32.888890
384	9	Sol5	G5	349	349	1	16	238	99	96		32.944440
385	9	Fa5	F5	340	340	1	16	238	95	96		33.000000
386	9	Sol5	G5	349	349	1	8	476	99	96	boy	33.111110
387	8	La5b4	A5b4	354	354	0	0	0	99	96		33.111110
388	9	Sol5	G5	349	349	1	16	238	99	96		33.166670
389	9	La5b4	A5b4	354	354	1	16	238	95	96		33.222220
390	9	Do6	C6	371	371	1	16	238	99	96	nu	33.277780
391	9	Si5b1	B5b1	366	366	1	16	238	95	96		33.333330
392	9	La5b4	A5b4	354	354	1	16	238	99	96	ma 	33.388890
393	9	Sol5	G5	349	349	1	16	238	95	96		33.444440
394	9	Sol5	G5	349	349	1	16	238	99	96	mes	33.500000
395	9	Fa5	F5	340	340	1	16	238	99	96		33.555560
396	9	Fa5	F5	340	340	1	16	238	99	96		33.611110
397	9	Mi5	E5	336	336	1	16	238	99	96		33.666670
398	9	Fa5	F5	340	340	1	8	476	99	96		33.777780
399	9	Mi5	E5	336	336	1	8	476	99	96		33.888890
400	9	Re5	D5	327	327	1	8	476	95	96		34.000000
401	9	Re5	D5	327	327	1	8	476	99	96	tâ	34.111110
402	9	Re5	D5	327	327	1	16	238	99	96		34.166670
403	9	Mi5	E5	336	336	1	16	238	95	96		34.222220
404	9	Fa5	F5	340	340	1	8	476	95	96	ne 	34.333330
405	9	Fa5	F5	340	340	1	16	238	99	96	u	34.388890
406	9	Mi5	E5	336	336	1	16	238	95	96		34.444440
407	9	Mi5	E5	336	336	1	16	238	99	96	zan	34.500000
408	9	Fa5	F5	340	340	1	16	238	99	96		34.555560
409	9	Mi5	E5	336	336	1	16	238	99	96		34.611110
410	9	Re5	D5	327	327	1	16	238	99	96		34.666670
411	9	Do5#4	C5#4	322	322	1	16	238	99	96		34.722220
412	9	Re5	D5	327	327	1	16	238	99	96		34.777780
413	9	Mi5	E5	336	336	1	16	238	99	96		34.833330
414	9	Fa5	F5	340	340	1	16	238	99	96		34.888890
415	9	Re5	D5	327	327	1	16	238	99	96		34.944440
416	9	Fa5	F5	340	340	1	16	238	95	96		35.000000
417	9	Mi5	E5	336	336	3	8	1429	95	96	dı  	35.333330
418	9	Mi5	E5	336	336	1	16	238	95	96	SAZ	35.388890
419	9	Fa5	F5	340	340	1	16	238	95	96	.	35.444440
420	9	Mi5	E5	336	336	1	16	238	95	96	.	35.500000
421	9	Re5	D5	327	327	1	16	238	95	96	.	35.555560
422	9	Do5#4	C5#4	322	322	1	16	238	95	96	.	35.611110
423	9	Re5	D5	327	327	1	16	238	95	96	.	35.666670
424	9	Mi5	E5	336	336	3	8	1429	95	96	.	36.000000
425	9	Mi5	E5	336	336	3	16	714	99	96	Et	36.166670
426	9	Fa5	F5	340	340	1	16	238	95	96		36.222220
427	9	Sol5	G5	349	349	1	8	476	99	96	tik	36.333330
428	9	La5	A5	358	358	1	8	476	95	96		36.444440
429	9	Si5b5	B5b5	362	362	1	16	238	99	96	le	36.500000
430	9	La5	A5	358	358	1	16	238	99	96		36.555560
431	9	Sol5	G5	349	349	1	16	238	95	96		36.611110
432	9	Si5b5	B5b5	362	362	1	16	238	95	96	ri	36.666670
433	9	La5	A5	358	358	1	4	952	95	96	ne 	36.888890
434	9	Es	Es	-1	-1	1	8	476	100	0		37.000000
435	9	La5	A5	358	358	1	16	238	99	96	şûh_	37.055560
436	9	Sol5	G5	349	349	1	16	238	99	96		37.111110
437	9	Si5b5	B5b5	362	362	1	16	238	99	96		37.166670
438	9	La5	A5	358	358	1	16	238	95	96		37.222220
439	9	Sol5	G5	349	349	1	16	238	99	96	i 	37.277780
440	9	Fa5	F5	340	340	1	16	238	95	96		37.333330
441	9	La5	A5	358	358	1	16	238	99	96	si	37.388890
442	9	Fa5	F5	340	340	1	16	238	95	96		37.444440
443	9	Fa5	F5	340	340	1	16	238	99	96	tem	37.500000
444	9	Mi5	E5	336	336	1	16	238	99	96		37.555560
445	9	Re5	D5	327	327	1	16	238	99	96		37.611110
446	9	Do5#4	C5#4	322	322	1	16	238	99	96		37.666670
447	9	Re5	D5	327	327	3	8	1429	95	96		38.000000
448	9	Mi5	E5	336	336	1	8	476	99	96	kâ	38.111110
449	9	Mi5	E5	336	336	1	16	238	99	96		38.166670
450	9	Fa5	F5	340	340	1	16	238	95	96		38.222220
451	9	Sol5	G5	349	349	1	8	476	95	96	rım_	38.333330
452	9	Fa5	F5	340	340	1	16	238	99	96	u	38.388890
453	9	Mi5	E5	336	336	1	16	238	95	96		38.444440
454	9	Mi5	E5	336	336	1	16	238	99	96	tan	38.500000
455	9	Fa5	F5	340	340	1	16	238	99	96		38.555560
456	9	Mi5	E5	336	336	1	16	238	99	96		38.611110
457	9	Re5	D5	327	327	1	16	238	99	96		38.666670
458	9	Do5#4	C5#4	322	322	1	16	238	99	96		38.722220
459	9	Re5	D5	327	327	1	16	238	99	96		38.777780
460	9	Mi5	E5	336	336	1	16	238	99	96		38.833330
461	9	Fa5	F5	340	340	1	16	238	99	96		38.888890
462	9	Mi5	E5	336	336	1	16	238	99	96		38.944440
463	9	Re5	D5	327	327	1	16	238	95	96		39.000000
464	9	Do5#4	C5#4	322	322	1	8	476	99	96	dı  	39.111110
465	9	Re5	D5	327	327	1	4	952	95	96		39.333330
466	9	La4	A4	305	305	1	8	476	95	96	SAZ	39.444440
467	9	Si4b5	B4b5	309	309	1	16	238	95	96	.	39.500000
468	9	La4	A4	305	305	1	16	238	95	96	.	39.555560
469	9	Si4b5	B4b5	309	309	1	16	238	95	96	.	39.611110
470	9	Do5#4	C5#4	322	322	1	16	238	95	96	.	39.666670
471	9	Re5	D5	327	327	3	8	1429	95	96	.	40.000000
472	9	Re5	D5	327	327	3	16	714	99	96	Et	40.166670
473	9	Do5	C5	318	318	1	16	238	95	96		40.222220
474	9	Si4b5	B4b5	309	309	1	16	238	99	96	tik	40.277780
475	9	La4	A4	305	305	1	16	238	99	96		40.333330
476	9	Sol4	G4	296	296	1	8	476	95	96		40.444440
477	9	Fa4	F4	287	287	1	16	238	99	96	le	40.500000
478	9	Mi4	E4	283	283	1	16	238	99	96		40.555560
479	9	Fa4	F4	287	287	1	16	238	95	96		40.611110
480	9	Sol4	G4	296	296	1	16	238	95	96	ri	40.666670
481	9	La4	A4	305	305	1	4	952	95	96	ne 	40.888890
482	9	Es	Es	-1	-1	1	8	476	100	0		41.000000
483	9	La4	A4	305	305	3	16	714	99	96	şûh_	41.166670
484	9	Si4b5	B4b5	309	309	1	16	238	95	96		41.222220
485	9	Do5#4	C5#4	322	322	1	8	476	95	96	i 	41.333330
486	9	Re5	D5	327	327	1	8	476	95	96	si	41.444440
487	9	Do5#4	C5#4	322	322	1	8	476	99	96	tem	41.555560
488	9	Mi5	E5	336	336	1	16	238	99	96		41.611110
489	9	Re5	D5	327	327	1	16	238	99	96		41.666670
490	9	Re5	D5	327	327	3	8	1429	95	96		42.000000
491	9	Re5	D5	327	327	3	16	714	99	96	kâ	42.166670
492	9	Do5	C5	318	318	1	16	238	95	96		42.222220
493	9	Si4	B4	314	314	1	16	238	99	96	rım_	42.277780
494	9	La4	A4	305	305	1	16	238	95	96		42.333330
495	9	Sol4	G4	296	296	1	8	476	95	96	u	42.444440
496	9	Fa4	F4	287	287	1	8	476	99	96	tan	42.555560
497	9	Mi4	E4	283	283	1	16	238	99	96		42.611110
498	9	Fa4	F4	287	287	1	16	238	99	96		42.666670
499	9	La4	A4	305	305	1	16	238	99	96		42.722220
500	9	Sol4	G4	296	296	1	16	238	99	96		42.777780
501	9	Fa4	F4	287	287	1	16	238	99	96		42.833330
502	9	Mi4	E4	283	283	1	16	238	99	96		42.888890
503	9	Re4	D4	274	274	1	16	238	99	96		42.944440
504	9	Do4#4	C4#4	269	269	1	16	238	95	96		43.000000
505	9	Re4	D4	274	274	3	8	1429	95	96	dı  	43.333330
