Sira	Kod	Nota53	NotaAE	Koma53	KomaAE	Pay	Payda	Ms	LNS	Bas	Soz1	Offset
1	9	Re5	D5	327	327	1	16	135	95	96	ARANAĞME	0.0555555555556
2	9	Mi5	E5	336	336	1	16	135	95	96	.	0.111111111111
3	9	Re5	D5	327	327	1	16	135	95	96	.	0.166666666667
4	9	Do5	C5	318	318	1	16	135	95	96	.	0.222222222222
5	9	Do5	C5	318	318	1	4	541	95	96	.	0.444444444444
6	9	Do5	C5	318	318	1	16	135	95	96	.	0.5
7	9	Re5	D5	327	327	1	16	135	95	96	.	0.555555555556
8	9	Do5	C5	318	318	1	16	135	95	96	.	0.611111111111
9	9	Si4b5	B4b5	309	309	1	16	135	95	96	.	0.666666666667
10	9	Si4b5	B4b5	309	309	3	8	811	95	96	.	1.0
11	9	Si4b5	B4b5	309	309	1	16	135	95	96	.	1.05555555556
12	9	Do5	C5	318	318	1	16	135	95	96	.	1.11111111111
13	9	Si4b5	B4b5	309	309	1	16	135	95	96	.	1.16666666667
14	9	La4	A4	305	305	1	16	135	95	96	.	1.22222222222
15	9	La4	A4	305	305	1	4	541	95	96	.	1.44444444444
16	9	La4	A4	305	305	1	16	135	95	96	.	1.5
17	9	Si4b5	B4b5	309	309	1	16	135	95	96	.	1.55555555556
18	9	La4	A4	305	305	1	16	135	95	96	.	1.61111111111
19	9	Sol4	G4	296	296	1	16	135	95	96	.	1.66666666667
20	9	Sol4	G4	296	296	3	8	811	95	96	.	2.0
21	9	Sol4	G4	296	296	1	16	135	95	96	.	2.05555555556
22	9	La4	A4	305	305	1	16	135	95	96	.	2.11111111111
23	9	Sol4	G4	296	296	1	16	135	95	96	.	2.16666666667
24	9	Fa4	F4	287	287	1	16	135	95	96	.	2.22222222222
25	9	Fa4	F4	287	287	1	4	541	95	96	.	2.44444444444
26	9	Fa4	F4	287	287	1	16	135	95	96	.	2.5
27	9	Sol4	G4	296	296	1	16	135	95	96	.	2.55555555556
28	9	Fa4	F4	287	287	1	16	135	95	96	.	2.61111111111
29	9	Mi4	E4	283	283	1	16	135	95	96	.	2.66666666667
30	9	Mi4	E4	283	283	1	4	541	95	96	.	2.88888888889
31	9	Re4	D4	274	274	1	8	270	95	96	.	3.0
32	9	Re4	D4	274	274	1	16	135	95	96	.	3.05555555556
33	9	Mi4	E4	283	283	1	16	135	95	96	.	3.11111111111
34	9	Fa4	F4	287	287	1	16	135	95	96	.	3.16666666667
35	9	Sol4	G4	296	296	1	16	135	95	96	.	3.22222222222
36	9	La4	A4	305	305	1	16	135	95	96	.	3.27777777778
37	9	Si4b5	B4b5	309	309	1	16	135	95	96	.	3.33333333333
38	9	Do5#4	C5#4	322	322	1	16	135	95	96	.	3.38888888889
39	9	Re5	D5	327	327	1	16	135	95	96	.	3.44444444444
40	9	Fa5	F5	340	340	1	16	135	95	96	.	3.5
41	9	Mi5	E5	336	336	1	16	135	95	96	.	3.55555555556
42	9	Re5	D5	327	327	1	16	135	95	96	.	3.61111111111
43	9	Do5#4	C5#4	322	322	1	16	135	95	96	.	3.66666666667
44	9	Re5	D5	327	327	3	8	811	95	96	.	4.0
45	9	Re5	D5	327	327	1	16	135	95	96	.	4.05555555556
46	9	Mi5	E5	336	336	1	16	135	95	96	.	4.11111111111
47	9	Re5	D5	327	327	1	16	135	95	96	.	4.16666666667
48	9	Do5	C5	318	318	1	16	135	95	96	.	4.22222222222
49	9	Do5	C5	318	318	1	4	541	95	96	.	4.44444444444
50	9	Do5	C5	318	318	1	16	135	95	96	.	4.5
51	9	Re5	D5	327	327	1	16	135	95	96	.	4.55555555556
52	9	Do5	C5	318	318	1	16	135	95	96	.	4.61111111111
53	9	Si4b5	B4b5	309	309	1	16	135	95	96	.	4.66666666667
54	9	Si4b5	B4b5	309	309	3	8	811	95	96	.	5.0
55	9	Si4b5	B4b5	309	309	1	16	135	95	96	.	5.05555555556
56	9	Do5	C5	318	318	1	16	135	95	96	.	5.11111111111
57	9	Si4b5	B4b5	309	309	1	16	135	95	96	.	5.16666666667
58	9	La4	A4	305	305	1	16	135	95	96	.	5.22222222222
59	9	La4	A4	305	305	1	4	541	95	96	.	5.44444444444
60	9	La4	A4	305	305	1	16	135	95	96	.	5.5
61	9	Si4b5	B4b5	309	309	1	16	135	95	96	.	5.55555555556
62	9	La4	A4	305	305	1	16	135	95	96	.	5.61111111111
63	9	Sol4	G4	296	296	1	16	135	95	96	.	5.66666666667
64	9	Sol4	G4	296	296	3	8	811	95	96	.	6.0
65	9	Sol4	G4	296	296	1	16	135	95	96	.	6.05555555556
66	9	La4	A4	305	305	1	16	135	95	96	.	6.11111111111
67	9	Sol4	G4	296	296	1	16	135	95	96	.	6.16666666667
68	9	Fa4	F4	287	287	1	16	135	95	96	.	6.22222222222
69	9	Fa4	F4	287	287	1	4	541	95	96	.	6.44444444444
70	9	Fa4	F4	287	287	1	16	135	95	96	.	6.5
71	9	Sol4	G4	296	296	1	16	135	95	96	.	6.55555555556
72	9	Fa4	F4	287	287	1	16	135	95	96	.	6.61111111111
73	9	Mi4	E4	283	283	1	16	135	95	96	.	6.66666666667
74	9	Mi4	E4	283	283	1	4	541	95	96	.	6.88888888889
75	9	Re4	D4	274	274	1	8	270	95	96	.	7.0
76	9	Re4	D4	274	274	1	16	135	95	96	.	7.05555555556
77	9	Mi4	E4	283	283	1	16	135	95	96	.	7.11111111111
78	9	Fa4	F4	287	287	1	16	135	95	96	.	7.16666666667
79	9	Sol4	G4	296	296	1	16	135	95	96	.	7.22222222222
80	9	La4	A4	305	305	1	16	135	95	96	.	7.27777777778
81	9	Sol4	G4	296	296	1	16	135	95	96	.	7.33333333333
82	9	Fa4	F4	287	287	1	16	135	95	96	.	7.38888888889
83	9	Mi4	E4	283	283	1	16	135	95	96	.	7.44444444444
84	9	Fa4	F4	287	287	1	16	135	95	96	.	7.5
85	9	Mi4	E4	283	283	1	16	135	95	96	.	7.55555555556
86	9	Re4	D4	274	274	1	16	135	95	96	.	7.61111111111
87	9	Do4#4	C4#4	269	269	1	16	135	95	96	.	7.66666666667
88	9	Re4	D4	274	274	3	8	811	95	96	.	8.0
89	9	Re5	D5	327	327	1	16	135	95	96	ARANAĞME	8.05555555556
90	9	Mi5	E5	336	336	1	16	135	95	96	.	8.11111111111
91	9	Re5	D5	327	327	1	16	135	95	96	.	8.16666666667
92	9	Do5	C5	318	318	1	16	135	95	96	.	8.22222222222
93	9	Do5	C5	318	318	1	4	541	95	96	.	8.44444444444
94	9	Do5	C5	318	318	1	16	135	95	96	.	8.5
95	9	Re5	D5	327	327	1	16	135	95	96	.	8.55555555556
96	9	Do5	C5	318	318	1	16	135	95	96	.	8.61111111111
97	9	Si4b5	B4b5	309	309	1	16	135	95	96	.	8.66666666667
98	9	Si4b5	B4b5	309	309	3	8	811	95	96	.	9.0
99	9	Si4b5	B4b5	309	309	1	16	135	95	96	.	9.05555555556
100	9	Do5	C5	318	318	1	16	135	95	96	.	9.11111111111
101	9	Si4b5	B4b5	309	309	1	16	135	95	96	.	9.16666666667
102	9	La4	A4	305	305	1	16	135	95	96	.	9.22222222222
103	9	La4	A4	305	305	1	4	541	95	96	.	9.44444444444
104	9	La4	A4	305	305	1	16	135	95	96	.	9.5
105	9	Si4b5	B4b5	309	309	1	16	135	95	96	.	9.55555555556
106	9	La4	A4	305	305	1	16	135	95	96	.	9.61111111111
107	9	Sol4	G4	296	296	1	16	135	95	96	.	9.66666666667
108	9	Sol4	G4	296	296	3	8	811	95	96	.	10.0
109	9	Sol4	G4	296	296	1	16	135	95	96	.	10.0555555556
110	9	La4	A4	305	305	1	16	135	95	96	.	10.1111111111
111	9	Sol4	G4	296	296	1	16	135	95	96	.	10.1666666667
112	9	Fa4	F4	287	287	1	16	135	95	96	.	10.2222222222
113	9	Fa4	F4	287	287	1	4	541	95	96	.	10.4444444444
114	9	Fa4	F4	287	287	1	16	135	95	96	.	10.5
115	9	Sol4	G4	296	296	1	16	135	95	96	.	10.5555555556
116	9	Fa4	F4	287	287	1	16	135	95	96	.	10.6111111111
117	9	Mi4	E4	283	283	1	16	135	95	96	.	10.6666666667
118	9	Mi4	E4	283	283	1	4	541	95	96	.	10.8888888889
119	9	Re4	D4	274	274	1	8	270	95	96	.	11.0
120	9	Re4	D4	274	274	1	16	135	95	96	.	11.0555555556
121	9	Mi4	E4	283	283	1	16	135	95	96	.	11.1111111111
122	9	Fa4	F4	287	287	1	16	135	95	96	.	11.1666666667
123	9	Sol4	G4	296	296	1	16	135	95	96	.	11.2222222222
124	9	La4	A4	305	305	1	16	135	95	96	.	11.2777777778
125	9	Si4b5	B4b5	309	309	1	16	135	95	96	.	11.3333333333
126	9	Do5#4	C5#4	322	322	1	16	135	95	96	.	11.3888888889
127	9	Re5	D5	327	327	1	16	135	95	96	.	11.4444444444
128	9	Fa5	F5	340	340	1	16	135	95	96	.	11.5
129	9	Mi5	E5	336	336	1	16	135	95	96	.	11.5555555556
130	9	Re5	D5	327	327	1	16	135	95	96	.	11.6111111111
131	9	Do5#4	C5#4	322	322	1	16	135	95	96	.	11.6666666667
132	9	Re5	D5	327	327	3	8	811	95	96	.	12.0
133	9	Re5	D5	327	327	1	16	135	95	96	.	12.0555555556
134	9	Mi5	E5	336	336	1	16	135	95	96	.	12.1111111111
135	9	Re5	D5	327	327	1	16	135	95	96	.	12.1666666667
136	9	Do5	C5	318	318	1	16	135	95	96	.	12.2222222222
137	9	Do5	C5	318	318	1	4	541	95	96	.	12.4444444444
138	9	Do5	C5	318	318	1	16	135	95	96	.	12.5
139	9	Re5	D5	327	327	1	16	135	95	96	.	12.5555555556
140	9	Do5	C5	318	318	1	16	135	95	96	.	12.6111111111
141	9	Si4b5	B4b5	309	309	1	16	135	95	96	.	12.6666666667
142	9	Si4b5	B4b5	309	309	3	8	811	95	96	.	13.0
143	9	Si4b5	B4b5	309	309	1	16	135	95	96	.	13.0555555556
144	9	Do5	C5	318	318	1	16	135	95	96	.	13.1111111111
145	9	Si4b5	B4b5	309	309	1	16	135	95	96	.	13.1666666667
146	9	La4	A4	305	305	1	16	135	95	96	.	13.2222222222
147	9	La4	A4	305	305	1	4	541	95	96	.	13.4444444444
148	9	La4	A4	305	305	1	16	135	95	96	.	13.5
149	9	Si4b5	B4b5	309	309	1	16	135	95	96	.	13.5555555556
150	9	La4	A4	305	305	1	16	135	95	96	.	13.6111111111
151	9	Sol4	G4	296	296	1	16	135	95	96	.	13.6666666667
152	9	Sol4	G4	296	296	3	8	811	95	96	.	14.0
153	9	Sol4	G4	296	296	1	16	135	95	96	.	14.0555555556
154	9	La4	A4	305	305	1	16	135	95	96	.	14.1111111111
155	9	Sol4	G4	296	296	1	16	135	95	96	.	14.1666666667
156	9	Fa4	F4	287	287	1	16	135	95	96	.	14.2222222222
157	9	Fa4	F4	287	287	1	4	541	95	96	.	14.4444444444
158	9	Fa4	F4	287	287	1	16	135	95	96	.	14.5
159	9	Sol4	G4	296	296	1	16	135	95	96	.	14.5555555556
160	9	Fa4	F4	287	287	1	16	135	95	96	.	14.6111111111
161	9	Mi4	E4	283	283	1	16	135	95	96	.	14.6666666667
162	9	Mi4	E4	283	283	1	4	541	95	96	.	14.8888888889
163	9	Re4	D4	274	274	1	8	270	95	96	.	15.0
164	9	Re4	D4	274	274	1	16	135	95	96	.	15.0555555556
165	9	Mi4	E4	283	283	1	16	135	95	96	.	15.1111111111
166	9	Fa4	F4	287	287	1	16	135	95	96	.	15.1666666667
167	9	Sol4	G4	296	296	1	16	135	95	96	.	15.2222222222
168	9	La4	A4	305	305	1	16	135	95	96	.	15.2777777778
169	9	Sol4	G4	296	296	1	16	135	95	96	.	15.3333333333
170	9	Fa4	F4	287	287	1	16	135	95	96	.	15.3888888889
171	9	Mi4	E4	283	283	1	16	135	95	96	.	15.4444444444
172	9	Fa4	F4	287	287	1	16	135	95	96	.	15.5
173	9	Mi4	E4	283	283	1	16	135	95	96	.	15.5555555556
174	9	Re4	D4	274	274	1	16	135	95	96	.	15.6111111111
175	9	Do4#4	C4#4	269	269	1	16	135	95	96	.	15.6666666667
176	9	Re4	D4	274	274	3	8	811	95	96	.	16.0
177	9	La4	A4	305	305	1	4	541	95	96	Aş	16.2222222222
178	9	Re5	D5	327	327	1	4	541	95	96	kın 	16.4444444444
179	9	Fa5	F5	340	340	1	4	541	95	96	ka	16.6666666667
180	9	Mi5	E5	336	336	1	4	541	99	96	ran	16.8888888889
181	9	Re5	D5	327	327	1	8	270	95	96		17.0
182	9	Do5#4	C5#4	322	322	1	4	541	95	96	lık	17.2222222222
183	9	Re5	D5	327	327	1	4	541	95	96	yo	17.4444444444
184	9	Do5#4	C5#4	322	322	1	8	270	99	96	lun	17.5555555556
185	9	Si4b5	B4b5	309	309	1	8	270	95	96		17.6666666667
186	9	La4	A4	305	305	3	8	811	95	96	da 	18.0
187	9	Si4b5	B4b5	309	309	1	4	541	95	96	kaç 	18.2222222222
188	9	Sol4	G4	296	296	1	4	541	95	96	yıl	18.4444444444
189	9	Do5#4	C5#4	322	322	1	8	270	99	96	dır 	18.5555555556
190	9	Re5	D5	327	327	1	8	270	95	96		18.6666666667
191	9	Mi5	E5	336	336	1	4	541	99	96	yal	18.8888888889
192	9	Re5	D5	327	327	1	8	270	95	96		19.0
193	9	Fa5	F5	340	340	1	8	270	99	96	nız 	19.1111111111
194	9	Mi5	E5	336	336	1	8	270	95	96		19.2222222222
195	9	Re5	D5	327	327	1	8	270	99	96	kal	19.3333333333
196	9	Do5#4	C5#4	322	322	1	8	270	95	96		19.4444444444
197	9	Re5	D5	327	327	1	4	541	95	96	dım  	19.6666666667
198	9	Do5#4	C5#4	322	322	1	8	270	95	96	SAZ	19.7777777778
199	9	Si4b5	B4b5	309	309	1	8	270	95	96	.	19.8888888889
200	9	La4	A4	305	305	1	8	270	95	96	.	20.0
201	9	La4	A4	305	305	1	4	541	95	96	Aş	20.2222222222
202	9	Re5	D5	327	327	1	4	541	95	96	kın 	20.4444444444
203	9	Fa5	F5	340	340	1	4	541	95	96	ka	20.6666666667
204	9	Mi5	E5	336	336	1	4	541	99	96	ran	20.8888888889
205	9	Re5	D5	327	327	1	8	270	95	96		21.0
206	9	Do5#4	C5#4	322	322	1	4	541	95	96	lık	21.2222222222
207	9	Re5	D5	327	327	1	4	541	95	96	yo	21.4444444444
208	9	Do5#4	C5#4	322	322	1	8	270	99	96	lun	21.5555555556
209	9	Si4b5	B4b5	309	309	1	8	270	95	96		21.6666666667
210	9	La4	A4	305	305	3	8	811	95	96	da 	22.0
211	9	Si4b5	B4b5	309	309	1	4	541	95	96	kaç 	22.2222222222
212	9	Sol4	G4	296	296	1	4	541	95	96	yıl	22.4444444444
213	9	Do5#4	C5#4	322	322	1	8	270	99	96	dır 	22.5555555556
214	9	Re5	D5	327	327	1	8	270	95	96		22.6666666667
215	9	Mi5	E5	336	336	1	4	541	99	96	yal	22.8888888889
216	9	Re5	D5	327	327	1	8	270	95	96		23.0
217	9	Fa5	F5	340	340	1	8	270	99	96	nız 	23.1111111111
218	9	Mi5	E5	336	336	1	8	270	95	96		23.2222222222
219	9	Re5	D5	327	327	1	8	270	99	96	kal	23.3333333333
220	9	Do5#4	C5#4	322	322	1	8	270	95	96		23.4444444444
221	9	Re5	D5	327	327	1	4	541	95	96	dım  	23.6666666667
222	9	Sol4	G4	296	296	1	16	135	95	96	SAZ	23.7222222222
223	9	La4	A4	305	305	1	16	135	95	96	.	23.7777777778
224	9	Si4b5	B4b5	309	309	1	16	135	95	96	.	23.8333333333
225	9	Do5	C5	318	318	1	16	135	95	96	.	23.8888888889
226	9	Re5	D5	327	327	1	8	270	95	96	.	24.0
227	9	Re5	D5	327	327	1	8	270	99	96	Bir_	24.1111111111
228	9	Do5	C5	318	318	1	8	270	95	96		24.2222222222
229	9	Do5	C5	318	318	1	4	541	95	96	ı	24.4444444444
230	9	Do5	C5	318	318	1	8	270	99	96	şık 	24.5555555556
231	9	Si4b5	B4b5	309	309	1	8	270	95	96		24.6666666667
232	9	Si4b5	B4b5	309	309	3	8	811	95	96	yok 	25.0
233	9	Si4b5	B4b5	309	309	1	8	270	99	96	bir 	25.1111111111
234	9	La4	A4	305	305	1	8	270	95	96		25.2222222222
235	9	La4	A4	305	305	1	4	541	95	96	yol	25.4444444444
236	9	La4	A4	305	305	1	8	270	99	96	cu 	25.5555555556
237	9	Sol4	G4	296	296	1	8	270	95	96		25.6666666667
238	9	Sol4	G4	296	296	3	8	811	95	96	yok 	26.0
239	9	Fa4	F4	287	287	1	8	270	99	96	her 	26.1111111111
240	9	Mi4	E4	283	283	1	8	270	95	96		26.2222222222
241	9	Re4	D4	274	274	1	4	541	95	96	ta	26.4444444444
242	9	Mi4	E4	283	283	1	8	270	99	96	raf	26.5555555556
243	9	Fa4	F4	287	287	1	8	270	95	96		26.6666666667
244	9	La4	A4	305	305	1	4	541	99	96	tan 	26.8888888889
245	9	Mi4	E4	283	283	1	8	270	95	96		27.0
246	9	Fa4	F4	287	287	1	8	270	99	96	bu	27.1111111111
247	9	Mi4	E4	283	283	1	8	270	95	96		27.2222222222
248	9	Re4	D4	274	274	1	8	270	99	96	nal	27.3333333333
249	9	Do4#4	C4#4	269	269	1	8	270	95	96		27.4444444444
250	9	Re4	D4	274	274	1	4	541	95	96	dım  	27.6666666667
251	9	Sol4	G4	296	296	1	16	135	95	96	SAZ	27.7222222222
252	9	La4	A4	305	305	1	16	135	95	96	.	27.7777777778
253	9	Si4b5	B4b5	309	309	1	16	135	95	96	.	27.8333333333
254	9	Do5	C5	318	318	1	16	135	95	96	.	27.8888888889
255	9	Re5	D5	327	327	1	8	270	95	96	.	28.0
256	9	Re5	D5	327	327	1	8	270	99	96	Bir_	28.1111111111
257	9	Do5	C5	318	318	1	8	270	95	96		28.2222222222
258	9	Do5	C5	318	318	1	4	541	95	96	ı	28.4444444444
259	9	Do5	C5	318	318	1	8	270	99	96	şık 	28.5555555556
260	9	Si4b5	B4b5	309	309	1	8	270	95	96		28.6666666667
261	9	Si4b5	B4b5	309	309	3	8	811	95	96	yok 	29.0
262	9	Si4b5	B4b5	309	309	1	8	270	99	96	bir 	29.1111111111
263	9	La4	A4	305	305	1	8	270	95	96		29.2222222222
264	9	La4	A4	305	305	1	4	541	95	96	yol	29.4444444444
265	9	La4	A4	305	305	1	8	270	99	96	cu 	29.5555555556
266	9	Sol4	G4	296	296	1	8	270	95	96		29.6666666667
267	9	Sol4	G4	296	296	3	8	811	95	96	yok 	30.0
268	9	Fa4	F4	287	287	1	8	270	99	96	her 	30.1111111111
269	9	Mi4	E4	283	283	1	8	270	95	96		30.2222222222
270	9	Re4	D4	274	274	1	4	541	95	96	ta	30.4444444444
271	9	Mi4	E4	283	283	1	8	270	99	96	raf	30.5555555556
272	9	Fa4	F4	287	287	1	8	270	95	96		30.6666666667
273	9	La4	A4	305	305	1	4	541	99	96	tan 	30.8888888889
274	9	Mi4	E4	283	283	1	8	270	95	96		31.0
275	9	Fa4	F4	287	287	1	8	270	99	96	bu	31.1111111111
276	9	Mi4	E4	283	283	1	8	270	95	96		31.2222222222
277	9	Re4	D4	274	274	1	8	270	99	96	nal	31.3333333333
278	9	Do4#4	C4#4	269	269	1	8	270	95	96		31.4444444444
279	9	Re4	D4	274	274	1	4	541	95	96	dım  	31.6666666667
280	9	La5	A5	358	358	3	8	811	95	96	SAZ	32.0
281	9	Sol5	G5	349	349	1	4	541	95	96	Gur	32.2222222222
282	9	La5	A5	358	358	1	4	541	95	96	bet 	32.4444444444
283	9	La5	A5	358	358	1	4	541	95	96	yo	32.6666666667
284	9	La5	A5	358	358	3	8	811	95	96	lu 	33.0
285	9	La5	A5	358	358	1	8	270	99	96	pek_	33.1111111111
286	9	Si5b5	B5b5	362	362	1	8	270	95	96		33.2222222222
287	9	La5	A5	358	358	1	8	270	99	96	u	33.3333333333
288	9	Sol5	G5	349	349	1	8	270	95	96		33.4444444444
289	9	Fa5	F5	340	340	1	8	270	99	96	zun	33.5555555556
290	9	Mi5	E5	336	336	1	8	270	95	96		33.6666666667
291	9	Fa5	F5	340	340	3	8	811	95	96	muş 	34.0
292	9	La5	A5	358	358	1	8	270	99	96	va	34.1111111111
293	9	Si5b5	B5b5	362	362	1	8	270	95	96		34.2222222222
294	9	La5	A5	358	358	1	8	270	99	96	ra	34.3333333333
295	9	Sol5#4	G5#4	353	353	1	8	270	95	96		34.4444444444
296	9	Fa5	F5	340	340	1	8	270	99	96	ma	34.5555555556
297	9	Mi5	E5	336	336	1	8	270	95	96		34.6666666667
298	9	Re5	D5	327	327	1	4	541	99	96	dım 	34.8888888889
299	9	Re6	D6	380	380	1	8	270	95	96		35.0
300	9	Do6#4	C6#4	375	375	1	8	270	99	96	yo	35.1111111111
301	9	Si5b5	B5b5	362	362	1	8	270	95	96		35.2222222222
302	9	La5	A5	358	358	1	8	270	99	96	rul	35.3333333333
303	9	Sol5#4	G5#4	353	353	1	8	270	95	96		35.4444444444
304	9	La5	A5	358	358	1	2	1081	95	96	dum  	35.8888888889
305	9	Es	Es	-1	-1	1	8	270	100	0		36.0
306	9	Sol5	G5	349	349	1	4	541	95	96	Öm	36.2222222222
307	9	Sol5	G5	349	349	1	4	541	95	96	rüm 	36.4444444444
308	9	Sol5	G5	349	349	1	4	541	95	96	sa	36.6666666667
309	9	La5b5	A5b5	353	353	1	4	541	99	96	bah	36.8888888889
310	9	Sol5	G5	349	349	1	8	270	95	96		37.0
311	9	Fa5	F5	340	340	1	4	541	95	96	sız 	37.2222222222
312	9	Fa5	F5	340	340	1	8	270	99	96	şe	37.3333333333
313	9	Mi5	E5	336	336	1	8	270	95	96		37.4444444444
314	9	Re5	D5	327	327	1	8	270	99	96	bin	37.5555555556
315	9	Do5#4	C5#4	322	322	1	16	135	99	96		37.6111111111
316	9	Re5	D5	327	327	1	16	135	95	96		37.6666666667
317	9	Mi5	E5	336	336	3	8	811	95	96	de 	38.0
318	9	Fa5	F5	340	340	1	8	270	99	96	yıl	38.1111111111
319	9	Mi5	E5	336	336	1	8	270	95	96		38.2222222222
320	9	Re5	D5	327	327	1	8	270	99	96	dız	38.3333333333
321	9	Do5#4	C5#4	322	322	1	8	270	95	96		38.4444444444
322	9	Si4b5	B4b5	309	309	1	8	270	99	96	lar	38.5555555556
323	9	La4	A4	305	305	1	8	270	95	96		38.6666666667
324	9	Sol4	G4	296	296	3	8	811	95	96	dan 	39.0
325	9	Fa5	F5	340	340	1	8	270	99	96	so	39.1111111111
326	9	Mi5	E5	336	336	1	8	270	95	96		39.2222222222
327	9	Re5	D5	327	327	1	8	270	99	96	rar	39.3333333333
328	9	Do5#4	C5#4	322	322	1	8	270	95	96		39.4444444444
329	9	Re5	D5	327	327	1	4	541	95	96	dım  	39.6666666667
330	9	Sol4	G4	296	296	1	16	135	95	96	SAZ	39.7222222222
331	9	La4	A4	305	305	1	16	135	95	96	.	39.7777777778
332	9	Si4b5	B4b5	309	309	1	16	135	95	96	.	39.8333333333
333	9	Do5	C5	318	318	1	16	135	95	96	.	39.8888888889
334	9	Re5	D5	327	327	1	8	270	95	96	.	40.0
335	9	Re5	D5	327	327	1	8	270	99	96	Is	40.1111111111
336	9	Do5	C5	318	318	1	8	270	95	96		40.2222222222
337	9	Do5	C5	318	318	1	4	541	95	96	sız 	40.4444444444
338	9	Do5	C5	318	318	1	8	270	99	96	ka	40.5555555556
339	9	Si4b5	B4b5	309	309	1	8	270	95	96		40.6666666667
340	9	Si4b5	B4b5	309	309	3	8	811	95	96	ran	41.0
341	9	Si4b5	B4b5	309	309	1	8	270	99	96	lık 	41.1111111111
342	9	La4	A4	305	305	1	8	270	95	96		41.2222222222
343	9	La4	A4	305	305	1	4	541	95	96	gön	41.4444444444
344	9	La4	A4	305	305	1	8	270	99	96	lüm	41.5555555556
345	9	Sol4	G4	296	296	1	8	270	95	96		41.6666666667
346	9	Sol4	G4	296	296	3	8	811	95	96	de 	42.0
347	9	Fa4	F4	287	287	1	8	270	99	96	sev	42.1111111111
348	9	Mi4	E4	283	283	1	8	270	95	96		42.2222222222
349	9	Re4	D4	274	274	1	4	541	95	96	da	42.4444444444
350	9	Mi4	E4	283	283	1	8	270	99	96	lı	42.5555555556
351	9	Fa4	F4	287	287	1	8	270	95	96		42.6666666667
352	9	La4	A4	305	305	1	4	541	99	96	mı 	42.8888888889
353	9	Mi4	E4	283	283	1	8	270	95	96		43.0
354	9	Fa4	F4	287	287	1	8	270	99	96	a	43.1111111111
355	9	Mi4	E4	283	283	1	8	270	95	96		43.2222222222
356	9	Re4	D4	274	274	1	8	270	99	96	rar	43.3333333333
357	9	Do4#4	C4#4	269	269	1	8	270	95	96		43.4444444444
358	9	Re4	D4	274	274	1	4	541	95	96	dım  	43.6666666667
359	9	Sol4	G4	296	296	1	16	135	95	96	SAZ	43.7222222222
360	9	La4	A4	305	305	1	16	135	95	96	.	43.7777777778
361	9	Si4b5	B4b5	309	309	1	16	135	95	96	.	43.8333333333
362	9	Do5	C5	318	318	1	16	135	95	96	.	43.8888888889
363	9	Re5	D5	327	327	1	8	270	95	96	.	44.0
364	9	Re5	D5	327	327	1	8	270	99	96	Is	44.1111111111
365	9	Do5	C5	318	318	1	8	270	95	96		44.2222222222
366	9	Do5	C5	318	318	1	4	541	95	96	sız 	44.4444444444
367	9	Do5	C5	318	318	1	8	270	99	96	ka	44.5555555556
368	9	Si4b5	B4b5	309	309	1	8	270	95	96		44.6666666667
369	9	Si4b5	B4b5	309	309	3	8	811	95	96	ran	45.0
370	9	Si4b5	B4b5	309	309	1	8	270	99	96	lık 	45.1111111111
371	9	La4	A4	305	305	1	8	270	95	96		45.2222222222
372	9	La4	A4	305	305	1	4	541	95	96	gön	45.4444444444
373	9	La4	A4	305	305	1	8	270	99	96	lüm	45.5555555556
374	9	Sol4	G4	296	296	1	8	270	95	96		45.6666666667
375	9	Sol4	G4	296	296	3	8	811	95	96	de 	46.0
376	9	Fa4	F4	287	287	1	8	270	99	96	sev	46.1111111111
377	9	Mi4	E4	283	283	1	8	270	95	96		46.2222222222
378	9	Re4	D4	274	274	1	4	541	95	96	da	46.4444444444
379	9	Mi4	E4	283	283	1	8	270	99	96	lı	46.5555555556
380	9	Fa4	F4	287	287	1	8	270	95	96		46.6666666667
381	9	La4	A4	305	305	1	4	541	99	96	mı 	46.8888888889
382	9	Mi4	E4	283	283	1	8	270	95	96		47.0
383	9	Fa4	F4	287	287	1	8	270	99	96	a	47.1111111111
384	9	Mi4	E4	283	283	1	8	270	95	96		47.2222222222
385	9	Re4	D4	274	274	1	8	270	99	96	rar	47.3333333333
386	9	Do4#4	C4#4	269	269	1	8	270	95	96		47.4444444444
387	9	Re4	D4	274	274	5	8	1352	95	96	dım  	48.0
