Sira	Kod	Nota53	NotaAE	Koma53	KomaAE	Pay	Payda	Ms	LNS	Bas	Soz1	Offset
1	9	Sol5	G5	349	349	3	16	750	95	96	ARANAĞME	0.166667
2	9	Fa5#4	F5#4	344	344	1	16	250	95	96	.	0.222222
3	9	Fa5#4	F5#4	344	344	3	16	750	95	96	.	0.388889
4	9	Mi5b4	E5b4	332	332	1	16	250	95	96	.	0.444444
5	9	Mi5b4	E5b4	332	332	3	16	750	95	96	.	0.611111
6	9	Re5	D5	327	327	1	16	250	95	96	.	0.666667
7	9	Sol5	G5	349	349	1	16	250	95	96	.	0.722222
8	9	Fa5#4	F5#4	344	344	1	16	250	95	96	.	0.777778
9	9	Mi5b4	E5b4	332	332	1	16	250	95	96	.	0.833333
10	9	Re5	D5	327	327	1	16	250	95	96	.	0.888889
11	9	Do5	C5	318	318	1	8	500	95	96	.	1.000000
12	9	Re5	D5	327	327	3	16	750	95	96	.	1.166667
13	9	Mi5b4	E5b4	332	332	1	16	250	95	96	.	1.222222
14	9	Fa5#4	F5#4	344	344	1	8	500	95	96	.	1.333333
15	9	Mi5b4	E5b4	332	332	1	16	250	95	96	.	1.388889
16	9	Re5	D5	327	327	1	16	250	95	96	.	1.444444
17	9	Re5	D5	327	327	1	16	250	95	96	.	1.500000
18	9	Do5	C5	318	318	1	16	250	95	96	.	1.555556
19	9	Do5	C5	318	318	1	16	250	95	96	.	1.611111
20	9	Si4b1	B4b1	313	313	1	16	250	95	96	.	1.666667
21	9	Do5	C5	318	318	1	16	250	95	96	.	1.722222
22	9	Re5	D5	327	327	1	16	250	95	96	.	1.777778
23	9	Mi5b4	E5b4	332	332	1	16	250	95	96	.	1.833333
24	9	Fa5#4	F5#4	344	344	1	16	250	95	96	.	1.888889
25	9	Sol5	G5	349	349	1	8	500	95	96	.	2.000000
26	9	Sol5	G5	349	349	3	16	750	95	96	.	2.166667
27	9	Fa5#4	F5#4	344	344	1	16	250	95	96	.	2.222222
28	9	Fa5#4	F5#4	344	344	3	16	750	95	96	.	2.388889
29	9	Mi5b4	E5b4	332	332	1	16	250	95	96	.	2.444444
30	9	Mi5b4	E5b4	332	332	3	16	750	95	96	.	2.611111
31	9	Re5	D5	327	327	1	16	250	95	96	.	2.666667
32	9	Sol5	G5	349	349	1	16	250	95	96	.	2.722222
33	9	Fa5#4	F5#4	344	344	1	16	250	95	96	.	2.777778
34	9	Mi5b4	E5b4	332	332	1	16	250	95	96	.	2.833333
35	9	Re5	D5	327	327	1	16	250	95	96	.	2.888889
36	9	Do5	C5	318	318	1	8	500	95	96	.	3.000000
37	9	Si4b1	B4b1	313	313	1	8	500	95	96	.	3.111111
38	9	La4b4	A4b4	301	301	1	16	250	95	96	.	3.166667
39	9	Sol4	G4	296	296	1	16	250	95	96	.	3.222222
40	9	Re5	D5	327	327	1	8	500	95	96	.	3.333333
41	9	Do5	C5	318	318	1	16	250	95	96	.	3.388889
42	9	Si4b1	B4b1	313	313	1	16	250	95	96	.	3.444444
43	9	Si4b1	B4b1	313	313	1	16	250	95	96	.	3.500000
44	9	La4b4	A4b4	301	301	1	16	250	95	96	.	3.555556
45	9	La4b4	A4b4	301	301	1	16	250	95	96	.	3.611111
46	9	Sol4	G4	296	296	1	16	250	95	96	.	3.666667
47	9	Sol4	G4	296	296	1	4	1000	95	96	.	3.888889
48	9	Es	Es	-1	-1	1	8	500	100	0		4.000000
49	9	Sol5	G5	349	349	3	16	750	95	96	ARANAĞME	4.166667
50	9	Fa5#4	F5#4	344	344	1	16	250	95	96	.	4.222222
51	9	Fa5#4	F5#4	344	344	3	16	750	95	96	.	4.388889
52	9	Mi5b4	E5b4	332	332	1	16	250	95	96	.	4.444445
53	9	Mi5b4	E5b4	332	332	3	16	750	95	96	.	4.611111
54	9	Re5	D5	327	327	1	16	250	95	96	.	4.666667
55	9	Sol5	G5	349	349	1	16	250	95	96	.	4.722222
56	9	Fa5#4	F5#4	344	344	1	16	250	95	96	.	4.777778
57	9	Mi5b4	E5b4	332	332	1	16	250	95	96	.	4.833333
58	9	Re5	D5	327	327	1	16	250	95	96	.	4.888889
59	9	Do5	C5	318	318	1	8	500	95	96	.	5.000000
60	9	Re5	D5	327	327	3	16	750	95	96	.	5.166667
61	9	Mi5b4	E5b4	332	332	1	16	250	95	96	.	5.222222
62	9	Fa5#4	F5#4	344	344	1	8	500	95	96	.	5.333333
63	9	Mi5b4	E5b4	332	332	1	16	250	95	96	.	5.388889
64	9	Re5	D5	327	327	1	16	250	95	96	.	5.444445
65	9	Re5	D5	327	327	1	16	250	95	96	.	5.500000
66	9	Do5	C5	318	318	1	16	250	95	96	.	5.555555
67	9	Do5	C5	318	318	1	16	250	95	96	.	5.611111
68	9	Si4b1	B4b1	313	313	1	16	250	95	96	.	5.666667
69	9	Do5	C5	318	318	1	16	250	95	96	.	5.722222
70	9	Re5	D5	327	327	1	16	250	95	96	.	5.777778
71	9	Mi5b4	E5b4	332	332	1	16	250	95	96	.	5.833333
72	9	Fa5#4	F5#4	344	344	1	16	250	95	96	.	5.888889
73	9	Sol5	G5	349	349	1	8	500	95	96	.	6.000000
74	9	Sol5	G5	349	349	3	16	750	95	96	.	6.166667
75	9	Fa5#4	F5#4	344	344	1	16	250	95	96	.	6.222222
76	9	Fa5#4	F5#4	344	344	3	16	750	95	96	.	6.388889
77	9	Mi5b4	E5b4	332	332	1	16	250	95	96	.	6.444445
78	9	Mi5b4	E5b4	332	332	3	16	750	95	96	.	6.611111
79	9	Re5	D5	327	327	1	16	250	95	96	.	6.666667
80	9	Sol5	G5	349	349	1	16	250	95	96	.	6.722222
81	9	Fa5#4	F5#4	344	344	1	16	250	95	96	.	6.777778
82	9	Mi5b4	E5b4	332	332	1	16	250	95	96	.	6.833333
83	9	Re5	D5	327	327	1	16	250	95	96	.	6.888889
84	9	Do5	C5	318	318	1	8	500	95	96	.	7.000000
85	9	Si4b1	B4b1	313	313	1	8	500	95	96	.	7.111111
86	9	La4b4	A4b4	301	301	1	16	250	95	96	.	7.166667
87	9	Sol4	G4	296	296	1	16	250	95	96	.	7.222222
88	9	Re5	D5	327	327	1	8	500	95	96	.	7.333333
89	9	Do5	C5	318	318	1	16	250	95	96	.	7.388889
90	9	Si4b1	B4b1	313	313	1	16	250	95	96	.	7.444445
91	9	Si4b1	B4b1	313	313	1	16	250	95	96	.	7.500000
92	9	La4b4	A4b4	301	301	1	16	250	95	96	.	7.555555
93	9	La4b4	A4b4	301	301	1	16	250	95	96	.	7.611111
94	9	Sol4	G4	296	296	1	16	250	95	96	.	7.666667
95	9	Sol4	G4	296	296	1	4	1000	95	96	.	7.888889
96	9	Es	Es	-1	-1	1	8	500	100	0		8.000000
97	9	Do5	C5	318	318	3	16	750	95	96	Bir 	8.166667
98	9	Re5	D5	327	327	1	16	250	95	96		8.222222
99	9	Re5	D5	327	327	1	4	1000	95	96	sihr_	8.444445
100	9	Mi5b4	E5b4	332	332	1	16	250	95	96	i 	8.500000
101	9	Fa5#4	F5#4	344	344	1	16	250	95	96		8.555555
102	9	Mi5b4	E5b4	332	332	1	16	250	95	96	ta	8.611111
103	9	Re5	D5	327	327	1	16	250	95	96		8.666667
104	9	Mi5b4	E5b4	332	332	1	16	250	95	96	rab 	8.722222
105	9	Re5	D5	327	327	1	16	250	95	96		8.777778
106	9	Do5	C5	318	318	1	16	250	95	96		8.833333
107	9	Si4b1	B4b1	313	313	1	16	250	95	96		8.888889
108	9	Do5	C5	318	318	1	16	250	95	96		8.944445
109	9	Re5	D5	327	327	1	16	250	95	96		9.000000
110	9	Es	Es	-1	-1	1	16	250	100	0		9.055555
111	9	Fa5#4	F5#4	344	344	1	16	250	95	96	nağ	9.111111
112	9	Mi5b4	E5b4	332	332	1	16	250	95	96		9.166667
113	9	Re5	D5	327	327	1	16	250	95	96		9.222222
114	9	Re5	D5	327	327	1	16	250	95	96	me 	9.277778
115	9	Do5	C5	318	318	1	16	250	95	96		9.333333
116	9	Do5	C5	318	318	1	16	250	95	96	i 	9.388889
117	9	Si4b1	B4b1	313	313	1	16	250	95	96		9.444445
118	9	Do5	C5	318	318	5	8	2500	95	96	sâ 	10.000000
119	9	Do5	C5	318	318	3	16	750	95	96	sâ	10.166670
120	9	Mi5b4	E5b4	332	332	1	16	250	95	96		10.222220
121	9	Re5	D5	327	327	1	8	500	95	96		10.333330
122	9	Do5	C5	318	318	1	8	500	95	96		10.444440
123	9	Si4b1	B4b1	313	313	1	8	500	95	96		10.555560
124	9	La4b4	A4b4	301	301	1	16	250	95	96		10.611110
125	9	Si4b1	B4b1	313	313	1	16	250	95	96		10.666670
126	9	Re5	D5	327	327	1	16	250	95	96		10.722220
127	9	Do5	C5	318	318	1	16	250	95	96		10.777780
128	9	Si4b1	B4b1	313	313	1	16	250	95	96		10.833330
129	9	La4b4	A4b4	301	301	1	16	250	95	96		10.888890
130	9	Sol4	G4	296	296	1	16	250	95	96		10.944440
131	9	Fa4#4	F4#4	291	291	1	16	250	95	96		11.000000
132	9	Sol4	G4	296	296	3	16	750	95	96	zın	11.166670
133	9	La4b4	A4b4	301	301	1	16	250	95	96		11.222220
134	9	Si4b1	B4b1	313	313	1	8	500	95	96	da	11.333330
135	9	Do5	C5	318	318	1	8	500	95	96	ki 	11.444440
136	9	Re5	D5	327	327	1	8	500	95	96	te	11.555560
137	9	Do5	C5	318	318	1	16	250	95	96		11.611110
138	9	Si4b1	B4b1	313	313	1	16	250	95	96		11.666670
139	9	Mi5b4	E5b4	332	332	1	16	250	95	96		11.722220
140	9	Re5	D5	327	327	1	16	250	95	96		11.777780
141	9	Do5	C5	318	318	1	16	250	95	96		11.833330
142	9	Si4b1	B4b1	313	313	1	16	250	95	96		11.888890
143	9	Do5	C5	318	318	1	16	250	95	96		11.944440
144	9	Re5	D5	327	327	1	16	250	95	96		12.000000
145	9	Do5	C5	318	318	1	8	500	95	96	sir  	12.111110
146	9	Re5	D5	327	327	1	4	1000	95	96		12.333330
147	9	Fa5#4	F5#4	344	344	1	16	250	95	96	SAZ	12.388890
148	9	Mi5b4	E5b4	332	332	1	16	250	95	96	.	12.444440
149	9	Re5	D5	327	327	1	16	250	95	96	.	12.500000
150	9	Do5	C5	318	318	1	16	250	95	96	.	12.555560
151	9	Si4b1	B4b1	313	313	1	16	250	95	96	.	12.611110
152	9	Do5	C5	318	318	1	16	250	95	96	.	12.666670
153	9	Re5	D5	327	327	1	4	1000	95	96	.	12.888890
154	9	Es	Es	-1	-1	1	8	500	100	0		13.000000
155	9	Sol5	G5	349	349	1	16	250	95	96	Hep 	13.055560
156	9	Fa5#4	F5#4	344	344	1	16	250	95	96		13.111110
157	9	Mi5b4	E5b4	332	332	1	16	250	95	96		13.166670
158	9	Re5	D5	327	327	1	16	250	95	96		13.222220
159	9	Do5	C5	318	318	1	16	250	95	96	ya	13.277780
160	9	Re5	D5	327	327	1	16	250	95	96		13.333330
161	9	Mi5b4	E5b4	332	332	1	16	250	95	96		13.388890
162	9	Fa5#4	F5#4	344	344	1	16	250	95	96		13.444440
163	9	Re5	D5	327	327	1	16	250	95	96	re	13.500000
164	9	Fa5#4	F5#4	344	344	1	16	250	95	96		13.555560
165	9	Mi5b4	E5b4	332	332	1	16	250	95	96	li 	13.611110
166	9	Re5	D5	327	327	1	16	250	95	96		13.666670
167	9	Mi5b4	E5b4	332	332	1	16	250	95	96	ses	13.722220
168	9	Re5	D5	327	327	1	16	250	95	96		13.777780
169	9	Do5	C5	318	318	1	16	250	95	96		13.833330
170	9	Si4b1	B4b1	313	313	1	16	250	95	96		13.888890
171	9	Do5	C5	318	318	1	8	500	95	96		14.000000
172	9	Do5	C5	318	318	3	16	750	95	96	ler	14.166670
173	9	Re5	D5	327	327	1	16	250	95	96		14.222220
174	9	Mi5b4	E5b4	332	332	1	16	250	95	96	le 	14.277780
175	9	Fa5#4	F5#4	344	344	1	16	250	95	96		14.333330
176	9	Mi5b4	E5b4	332	332	1	16	250	95	96	e	14.388890
177	9	Re5	D5	327	327	1	16	250	95	96		14.444440
178	9	Re5	D5	327	327	1	2	2000	95	96	der 	14.888890
179	9	Es	Es	-1	-1	1	8	500	100	0		15.000000
180	9	Sol4	G4	296	296	1	4	1000	95	96	ru	15.222220
181	9	Si4b1	B4b1	313	313	1	4	1000	95	96		15.444440
182	9	Do5	C5	318	318	1	16	250	95	96		15.500000
183	9	Do5	C5	318	318	1	16	250	95	96		15.555560
184	9	Si4b1	B4b1	313	313	1	16	250	95	96		15.611110
185	9	La4b4	A4b4	301	301	1	16	250	95	96		15.666670
186	9	Sol4	G4	296	296	1	4	1000	95	96		15.888890
187	9	Sol5	G5	349	349	1	8	500	95	96		16.000000
188	9	Fa5#4	F5#4	344	344	1	16	250	95	96		16.055560
189	9	Mi5b4	E5b4	332	332	1	16	250	95	96		16.111110
190	9	Re5	D5	327	327	1	16	250	95	96		16.166670
191	9	Do5	C5	318	318	1	16	250	95	96		16.222220
192	9	Si4b1	B4b1	313	313	1	8	500	95	96	hu	16.333330
193	9	Do5	C5	318	318	1	8	500	95	96	mu 	16.444440
194	9	Si4b1	B4b1	313	313	1	8	500	95	96	tes	16.555560
195	9	La4b4	A4b4	301	301	1	16	250	95	96		16.611110
196	9	Sol4	G4	296	296	1	16	250	95	96		16.666670
197	9	Do5	C5	318	318	1	8	500	95	96		16.777780
198	9	Si4b1	B4b1	313	313	1	16	250	95	96		16.833330
199	9	La4b4	A4b4	301	301	1	16	250	95	96		16.888890
200	9	La4b4	A4b4	301	301	1	16	250	95	96		16.944440
201	9	Sol4	G4	296	296	1	16	250	95	96		17.000000
202	9	Sol4	G4	296	296	3	8	1500	95	96	hir  	17.333330
203	9	Re5	D5	327	327	1	16	250	95	96	SAZ	17.388890
204	9	Mi5b4	E5b4	332	332	1	16	250	95	96	.	17.444440
205	9	Re5	D5	327	327	1	16	250	95	96	.	17.500000
206	9	Do5	C5	318	318	1	16	250	95	96	.	17.555560
207	9	Si4b1	B4b1	313	313	1	16	250	95	96	.	17.611110
208	9	Do5	C5	318	318	1	16	250	95	96	.	17.666670
209	9	Re5	D5	327	327	1	4	1000	95	96	.	17.888890
210	9	Es	Es	-1	-1	1	8	500	100	0		18.000000
211	9	Sol5	G5	349	349	1	16	250	95	96	Hep 	18.055560
212	9	Fa5#4	F5#4	344	344	1	16	250	95	96		18.111110
213	9	Mi5b4	E5b4	332	332	1	16	250	95	96		18.166670
214	9	Re5	D5	327	327	1	16	250	95	96		18.222220
215	9	Do5	C5	318	318	1	16	250	95	96	ya	18.277780
216	9	Re5	D5	327	327	1	16	250	95	96		18.333330
217	9	Mi5b4	E5b4	332	332	1	16	250	95	96		18.388890
218	9	Fa5#4	F5#4	344	344	1	16	250	95	96		18.444440
219	9	Re5	D5	327	327	1	16	250	95	96	re	18.500000
220	9	Fa5#4	F5#4	344	344	1	16	250	95	96		18.555560
221	9	Mi5b4	E5b4	332	332	1	16	250	95	96	li 	18.611110
222	9	Re5	D5	327	327	1	16	250	95	96		18.666670
223	9	Mi5b4	E5b4	332	332	1	16	250	95	96	ses	18.722220
224	9	Re5	D5	327	327	1	16	250	95	96		18.777780
225	9	Do5	C5	318	318	1	16	250	95	96		18.833330
226	9	Si4b1	B4b1	313	313	1	16	250	95	96		18.888890
227	9	Do5	C5	318	318	1	8	500	95	96		19.000000
228	9	Do5	C5	318	318	3	16	750	95	96	ler	19.166670
229	9	Re5	D5	327	327	1	16	250	95	96		19.222220
230	9	Mi5b4	E5b4	332	332	1	16	250	95	96	le 	19.277780
231	9	Fa5#4	F5#4	344	344	1	16	250	95	96		19.333330
232	9	Mi5b4	E5b4	332	332	1	16	250	95	96	e	19.388890
233	9	Re5	D5	327	327	1	16	250	95	96		19.444440
234	9	Re5	D5	327	327	1	2	2000	95	96	der 	19.888890
235	9	Es	Es	-1	-1	1	8	500	100	0		20.000000
236	9	Sol4	G4	296	296	1	4	1000	95	96	ru	20.222220
237	9	Si4b1	B4b1	313	313	1	4	1000	95	96		20.444440
238	9	Do5	C5	318	318	1	16	250	95	96		20.500000
239	9	Do5	C5	318	318	1	16	250	95	96		20.555560
240	9	Si4b1	B4b1	313	313	1	16	250	95	96		20.611110
241	9	La4b4	A4b4	301	301	1	16	250	95	96		20.666670
242	9	Sol4	G4	296	296	1	4	1000	95	96		20.888890
243	9	Sol5	G5	349	349	1	8	500	95	96		21.000000
244	9	Fa5#4	F5#4	344	344	1	16	250	95	96		21.055560
245	9	Mi5b4	E5b4	332	332	1	16	250	95	96		21.111110
246	9	Re5	D5	327	327	1	16	250	95	96		21.166670
247	9	Do5	C5	318	318	1	16	250	95	96		21.222220
248	9	Si4b1	B4b1	313	313	1	8	500	95	96	hu	21.333330
249	9	Do5	C5	318	318	1	8	500	95	96	mu 	21.444440
250	9	Si4b1	B4b1	313	313	1	8	500	95	96	tes	21.555560
251	9	La4b4	A4b4	301	301	1	16	250	95	96		21.611110
252	9	Sol4	G4	296	296	1	16	250	95	96		21.666670
253	9	Do5	C5	318	318	1	8	500	95	96		21.777780
254	9	Si4b1	B4b1	313	313	1	16	250	95	96		21.833330
255	9	La4b4	A4b4	301	301	1	16	250	95	96		21.888890
256	9	La4b4	A4b4	301	301	1	16	250	95	96		21.944440
257	9	Sol4	G4	296	296	1	16	250	95	96		22.000000
258	9	Sol4	G4	296	296	3	8	1500	95	96	hir  	22.333330
259	9	La5	A5	358	358	1	16	250	95	96	SAZ	22.388890
260	9	Si5b5	B5b5	362	362	1	16	250	95	96	.	22.444440
261	9	La5	A5	358	358	1	16	250	95	96	.	22.500000
262	9	Sol5	G5	349	349	1	16	250	95	96	.	22.555560
263	9	Fa5	F5	340	340	1	16	250	95	96	.	22.611110
264	9	Sol5	G5	349	349	1	16	250	95	96	.	22.666670
265	9	La5	A5	358	358	1	4	1000	95	96	.	22.888890
266	9	Es	Es	-1	-1	1	8	500	100	0		23.000000
267	9	Sol5	G5	349	349	3	16	750	95	96	Hic	23.166670
268	9	La5	A5	358	358	1	16	250	95	96		23.222220
269	9	La5	A5	358	358	1	4	1000	95	96	ran	23.444440
270	9	Si5b4	B5b4	363	363	1	16	250	95	96	ze	23.500000
271	9	La5	A5	358	358	1	16	250	95	96		23.555560
272	9	Sol5	G5	349	349	1	16	250	95	96	de 	23.611110
273	9	Fa5	F5	340	340	1	16	250	95	96		23.666670
274	9	Sol5	G5	349	349	1	16	250	95	96	sev	23.722220
275	9	La5	A5	358	358	1	16	250	95	96		23.777780
276	9	Si5b4	B5b4	363	363	1	16	250	95	96		23.833330
277	9	Do6	C6	371	371	1	16	250	95	96		23.888890
278	9	La5	A5	358	358	1	16	250	95	96		23.944440
279	9	Sol5	G5	349	349	1	16	250	95	96		24.000000
280	9	Sol5	G5	349	349	1	16	250	95	96		24.055560
281	9	Si5b5	B5b5	362	362	1	16	250	95	96	da	24.111110
282	9	La5	A5	358	358	1	16	250	95	96		24.166670
283	9	Sol5	G5	349	349	1	16	250	95	96		24.222220
284	9	Sol5	G5	349	349	1	16	250	95	96	la	24.277780
285	9	Fa5	F5	340	340	1	16	250	95	96		24.333330
286	9	Sol5	G5	349	349	1	16	250	95	96	rı 	24.388890
287	9	La5	A5	358	358	1	16	250	95	96		24.444440
288	9	Si5b5	B5b5	362	362	1	16	250	95	96	ey	24.500000
289	9	La5	A5	358	358	1	16	250	95	96		24.555560
290	9	Sol5	G5	349	349	1	16	250	95	96		24.611110
291	9	Fa5	F5	340	340	1	16	250	95	96		24.666670
292	9	Sol5	G5	349	349	3	8	1500	95	96		25.000000
293	9	Fa5	F5	340	340	1	8	500	95	96	ler 	25.111110
294	9	Sol5	G5	349	349	5	8	2500	95	96		25.666670
295	9	Si5b4	B5b4	363	363	1	16	250	95	96		25.722220
296	9	La5	A5	358	358	1	16	250	95	96		25.777780
297	9	Sol5	G5	349	349	1	16	250	95	96		25.833330
298	9	Fa5	F5	340	340	1	16	250	95	96		25.888890
299	9	Mi5b4	E5b4	332	332	1	16	250	95	96		25.944440
300	9	Re5	D5	327	327	1	16	250	95	96		26.000000
301	9	Do5	C5	318	318	1	16	250	95	96		26.055560
302	9	Re5	D5	327	327	1	16	250	95	96		26.111110
303	9	Mi5b4	E5b4	332	332	1	16	250	95	96		26.166670
304	9	Fa5	F5	340	340	1	16	250	95	96		26.222220
305	9	Sol5	G5	349	349	1	16	250	95	96	ba	26.277780
306	9	Si5b5	B5b5	362	362	1	16	250	95	96		26.333330
307	9	La5	A5	358	358	1	16	250	95	96	na 	26.388890
308	9	Sol5	G5	349	349	1	16	250	95	96		26.444440
309	9	Sol5	G5	349	349	1	16	250	95	96	tas	26.500000
310	9	Fa5#4	F5#4	344	344	1	16	250	95	96		26.555560
311	9	Fa5#4	F5#4	344	344	1	16	250	95	96		26.611110
312	9	Mi5b4	E5b4	332	332	1	16	250	95	96		26.666670
313	9	Fa5#4	F5#4	344	344	1	8	500	95	96		26.777780
314	8	Sol5	G5	349	349	0	0	0	95	96		26.777780
315	9	Fa5#4	F5#4	344	344	1	16	250	95	96		26.833330
316	9	Mi5b4	E5b4	332	332	1	16	250	95	96		26.888890
317	9	Mi5b4	E5b4	332	332	1	16	250	95	96		26.944440
318	9	Re5	D5	327	327	1	16	250	95	96		27.000000
319	9	Re5	D5	327	327	3	8	1500	95	96	vir  	27.333330
320	9	Fa5#4	F5#4	344	344	1	16	250	95	96	SAZ	27.388890
321	9	Mi5b4	E5b4	332	332	1	16	250	95	96	.	27.444440
322	9	Re5	D5	327	327	1	16	250	95	96	.	27.500000
323	9	Do5	C5	318	318	1	16	250	95	96	.	27.555560
324	9	Si4b1	B4b1	313	313	1	16	250	95	96	.	27.611110
325	9	Do5	C5	318	318	1	16	250	95	96	.	27.666670
326	9	Re5	D5	327	327	1	4	1000	95	96	.	27.888890
327	9	Es	Es	-1	-1	1	8	500	100	0		28.000000
328	9	Sol5	G5	349	349	1	16	250	95	96	Hep 	28.055560
329	9	Fa5#4	F5#4	344	344	1	16	250	95	96		28.111110
330	9	Mi5b4	E5b4	332	332	1	16	250	95	96		28.166670
331	9	Re5	D5	327	327	1	16	250	95	96		28.222220
332	9	Do5	C5	318	318	1	16	250	95	96	ya	28.277780
333	9	Re5	D5	327	327	1	16	250	95	96		28.333330
334	9	Mi5b4	E5b4	332	332	1	16	250	95	96		28.388890
335	9	Fa5#4	F5#4	344	344	1	16	250	95	96		28.444440
336	9	Re5	D5	327	327	1	16	250	95	96	re	28.500000
337	9	Fa5#4	F5#4	344	344	1	16	250	95	96		28.555560
338	9	Mi5b4	E5b4	332	332	1	16	250	95	96	li 	28.611110
339	9	Re5	D5	327	327	1	16	250	95	96		28.666670
340	9	Mi5b4	E5b4	332	332	1	16	250	95	96	ses	28.722220
341	9	Re5	D5	327	327	1	16	250	95	96		28.777780
342	9	Do5	C5	318	318	1	16	250	95	96		28.833330
343	9	Si4b1	B4b1	313	313	1	16	250	95	96		28.888890
344	9	Do5	C5	318	318	1	8	500	95	96		29.000000
345	9	Do5	C5	318	318	3	16	750	95	96	ler	29.166670
346	9	Re5	D5	327	327	1	16	250	95	96		29.222220
347	9	Mi5b4	E5b4	332	332	1	16	250	95	96	le 	29.277780
348	9	Fa5#4	F5#4	344	344	1	16	250	95	96		29.333330
349	9	Mi5b4	E5b4	332	332	1	16	250	95	96	e	29.388890
350	9	Re5	D5	327	327	1	16	250	95	96		29.444440
351	9	Re5	D5	327	327	1	2	2000	95	96	der 	29.888890
352	9	Es	Es	-1	-1	1	8	500	100	0		30.000000
353	9	Sol4	G4	296	296	1	4	1000	95	96	ru	30.222220
354	9	Si4b1	B4b1	313	313	1	4	1000	95	96		30.444440
355	9	Do5	C5	318	318	1	16	250	95	96		30.500000
356	9	Do5	C5	318	318	1	16	250	95	96		30.555560
357	9	Si4b1	B4b1	313	313	1	16	250	95	96		30.611110
358	9	La4b4	A4b4	301	301	1	16	250	95	96		30.666670
359	9	Sol4	G4	296	296	1	4	1000	95	96		30.888890
360	9	Sol5	G5	349	349	1	8	500	95	96		31.000000
361	9	Fa5#4	F5#4	344	344	1	16	250	95	96		31.055560
362	9	Mi5b4	E5b4	332	332	1	16	250	95	96		31.111110
363	9	Re5	D5	327	327	1	16	250	95	96		31.166670
364	9	Do5	C5	318	318	1	16	250	95	96		31.222220
365	9	Si4b1	B4b1	313	313	1	8	500	95	96	hu	31.333330
366	9	Do5	C5	318	318	1	8	500	95	96	mu 	31.444440
367	9	Si4b1	B4b1	313	313	1	8	500	95	96	tes	31.555560
368	9	La4b4	A4b4	301	301	1	16	250	95	96		31.611110
369	9	Sol4	G4	296	296	1	16	250	95	96		31.666670
370	9	Do5	C5	318	318	1	8	500	95	96		31.777780
371	9	Si4b1	B4b1	313	313	1	16	250	95	96		31.833330
372	9	La4b4	A4b4	301	301	1	16	250	95	96		31.888890
373	9	La4b4	A4b4	301	301	1	16	250	95	96		31.944440
374	9	Sol4	G4	296	296	1	16	250	95	96		32.000000
375	9	Sol4	G4	296	296	3	8	1500	95	96	hir  	32.333330
376	9	Re5	D5	327	327	1	16	250	95	96	SAZ	32.388890
377	9	Mi5b4	E5b4	332	332	1	16	250	95	96	.	32.444440
378	9	Re5	D5	327	327	1	16	250	95	96	.	32.500000
379	9	Do5	C5	318	318	1	16	250	95	96	.	32.555560
380	9	Si4b1	B4b1	313	313	1	16	250	95	96	.	32.611110
381	9	Do5	C5	318	318	1	16	250	95	96	.	32.666670
382	9	Re5	D5	327	327	1	4	1000	95	96	.	32.888890
383	9	Es	Es	-1	-1	1	8	500	100	0		33.000000
384	9	Sol5	G5	349	349	1	16	250	95	96	Hep 	33.055560
385	9	Fa5#4	F5#4	344	344	1	16	250	95	96		33.111110
386	9	Mi5b4	E5b4	332	332	1	16	250	95	96		33.166670
387	9	Re5	D5	327	327	1	16	250	95	96		33.222220
388	9	Do5	C5	318	318	1	16	250	95	96	ya	33.277780
389	9	Re5	D5	327	327	1	16	250	95	96		33.333330
390	9	Mi5b4	E5b4	332	332	1	16	250	95	96		33.388890
391	9	Fa5#4	F5#4	344	344	1	16	250	95	96		33.444440
392	9	Re5	D5	327	327	1	16	250	95	96	re	33.500000
393	9	Fa5#4	F5#4	344	344	1	16	250	95	96		33.555560
394	9	Mi5b4	E5b4	332	332	1	16	250	95	96	li 	33.611110
395	9	Re5	D5	327	327	1	16	250	95	96		33.666670
396	9	Mi5b4	E5b4	332	332	1	16	250	95	96	ses	33.722220
397	9	Re5	D5	327	327	1	16	250	95	96		33.777780
398	9	Do5	C5	318	318	1	16	250	95	96		33.833330
399	9	Si4b1	B4b1	313	313	1	16	250	95	96		33.888890
400	9	Do5	C5	318	318	1	8	500	95	96		34.000000
401	9	Do5	C5	318	318	3	16	750	95	96	ler	34.166670
402	9	Re5	D5	327	327	1	16	250	95	96		34.222220
403	9	Mi5b4	E5b4	332	332	1	16	250	95	96	le 	34.277780
404	9	Fa5#4	F5#4	344	344	1	16	250	95	96		34.333330
405	9	Mi5b4	E5b4	332	332	1	16	250	95	96	e	34.388890
406	9	Re5	D5	327	327	1	16	250	95	96		34.444440
407	9	Re5	D5	327	327	1	2	2000	95	96	der 	34.888890
408	9	Es	Es	-1	-1	1	8	500	100	0		35.000000
409	9	Sol4	G4	296	296	1	4	1000	95	96	ru	35.222220
410	9	Si4b1	B4b1	313	313	1	4	1000	95	96		35.444440
411	9	Do5	C5	318	318	1	16	250	95	96		35.500000
412	9	Do5	C5	318	318	1	16	250	95	96		35.555560
413	9	Si4b1	B4b1	313	313	1	16	250	95	96		35.611110
414	9	La4b4	A4b4	301	301	1	16	250	95	96		35.666670
415	9	Sol4	G4	296	296	1	4	1000	95	96		35.888890
416	9	Sol5	G5	349	349	1	8	500	95	96		36.000000
417	9	Fa5#4	F5#4	344	344	1	16	250	95	96		36.055560
418	9	Mi5b4	E5b4	332	332	1	16	250	95	96		36.111110
419	9	Re5	D5	327	327	1	16	250	95	96		36.166670
420	9	Do5	C5	318	318	1	16	250	95	96		36.222220
421	9	Si4b1	B4b1	313	313	1	8	500	95	96	hu	36.333330
422	9	Do5	C5	318	318	1	8	500	95	96	mu 	36.444440
423	9	Si4b1	B4b1	313	313	1	8	500	95	96	tes	36.555560
424	9	La4b4	A4b4	301	301	1	16	250	95	96		36.611110
425	9	Sol4	G4	296	296	1	16	250	95	96		36.666670
426	9	Do5	C5	318	318	1	8	500	95	96		36.777780
427	9	Si4b1	B4b1	313	313	1	16	250	95	96		36.833330
428	9	La4b4	A4b4	301	301	1	16	250	95	96		36.888890
429	9	La4b4	A4b4	301	301	1	16	250	95	96		36.944440
430	9	Sol4	G4	296	296	1	16	250	95	96		37.000000
431	9	Sol4	G4	296	296	3	16	750	95	96	hir  	37.166670
432	9	Mi5b4	E5b4	332	332	1	16	250	95	96	SAZ	37.222220
433	9	Re5	D5	327	327	1	16	250	95	96	KARAR	37.277780
434	9	Do5	C5	318	318	1	16	250	95	96	.	37.333330
435	9	Do5	C5	318	318	1	16	250	95	96	.	37.388890
436	9	Si4b1	B4b1	313	313	1	16	250	95	96	.	37.444440
437	9	Si4b1	B4b1	313	313	1	16	250	95	96	.	37.500000
438	9	La4b4	A4b4	301	301	1	16	250	95	96	.	37.555560
439	9	La4b4	A4b4	301	301	1	16	250	95	96	.	37.611110
440	9	Sol4	G4	296	296	1	16	250	95	96	.	37.666670
441	9	Sol4	G4	296	296	1	4	1000	95	96	.	37.888890
442	9	Es	Es	-1	-1	1	8	500	100	0		38.000000
