Sira	Kod	Nota53	NotaAE	Koma53	KomaAE	Pay	Payda	Ms	LNS	Bas	Soz1	Offset
1	51			0	0	14	8	0	129	0	Devr-i Revân-ı Hindî	0.0
2	9	Do5	C5	318	318	1	4	1176	95	96	Per	0.142857142857
3	9	Re5	D5	327	327	1	16	294	99	96	de	0.178571428571
4	9	Mi5b4	E5b4	332	332	1	16	294	95	96		0.214285714286
5	9	Re5	D5	327	327	1	16	294	99	96	bâ	0.25
6	9	Do5	C5	318	318	1	16	294	99	96		0.285714285714
7	9	Do5	C5	318	318	1	16	294	99	96		0.321428571429
8	9	Si4b1	B4b1	313	313	1	16	294	99	96		0.357142857143
9	9	Si4b1	B4b1	313	313	1	16	294	99	96		0.392857142857
10	9	Do5	C5	318	318	1	16	294	99	96		0.428571428571
11	9	Si4b1	B4b1	313	313	1	16	294	99	96		0.464285714286
12	9	La4b4	A4b4	301	301	1	16	294	95	96		0.5
13	9	Sol4	G4	296	296	1	8	588	99	96	zım 	0.571428571429
14	9	La4b4	A4b4	301	301	1	8	588	99	96		0.642857142857
15	9	Si4b1	B4b1	313	313	1	16	294	99	96		0.678571428571
16	9	Do5	C5	318	318	1	16	294	99	96		0.714285714286
17	9	Re5	D5	327	327	1	16	294	99	96		0.75
18	9	Do5	C5	318	318	1	16	294	99	96		0.785714285714
19	9	Si4b1	B4b1	313	313	1	16	294	99	96		0.821428571429
20	9	La4b4	A4b4	301	301	1	16	294	99	96		0.857142857143
21	9	Sol4	G4	296	296	1	8	588	95	96		0.928571428571
22	9	Es	Es	-1	-1	1	8	588	100	0		1.0
23	9	Re5	D5	327	327	1	16	294	99	96	ger	1.03571428571
24	9	Do5	C5	318	318	1	16	294	99	96		1.07142857143
25	9	Si4b1	B4b1	313	313	1	8	588	95	96		1.14285714286
26	9	Do5	C5	318	318	1	8	588	95	96	çi 	1.21428571429
27	9	Re5	D5	327	327	1	16	294	99	96	ol	1.25
28	9	Mi5b4	E5b4	332	332	1	16	294	99	96		1.28571428571
29	9	Re5	D5	327	327	1	16	294	99	96		1.32142857143
30	9	Do5	C5	318	318	1	16	294	99	96		1.35714285714
31	9	Si4b1	B4b1	313	313	1	16	294	99	96		1.39285714286
32	9	Do5	C5	318	318	1	16	294	99	96		1.42857142857
33	9	Re5	D5	327	327	1	16	294	99	96		1.46428571429
34	9	Mi5b4	E5b4	332	332	1	16	294	95	96		1.5
35	9	Do5	C5	318	318	1	8	588	99	96	dun 	1.57142857143
36	9	Re5	D5	327	327	1	4	1176	99	96		1.71428571429
37	9	Re5	D5	327	327	3	8	1765	95	96		1.92857142857
38	9	Es	Es	-1	-1	1	8	588	100	0		2.0
39	9	Re5	D5	327	327	1	4	1176	95	96	tür	2.14285714286
40	9	Mi5b4	E5b4	332	332	1	8	588	95	96	lü 	2.21428571429
41	28	Fa5#4	F5#4	344	344	1	4	1176	99	96	tür	2.35714285714
42	9	Mi5b4	E5b4	332	332	1	8	588	99	96		2.42857142857
43	9	Re5	D5	327	327	1	8	588	95	96		2.5
44	9	Sol5	G5	349	349	1	4	1176	99	96	lü 	2.64285714286
45	9	La5	A5	358	358	1	16	294	99	96		2.67857142857
46	9	Si5b4	B5b4	363	363	1	16	294	99	96		2.71428571429
47	9	La5	A5	358	358	1	16	294	99	96		2.75
48	9	Sol5	G5	349	349	1	16	294	99	96		2.78571428571
49	9	Fa5#4	F5#4	344	344	1	16	294	99	96		2.82142857143
50	9	Mi5b4	E5b4	332	332	1	16	294	99	96		2.85714285714
51	9	Fa5#4	F5#4	344	344	1	16	294	99	96		2.89285714286
52	9	Mi5b4	E5b4	332	332	1	16	294	99	96		2.92857142857
53	9	Re5	D5	327	327	1	8	588	95	96		3.0
54	9	Re5	D5	327	327	1	8	588	99	96	nağ	3.07142857143
55	9	Mi5b4	E5b4	332	332	1	8	588	99	96		3.14285714286
56	9	Re5	D5	327	327	1	8	588	99	96		3.21428571429
57	7	La5	A5	358	358	1	8	588	99	96		3.28571428571
58	9	Sol5	G5	349	349	1	16	294	99	96		3.32142857143
59	9	Fa5#4	F5#4	344	344	1	16	294	95	96		3.35714285714
60	9	Fa5#4	F5#4	344	344	1	16	294	99	96	me	3.39285714286
61	9	Mi5b4	E5b4	332	332	1	16	294	99	96		3.42857142857
62	9	Mi5b4	E5b4	332	332	1	16	294	99	96		3.46428571429
63	9	Re5	D5	327	327	1	16	294	95	96		3.5
64	9	Do5	C5	318	318	1	16	294	99	96	sâz  	3.53571428571
65	9	Re5	D5	327	327	1	16	294	99	96		3.57142857143
66	9	Mi5b4	E5b4	332	332	1	16	294	99	96		3.60714285714
67	9	Fa5#4	F5#4	344	344	1	16	294	99	96		3.64285714286
68	9	Mi5b4	E5b4	332	332	1	16	294	99	96		3.67857142857
69	11	Re5	D5	327	327	1	16	294	99	96		3.71428571429
70	9	Re5	D5	327	327	3	8	1765	95	96		3.92857142857
71	9	Es	Es	-1	-1	1	8	588	100	0		4.0
72	9	Re5	D5	327	327	1	8	588	99	96	Sû	4.07142857143
73	9	Sol5	G5	349	349	1	8	588	95	96		4.14285714286
74	9	Sol5	G5	349	349	1	8	588	95	96	zi	4.21428571429
75	9	Sol5	G5	349	349	1	8	588	99	96	nâ	4.28571428571
76	9	Fa5#4	F5#4	344	344	1	16	294	99	96		4.32142857143
77	9	La5	A5	358	358	1	16	294	99	96		4.35714285714
78	9	Sol5	G5	349	349	1	4	1176	95	96		4.5
79	9	Fa5#4	F5#4	344	344	1	8	588	99	96	kım 	4.57142857143
80	9	Sol5	G5	349	349	1	8	588	99	96		4.64285714286
81	9	Si5b5	B5b5	362	362	1	8	588	99	96		4.71428571429
82	9	La5	A5	358	358	1	8	588	99	96		4.78571428571
83	9	La5	A5	358	358	1	16	294	99	96		4.82142857143
84	9	Sol5	G5	349	349	1	16	294	99	96		4.85714285714
85	9	Sol5	G5	349	349	1	8	588	99	96		4.92857142857
86	8	La5	A5	358	358	0	0	0	99	96		4.92857142857
87	9	Sol5	G5	349	349	1	16	294	99	96		4.96428571429
88	9	Fa5#4	F5#4	344	344	1	16	294	95	96		5.0
89	9	Fa5#4	F5#4	344	344	1	16	294	99	96	per	5.03571428571
90	9	Sol5	G5	349	349	1	16	294	99	96		5.07142857143
91	9	Fa5#4	F5#4	344	344	1	8	588	95	96		5.14285714286
92	9	Mi5b4	E5b4	332	332	1	8	588	95	96	de 	5.21428571429
93	9	Mi5b4	E5b4	332	332	1	8	588	99	96	i 	5.28571428571
94	9	Fa5#4	F5#4	344	344	1	8	588	99	96		5.35714285714
95	9	Mi5b4	E5b4	332	332	1	8	588	99	96		5.42857142857
96	9	Re5	D5	327	327	1	8	588	95	96		5.5
97	9	Re5	D5	327	327	1	8	588	99	96	Zir	5.57142857143
98	12	Mi5b4	E5b4	332	332	1	8	588	99	96		5.64285714286
99	9	Mi5b4	E5b4	332	332	1	16	294	99	96		5.67857142857
100	9	Re5	D5	327	327	1	16	294	99	96		5.71428571429
101	9	Re5	D5	327	327	1	16	294	99	96		5.75
102	9	Do5	C5	318	318	1	16	294	99	96		5.78571428571
103	9	Si4b1	B4b1	313	313	1	16	294	99	96		5.82142857143
104	9	Re5	D5	327	327	1	16	294	99	96		5.85714285714
105	9	Do5	C5	318	318	1	8	588	95	96		5.92857142857
106	9	Es	Es	-1	-1	1	8	588	100	0		6.0
107	9	Sol4	G4	296	296	1	4	1176	95	96	gü	6.14285714286
108	9	La4b4	A4b4	301	301	1	8	588	95	96	le	6.21428571429
109	9	Si4b1	B4b1	313	313	3	16	882	99	96	yi 	6.32142857143
110	9	Do5	C5	318	318	1	16	294	99	96		6.35714285714
111	9	Si4b1	B4b1	313	313	1	16	294	99	96		6.39285714286
112	9	La4b4	A4b4	301	301	1	16	294	99	96		6.42857142857
113	9	Sol4	G4	296	296	1	8	588	95	96		6.5
114	9	Re5	D5	327	327	1	8	588	99	96	gös	6.57142857143
115	9	Do5	C5	318	318	1	8	588	99	96		6.64285714286
116	9	Re5	D5	327	327	1	16	294	99	96		6.67857142857
117	9	Mi5b4	E5b4	332	332	1	16	294	99	96		6.71428571429
118	9	Fa5#4	F5#4	344	344	1	16	294	99	96		6.75
119	9	Mi5b4	E5b4	332	332	1	16	294	99	96		6.78571428571
120	9	Re5	D5	327	327	1	16	294	99	96		6.82142857143
121	9	Do5	C5	318	318	1	16	294	99	96		6.85714285714
122	9	Si4b1	B4b1	313	313	1	8	588	95	96		6.92857142857
123	9	Es	Es	-1	-1	1	8	588	100	0		7.0
124	9	Si4b1	B4b1	313	313	1	8	588	99	96	ter 	7.07142857143
125	9	La4b4	A4b4	301	301	1	8	588	99	96		7.14285714286
126	9	Sol4	G4	296	296	1	8	588	99	96		7.21428571429
127	9	Re5	D5	327	327	1	16	294	99	96		7.25
128	9	Do5	C5	318	318	1	16	294	99	96		7.28571428571
129	9	Do5	C5	318	318	1	16	294	99	96		7.32142857143
130	9	Si4b1	B4b1	313	313	1	16	294	95	96		7.35714285714
131	9	Si4b1	B4b1	313	313	1	16	294	99	96	bi	7.39285714286
132	9	La4b4	A4b4	301	301	1	16	294	99	96		7.42857142857
133	9	La4b4	A4b4	301	301	1	16	294	99	96		7.46428571429
134	9	Sol4	G4	296	296	1	16	294	95	96		7.5
135	9	Sol4	G4	296	296	1	8	588	99	96	raz  	7.57142857143
136	9	Si4b1	B4b1	313	313	1	8	588	99	96		7.64285714286
137	9	La4b4	A4b4	301	301	1	16	294	99	96		7.67857142857
138	11	Sol4	G4	296	296	1	16	294	99	96		7.71428571429
139	9	Sol4	G4	296	296	3	8	1765	95	96		7.92857142857
140	9	Es	Es	-1	-1	1	8	588	100	0		8.0
