Sýra	Kod	Nota53	NotaAE	Koma53	KomaAE	Pay	Payda	Ms	LNS	VelOn	Söz-1
1	9	Sol4	G4	296	296	3	8	1500	95	96	
2	9	Fa4#5	F4#5	292	292	1	8	500	95	96	
3	9	Mi4	E4	283	283	1	4	1000	95	96	
4	9	Fa4#5	F4#5	292	292	1	4	1000	95	96	
5	9	Sol4	G4	296	296	3	4	3000	95	96	
6	9	La4	A4	305	305	1	8	500	95	96	
7	9	Si4	B4	314	314	1	8	500	95	96	
8	9	Do5	C5	318	318	3	8	1500	95	96	
9	9	Re5	D5	327	327	1	8	500	95	96	
10	9	Mi5	E5	336	336	1	4	1000	95	96	
11	9	Re5	D5	327	327	1	8	500	95	96	
12	9	Do5	C5	318	318	1	8	500	95	96	
13	9	Si4	B4	314	314	4	4	4000	95	96	
14	9	Do5	C5	318	318	3	8	1500	95	96	
15	9	Si4	B4	314	314	1	8	500	95	96	
16	9	La4	A4	305	305	1	4	1000	95	96	
17	9	Sol4#4	G#4	300	300	1	4	1000	95	96	
18	9	La4	A4	305	305	1	2	2000	95	96	
19	9	Mi5	E5	336	336	1	2	2000	95	96	
20	9	Re5	D5	327	327	1	4	1000	95	96	
21	9	Do5	C5	318	318	1	4	1000	95	96	
22	9	Si4	B4	314	314	1	4	1000	95	96	
23	9	La4	A4	305	305	1	8	500	95	96	
24	9	Si4	B4	314	314	1	8	500	95	96	
25	9	La4	A4	305	305	1	8	500	95	96	
26	9	Sol4	G4	296	296	1	8	500	95	96	
27	9	Sol4	G4	296	296	1	8	500	95	96	
28	9	Fa4#5	F4#5	292	292	1	8	500	95	96	
29	9	Fa4#5	F4#5	292	292	3	16	750	95	96	
30	9	Mi4	E4	283	283	1	16	250	95	96	
31	9	Re4	D4	274	274	1	4	1000	95	96	
32	9	Sol4	G4	296	296	3	8	1500	95	96	
33	9	Fa4#5	F4#5	292	292	1	8	500	95	96	
34	9	Mi4	E4	283	283	1	4	1000	95	96	
35	9	Fa4#5	F4#5	292	292	1	4	1000	95	96	
36	9	Sol4	G4	296	296	3	4	3000	95	96	
37	9	La4	A4	305	305	1	8	500	95	96	
38	9	Si4	B4	314	314	1	8	500	95	96	
39	9	Do5	C5	318	318	1	4	1000	95	96	
40	9	Re5	D5	327	327	1	8	500	95	96	
41	9	Mi5	E5	336	336	1	8	500	95	96	
42	9	Re5	D5	327	327	1	8	500	95	96	
43	9	Do5	C5	318	318	1	8	500	95	96	
44	9	Si4	B4	314	314	1	8	500	95	96	
45	9	Do5	C5	318	318	1	8	500	95	96	
46	9	Re5	D5	327	327	3	4	3000	95	96	
47	9	Sol5	G5	349	349	1	4	1000	95	96	
48	9	Fa5#5	F5#5	345	345	1	8	500	95	96	
49	9	Sol5	G5	349	349	1	8	500	95	96	
50	9	La5	A5	358	358	1	8	500	95	96	
51	9	Si5	B5	367	367	1	8	500	95	96	
52	9	La5	A5	358	358	1	8	500	95	96	
53	9	Sol5	G5	349	349	1	8	500	95	96	
54	9	Fa5#5	F5#5	345	345	1	4	1000	95	96	
55	9	Mi5	E5	336	336	3	4	3000	95	96	
56	9	Mi5	E5	336	336	1	4	1000	95	96	
57	9	Fa5	F5	340	340	1	8	500	95	96	
58	9	Mi5	E5	336	336	1	8	500	95	96	
59	9	Fa5	F5	340	340	1	8	500	95	96	
60	9	Sol5	G5	349	349	1	8	500	95	96	
61	9	Fa5	F5	340	340	1	4	1000	95	96	
62	9	Mi5	E5	336	336	1	4	1000	95	96	
63	9	Re5	D5	327	327	3	4	3000	95	96	
64	9	Re5	D5	327	327	1	4	1000	95	96	
65	9	Mi5	E5	336	336	1	8	500	95	96	
66	9	Re5	D5	327	327	1	8	500	95	96	
67	9	Mi5	E5	336	336	1	8	500	95	96	
68	9	Fa5	F5	340	340	1	8	500	95	96	
69	9	Mi5	E5	336	336	1	4	1000	95	96	
70	9	Re5	D5	327	327	1	4	1000	95	96	
71	9	Do5	C5	318	318	3	4	3000	95	96	
72	9	Si4	B4	314	314	1	8	500	95	96	
73	9	Do5	C5	318	318	1	8	500	95	96	
74	9	Re5	D5	327	327	1	4	1000	95	96	
75	9	Mi5	E5	336	336	1	4	1000	95	96	
76	9	Re5	D5	327	327	1	4	1000	95	96	
77	9	Do5	C5	318	318	1	8	500	95	96	
78	9	Si4	B4	314	314	1	8	500	95	96	
79	9	La4	A4	305	305	1	2	2000	95	96	
80	9	La4	A4	305	305	1	8	500	95	96	
81	9	Si4b4	B4b4	310	310	1	8	500	95	96	
82	9	La4	A4	305	305	1	8	500	95	96	
83	9	Sol4	G4	296	296	1	8	500	95	96	
84	9	Re5	D5	327	327	1	16	250	95	96	
85	9	Do5#4	C5#4	322	322	1	16	250	95	96	
86	9	Re5	D5	327	327	1	16	250	95	96	
87	9	Mi5	E5	336	336	1	16	250	95	96	
88	9	Re5	D5	327	327	1	8	500	95	96	
89	9	Do5#4	C5#4	322	322	1	8	500	95	96	
90	9	Si4b4	B4b4	310	310	3	16	750	95	96	
91	9	La4	A4	305	305	1	16	250	95	96	
92	9	Sol4	G4	296	296	1	8	500	95	96	
93	9	Fa4#5	F4#5	292	292	1	8	500	95	96	
94	9	Sol4	G4	296	296	1	2	2000	95	96	
95	9	Do5	C5	318	318	1	4	1000	95	96	
96	9	Si4	B4	314	314	1	8	500	95	96	
97	9	La4	A4	305	305	1	8	500	95	96	
98	9	La4	A4	305	305	1	8	500	95	96	
99	9	Sol4	G4	296	296	1	8	500	95	96	
100	9	Sol4	G4	296	296	1	8	500	95	96	
101	9	Fa4#5	F4#5	292	292	1	8	500	95	96	
102	9	Mi4	E4	283	283	1	4	1000	95	96	
103	9	Fa4#5	F4#5	292	292	1	4	1000	95	96	
104	9	Sol4	G4	296	296	1	1	4000	95	96	
