Sýra	Kod	Nota53	NotaAE	Koma53	KomaAE	Pay	Payda	Ms	LNS	VelOn	Söz-1
1	9	Re5	D5	327	327	1	4	333	95	96	ARANAÐME
2	9	Re5	D5	327	327	1	8	167	99	96	.
3	9	Do5	C5	318	318	1	8	167	95	96	.
4	9	Re5	D5	327	327	1	4	333	95	96	.
5	9	Do5	C5	318	318	1	4	333	99	96	.
6	9	Si4b2	B4b1	312	313	1	8	167	95	96	.
7	9	Do5	C5	318	318	1	4	333	95	96	.
8	9	Si4b2	B4b1	312	313	1	8	167	99	96	.
9	9	La4	A4	305	305	1	8	167	95	96	.
10	9	La4	A4	305	305	1	4	333	95	96	.
11	9	La4	A4	305	305	1	8	167	99	96	.
12	9	Si4b2	B4b1	312	313	1	8	167	95	96	.
13	9	Re5	D5	327	327	1	8	167	95	96	.
14	9	Do5	C5	318	318	1	8	167	99	96	.
15	9	Si4b2	B4b1	312	313	1	8	167	95	96	.
16	9	Si4b2	B4b1	312	313	1	8	167	99	96	.
17	9	La4	A4	305	305	1	8	167	95	96	.
18	9	La4	A4	305	305	1	4	333	95	96	.
19	9	Re5	D5	327	327	3	8	500	95	96	.
20	9	Re5	D5	327	327	1	4	333	95	96	ARANAÐME
21	9	Re5	D5	327	327	1	8	167	99	96	.
22	9	Do5	C5	318	318	1	8	167	95	96	.
23	9	Re5	D5	327	327	1	4	333	95	96	.
24	9	Do5	C5	318	318	1	4	333	99	96	.
25	9	Si4b2	B4b1	312	313	1	8	167	95	96	.
26	9	Do5	C5	318	318	1	4	333	95	96	.
27	9	Si4b2	B4b1	312	313	1	8	167	99	96	.
28	9	La4	A4	305	305	1	8	167	95	96	.
29	9	La4	A4	305	305	1	4	333	95	96	.
30	9	La4	A4	305	305	1	8	167	99	96	.
31	9	Si4b2	B4b1	312	313	1	8	167	95	96	.
32	9	Re5	D5	327	327	1	8	167	95	96	.
33	9	Do5	C5	318	318	1	8	167	99	96	.
34	9	Si4b2	B4b1	312	313	1	8	167	95	96	.
35	9	Si4b2	B4b1	312	313	1	8	167	99	96	.
36	9	La4	A4	305	305	1	8	167	95	96	.
37	9	La4	A4	305	305	1	4	333	95	96	.
38	9	La4	A4	305	305	3	8	500	95	96	.
39	9	Sol5	G5	349	349	1	4	333	95	96	Ha
40	9	Fa5#3	F5#4	343	344	1	8	167	99	96	vu
41	9	Sol5	G5	349	349	1	8	167	95	96	
42	9	La5	A5	358	358	1	4	333	95	96	zun 
43	9	La5	A5	358	358	3	8	500	95	96	ba
44	9	Do6	C6	371	371	3	8	500	99	96	þýn
45	9	Si5b2	B5b1	365	366	1	8	167	95	96	
46	9	La5	A5	358	358	1	8	167	99	96	da 
47	9	Sol5	G5	349	349	1	8	167	99	96	
48	9	Fa5#3	F5#4	343	344	1	8	167	99	96	
49	9	Mi5	E5	336	336	1	8	167	99	96	
50	9	Re5	D5	327	327	1	8	167	95	96	
51	9	Mi5	E5	336	336	1	4	333	95	96	is
52	9	Sol5	G5	349	349	1	8	167	99	96	kem
53	9	Fa5#3	F5#4	343	344	1	8	167	95	96	
54	9	Sol5	G5	349	349	1	8	167	99	96	lem 
55	9	Fa5#3	F5#4	343	344	1	8	167	95	96	
56	9	Mi5	E5	336	336	1	4	333	99	96	kal
57	9	Re5	D5	327	327	1	8	167	95	96	
58	9	Mi5	E5	336	336	1	8	167	99	96	dý 
59	9	Re5	D5	327	327	1	8	167	95	96	
60	9	Mi5	E5	336	336	1	8	167	99	96	a
61	9	Do5	C5	318	318	1	8	167	95	96	
62	9	Re5	D5	327	327	5	8	833	95	96	man  
63	9	Sol5	G5	349	349	1	4	333	95	96	Ha
64	9	Fa5#3	F5#4	343	344	1	8	167	99	96	vu
65	9	Sol5	G5	349	349	1	8	167	95	96	
66	9	La5	A5	358	358	1	4	333	95	96	zun 
67	9	La5	A5	358	358	3	8	500	95	96	ba
68	9	Do6	C6	371	371	3	8	500	99	96	þýn
69	9	Si5b2	B5b1	365	366	1	8	167	95	96	
70	9	La5	A5	358	358	1	8	167	99	96	da 
71	9	Sol5	G5	349	349	1	8	167	99	96	
72	9	Fa5#3	F5#4	343	344	1	8	167	99	96	
73	9	Mi5	E5	336	336	1	8	167	99	96	
74	9	Re5	D5	327	327	1	8	167	95	96	
75	9	Mi5	E5	336	336	1	4	333	95	96	is
76	9	Sol5	G5	349	349	1	8	167	99	96	kem
77	9	Fa5#3	F5#4	343	344	1	8	167	95	96	
78	9	Sol5	G5	349	349	1	8	167	99	96	lem 
79	9	Fa5#3	F5#4	343	344	1	8	167	95	96	
80	9	Mi5	E5	336	336	1	4	333	99	96	kal
81	9	Re5	D5	327	327	1	8	167	95	96	
82	9	Mi5	E5	336	336	1	8	167	99	96	dý 
83	9	Re5	D5	327	327	1	8	167	95	96	
84	9	Mi5	E5	336	336	1	8	167	99	96	a
85	9	Do5	C5	318	318	1	8	167	95	96	
86	9	Re5	D5	327	327	5	8	833	95	96	man  
87	9	Re5	D5	327	327	1	4	333	95	96	Ya
88	9	Re5	D5	327	327	1	8	167	99	96	man 
89	9	Do5	C5	318	318	1	8	167	95	96	
90	9	Re5	D5	327	327	1	4	333	95	96	Çan
91	9	Do5	C5	318	318	1	4	333	99	96	ký
92	9	Si4b2	B4b1	312	313	1	8	167	95	96	
93	9	Do5	C5	318	318	1	4	333	95	96	rý
94	9	Si4b2	B4b1	312	313	1	8	167	99	96	lar 
95	9	La4	A4	305	305	1	8	167	95	96	
96	9	La4	A4	305	305	1	4	333	95	96	oð
97	9	La4	A4	305	305	1	8	167	99	96	la
98	9	Si4b2	B4b1	312	313	1	8	167	95	96	
99	9	Re5	D5	327	327	1	8	167	95	96	ný
100	9	Do5	C5	318	318	1	8	167	99	96	mý 
101	9	Si4b2	B4b1	312	313	1	8	167	95	96	
102	9	Si4b2	B4b1	312	313	1	8	167	99	96	al
103	9	La4	A4	305	305	1	8	167	95	96	
104	9	La4	A4	305	305	1	4	333	99	96	dý  
105	9	Re5	D5	327	327	3	8	500	95	96	
106	9	Re5	D5	327	327	1	4	333	95	96	Oð
107	9	Re5	D5	327	327	1	8	167	99	96	la
108	9	Do5	C5	318	318	1	8	167	95	96	
109	9	Re5	D5	327	327	1	4	333	95	96	ný
110	9	Do5	C5	318	318	1	4	333	99	96	mý 
111	9	Si4b2	B4b1	312	313	1	8	167	95	96	
112	9	Do5	C5	318	318	1	4	333	95	96	al
113	9	Si4b2	B4b1	312	313	1	8	167	99	96	dý 
114	9	La4	A4	305	305	1	8	167	95	96	
115	9	La4	A4	305	305	1	4	333	95	96	da
116	9	La4	A4	305	305	1	8	167	99	96	hi 
117	9	Si4b2	B4b1	312	313	1	8	167	99	96	
118	9	Re5	D5	327	327	1	8	167	95	96	
119	9	Do5	C5	318	318	1	8	167	99	96	ne
120	9	Si4b2	B4b1	312	313	1	8	167	95	96	
121	9	Si4b2	B4b1	312	313	1	8	167	99	96	yim 
122	9	La4	A4	305	305	1	8	167	95	96	
123	9	La4	A4	305	305	1	4	333	95	96	kal
124	9	La4	A4	305	305	3	8	500	95	96	dý  
125	9	Re5	D5	327	327	1	4	333	95	96	ARANAÐME
126	9	Re5	D5	327	327	1	8	167	99	96	.
127	9	Do5	C5	318	318	1	8	167	95	96	.
128	9	Re5	D5	327	327	1	4	333	95	96	.
129	9	Do5	C5	318	318	1	4	333	99	96	.
130	9	Si4b2	B4b1	312	313	1	8	167	95	96	.
131	9	Do5	C5	318	318	1	4	333	95	96	.
132	9	Si4b2	B4b1	312	313	1	8	167	99	96	.
133	9	La4	A4	305	305	1	8	167	95	96	.
134	9	La4	A4	305	305	1	4	333	95	96	.
135	9	La4	A4	305	305	1	8	167	99	96	.
136	9	Si4b2	B4b1	312	313	1	8	167	95	96	.
137	9	Re5	D5	327	327	1	8	167	95	96	.
138	9	Do5	C5	318	318	1	8	167	99	96	.
139	9	Si4b2	B4b1	312	313	1	8	167	95	96	.
140	9	Si4b2	B4b1	312	313	1	8	167	99	96	.
141	9	La4	A4	305	305	1	8	167	95	96	.
142	9	La4	A4	305	305	1	4	333	95	96	.
143	9	Re5	D5	327	327	3	8	500	95	96	.
144	9	Re5	D5	327	327	1	4	333	95	96	ARANAÐME
145	9	Re5	D5	327	327	1	8	167	99	96	.
146	9	Do5	C5	318	318	1	8	167	95	96	.
147	9	Re5	D5	327	327	1	4	333	95	96	.
148	9	Do5	C5	318	318	1	4	333	99	96	.
149	9	Si4b2	B4b1	312	313	1	8	167	95	96	.
150	9	Do5	C5	318	318	1	4	333	95	96	.
151	9	Si4b2	B4b1	312	313	1	8	167	99	96	.
152	9	La4	A4	305	305	1	8	167	95	96	.
153	9	La4	A4	305	305	1	4	333	95	96	.
154	9	La4	A4	305	305	1	8	167	99	96	.
155	9	Si4b2	B4b1	312	313	1	8	167	95	96	.
156	9	Re5	D5	327	327	1	8	167	95	96	.
157	9	Do5	C5	318	318	1	8	167	99	96	.
158	9	Si4b2	B4b1	312	313	1	8	167	95	96	.
159	9	Si4b2	B4b1	312	313	1	8	167	99	96	.
160	9	La4	A4	305	305	1	8	167	95	96	.
161	9	La4	A4	305	305	1	4	333	95	96	.
162	9	La4	A4	305	305	3	8	500	95	96	.
163	9	Sol5	G5	349	349	1	4	333	95	96	Ha
164	9	Fa5#3	F5#4	343	344	1	8	167	99	96	vu
165	9	Sol5	G5	349	349	1	8	167	95	96	
166	9	La5	A5	358	358	1	4	333	95	96	zun 
167	9	La5	A5	358	358	3	8	500	95	96	ba
168	9	Do6	C6	371	371	3	8	500	99	96	þýn
169	9	Si5b2	B5b1	365	366	1	8	167	95	96	
170	9	La5	A5	358	358	1	8	167	99	96	da 
171	9	Sol5	G5	349	349	1	8	167	99	96	
172	9	Fa5#3	F5#4	343	344	1	8	167	99	96	
173	9	Mi5	E5	336	336	1	8	167	99	96	
174	9	Re5	D5	327	327	1	8	167	95	96	
175	9	Mi5	E5	336	336	1	4	333	95	96	is
176	9	Sol5	G5	349	349	1	8	167	99	96	kem
177	9	Fa5#3	F5#4	343	344	1	8	167	95	96	
178	9	Sol5	G5	349	349	1	8	167	99	96	lem 
179	9	Fa5#3	F5#4	343	344	1	8	167	95	96	
180	9	Mi5	E5	336	336	1	4	333	99	96	kal
181	9	Re5	D5	327	327	1	8	167	95	96	
182	9	Mi5	E5	336	336	1	8	167	99	96	dý 
183	9	Re5	D5	327	327	1	8	167	95	96	
184	9	Mi5	E5	336	336	1	8	167	99	96	a
185	9	Do5	C5	318	318	1	8	167	95	96	
186	9	Re5	D5	327	327	5	8	833	95	96	man  
187	9	Sol5	G5	349	349	1	4	333	95	96	Ha
188	9	Fa5#3	F5#4	343	344	1	8	167	99	96	vu
189	9	Sol5	G5	349	349	1	8	167	95	96	
190	9	La5	A5	358	358	1	4	333	95	96	zun 
191	9	La5	A5	358	358	3	8	500	95	96	ba
192	9	Do6	C6	371	371	3	8	500	99	96	þýn
193	9	Si5b2	B5b1	365	366	1	8	167	95	96	
194	9	La5	A5	358	358	1	8	167	99	96	da 
195	9	Sol5	G5	349	349	1	8	167	99	96	
196	9	Fa5#3	F5#4	343	344	1	8	167	99	96	
197	9	Mi5	E5	336	336	1	8	167	99	96	
198	9	Re5	D5	327	327	1	8	167	95	96	
199	9	Mi5	E5	336	336	1	4	333	95	96	is
200	9	Sol5	G5	349	349	1	8	167	99	96	kem
201	9	Fa5#3	F5#4	343	344	1	8	167	95	96	
202	9	Sol5	G5	349	349	1	8	167	99	96	lem 
203	9	Fa5#3	F5#4	343	344	1	8	167	95	96	
204	9	Mi5	E5	336	336	1	4	333	99	96	kal
205	9	Re5	D5	327	327	1	8	167	95	96	
206	9	Mi5	E5	336	336	1	8	167	99	96	dý 
207	9	Re5	D5	327	327	1	8	167	95	96	
208	9	Mi5	E5	336	336	1	8	167	99	96	a
209	9	Do5	C5	318	318	1	8	167	95	96	
210	9	Re5	D5	327	327	5	8	833	95	96	man  
211	9	Re5	D5	327	327	1	4	333	95	96	Ya
212	9	Re5	D5	327	327	1	8	167	99	96	man 
213	9	Do5	C5	318	318	1	8	167	95	96	
214	9	Re5	D5	327	327	1	4	333	95	96	Çan
215	9	Do5	C5	318	318	1	4	333	99	96	ký
216	9	Si4b2	B4b1	312	313	1	8	167	95	96	
217	9	Do5	C5	318	318	1	4	333	95	96	rý
218	9	Si4b2	B4b1	312	313	1	8	167	99	96	lar 
219	9	La4	A4	305	305	1	8	167	95	96	
220	9	La4	A4	305	305	1	4	333	95	96	oð
221	9	La4	A4	305	305	1	8	167	99	96	la
222	9	Si4b2	B4b1	312	313	1	8	167	95	96	
223	9	Re5	D5	327	327	1	8	167	95	96	ný
224	9	Do5	C5	318	318	1	8	167	99	96	mý 
225	9	Si4b2	B4b1	312	313	1	8	167	95	96	
226	9	Si4b2	B4b1	312	313	1	8	167	99	96	al
227	9	La4	A4	305	305	1	8	167	95	96	
228	9	La4	A4	305	305	1	4	333	99	96	dý  
229	9	Re5	D5	327	327	3	8	500	95	96	
230	9	Re5	D5	327	327	1	4	333	95	96	Oð
231	9	Re5	D5	327	327	1	8	167	99	96	la
232	9	Do5	C5	318	318	1	8	167	95	96	
233	9	Re5	D5	327	327	1	4	333	95	96	ný
234	9	Do5	C5	318	318	1	4	333	99	96	mý 
235	9	Si4b2	B4b1	312	313	1	8	167	95	96	
236	9	Do5	C5	318	318	1	4	333	95	96	al
237	9	Si4b2	B4b1	312	313	1	8	167	99	96	dý 
238	9	La4	A4	305	305	1	8	167	95	96	
239	9	La4	A4	305	305	1	4	333	95	96	da
240	9	La4	A4	305	305	1	8	167	99	96	hi 
241	9	Si4b2	B4b1	312	313	1	8	167	99	96	
242	9	Re5	D5	327	327	1	8	167	95	96	
243	9	Do5	C5	318	318	1	8	167	99	96	ne
244	9	Si4b2	B4b1	312	313	1	8	167	95	96	
245	9	Si4b2	B4b1	312	313	1	8	167	99	96	yim 
246	9	La4	A4	305	305	1	8	167	95	96	
247	9	La4	A4	305	305	1	4	333	95	96	kal
248	9	La4	A4	305	305	3	8	500	95	96	dý  
