Sira	Kod	Nota53	NotaAE	Koma53	KomaAE	Pay	Payda	Ms	LNS	Bas	Soz1	Offset
1	9	Sol5	G5	349	349	1	4	1000	99	96	Ah 	0.111111
2	9	La5	A5	358	358	1	4	1000	95	96		0.222222
3	9	Es	Es	-1	-1	1	8	500	100	0		0.277778
4	9	Sol5	G5	349	349	1	4	1000	95	96	bak 	0.388889
5	9	La5	A5	358	358	1	8	500	95	96	ne 	0.444444
6	9	La5	A5	358	358	1	2	2000	95	96	Tâ	0.666667
7	9	Do6	C6	371	371	3	16	750	99	96	hir 	0.750000
8	9	Si5b2	B5b1	365	366	1	16	250	99	96		0.777778
9	9	La5	A5	358	358	1	8	500	99	96		0.833333
10	9	Si5b2	B5b1	365	366	1	8	500	99	96		0.888889
11	9	La5	A5	358	358	1	4	1000	95	96		1.000000
12	9	Es	Es	-1	-1	1	4	1000	100	0		1.111111
13	9	La5	A5	358	358	1	8	500	99	96	Bû	1.166667
14	9	Do6	C6	371	371	1	8	500	99	96		1.222222
15	9	Si5b2	B5b1	365	366	1	4	1000	95	96		1.333333
16	9	La5	A5	358	358	1	4	1000	95	96	se	1.444444
17	9	La5	A5	358	358	1	8	500	99	96	lik 	1.500000
18	9	Sol5	G5	349	349	1	8	500	99	96		1.555556
19	9	Sol5	G5	349	349	1	8	500	99	96		1.611111
20	9	Fa5#3	F5#4	343	344	1	8	500	95	96		1.666667
21	9	Fa5#3	F5#4	343	344	3	16	750	99	96	yer	1.750000
22	9	Mi5	E5	336	336	1	16	250	99	96		1.777778
23	9	Fa5#3	F5#4	343	344	1	8	500	99	96		1.833333
24	9	Sol5	G5	349	349	1	8	500	99	96		1.888889
25	9	Fa5#3	F5#4	343	344	3	16	750	99	96		1.972222
26	9	Mi5	E5	336	336	1	16	250	99	96		2.000000
27	9	Re5	D5	327	327	1	2	2000	95	96		2.222222
28	9	Es	Es	-1	-1	1	8	500	100	0		2.277778
29	9	Re5	D5	327	327	1	4	1000	95	96	dir 	2.388889
30	9	Mi5	E5	336	336	1	8	500	95	96	o 	2.444444
31	9	Mi5	E5	336	336	1	8	500	99	96	ruh	2.500000
32	9	Re5	D5	327	327	1	8	500	99	96		2.555556
33	9	Do5	C5	318	318	1	8	500	99	96		2.611111
34	9	Si4	B4	314	314	1	8	500	95	96		2.666667
35	9	Sol5	G5	349	349	1	2	2000	99	96	sâr_	2.888889
36	9	Sol5	G5	349	349	1	8	500	99	96		2.944444
37	11	Fa5#3	F5#4	343	344	1	8	500	95	96		3.000000
38	9	Fa5#3	F5#4	343	344	1	4	1000	99	96	ı 	3.111111
39	9	Mi5	E5	336	336	1	8	500	99	96		3.166667
40	9	Fa5#3	F5#4	343	344	1	8	500	99	96		3.222222
41	9	La5	A5	358	358	1	8	500	99	96		3.277778
42	9	Sol5	G5	349	349	1	8	500	95	96		3.333333
43	9	Fa5#2	F5#1	342	341	1	8	500	99	96	ni	3.388889
44	9	Mi5	E5	336	336	1	8	500	95	96		3.444444
45	9	Mi5	E5	336	336	1	8	500	99	96	gâr  	3.500000
46	9	Fa5	F5	340	340	1	8	500	99	96		3.555556
47	9	Mi5	E5	336	336	1	8	500	99	96		3.611111
48	11	Re5	D5	327	327	1	8	500	99	96		3.666667
49	9	Re5	D5	327	327	1	2	2000	95	96		3.888889
50	9	Es	Es	-1	-1	1	4	1000	100	0		4.000000
51	9	Sol5	G5	349	349	1	2	2000	95	96		4.222222
52	9	Es	Es	-1	-1	1	8	500	100	0		4.277778
53	9	Mi5	E5	336	336	1	4	1000	95	96	Ger 	4.388889
54	9	Fa5#3	F5#4	343	344	1	8	500	95	96	leb_	4.444445
55	9	Sol5	G5	349	349	1	4	1000	99	96	i 	4.555555
56	9	Sol5	G5	349	349	1	8	500	99	96		4.611111
57	9	La5	A5	358	358	1	8	500	95	96		4.666667
58	9	La5	A5	358	358	1	8	500	99	96	â	4.722222
59	9	Sol5	G5	349	349	1	8	500	99	96		4.777778
60	9	Fa5	F5	340	340	1	8	500	99	96		4.833333
61	9	Mi5	E5	336	336	1	8	500	99	96		4.888889
62	9	Re5	D5	327	327	1	4	1000	95	96		5.000000
63	9	Es	Es	-1	-1	1	4	1000	100	0		5.111111
64	9	Re5	D5	327	327	1	8	500	99	96	şık 	5.166667
65	9	La5	A5	358	358	1	8	500	99	96		5.222222
66	9	Sol5	G5	349	349	1	4	1000	95	96		5.333333
67	9	Fa5	F5	340	340	1	8	500	99	96	te	5.388889
68	9	Mi5	E5	336	336	1	8	500	95	96		5.444445
69	9	Mi5	E5	336	336	1	8	500	99	96	mas 	5.500000
70	9	Re5	D5	327	327	1	8	500	99	96		5.555555
71	9	Re5	D5	327	327	1	8	500	99	96		5.611111
72	9	Mi5	E5	336	336	1	8	500	95	96		5.666667
73	9	Re5	D5	327	327	1	8	500	99	96	et	5.722222
74	9	Do5	C5	318	318	1	8	500	99	96		5.777778
75	9	Do5	C5	318	318	1	8	500	99	96		5.833333
76	9	Si4b2	B4b1	312	313	1	8	500	99	96		5.888889
77	9	Do5	C5	318	318	3	16	750	99	96		5.972222
78	9	Si4	B4	314	314	1	16	250	99	96		6.000000
79	9	La4	A4	305	305	1	2	2000	95	96		6.222222
80	9	Es	Es	-1	-1	1	8	500	100	0		6.277778
81	9	Do5	C5	318	318	1	8	500	99	96	se 	6.333333
82	9	Si4	B4	314	314	1	8	500	95	96		6.388889
83	9	Do5	C5	318	318	1	8	500	95	96	o 	6.444445
84	9	Re5	D5	327	327	1	4	1000	99	96	ruh	6.555555
85	9	Mi5	E5	336	336	1	4	1000	95	96		6.666667
86	9	Mi5	E5	336	336	1	8	500	99	96	sâ	6.722222
87	9	Fa5	F5	340	340	1	8	500	99	96		6.777778
88	9	Mi5	E5	336	336	1	8	500	99	96		6.833333
89	9	Re5	D5	327	327	1	8	500	99	96		6.888889
90	9	Do5	C5	318	318	3	16	750	99	96		6.972222
91	9	Si4	B4	314	314	1	16	250	95	96		7.000000
92	9	La4	A4	305	305	1	4	1000	99	96	re 	7.111111
93	9	La4	A4	305	305	1	8	500	99	96		7.166667
94	9	Si4	B4	314	314	1	8	500	99	96		7.222222
95	9	Do5	C5	318	318	1	8	500	99	96		7.277778
96	9	Re5	D5	327	327	1	8	500	95	96		7.333333
97	9	Do5	C5	318	318	1	8	500	99	96	ka	7.388889
98	9	Si4	B4	314	314	1	8	500	95	96		7.444445
99	9	Si4	B4	314	314	1	8	500	99	96	yar  	7.500000
100	9	La4	A4	305	305	1	8	500	99	96		7.555555
101	9	La4	A4	305	305	1	8	500	99	96		7.611111
102	9	Sol4#4	G4#4	300	300	1	8	500	99	96		7.666667
103	9	La4	A4	305	305	1	2	2000	95	96		7.888889
104	9	Es	Es	-1	-1	1	4	1000	100	0		8.000000
