Sira	Kod	Nota53	NotaAE	Koma53	KomaAE	Pay	Payda	Ms	LNS	Bas	Soz1	Offset
1	9	Re5	D5	327	327	1	4	1176	95	96	Kû	0.200000
2	9	Mi5	E5	336	336	1	8	588	95	96	şe 	0.300000
3	10	Fa5	F5	340	340	1	8	588	99	96	i 	0.400000
4	8	Sol5	G5	349	349	0	0	0	99	96		0.400000
5	9	Fa5	F5	340	340	1	16	294	99	96		0.450000
6	9	Mi5	E5	336	336	1	16	294	99	96		0.500000
7	9	Mi5	E5	336	336	1	16	294	99	96		0.550000
8	9	Re5	D5	327	327	1	16	294	99	96		0.600000
9	9	Re5	D5	327	327	1	16	294	99	96		0.650000
10	9	Do5#3	C5#4	321	322	1	16	294	95	96		0.700000
11	9	Re5	D5	327	327	1	4	1176	95	96	nis	0.900000
12	9	Es	Es	-1	-1	1	8	588	100	0		1.000000
13	9	Fa5	F5	340	340	1	4	1176	95	96	yân	1.200000
14	9	Fa5	F5	340	340	1	8	588	95	96	da 	1.300000
15	9	Sol5	G5	349	349	1	16	294	99	96	lâ	1.350000
16	9	Fa5	F5	340	340	1	16	294	99	96		1.400000
17	9	Fa5	F5	340	340	1	16	294	99	96		1.450000
18	9	Mi5	E5	336	336	1	16	294	99	96		1.500000
19	9	Fa5	F5	340	340	1	8	588	99	96		1.600000
20	9	Sol5	G5	349	349	1	8	588	95	96		1.700000
21	9	La5	A5	358	358	1	4	1176	95	96	yık 	1.900000
22	9	Es	Es	-1	-1	1	8	588	100	0		2.000000
23	9	La5	A5	358	358	1	8	588	99	96	mı 	2.100000
24	9	Sol5	G5	349	349	1	8	588	95	96		2.200000
25	9	Si5b5	B5b5	362	362	1	8	588	95	96	ka	2.300000
26	9	La5	A5	358	358	1	8	588	99	96	la 	2.400000
27	9	Sol5	G5	349	349	1	8	588	99	96		2.500000
28	9	Fa5	F5	340	340	1	8	588	99	96		2.600000
29	9	Mi5	E5	336	336	1	8	588	95	96		2.700000
30	9	Fa5	F5	340	340	1	8	588	99	96	Tarz_	2.800000
31	8	Sol5	G5	349	349	0	0	0	99	96		2.800000
32	9	Fa5	F5	340	340	1	16	294	99	96		2.850000
33	9	Mi5	E5	336	336	1	16	294	99	96		2.900000
34	9	Re5	D5	327	327	1	8	588	95	96		3.000000
35	9	Re5	D5	327	327	1	4	1176	95	96	ı 	3.200000
36	9	Re5	D5	327	327	1	16	294	99	96	Ce	3.250000
37	9	Do5#3	C5#4	321	322	1	16	294	95	96		3.300000
38	9	Do5#3	C5#4	321	322	1	16	294	99	96	dîd  	3.350000
39	9	Si4b5	B4b5	309	309	1	16	294	99	96		3.400000
40	9	Si4b5	B4b5	309	309	1	16	294	99	96		3.450000
41	9	La4	A4	305	305	1	16	294	99	96		3.500000
42	9	Si4b5	B4b5	309	309	1	8	588	99	96		3.600000
43	9	Do5#3	C5#4	321	322	1	8	588	99	96		3.700000
44	9	Re5	D5	327	327	1	4	1176	95	96		3.900000
45	9	Es	Es	-1	-1	1	8	588	100	0		4.000000
46	9	Re5	D5	327	327	1	4	1176	95	96	Sey	4.200000
47	9	Re5	D5	327	327	1	8	588	95	96	ri	4.300000
48	9	Do5#4	C5#4	322	322	1	8	588	99	96	ni 	4.400000
49	9	Re5	D5	327	327	1	8	588	99	96		4.500000
50	10	Mi5b5	E5b5	331	331	1	8	588	99	96		4.600000
51	8	Fa5	F5	340	340	0	0	0	99	96		4.600000
52	9	Mi5b5	E5b5	331	331	1	16	294	99	96		4.650000
53	9	Re5	D5	327	327	1	16	294	95	96		4.700000
54	9	Re5	D5	327	327	3	32	441	99	96	bu 	4.775000
55	9	Do5#4	C5#4	322	322	1	32	147	99	96		4.800000
56	9	Si4b5	B4b5	309	309	1	8	588	95	96		4.900000
57	9	Es	Es	-1	-1	1	8	588	100	0		5.000000
58	9	Do5	C5	318	318	1	4	1176	95	96	bey	5.200000
59	9	Do5	C5	318	318	1	8	588	95	96	ti	5.300000
60	9	Do5	C5	318	318	1	8	588	99	96	miz	5.400000
61	9	Mi5b5	E5b5	331	331	1	8	588	99	96		5.500000
62	9	Re5	D5	327	327	1	8	588	99	96		5.600000
63	9	Do5	C5	318	318	1	8	588	95	96		5.700000
64	9	Re5	D5	327	327	1	16	294	99	96	de 	5.750000
65	9	Do5	C5	318	318	1	16	294	99	96		5.800000
66	9	Si4b5	B4b5	309	309	1	16	294	99	96		5.850000
67	9	La4	A4	305	305	1	16	294	99	96		5.900000
68	9	Sol4	G4	296	296	1	8	588	95	96		6.000000
69	9	Si4b5	B4b5	309	309	1	4	1176	95	96	ey	6.200000
70	9	Si4b5	B4b5	309	309	1	8	588	95	96	le	6.300000
71	9	Si4b5	B4b5	309	309	1	8	588	99	96	dik 	6.400000
72	9	La4	A4	305	305	1	8	588	99	96		6.500000
73	9	La4	A4	305	305	1	8	588	99	96		6.600000
74	9	Sol4	G4	296	296	1	8	588	95	96		6.700000
75	9	Sol4	G4	296	296	1	8	588	99	96	ez 	6.800000
76	9	La4	A4	305	305	1	16	294	99	96		6.850000
77	9	Si4b5	B4b5	309	309	1	16	294	99	96		6.900000
78	9	Fa4	F4	287	287	1	8	588	95	96		7.000000
79	9	Sol4	G4	296	296	1	16	294	99	96	nev 	7.050000
80	9	Si4b5	B4b5	309	309	1	16	294	99	96		7.100000
81	9	La4	A4	305	305	1	8	588	95	96		7.200000
82	9	Sol4	G4	296	296	1	8	588	95	96	be	7.300000
83	9	Sol4	G4	296	296	1	8	588	99	96	dîd  	7.400000
84	8	La4	A4	305	305	0	0	0	99	96		7.400000
85	9	Sol4	G4	296	296	1	16	294	99	96		7.450000
86	9	Fa4	F4	287	287	1	16	294	99	96		7.500000
87	9	Mi4	E4	283	283	1	16	294	99	96		7.550000
88	9	Fa4	F4	287	287	1	16	294	99	96		7.600000
89	9	Sol4	G4	296	296	1	16	294	99	96		7.650000
90	9	Mi4	E4	283	283	1	16	294	99	96		7.700000
91	9	Fa4	F4	287	287	1	4	1176	95	96		7.900000
92	9	Es	Es	-1	-1	1	8	588	100	0		8.000000
