Sira	Kod	Nota53	NotaAE	Koma53	KomaAE	Pay	Payda	Ms	LNS	Bas	Soz1	Offset
1	9	Sol4	G4	296	296	3	8	1154	95	96	Öm	0.3
2	9	La4	A4	305	305	1	4	769	95	96	rü	0.5
3	9	La4	A4	305	305	1	8	385	99	96	mün 	0.6
4	9	Si4b2	B4b1	312	313	1	8	385	99	96		0.7
5	9	Sol4	G4	296	296	1	8	385	99	96		0.8
6	9	Fa4	F4	287	287	1	16	192	99	96		0.85
7	9	Mi4	E4	283	283	1	16	192	99	96		0.9
8	9	Re4	D4	274	274	1	8	385	95	96		1.0
9	9	Do5	C5	318	318	1	8	385	99	96	gü	1.1
10	9	Re5	D5	327	327	1	8	385	99	96		1.2
11	9	Mi5	E5	336	336	1	8	385	95	96		1.3
12	9	Mi5	E5	336	336	1	8	385	99	96	lü	1.4
13	9	Re5	D5	327	327	1	8	385	95	96		1.5
14	9	Mi5	E5	336	336	1	8	385	99	96	sün 	1.6
15	9	Re5	D5	327	327	1	16	192	99	96		1.65
16	9	Do5	C5	318	318	1	16	192	99	96		1.7
17	9	Re5	D5	327	327	1	4	769	95	96		1.9
18	9	Es	Es	-1	-1	1	8	385	100	0		2.0
19	9	Sol5	G5	349	349	1	8	385	99	96	gül 	2.1
20	9	Fa5	F5	340	340	1	8	385	99	96		2.2
21	9	Mi5	E5	336	336	1	8	385	99	96		2.3
22	9	Re5	D5	327	327	1	8	385	99	96		2.4
23	9	Do5	C5	318	318	1	8	385	99	96		2.5
24	9	Si4b2	B4b1	312	313	1	8	385	99	96		2.6
25	9	La4	A4	305	305	1	8	385	99	96		2.7
26	9	Sol4	G4	296	296	1	8	385	99	96		2.8
27	9	Mi5	E5	336	336	1	8	385	99	96		2.9
28	9	Mi5	E5	336	336	1	16	192	99	96		2.95
29	9	Re5	D5	327	327	1	16	192	95	96		3.0
30	9	Re5	D5	327	327	5	8	1923	99	96	ki 	3.5
31	9	Re5	D5	327	327	1	8	385	99	96		3.6
32	9	Do5	C5	318	318	1	8	385	99	96		3.7
33	9	Re5	D5	327	327	1	4	769	95	96		3.9
34	9	Es	Es	-1	-1	1	8	385	100	0		4.0
35	9	Re5	D5	327	327	1	8	385	99	96	gül 	4.1
36	9	Mi5	E5	336	336	1	8	385	99	96		4.2
37	9	Re5	D5	327	327	1	8	385	99	96		4.3
38	9	Do5	C5	318	318	1	8	385	99	96		4.4
39	9	Si4b2	B4b1	312	313	1	8	385	99	96		4.5
40	9	Do5	C5	318	318	1	8	385	99	96		4.6
41	9	Re5	D5	327	327	1	8	385	99	96		4.7
42	9	Do5	C5	318	318	1	8	385	99	96		4.8
43	9	Si4b2	B4b1	312	313	1	8	385	99	96		4.9
44	9	La4	A4	305	305	1	8	385	95	96		5.0
45	9	Do5	C5	318	318	1	8	385	99	96	ki 	5.1
46	9	Si4b2	B4b1	312	313	1	16	192	99	96		5.15
47	9	La4	A4	305	305	1	16	192	99	96		5.2
48	9	Si4b2	B4b1	312	313	1	2	1538	99	96		5.6
49	9	La4	A4	305	305	1	8	385	99	96		5.7
50	9	Do5	C5	318	318	1	16	192	99	96		5.75
51	9	Si4b2	B4b1	312	313	1	16	192	99	96		5.8
52	9	La4	A4	305	305	1	16	192	99	96		5.85
53	9	Sol4	G4	296	296	1	16	192	99	96		5.9
54	9	La4	A4	305	305	1	8	385	95	96		6.0
55	9	Es	Es	-1	-1	1	8	385	100	0		6.1
56	9	Sol4	G4	296	296	1	16	192	99	96	gü	6.15
57	9	La4	A4	305	305	1	16	192	99	96		6.2
58	9	Si4b2	B4b1	312	313	1	8	385	99	96		6.3
59	9	Do5	C5	318	318	1	8	385	99	96		6.4
60	9	Re5	D5	327	327	1	8	385	99	96		6.5
61	9	Mi5	E5	336	336	1	8	385	99	96		6.6
62	9	Re5	D5	327	327	1	8	385	99	96		6.7
63	9	Do5	C5	318	318	1	8	385	99	96		6.8
64	9	Si4b2	B4b1	312	313	1	8	385	95	96		6.9
65	9	La4	A4	305	305	1	16	192	99	96	le	6.95
66	9	Sol4	G4	296	296	1	16	192	95	96		7.0
67	9	Re5	D5	327	327	9	8	3462	95	96	yim  	7.9
68	9	Es	Es	-1	-1	1	8	385	100	0		8.0
69	9	Re5	D5	327	327	1	8	385	95	96	SAZ	8.1
70	9	Mi5	E5	336	336	1	8	385	95	96	.	8.2
71	9	Re5	D5	327	327	1	8	385	95	96	.	8.3
72	9	Do5	C5	318	318	1	8	385	95	96	.	8.4
73	9	Si4b2	B4b1	312	313	1	8	385	95	96	.	8.5
74	9	Do5	C5	318	318	1	8	385	95	96	.	8.6
75	9	Re5	D5	327	327	1	8	385	95	96	.	8.7
76	9	Do5	C5	318	318	1	8	385	95	96	.	8.8
77	9	Si4b2	B4b1	312	313	1	8	385	95	96	.	8.9
78	9	La4	A4	305	305	1	8	385	95	96	.	9.0
79	9	Si4b2	B4b1	312	313	1	8	385	95	96	.	9.1
80	9	Do5	C5	318	318	1	8	385	95	96	.	9.2
81	9	Si4b2	B4b1	312	313	1	8	385	95	96	.	9.3
82	9	La4	A4	305	305	1	8	385	95	96	.	9.4
83	9	Sol4	G4	296	296	1	16	192	95	96	.	9.45
84	9	Re5	D5	327	327	1	16	192	95	96	.	9.5
85	9	Do5	C5	318	318	1	16	192	95	96	.	9.55
86	9	Si4b2	B4b1	312	313	1	16	192	95	96	.	9.6
87	9	La4	A4	305	305	1	16	192	95	96	.	9.65
88	9	Sol4	G4	296	296	1	16	192	95	96	.	9.7
89	9	La4	A4	305	305	1	4	769	95	96	.	9.9
90	9	Es	Es	-1	-1	1	8	385	100	0		10.0
91	9	Sol4	G4	296	296	3	8	1154	95	96	Öm	10.3
92	9	La4	A4	305	305	1	4	769	95	96	rü	10.5
93	9	La4	A4	305	305	1	8	385	99	96	mün 	10.6
94	9	Si4b2	B4b1	312	313	1	8	385	99	96		10.7
95	9	Sol4	G4	296	296	1	8	385	99	96		10.8
96	9	Fa4	F4	287	287	1	16	192	99	96		10.85
97	9	Mi4	E4	283	283	1	16	192	99	96		10.9
98	9	Re4	D4	274	274	1	8	385	95	96		11.0
99	9	Do5	C5	318	318	1	8	385	99	96	gü	11.1
100	9	Re5	D5	327	327	1	8	385	99	96		11.2
101	9	Mi5	E5	336	336	1	8	385	95	96		11.3
102	9	Mi5	E5	336	336	1	8	385	99	96	lü	11.4
103	9	Re5	D5	327	327	1	8	385	95	96		11.5
104	9	Mi5	E5	336	336	1	8	385	99	96	sün 	11.6
105	9	Re5	D5	327	327	1	16	192	99	96		11.65
106	9	Do5	C5	318	318	1	16	192	99	96		11.7
107	9	Re5	D5	327	327	1	4	769	95	96		11.9
108	9	Es	Es	-1	-1	1	8	385	100	0		12.0
109	9	Sol5	G5	349	349	1	8	385	99	96	gül 	12.1
110	9	Fa5	F5	340	340	1	8	385	99	96		12.2
111	9	Mi5	E5	336	336	1	8	385	99	96		12.3
112	9	Re5	D5	327	327	1	8	385	99	96		12.4
113	9	Do5	C5	318	318	1	8	385	99	96		12.5
114	9	Si4b2	B4b1	312	313	1	8	385	99	96		12.6
115	9	La4	A4	305	305	1	8	385	99	96		12.7
116	9	Sol4	G4	296	296	1	8	385	99	96		12.8
117	9	Mi5	E5	336	336	1	8	385	99	96		12.9
118	9	Mi5	E5	336	336	1	16	192	99	96		12.95
119	9	Re5	D5	327	327	1	16	192	95	96		13.0
120	9	Re5	D5	327	327	5	8	1923	99	96	ki 	13.5
121	9	Re5	D5	327	327	1	8	385	99	96		13.6
122	9	Do5	C5	318	318	1	8	385	99	96		13.7
123	9	Re5	D5	327	327	1	4	769	95	96		13.9
124	9	Es	Es	-1	-1	1	8	385	100	0		14.0
125	9	Re5	D5	327	327	1	8	385	99	96	gül 	14.1
126	9	Mi5	E5	336	336	1	8	385	99	96		14.2
127	9	Re5	D5	327	327	1	8	385	99	96		14.3
128	9	Do5	C5	318	318	1	8	385	99	96		14.4
129	9	Si4b2	B4b1	312	313	1	8	385	99	96		14.5
130	9	Do5	C5	318	318	1	8	385	99	96		14.6
131	9	Re5	D5	327	327	1	8	385	99	96		14.7
132	9	Do5	C5	318	318	1	8	385	99	96		14.8
133	9	Si4b2	B4b1	312	313	1	8	385	99	96		14.9
134	9	La4	A4	305	305	1	8	385	95	96		15.0
135	9	Do5	C5	318	318	1	8	385	99	96	ki 	15.1
136	9	Si4b2	B4b1	312	313	1	16	192	99	96		15.15
137	9	La4	A4	305	305	1	16	192	99	96		15.2
138	9	Si4b2	B4b1	312	313	1	2	1538	99	96		15.6
139	9	La4	A4	305	305	1	8	385	99	96		15.7
140	9	Do5	C5	318	318	1	16	192	99	96		15.75
141	9	Si4b2	B4b1	312	313	1	16	192	99	96		15.8
142	9	La4	A4	305	305	1	16	192	99	96		15.85
143	9	Sol4	G4	296	296	1	16	192	99	96		15.9
144	9	La4	A4	305	305	1	8	385	95	96		16.0
145	9	Es	Es	-1	-1	1	8	385	100	0		16.1
146	9	Sol4	G4	296	296	1	16	192	99	96	gü	16.15
147	9	La4	A4	305	305	1	16	192	99	96		16.2
148	9	Si4b2	B4b1	312	313	1	8	385	99	96		16.3
149	9	Do5	C5	318	318	1	8	385	99	96		16.4
150	9	Re5	D5	327	327	1	8	385	99	96		16.5
151	9	Mi5	E5	336	336	1	8	385	99	96		16.6
152	9	Re5	D5	327	327	1	8	385	99	96		16.7
153	9	Do5	C5	318	318	1	8	385	99	96		16.8
154	9	Si4b2	B4b1	312	313	1	8	385	95	96		16.9
155	9	La4	A4	305	305	1	16	192	99	96	le	16.95
156	9	Sol4	G4	296	296	1	16	192	95	96		17.0
157	9	Re5	D5	327	327	9	8	3462	95	96	yim  	17.9
158	9	Es	Es	-1	-1	1	8	385	100	0		18.0
159	9	Re5	D5	327	327	1	8	385	95	96	SAZ	18.1
160	9	Mi5	E5	336	336	1	8	385	95	96	.	18.2
161	9	Re5	D5	327	327	1	8	385	95	96	.	18.3
162	9	Do5	C5	318	318	1	8	385	95	96	.	18.4
163	9	Si4b2	B4b1	312	313	1	8	385	95	96	.	18.5
164	9	Do5	C5	318	318	1	8	385	95	96	.	18.6
165	9	Re5	D5	327	327	1	8	385	95	96	.	18.7
166	9	Do5	C5	318	318	1	8	385	95	96	.	18.8
167	9	Si4b2	B4b1	312	313	1	8	385	95	96	.	18.9
168	9	La4	A4	305	305	1	8	385	95	96	.	19.0
169	9	Si4b2	B4b1	312	313	1	8	385	95	96	.	19.1
170	9	Do5	C5	318	318	1	8	385	95	96	.	19.2
171	9	Si4b2	B4b1	312	313	1	8	385	95	96	.	19.3
172	9	La4	A4	305	305	1	8	385	95	96	.	19.4
173	9	Sol4	G4	296	296	1	8	385	95	96	.	19.5
174	9	Fa5	F5	340	340	1	16	192	95	96	.	19.55
175	9	Mi5	E5	336	336	1	16	192	95	96	.	19.6
176	9	Re5	D5	327	327	1	16	192	95	96	.	19.65
177	9	Mi5	E5	336	336	1	16	192	95	96	.	19.7
178	9	Re5	D5	327	327	1	4	769	95	96	.	19.9
179	9	Es	Es	-1	-1	1	8	385	100	0		20.0
180	9	Mi5	E5	336	336	1	4	769	99	96	Sev	20.2
181	9	Re5	D5	327	327	1	8	385	95	96		20.3
182	9	Mi5	E5	336	336	1	8	385	99	96	mek 	20.4
183	9	Fa5	F5	340	340	1	8	385	95	96		20.5
184	9	Mi5	E5	336	336	1	8	385	99	96	gü	20.6
185	9	Re5	D5	327	327	1	8	385	95	96		20.7
186	9	Re5	D5	327	327	1	16	192	99	96	nah	20.75
187	9	Do5	C5	318	318	1	16	192	99	96		20.8
188	9	Si4b2	B4b1	312	313	1	16	192	99	96		20.85
189	9	La4	A4	305	305	1	16	192	99	96		20.9
190	9	Si4b2	B4b1	312	313	1	16	192	99	96		20.95
191	9	Do5	C5	318	318	1	16	192	95	96		21.0
192	9	Re5	D5	327	327	5	8	1923	99	96	sa 	21.5
193	9	Re5	D5	327	327	1	8	385	99	96		21.6
194	9	Mi5	E5	336	336	1	16	192	99	96		21.65
195	9	Re5	D5	327	327	1	16	192	99	96		21.7
196	9	Do5	C5	318	318	1	16	192	99	96		21.75
197	9	Si4b2	B4b1	312	313	1	16	192	99	96		21.8
198	9	La4	A4	305	305	1	16	192	99	96		21.85
199	9	Sol4	G4	296	296	1	16	192	99	96		21.9
200	9	La4	A4	305	305	1	8	385	95	96		22.0
201	9	La4	A4	305	305	3	8	1154	95	96	söy	22.3
202	9	Si4b2	B4b1	312	313	1	4	769	95	96	le 	22.5
203	9	Do5	C5	318	318	1	4	769	99	96	de 	22.7
204	9	Re5	D5	327	327	1	4	769	95	96		22.9
205	9	Es	Es	-1	-1	1	8	385	100	0		23.0
206	9	Re5	D5	327	327	1	8	385	99	96	bi	23.1
207	9	Mi5	E5	336	336	1	8	385	99	96		23.2
208	9	Re5	D5	327	327	1	8	385	99	96		23.3
209	9	Do5	C5	318	318	1	8	385	99	96		23.4
210	9	Si4b2	B4b1	312	313	1	8	385	99	96		23.5
211	9	Do5	C5	318	318	1	8	385	99	96		23.6
212	9	Re5	D5	327	327	1	8	385	99	96		23.7
213	9	Do5	C5	318	318	1	8	385	99	96		23.8
214	9	Si4b2	B4b1	312	313	1	8	385	95	96		23.9
215	9	La4	A4	305	305	1	8	385	95	96	le	24.0
216	9	Si4b2	B4b1	312	313	3	8	1154	99	96	yim 	24.3
217	9	Si4b2	B4b1	312	313	1	8	385	99	96		24.4
218	9	La4	A4	305	305	1	8	385	99	96		24.5
219	9	Do5	C5	318	318	1	16	192	99	96		24.55
220	9	Si4b2	B4b1	312	313	1	16	192	99	96		24.6
221	9	La4	A4	305	305	1	16	192	99	96		24.65
222	9	Sol4	G4	296	296	1	16	192	99	96		24.7
223	9	La4	A4	305	305	1	4	769	95	96		24.9
224	9	Es	Es	-1	-1	1	8	385	100	0		25.0
225	9	Mi5	E5	336	336	1	4	769	99	96	söy	25.2
226	9	Re5	D5	327	327	1	8	385	95	96		25.3
227	9	Mi5	E5	336	336	1	8	385	99	96	le 	25.4
228	9	Fa5	F5	340	340	1	8	385	95	96		25.5
229	9	Mi5	E5	336	336	1	8	385	99	96	de 	25.6
230	9	Re5	D5	327	327	1	8	385	99	96		25.7
231	9	Re5	D5	327	327	1	16	192	99	96		25.75
232	9	Do5	C5	318	318	1	16	192	99	96		25.8
233	9	Si4b2	B4b1	312	313	1	16	192	99	96		25.85
234	9	La4	A4	305	305	1	16	192	99	96		25.9
235	9	Si4b2	B4b1	312	313	1	8	385	95	96		26.0
236	9	Re5	D5	327	327	1	4	769	99	96	bi	26.2
237	9	Do5	C5	318	318	1	8	385	99	96		26.3
238	9	Si4b2	B4b1	312	313	1	8	385	99	96		26.4
239	9	La4	A4	305	305	1	8	385	99	96		26.5
240	9	Re5	D5	327	327	1	8	385	99	96		26.6
241	9	Mi5	E5	336	336	1	16	192	99	96		26.65
242	9	Re5	D5	327	327	1	16	192	99	96		26.7
243	9	Do5	C5	318	318	1	8	385	99	96		26.8
244	9	Si4b2	B4b1	312	313	1	8	385	95	96		26.9
245	9	Si4b2	B4b1	312	313	1	16	192	99	96	le	26.95
246	9	La4	A4	305	305	1	16	192	95	96		27.0
247	9	La4	A4	305	305	9	8	3462	95	96	yim 	27.9
248	9	Es	Es	-1	-1	1	8	385	100	0		28.0
249	9	Re5	D5	327	327	1	8	385	95	96	SAZ	28.1
250	9	Mi5	E5	336	336	1	8	385	95	96	.	28.2
251	9	Re5	D5	327	327	1	8	385	95	96	.	28.3
252	9	Do5	C5	318	318	1	8	385	95	96	.	28.4
253	9	Si4b2	B4b1	312	313	1	8	385	95	96	.	28.5
254	9	Do5	C5	318	318	1	8	385	95	96	.	28.6
255	9	Re5	D5	327	327	1	8	385	95	96	.	28.7
256	9	Do5	C5	318	318	1	8	385	95	96	.	28.8
257	9	Si4b2	B4b1	312	313	1	8	385	95	96	.	28.9
258	9	La4	A4	305	305	1	8	385	95	96	.	29.0
259	9	Si4b2	B4b1	312	313	1	8	385	95	96	.	29.1
260	9	Do5	C5	318	318	1	8	385	95	96	.	29.2
261	9	Si4b2	B4b1	312	313	1	8	385	95	96	.	29.3
262	9	La4	A4	305	305	1	8	385	95	96	.	29.4
263	9	Sol4	G4	296	296	1	8	385	95	96	.	29.5
264	9	Fa5	F5	340	340	1	16	192	95	96	.	29.55
265	9	Mi5	E5	336	336	1	16	192	95	96	.	29.6
266	9	Re5	D5	327	327	1	16	192	95	96	.	29.65
267	9	Mi5	E5	336	336	1	16	192	95	96	.	29.7
268	9	Re5	D5	327	327	1	4	769	95	96	.	29.9
269	9	Es	Es	-1	-1	1	8	385	100	0		30.0
270	9	Mi5	E5	336	336	1	4	769	99	96	Sev	30.2
271	9	Re5	D5	327	327	1	8	385	95	96		30.3
272	9	Mi5	E5	336	336	1	8	385	99	96	mek 	30.4
273	9	Fa5	F5	340	340	1	8	385	95	96		30.5
274	9	Mi5	E5	336	336	1	8	385	99	96	gü	30.6
275	9	Re5	D5	327	327	1	8	385	95	96		30.7
276	9	Re5	D5	327	327	1	16	192	99	96	nah	30.75
277	9	Do5	C5	318	318	1	16	192	99	96		30.8
278	9	Si4b2	B4b1	312	313	1	16	192	99	96		30.85
279	9	La4	A4	305	305	1	16	192	99	96		30.9
280	9	Si4b2	B4b1	312	313	1	16	192	99	96		30.95
281	9	Do5	C5	318	318	1	16	192	95	96		31.0
282	9	Re5	D5	327	327	5	8	1923	99	96	sa 	31.5
283	9	Re5	D5	327	327	1	8	385	99	96		31.6
284	9	Mi5	E5	336	336	1	16	192	99	96		31.65
285	9	Re5	D5	327	327	1	16	192	99	96		31.7
286	9	Do5	C5	318	318	1	16	192	99	96		31.75
287	9	Si4b2	B4b1	312	313	1	16	192	99	96		31.8
288	9	La4	A4	305	305	1	16	192	99	96		31.85
289	9	Sol4	G4	296	296	1	16	192	99	96		31.9
290	9	La4	A4	305	305	1	8	385	95	96		32.0
291	9	La4	A4	305	305	3	8	1154	95	96	söy	32.3
292	9	Si4b2	B4b1	312	313	1	4	769	95	96	le 	32.5
293	9	Do5	C5	318	318	1	4	769	99	96	de 	32.7
294	9	Re5	D5	327	327	1	4	769	95	96		32.9
295	9	Es	Es	-1	-1	1	8	385	100	0		33.0
296	9	Re5	D5	327	327	1	8	385	99	96	bi	33.1
297	9	Mi5	E5	336	336	1	8	385	99	96		33.2
298	9	Re5	D5	327	327	1	8	385	99	96		33.3
299	9	Do5	C5	318	318	1	8	385	99	96		33.4
300	9	Si4b2	B4b1	312	313	1	8	385	99	96		33.5
301	9	Do5	C5	318	318	1	8	385	99	96		33.6
302	9	Re5	D5	327	327	1	8	385	99	96		33.7
303	9	Do5	C5	318	318	1	8	385	99	96		33.8
304	9	Si4b2	B4b1	312	313	1	8	385	95	96		33.9
305	9	La4	A4	305	305	1	8	385	95	96	le	34.0
306	9	Si4b2	B4b1	312	313	3	8	1154	99	96	yim 	34.3
307	9	Si4b2	B4b1	312	313	1	8	385	99	96		34.4
308	9	La4	A4	305	305	1	8	385	99	96		34.5
309	9	Do5	C5	318	318	1	16	192	99	96		34.55
310	9	Si4b2	B4b1	312	313	1	16	192	99	96		34.6
311	9	La4	A4	305	305	1	16	192	99	96		34.65
312	9	Sol4	G4	296	296	1	16	192	99	96		34.7
313	9	La4	A4	305	305	1	4	769	95	96		34.9
314	9	Es	Es	-1	-1	1	8	385	100	0		35.0
315	9	Mi5	E5	336	336	1	4	769	99	96	söy	35.2
316	9	Re5	D5	327	327	1	8	385	95	96		35.3
317	9	Mi5	E5	336	336	1	8	385	99	96	le 	35.4
318	9	Fa5	F5	340	340	1	8	385	95	96		35.5
319	9	Mi5	E5	336	336	1	8	385	99	96	de 	35.6
320	9	Re5	D5	327	327	1	8	385	99	96		35.7
321	9	Re5	D5	327	327	1	16	192	99	96		35.75
322	9	Do5	C5	318	318	1	16	192	99	96		35.8
323	9	Si4b2	B4b1	312	313	1	16	192	99	96		35.85
324	9	La4	A4	305	305	1	16	192	99	96		35.9
325	9	Si4b2	B4b1	312	313	1	8	385	95	96		36.0
326	9	Re5	D5	327	327	1	4	769	99	96	bi	36.2
327	9	Do5	C5	318	318	1	8	385	99	96		36.3
328	9	Si4b2	B4b1	312	313	1	8	385	99	96		36.4
329	9	La4	A4	305	305	1	8	385	99	96		36.5
330	9	Re5	D5	327	327	1	8	385	99	96		36.6
331	9	Mi5	E5	336	336	1	16	192	99	96		36.65
332	9	Re5	D5	327	327	1	16	192	99	96		36.7
333	9	Do5	C5	318	318	1	8	385	99	96		36.8
334	9	Si4b2	B4b1	312	313	1	8	385	95	96		36.9
335	9	Si4b2	B4b1	312	313	1	16	192	99	96	le	36.95
336	9	La4	A4	305	305	1	16	192	95	96		37.0
337	9	La4	A4	305	305	9	8	3462	95	96	yim 	37.9
338	9	Es	Es	-1	-1	1	8	385	100	0		38.0
339	9	La4	A4	305	305	1	8	385	95	96	SAZ	38.1
340	9	Si4b4	B4b4	310	310	1	8	385	95	96	.	38.2
341	9	Do5#4	C5#4	322	322	1	8	385	95	96	.	38.3
342	9	Re5	D5	327	327	1	8	385	95	96	.	38.4
343	9	Mi5	E5	336	336	1	8	385	95	96	.	38.5
344	9	Fa5	F5	340	340	1	16	192	95	96	.	38.55
345	9	Mi5	E5	336	336	1	16	192	95	96	.	38.6
346	9	Re5	D5	327	327	1	16	192	95	96	.	38.65
347	9	Do5#4	C5#4	322	322	1	16	192	95	96	.	38.7
348	9	Re5	D5	327	327	1	8	385	95	96	.	38.8
349	9	Do5#4	C5#4	322	322	1	8	385	95	96	.	38.9
350	9	Si4b4	B4b4	310	310	1	8	385	95	96	.	39.0
351	9	Re5	D5	327	327	1	16	192	95	96	.	39.05
352	9	Do5#4	C5#4	322	322	1	16	192	95	96	.	39.1
353	9	Si4b4	B4b4	310	310	1	16	192	95	96	.	39.15
354	9	La4	A4	305	305	1	16	192	95	96	.	39.2
355	9	Si4b4	B4b4	310	310	1	8	385	95	96	.	39.3
356	9	Do5#4	C5#4	322	322	1	8	385	95	96	.	39.4
357	9	Re5	D5	327	327	1	8	385	95	96	.	39.5
358	9	Do5#4	C5#4	322	322	1	16	192	95	96	.	39.55
359	9	Si4b4	B4b4	310	310	1	16	192	95	96	.	39.6
360	9	La4	A4	305	305	1	16	192	95	96	.	39.65
361	9	Sol4	G4	296	296	1	16	192	95	96	.	39.7
362	9	La4	A4	305	305	1	4	769	95	96	.	39.9
363	9	Es	Es	-1	-1	1	8	385	100	0		40.0
364	9	Re5	D5	327	327	3	8	1154	95	96	Sen	40.3
365	9	Re5	D5	327	327	1	4	769	95	96	siz 	40.5
366	9	Re5	D5	327	327	1	8	385	99	96	ya	40.6
367	9	Do5#4	C5#4	322	322	1	8	385	95	96		40.7
368	9	Re5	D5	327	327	1	8	385	99	96	şa	40.8
369	9	Do5#4	C5#4	322	322	1	8	385	99	96		40.9
370	9	Si4b4	B4b4	310	310	1	8	385	95	96		41.0
371	9	Do5#4	C5#4	322	322	1	8	385	99	96	mak	41.1
372	9	Si4b4	B4b4	310	310	1	8	385	99	96		41.2
373	9	Do5#4	C5#4	322	322	1	8	385	99	96		41.3
374	9	Si4b4	B4b4	310	310	1	8	385	99	96		41.4
375	9	La4	A4	305	305	1	8	385	95	96		41.5
376	9	La4	A4	305	305	1	8	385	99	96	tan 	41.6
377	9	Si4b4	B4b4	310	310	1	16	192	99	96		41.65
378	9	La4	A4	305	305	1	16	192	99	96		41.7
379	9	La4	A4	305	305	3	8	1154	95	96		42.0
380	9	Sol5	G5	349	349	1	8	385	99	96	i	42.1
381	9	Fa5#3	F5#4	343	344	1	8	385	99	96		42.2
382	9	Sol5	G5	349	349	1	8	385	99	96		42.3
383	9	Fa5#3	F5#4	343	344	1	8	385	99	96		42.4
384	9	Mi5	E5	336	336	1	8	385	95	96		42.5
385	9	Mi5	E5	336	336	1	8	385	99	96	se 	42.6
386	9	Fa5	F5	340	340	1	16	192	99	96		42.65
387	9	Mi5	E5	336	336	1	16	192	99	96		42.7
388	9	Fa5	F5	340	340	1	16	192	99	96		42.75
389	9	Mi5	E5	336	336	1	16	192	99	96		42.8
390	9	Re5	D5	327	327	1	16	192	99	96		42.85
391	9	Do5#4	C5#4	322	322	1	16	192	99	96		42.9
392	9	Re5	D5	327	327	1	8	385	95	96		43.0
393	9	Mi5	E5	336	336	1	8	385	99	96	ben 	43.1
394	9	Sol5	G5	349	349	1	8	385	99	96		43.2
395	9	Fa5	F5	340	340	1	8	385	99	96		43.3
396	9	Mi5	E5	336	336	1	8	385	99	96		43.4
397	9	Re5	D5	327	327	1	8	385	99	96		43.5
398	9	Re5	D5	327	327	1	8	385	99	96		43.6
399	9	Do5#4	C5#4	322	322	1	8	385	99	96		43.7
400	9	Re5	D5	327	327	1	16	192	99	96		43.75
401	9	Do5#4	C5#4	322	322	1	16	192	99	96		43.8
402	9	Si4b1	B4b1	313	313	1	16	192	99	96		43.85
403	9	La4#4	A4#4	309	309	1	16	192	99	96		43.9
404	9	Si4b1	B4b1	313	313	1	8	385	95	96		44.0
405	9	Es	Es	-1	-1	1	4	769	100	0		44.2
406	9	Re5	D5	327	327	3	16	577	99	96	ö	44.35
407	9	Do5#4	C5#4	322	322	1	16	192	99	96		44.4
408	9	Si4	B4	314	314	1	8	385	99	96		44.5
409	9	Do5#4	C5#4	322	322	1	8	385	99	96		44.6
410	9	Re5	D5	327	327	1	8	385	99	96		44.7
411	9	Mi5	E5	336	336	1	4	769	95	96		44.9
412	9	Mi5	E5	336	336	1	16	192	95	96	le	44.95
413	9	Re5	D5	327	327	1	16	192	95	96		45.0
414	9	Re5	D5	327	327	9	8	3462	95	96	yim 	45.9
415	9	Es	Es	-1	-1	1	8	385	100	0		46.0
416	9	Mi5	E5	336	336	1	8	385	99	96	ö	46.1
417	9	Sol5	G5	349	349	1	8	385	99	96		46.2
418	9	Fa5	F5	340	340	1	8	385	99	96		46.3
419	9	Mi5	E5	336	336	1	8	385	99	96		46.4
420	9	Re5	D5	327	327	1	8	385	99	96		46.5
421	9	Do5	C5	318	318	1	8	385	99	96		46.6
422	9	Si4b2	B4b1	312	313	1	8	385	99	96		46.7
423	9	La4	A4	305	305	1	4	769	95	96		46.9
424	9	Sol4	G4	296	296	1	8	385	95	96	le	47.0
425	9	Re5	D5	327	327	1	8	385	99	96	yim 	47.1
426	9	Mi5	E5	336	336	1	16	192	99	96		47.15
427	9	Re5	D5	327	327	1	16	192	99	96		47.2
428	9	Re5	D5	327	327	7	8	2692	95	96		47.9
429	9	Es	Es	-1	-1	1	8	385	100	0		48.0
430	9	Re5	D5	327	327	1	8	385	95	96	SAZ	48.1
431	9	Mi5	E5	336	336	1	8	385	95	96	.	48.2
432	9	Re5	D5	327	327	1	8	385	95	96	.	48.3
433	9	Do5	C5	318	318	1	8	385	95	96	.	48.4
434	9	Si4b2	B4b1	312	313	1	8	385	95	96	.	48.5
435	9	Do5	C5	318	318	1	8	385	95	96	.	48.6
436	9	Re5	D5	327	327	1	8	385	95	96	.	48.7
437	9	Do5	C5	318	318	1	8	385	95	96	.	48.8
438	9	Si4b2	B4b1	312	313	1	8	385	95	96	.	48.9
439	9	La4	A4	305	305	1	8	385	95	96	.	49.0
440	9	Si4b2	B4b1	312	313	1	8	385	95	96	.	49.1
441	9	Do5	C5	318	318	1	8	385	95	96	.	49.2
442	9	Si4b2	B4b1	312	313	1	8	385	95	96	.	49.3
443	9	La4	A4	305	305	1	8	385	95	96	.	49.4
444	9	Sol4	G4	296	296	1	8	385	95	96	.	49.5
445	9	Fa5	F5	340	340	1	16	192	95	96	.	49.55
446	9	Mi5	E5	336	336	1	16	192	95	96	.	49.6
447	9	Re5	D5	327	327	1	16	192	95	96	.	49.65
448	9	Mi5	E5	336	336	1	16	192	95	96	.	49.7
449	9	Re5	D5	327	327	1	4	769	95	96	.	49.9
450	9	Es	Es	-1	-1	1	8	385	100	0		50.0
451	9	Mi5	E5	336	336	1	4	769	99	96	Sev	50.2
452	9	Re5	D5	327	327	1	8	385	95	96		50.3
453	9	Mi5	E5	336	336	1	8	385	99	96	mek 	50.4
454	9	Fa5	F5	340	340	1	8	385	95	96		50.5
455	9	Mi5	E5	336	336	1	8	385	99	96	gü	50.6
456	9	Re5	D5	327	327	1	8	385	95	96		50.7
457	9	Re5	D5	327	327	1	16	192	99	96	nah	50.75
458	9	Do5	C5	318	318	1	16	192	99	96		50.8
459	9	Si4b2	B4b1	312	313	1	16	192	99	96		50.85
460	9	La4	A4	305	305	1	16	192	99	96		50.9
461	9	Si4b2	B4b1	312	313	1	16	192	99	96		50.95
462	9	Do5	C5	318	318	1	16	192	95	96		51.0
463	9	Re5	D5	327	327	5	8	1923	99	96	sa 	51.5
464	9	Re5	D5	327	327	1	8	385	99	96		51.6
465	9	Mi5	E5	336	336	1	16	192	99	96		51.65
466	9	Re5	D5	327	327	1	16	192	99	96		51.7
467	9	Do5	C5	318	318	1	16	192	99	96		51.75
468	9	Si4b2	B4b1	312	313	1	16	192	99	96		51.8
469	9	La4	A4	305	305	1	16	192	99	96		51.85
470	9	Sol4	G4	296	296	1	16	192	99	96		51.9
471	9	La4	A4	305	305	1	8	385	95	96		52.0
472	9	La4	A4	305	305	3	8	1154	95	96	söy	52.3
473	9	Si4b2	B4b1	312	313	1	4	769	95	96	le 	52.5
474	9	Do5	C5	318	318	1	4	769	99	96	de 	52.7
475	9	Re5	D5	327	327	1	4	769	95	96		52.9
476	9	Es	Es	-1	-1	1	8	385	100	0		53.0
477	9	Re5	D5	327	327	1	8	385	99	96	bi	53.1
478	9	Mi5	E5	336	336	1	8	385	99	96		53.2
479	9	Re5	D5	327	327	1	8	385	99	96		53.3
480	9	Do5	C5	318	318	1	8	385	99	96		53.4
481	9	Si4b2	B4b1	312	313	1	8	385	99	96		53.5
482	9	Do5	C5	318	318	1	8	385	99	96		53.6
483	9	Re5	D5	327	327	1	8	385	99	96		53.7
484	9	Do5	C5	318	318	1	8	385	99	96		53.8
485	9	Si4b2	B4b1	312	313	1	8	385	95	96		53.9
486	9	La4	A4	305	305	1	8	385	95	96	le	54.0
487	9	Si4b2	B4b1	312	313	3	8	1154	99	96	yim 	54.3
488	9	Si4b2	B4b1	312	313	1	8	385	99	96		54.4
489	9	La4	A4	305	305	1	8	385	99	96		54.5
490	9	Do5	C5	318	318	1	16	192	99	96		54.55
491	9	Si4b2	B4b1	312	313	1	16	192	99	96		54.6
492	9	La4	A4	305	305	1	16	192	99	96		54.65
493	9	Sol4	G4	296	296	1	16	192	99	96		54.7
494	9	La4	A4	305	305	1	4	769	95	96		54.9
495	9	Es	Es	-1	-1	1	8	385	100	0		55.0
496	9	Mi5	E5	336	336	1	4	769	99	96	söy	55.2
497	9	Re5	D5	327	327	1	8	385	95	96		55.3
498	9	Mi5	E5	336	336	1	8	385	99	96	le 	55.4
499	9	Fa5	F5	340	340	1	8	385	95	96		55.5
500	9	Mi5	E5	336	336	1	8	385	99	96	de 	55.6
501	9	Re5	D5	327	327	1	8	385	99	96		55.7
502	9	Re5	D5	327	327	1	16	192	99	96		55.75
503	9	Do5	C5	318	318	1	16	192	99	96		55.8
504	9	Si4b2	B4b1	312	313	1	16	192	99	96		55.85
505	9	La4	A4	305	305	1	16	192	99	96		55.9
506	9	Si4b2	B4b1	312	313	1	8	385	95	96		56.0
507	9	Re5	D5	327	327	1	4	769	99	96	bi	56.2
508	9	Do5	C5	318	318	1	8	385	99	96		56.3
509	9	Si4b2	B4b1	312	313	1	8	385	99	96		56.4
510	9	La4	A4	305	305	1	8	385	99	96		56.5
511	9	Re5	D5	327	327	1	8	385	99	96		56.6
512	9	Mi5	E5	336	336	1	16	192	99	96		56.65
513	9	Re5	D5	327	327	1	16	192	99	96		56.7
514	9	Do5	C5	318	318	1	8	385	99	96		56.8
515	9	Si4b2	B4b1	312	313	1	8	385	95	96		56.9
516	9	Si4b2	B4b1	312	313	1	16	192	99	96	le	56.95
517	9	La4	A4	305	305	1	16	192	95	96		57.0
518	9	La4	A4	305	305	9	8	3462	95	96	yim 	57.9
519	9	Es	Es	-1	-1	1	8	385	100	0		58.0
520	9	Re5	D5	327	327	1	8	385	95	96	SAZ	58.1
521	9	Mi5	E5	336	336	1	8	385	95	96	.	58.2
522	9	Re5	D5	327	327	1	8	385	95	96	.	58.3
523	9	Do5	C5	318	318	1	8	385	95	96	.	58.4
524	9	Si4b2	B4b1	312	313	1	8	385	95	96	.	58.5
525	9	Do5	C5	318	318	1	8	385	95	96	.	58.6
526	9	Re5	D5	327	327	1	8	385	95	96	.	58.7
527	9	Do5	C5	318	318	1	8	385	95	96	.	58.8
528	9	Si4b2	B4b1	312	313	1	8	385	95	96	.	58.9
529	9	La4	A4	305	305	1	8	385	95	96	.	59.0
530	9	Si4b2	B4b1	312	313	1	8	385	95	96	.	59.1
531	9	Do5	C5	318	318	1	8	385	95	96	.	59.2
532	9	Si4b2	B4b1	312	313	1	8	385	95	96	.	59.3
533	9	La4	A4	305	305	1	8	385	95	96	.	59.4
534	9	Sol4	G4	296	296	1	8	385	95	96	.	59.5
535	9	Fa5	F5	340	340	1	16	192	95	96	.	59.55
536	9	Mi5	E5	336	336	1	16	192	95	96	.	59.6
537	9	Re5	D5	327	327	1	16	192	95	96	.	59.65
538	9	Mi5	E5	336	336	1	16	192	95	96	.	59.7
539	9	Re5	D5	327	327	1	4	769	95	96	.	59.9
540	9	Es	Es	-1	-1	1	8	385	100	0		60.0
541	9	Mi5	E5	336	336	1	4	769	99	96	Sev	60.2
542	9	Re5	D5	327	327	1	8	385	95	96		60.3
543	9	Mi5	E5	336	336	1	8	385	99	96	mek 	60.4
544	9	Fa5	F5	340	340	1	8	385	95	96		60.5
545	9	Mi5	E5	336	336	1	8	385	99	96	gü	60.6
546	9	Re5	D5	327	327	1	8	385	95	96		60.7
547	9	Re5	D5	327	327	1	16	192	99	96	nah	60.75
548	9	Do5	C5	318	318	1	16	192	99	96		60.8
549	9	Si4b2	B4b1	312	313	1	16	192	99	96		60.85
550	9	La4	A4	305	305	1	16	192	99	96		60.9
551	9	Si4b2	B4b1	312	313	1	16	192	99	96		60.95
552	9	Do5	C5	318	318	1	16	192	95	96		61.0
553	9	Re5	D5	327	327	5	8	1923	99	96	sa 	61.5
554	9	Re5	D5	327	327	1	8	385	99	96		61.6
555	9	Mi5	E5	336	336	1	16	192	99	96		61.65
556	9	Re5	D5	327	327	1	16	192	99	96		61.7
557	9	Do5	C5	318	318	1	16	192	99	96		61.75
558	9	Si4b2	B4b1	312	313	1	16	192	99	96		61.8
559	9	La4	A4	305	305	1	16	192	99	96		61.85
560	9	Sol4	G4	296	296	1	16	192	99	96		61.9
561	9	La4	A4	305	305	1	8	385	95	96		62.0
562	9	La4	A4	305	305	3	8	1154	95	96	söy	62.3
563	9	Si4b2	B4b1	312	313	1	4	769	95	96	le 	62.5
564	9	Do5	C5	318	318	1	4	769	99	96	de 	62.7
565	9	Re5	D5	327	327	1	4	769	95	96		62.9
566	9	Es	Es	-1	-1	1	8	385	100	0		63.0
567	9	Re5	D5	327	327	1	8	385	99	96	bi	63.1
568	9	Mi5	E5	336	336	1	8	385	99	96		63.2
569	9	Re5	D5	327	327	1	8	385	99	96		63.3
570	9	Do5	C5	318	318	1	8	385	99	96		63.4
571	9	Si4b2	B4b1	312	313	1	8	385	99	96		63.5
572	9	Do5	C5	318	318	1	8	385	99	96		63.6
573	9	Re5	D5	327	327	1	8	385	99	96		63.7
574	9	Do5	C5	318	318	1	8	385	99	96		63.8
575	9	Si4b2	B4b1	312	313	1	8	385	95	96		63.9
576	9	La4	A4	305	305	1	8	385	95	96	le	64.0
577	9	Si4b2	B4b1	312	313	3	8	1154	99	96	yim 	64.3
578	9	Si4b2	B4b1	312	313	1	8	385	99	96		64.4
579	9	La4	A4	305	305	1	8	385	99	96		64.5
580	9	Do5	C5	318	318	1	16	192	99	96		64.55
581	9	Si4b2	B4b1	312	313	1	16	192	99	96		64.6
582	9	La4	A4	305	305	1	16	192	99	96		64.65
583	9	Sol4	G4	296	296	1	16	192	99	96		64.7
584	9	La4	A4	305	305	1	4	769	95	96		64.9
585	9	Es	Es	-1	-1	1	8	385	100	0		65.0
586	9	Mi5	E5	336	336	1	4	769	99	96	söy	65.2
587	9	Re5	D5	327	327	1	8	385	95	96		65.3
588	9	Mi5	E5	336	336	1	8	385	99	96	le 	65.4
589	9	Fa5	F5	340	340	1	8	385	95	96		65.5
590	9	Mi5	E5	336	336	1	8	385	99	96	de 	65.6
591	9	Re5	D5	327	327	1	8	385	99	96		65.7
592	9	Re5	D5	327	327	1	16	192	99	96		65.75
593	9	Do5	C5	318	318	1	16	192	99	96		65.8
594	9	Si4b2	B4b1	312	313	1	16	192	99	96		65.85
595	9	La4	A4	305	305	1	16	192	99	96		65.9
596	9	Si4b2	B4b1	312	313	1	8	385	95	96		66.0
597	9	Re5	D5	327	327	1	4	769	99	96	bi	66.2
598	9	Do5	C5	318	318	1	8	385	99	96		66.3
599	9	Si4b2	B4b1	312	313	1	8	385	99	96		66.4
600	9	La4	A4	305	305	1	8	385	99	96		66.5
601	9	Re5	D5	327	327	1	8	385	99	96		66.6
602	9	Mi5	E5	336	336	1	16	192	99	96		66.65
603	9	Re5	D5	327	327	1	16	192	99	96		66.7
604	9	Do5	C5	318	318	1	8	385	99	96		66.8
605	9	Si4b2	B4b1	312	313	1	8	385	95	96		66.9
606	9	Si4b2	B4b1	312	313	1	16	192	99	96	le	66.95
607	9	La4	A4	305	305	1	16	192	95	96		67.0
608	9	La4	A4	305	305	9	8	3462	95	96	yim 	67.9
609	9	Es	Es	-1	-1	1	8	385	100	0		68.0
