Sira	Kod	Nota53	NotaAE	Koma53	KomaAE	Pay	Payda	Ms	LNS	Bas	Soz1	Offset
1	51			0	0	10	8	0	28	0	Curcuna	0.0
2	9	Mi5	E5	336	336	1	4	625	99	96	Has	0.2
3	9	Re5	D5	327	327	1	8	312	95	96		0.3
4	9	Re5	D5	327	327	1	8	312	99	96	ta	0.4
5	9	Do5	C5	318	318	1	8	312	95	96		0.5
6	9	Do5	C5	318	318	1	8	312	99	96	sın 	0.6
7	9	Si4b2	B4b1	312	313	1	8	312	99	96		0.7
8	9	Si4b2	B4b1	312	313	1	4	625	99	96		0.9
9	9	La4	A4	305	305	1	8	312	95	96		1.0
10	9	La4	A4	305	305	1	4	625	99	96	zan	1.2
11	9	Si4b2	B4b1	312	313	1	8	312	99	96		1.3
12	9	Do5	C5	318	318	1	4	625	99	96		1.5
13	9	Re5	D5	327	327	1	4	625	99	96		1.7
14	9	Mi5	E5	336	336	1	4	625	99	96		1.9
15	9	Re5	D5	327	327	1	8	312	95	96		2.0
16	9	Mi5	E5	336	336	1	4	625	99	96	nım 	2.2
17	9	Re5	D5	327	327	1	8	312	95	96		2.3
18	9	Re5	D5	327	327	1	8	312	99	96	ve	2.4
19	9	Do5	C5	318	318	1	8	312	95	96		2.5
20	9	Do5	C5	318	318	1	8	312	99	96	fâ 	2.6
21	9	Si4b2	B4b1	312	313	1	8	312	99	96		2.7
22	9	Si4b2	B4b1	312	313	1	4	625	99	96		2.9
23	9	La4	A4	305	305	1	8	312	95	96		3.0
24	9	La4	A4	305	305	5	4	3125	95	96	mah	4.0
25	9	La4	A4	305	305	1	4	625	95	96		4.2
26	9	Re5	D5	327	327	1	8	312	99	96	zû	4.3
27	9	Mi5	E5	336	336	3	4	1875	99	96		4.9
28	9	Re5	D5	327	327	1	8	312	99	96		5.0
29	9	Mi5	E5	336	336	1	8	312	99	96		5.1
30	9	Fa5#3	F5#4	343	344	1	8	312	99	96		5.2
31	9	Sol5	G5	349	349	1	8	312	99	96		5.3
32	9	La5	A5	358	358	1	4	625	99	96		5.5
33	9	La5	A5	358	358	1	8	312	99	96		5.6
34	9	Sol5	G5	349	349	1	8	312	99	96		5.7
35	9	Fa5	F5	340	340	1	8	312	99	96		5.8
36	9	Mi5	E5	336	336	1	8	312	99	96		5.9
37	9	Re5	D5	327	327	1	8	312	99	96		6.0
38	9	Sol5	G5	349	349	1	4	625	99	96		6.2
39	9	Mi5	E5	336	336	1	8	312	95	96		6.3
40	9	Mi5	E5	336	336	1	8	312	99	96	nu	6.4
41	9	Re5	D5	327	327	1	8	312	95	96		6.5
42	9	Re5	D5	327	327	1	8	312	99	96	sun  	6.6
43	9	Do5	C5	318	318	1	8	312	99	96		6.7
44	9	Re5	D5	327	327	3	8	938	95	96		7.0
45	9	Es	Es	-1	-1	1	4	625	100	0		7.2
46	9	Fa5	F5	340	340	1	8	312	95	96	SAZ	7.3
47	9	Mi5	E5	336	336	1	8	312	95	96	.	7.4
48	9	Re5	D5	327	327	1	8	312	95	96	.	7.5
49	9	Do5	C5	318	318	1	8	312	95	96	.	7.6
50	9	Si4b2	B4b1	312	313	1	8	312	95	96	.	7.7
51	9	La4	A4	305	305	3	8	938	95	96	.	8.0
52	9	Mi5	E5	336	336	1	4	625	99	96	Has	8.2
53	9	Re5	D5	327	327	1	8	312	95	96		8.3
54	9	Re5	D5	327	327	1	8	312	99	96	ta	8.4
55	9	Do5	C5	318	318	1	8	312	95	96		8.5
56	9	Do5	C5	318	318	1	8	312	99	96	sın 	8.6
57	9	Si4b2	B4b1	312	313	1	8	312	99	96		8.7
58	9	Si4b2	B4b1	312	313	1	4	625	99	96		8.9
59	9	La4	A4	305	305	1	8	312	95	96		9.0
60	9	La4	A4	305	305	1	4	625	99	96	zan	9.2
61	9	Si4b2	B4b1	312	313	1	8	312	99	96		9.3
62	9	Do5	C5	318	318	1	4	625	99	96		9.5
63	9	Re5	D5	327	327	1	4	625	99	96		9.7
64	9	Mi5	E5	336	336	1	4	625	99	96		9.9
65	9	Re5	D5	327	327	1	8	312	95	96		10.0
66	9	Mi5	E5	336	336	1	4	625	99	96	nım 	10.2
67	9	Re5	D5	327	327	1	8	312	95	96		10.3
68	9	Re5	D5	327	327	1	8	312	99	96	ve	10.4
69	9	Do5	C5	318	318	1	8	312	95	96		10.5
70	9	Do5	C5	318	318	1	8	312	99	96	fâ 	10.6
71	9	Si4b2	B4b1	312	313	1	8	312	99	96		10.7
72	9	Si4b2	B4b1	312	313	1	4	625	99	96		10.9
73	9	La4	A4	305	305	1	8	312	95	96		11.0
74	9	La4	A4	305	305	5	4	3125	95	96	mah	12.0
75	9	La4	A4	305	305	1	4	625	95	96		12.2
76	9	Re5	D5	327	327	1	8	312	99	96	zû	12.3
77	9	Mi5	E5	336	336	3	4	1875	99	96		12.9
78	9	Re5	D5	327	327	1	8	312	99	96		13.0
79	9	Mi5	E5	336	336	1	8	312	99	96		13.1
80	9	Fa5#3	F5#4	343	344	1	8	312	99	96		13.2
81	9	Sol5	G5	349	349	1	8	312	99	96		13.3
82	9	La5	A5	358	358	1	4	625	99	96		13.5
83	9	La5	A5	358	358	1	8	312	99	96		13.6
84	9	Sol5	G5	349	349	1	8	312	99	96		13.7
85	9	Fa5	F5	340	340	1	8	312	99	96		13.8
86	9	Mi5	E5	336	336	1	8	312	99	96		13.9
87	9	Re5	D5	327	327	1	8	312	99	96		14.0
88	9	Sol5	G5	349	349	1	4	625	99	96		14.2
89	9	Mi5	E5	336	336	1	8	312	95	96		14.3
90	9	Mi5	E5	336	336	1	8	312	99	96	nu	14.4
91	9	Re5	D5	327	327	1	8	312	95	96		14.5
92	9	Re5	D5	327	327	1	8	312	99	96	sun  	14.6
93	9	Do5	C5	318	318	1	8	312	99	96		14.7
94	9	Re5	D5	327	327	3	8	938	95	96		15.0
95	9	Es	Es	-1	-1	1	4	625	100	0		15.2
96	9	Fa5	F5	340	340	1	8	312	95	96	SAZ	15.3
97	9	Mi5	E5	336	336	1	8	312	95	96	.	15.4
98	9	Re5	D5	327	327	1	8	312	95	96	.	15.5
99	9	Mi5	E5	336	336	1	8	312	95	96	.	15.6
100	9	Do5	C5	318	318	1	8	312	95	96	.	15.7
101	9	Re5	D5	327	327	3	8	938	95	96	.	16.0
102	9	La5	A5	358	358	1	4	625	99	96	Söy	16.2
103	9	Sol5	G5	349	349	1	8	312	95	96		16.3
104	9	Fa5	F5	340	340	1	4	625	95	96	le 	16.5
105	9	Mi5	E5	336	336	1	4	625	99	96	gön	16.7
106	9	Re5	D5	327	327	1	4	625	99	96		16.9
107	9	Do5	C5	318	318	1	8	312	95	96		17.0
108	9	Re5	D5	327	327	1	4	625	99	96	lüm 	17.2
109	9	Mi5	E5	336	336	1	8	312	99	96		17.3
110	9	Fa5#3	F5#4	343	344	1	4	625	99	96		17.5
111	9	Sol5	G5	349	349	1	4	625	99	96		17.7
112	9	La5	A5	358	358	1	4	625	95	96		17.9
113	9	Es	Es	-1	-1	1	8	312	100	0		18.0
114	9	Mi5	E5	336	336	1	4	625	99	96	sen 	18.2
115	9	Re5	D5	327	327	1	8	312	95	96		18.3
116	9	Re5	D5	327	327	1	8	312	99	96	ki	18.4
117	9	Do5	C5	318	318	1	8	312	95	96		18.5
118	9	Do5	C5	318	318	1	8	312	99	96	min 	18.6
119	9	Si4b2	B4b1	312	313	1	8	312	99	96		18.7
120	9	Si4b2	B4b1	312	313	1	4	625	99	96		18.9
121	9	La4	A4	305	305	1	8	312	95	96		19.0
122	9	La4	A4	305	305	1	4	625	99	96	mef	19.2
123	9	Re5	D5	327	327	1	16	156	99	96		19.25
124	9	Mi5	E5	336	336	1	16	156	99	96		19.3
125	9	Re5	D5	327	327	1	8	312	99	96		19.4
126	9	Do5	C5	318	318	1	8	312	99	96		19.5
127	9	Si4b2	B4b1	312	313	1	8	312	99	96		19.6
128	9	La4	A4	305	305	1	8	312	99	96		19.7
129	9	Sol4	G4	296	296	3	8	938	95	96		20.0
130	9	Re5	D5	327	327	1	8	312	99	96	tû	20.1
131	9	Do5	C5	318	318	1	8	312	99	96		20.2
132	9	Re5	D5	327	327	1	8	312	99	96		20.3
133	9	Mi5	E5	336	336	1	8	312	99	96		20.4
134	9	Re5	D5	327	327	1	8	312	99	96		20.5
135	9	Do5	C5	318	318	1	8	312	99	96		20.6
136	9	Si4b2	B4b1	312	313	1	8	312	99	96		20.7
137	9	Do5	C5	318	318	3	8	938	99	96		21.0
138	9	Do5	C5	318	318	1	8	312	99	96		21.1
139	9	Si4b2	B4b1	312	313	1	8	312	99	96		21.2
140	9	Do5	C5	318	318	1	8	312	99	96		21.3
141	9	Re5	D5	327	327	1	8	312	99	96		21.4
142	9	Si4b2	B4b1	312	313	1	8	312	99	96		21.5
143	9	Si4b2	B4b1	312	313	1	8	312	99	96		21.6
144	9	La4	A4	305	305	1	8	312	99	96		21.7
145	9	La4	A4	305	305	1	8	312	99	96		21.8
146	9	Si4b2	B4b1	312	313	1	8	312	99	96		21.9
147	9	Do5	C5	318	318	1	8	312	99	96		22.0
148	9	Si4b2	B4b1	312	313	1	4	625	99	96		22.2
149	9	La4	A4	305	305	1	8	312	95	96		22.3
150	9	Sol4	G4	296	296	1	8	312	99	96	nu	22.4
151	9	La4	A4	305	305	1	8	312	95	96		22.5
152	9	La4	A4	305	305	5	8	1562	95	96	sun  	23.0
153	9	Es	Es	-1	-1	1	4	625	100	0		23.2
154	9	Fa5	F5	340	340	1	8	312	95	96	SAZ	23.3
155	9	Mi5	E5	336	336	1	8	312	95	96	.	23.4
156	9	Re5	D5	327	327	1	8	312	95	96	.	23.5
157	9	Mi5	E5	336	336	1	8	312	95	96	.	23.6
158	9	Do5	C5	318	318	1	8	312	95	96	.	23.7
159	9	Re5	D5	327	327	3	8	938	95	96	.	24.0
160	9	La5	A5	358	358	1	4	625	99	96	Söy	24.2
161	9	Sol5	G5	349	349	1	8	312	95	96		24.3
162	9	Fa5	F5	340	340	1	4	625	95	96	le 	24.5
163	9	Mi5	E5	336	336	1	4	625	99	96	gön	24.7
164	9	Re5	D5	327	327	1	4	625	99	96		24.9
165	9	Do5	C5	318	318	1	8	312	95	96		25.0
166	9	Re5	D5	327	327	1	4	625	99	96	lüm 	25.2
167	9	Mi5	E5	336	336	1	8	312	99	96		25.3
168	9	Fa5#3	F5#4	343	344	1	4	625	99	96		25.5
169	9	Sol5	G5	349	349	1	4	625	99	96		25.7
170	9	La5	A5	358	358	1	4	625	95	96		25.9
171	9	Es	Es	-1	-1	1	8	312	100	0		26.0
172	9	Mi5	E5	336	336	1	4	625	99	96	sen 	26.2
173	9	Re5	D5	327	327	1	8	312	95	96		26.3
174	9	Re5	D5	327	327	1	8	312	99	96	ki	26.4
175	9	Do5	C5	318	318	1	8	312	95	96		26.5
176	9	Do5	C5	318	318	1	8	312	99	96	min 	26.6
177	9	Si4b2	B4b1	312	313	1	8	312	99	96		26.7
178	9	Si4b2	B4b1	312	313	1	4	625	99	96		26.9
179	9	La4	A4	305	305	1	8	312	95	96		27.0
180	9	La4	A4	305	305	1	4	625	99	96	mef	27.2
181	9	Re5	D5	327	327	1	16	156	99	96		27.25
182	9	Mi5	E5	336	336	1	16	156	99	96		27.3
183	9	Re5	D5	327	327	1	8	312	99	96		27.4
184	9	Do5	C5	318	318	1	8	312	99	96		27.5
185	9	Si4b2	B4b1	312	313	1	8	312	99	96		27.6
186	9	La4	A4	305	305	1	8	312	99	96		27.7
187	9	Sol4	G4	296	296	3	8	938	95	96		28.0
188	9	Re5	D5	327	327	1	8	312	99	96	tû	28.1
189	9	Do5	C5	318	318	1	8	312	99	96		28.2
190	9	Re5	D5	327	327	1	8	312	99	96		28.3
191	9	Mi5	E5	336	336	1	8	312	99	96		28.4
192	9	Re5	D5	327	327	1	8	312	99	96		28.5
193	9	Do5	C5	318	318	1	8	312	99	96		28.6
194	9	Si4b2	B4b1	312	313	1	8	312	99	96		28.7
195	9	Do5	C5	318	318	3	8	938	99	96		29.0
196	9	Do5	C5	318	318	1	8	312	99	96		29.1
197	9	Si4b2	B4b1	312	313	1	8	312	99	96		29.2
198	9	Do5	C5	318	318	1	8	312	99	96		29.3
199	9	Re5	D5	327	327	1	8	312	99	96		29.4
200	9	Si4b2	B4b1	312	313	1	8	312	99	96		29.5
201	9	Si4b2	B4b1	312	313	1	8	312	99	96		29.6
202	9	La4	A4	305	305	1	8	312	99	96		29.7
203	9	La4	A4	305	305	1	8	312	99	96		29.8
204	9	Si4b2	B4b1	312	313	1	8	312	99	96		29.9
205	9	Do5	C5	318	318	1	8	312	99	96		30.0
206	9	Si4b2	B4b1	312	313	1	4	625	99	96		30.2
207	9	La4	A4	305	305	1	8	312	95	96		30.3
208	9	Sol4	G4	296	296	1	8	312	99	96	nu	30.4
209	9	La4	A4	305	305	1	8	312	95	96		30.5
210	9	La4	A4	305	305	5	8	1562	95	96	sun  	31.0
211	9	Do5	C5	318	318	5	8	1562	95	96	SAZ	31.5
212	9	Si4b2	B4b1	312	313	1	8	312	95	96	.	31.6
213	9	Re5	D5	327	327	1	8	312	95	96	.	31.7
214	9	Do5	C5	318	318	3	8	938	95	96	.	32.0
215	9	Do5	C5	318	318	3	8	938	95	96	Deşt_	32.3
216	9	Do5	C5	318	318	1	4	625	95	96	i 	32.5
217	9	Do5	C5	318	318	1	4	625	99	96	aş	32.7
218	9	Mi5	E5	336	336	1	4	625	99	96		32.9
219	9	Re5	D5	327	327	1	8	312	95	96		33.0
220	9	Re5	D5	327	327	9	8	2812	99	96	kın 	33.9
221	9	Do5	C5	318	318	1	8	312	95	96		34.0
222	9	Mi5	E5	336	336	1	4	625	99	96	şüp	34.2
223	9	Re5	D5	327	327	1	8	312	95	96		34.3
224	9	Re5	D5	327	327	1	8	312	99	96	he	34.4
225	9	Do5	C5	318	318	1	8	312	95	96		34.5
226	9	Do5	C5	318	318	1	8	312	99	96	siz 	34.6
227	9	Si4b2	B4b1	312	313	1	8	312	99	96		34.7
228	9	Si4b2	B4b1	312	313	1	4	625	99	96		34.9
229	9	La4	A4	305	305	1	8	312	95	96		35.0
230	9	La4	A4	305	305	5	4	3125	99	96	Mec	36.0
231	9	La4	A4	305	305	1	4	625	95	96		36.2
232	9	Re5	D5	327	327	1	8	312	99	96	nû	36.3
233	9	Mi5	E5	336	336	3	4	1875	99	96		36.9
234	9	Re5	D5	327	327	1	8	312	99	96		37.0
235	9	Mi5	E5	336	336	1	8	312	99	96		37.1
236	9	Fa5#3	F5#4	343	344	1	8	312	99	96		37.2
237	9	Sol5	G5	349	349	1	8	312	99	96		37.3
238	9	La5	A5	358	358	1	4	625	99	96		37.5
239	9	La5	A5	358	358	1	8	312	99	96		37.6
240	9	Sol5	G5	349	349	1	8	312	99	96		37.7
241	9	Fa5	F5	340	340	1	8	312	99	96		37.8
242	9	Mi5	E5	336	336	1	8	312	99	96		37.9
243	9	Re5	D5	327	327	1	8	312	99	96		38.0
244	9	Sol5	G5	349	349	1	4	625	99	96		38.2
245	9	Mi5	E5	336	336	1	8	312	95	96		38.3
246	9	Mi5	E5	336	336	1	8	312	99	96	nu	38.4
247	9	Re5	D5	327	327	1	8	312	95	96		38.5
248	9	Re5	D5	327	327	1	8	312	99	96	sun  	38.6
249	9	Do5	C5	318	318	1	8	312	99	96		38.7
250	9	Re5	D5	327	327	3	8	938	95	96		39.0
251	9	Do5	C5	318	318	5	8	1562	95	96	SAZ	39.5
252	9	Si4b2	B4b1	312	313	1	8	312	95	96	.	39.6
253	9	Re5	D5	327	327	1	8	312	95	96	.	39.7
254	9	Do5	C5	318	318	3	8	938	95	96	.	40.0
255	9	Do5	C5	318	318	3	8	938	95	96	Deşt_	40.3
256	9	Do5	C5	318	318	1	4	625	95	96	i 	40.5
257	9	Do5	C5	318	318	1	4	625	99	96	aş	40.7
258	9	Mi5	E5	336	336	1	4	625	99	96		40.9
259	9	Re5	D5	327	327	1	8	312	95	96		41.0
260	9	Re5	D5	327	327	9	8	2812	99	96	kın 	41.9
261	9	Do5	C5	318	318	1	8	312	95	96		42.0
262	9	Mi5	E5	336	336	1	4	625	99	96	şüp	42.2
263	9	Re5	D5	327	327	1	8	312	95	96		42.3
264	9	Re5	D5	327	327	1	8	312	99	96	he	42.4
265	9	Do5	C5	318	318	1	8	312	95	96		42.5
266	9	Do5	C5	318	318	1	8	312	99	96	siz 	42.6
267	9	Si4b2	B4b1	312	313	1	8	312	99	96		42.7
268	9	Si4b2	B4b1	312	313	1	4	625	99	96		42.9
269	9	La4	A4	305	305	1	8	312	95	96		43.0
270	9	La4	A4	305	305	5	4	3125	99	96	Mec	44.0
271	9	La4	A4	305	305	1	4	625	95	96		44.2
272	9	Re5	D5	327	327	1	8	312	99	96	nû	44.3
273	9	Mi5	E5	336	336	3	4	1875	99	96		44.9
274	9	Re5	D5	327	327	1	8	312	99	96		45.0
275	9	Mi5	E5	336	336	1	8	312	99	96		45.1
276	9	Fa5#3	F5#4	343	344	1	8	312	99	96		45.2
277	9	Sol5	G5	349	349	1	8	312	99	96		45.3
278	9	La5	A5	358	358	1	4	625	99	96		45.5
279	9	La5	A5	358	358	1	8	312	99	96		45.6
280	9	Sol5	G5	349	349	1	8	312	99	96		45.7
281	9	Fa5	F5	340	340	1	8	312	99	96		45.8
282	9	Mi5	E5	336	336	1	8	312	99	96		45.9
283	9	Re5	D5	327	327	1	8	312	99	96		46.0
284	9	Sol5	G5	349	349	1	4	625	99	96		46.2
285	9	Mi5	E5	336	336	1	8	312	95	96		46.3
286	9	Mi5	E5	336	336	1	8	312	99	96	nu	46.4
287	9	Re5	D5	327	327	1	8	312	95	96		46.5
288	9	Re5	D5	327	327	1	8	312	99	96	sun  	46.6
289	9	Do5	C5	318	318	1	8	312	99	96		46.7
290	9	Re5	D5	327	327	3	8	938	95	96		47.0
291	9	Es	Es	-1	-1	1	4	625	100	0		47.2
292	9	Fa5	F5	340	340	1	8	312	95	96	SAZ	47.3
293	9	Mi5	E5	336	336	1	8	312	95	96	.	47.4
294	9	Re5	D5	327	327	1	8	312	95	96	.	47.5
295	9	Mi5	E5	336	336	1	8	312	95	96	.	47.6
296	9	Do5	C5	318	318	1	8	312	95	96	.	47.7
297	9	Re5	D5	327	327	3	8	938	95	96	.	48.0
298	9	La5	A5	358	358	1	4	625	99	96	Söy	48.2
299	9	Sol5	G5	349	349	1	8	312	95	96		48.3
300	9	Fa5	F5	340	340	1	4	625	95	96	le 	48.5
301	9	Mi5	E5	336	336	1	4	625	99	96	gön	48.7
302	9	Re5	D5	327	327	1	4	625	99	96		48.9
303	9	Do5	C5	318	318	1	8	312	95	96		49.0
304	9	Re5	D5	327	327	1	4	625	99	96	lüm 	49.2
305	9	Mi5	E5	336	336	1	8	312	99	96		49.3
306	9	Fa5#3	F5#4	343	344	1	4	625	99	96		49.5
307	9	Sol5	G5	349	349	1	4	625	99	96		49.7
308	9	La5	A5	358	358	1	4	625	95	96		49.9
309	9	Es	Es	-1	-1	1	8	312	100	0		50.0
310	9	Mi5	E5	336	336	1	4	625	99	96	sen 	50.2
311	9	Re5	D5	327	327	1	8	312	95	96		50.3
312	9	Re5	D5	327	327	1	8	312	99	96	ki	50.4
313	9	Do5	C5	318	318	1	8	312	95	96		50.5
314	9	Do5	C5	318	318	1	8	312	99	96	min 	50.6
315	9	Si4b2	B4b1	312	313	1	8	312	99	96		50.7
316	9	Si4b2	B4b1	312	313	1	4	625	99	96		50.9
317	9	La4	A4	305	305	1	8	312	95	96		51.0
318	9	La4	A4	305	305	1	4	625	99	96	mef	51.2
319	9	Re5	D5	327	327	1	16	156	99	96		51.25
320	9	Mi5	E5	336	336	1	16	156	99	96		51.3
321	9	Re5	D5	327	327	1	8	312	99	96		51.4
322	9	Do5	C5	318	318	1	8	312	99	96		51.5
323	9	Si4b2	B4b1	312	313	1	8	312	99	96		51.6
324	9	La4	A4	305	305	1	8	312	99	96		51.7
325	9	Sol4	G4	296	296	3	8	938	95	96		52.0
326	9	Re5	D5	327	327	1	8	312	99	96	tû	52.1
327	9	Do5	C5	318	318	1	8	312	99	96		52.2
328	9	Re5	D5	327	327	1	8	312	99	96		52.3
329	9	Mi5	E5	336	336	1	8	312	99	96		52.4
330	9	Re5	D5	327	327	1	8	312	99	96		52.5
331	9	Do5	C5	318	318	1	8	312	99	96		52.6
332	9	Si4b2	B4b1	312	313	1	8	312	99	96		52.7
333	9	Do5	C5	318	318	3	8	938	99	96		53.0
334	9	Do5	C5	318	318	1	8	312	99	96		53.1
335	9	Si4b2	B4b1	312	313	1	8	312	99	96		53.2
336	9	Do5	C5	318	318	1	8	312	99	96		53.3
337	9	Re5	D5	327	327	1	8	312	99	96		53.4
338	9	Si4b2	B4b1	312	313	1	8	312	99	96		53.5
339	9	Si4b2	B4b1	312	313	1	8	312	99	96		53.6
340	9	La4	A4	305	305	1	8	312	99	96		53.7
341	9	La4	A4	305	305	1	8	312	99	96		53.8
342	9	Si4b2	B4b1	312	313	1	8	312	99	96		53.9
343	9	Do5	C5	318	318	1	8	312	99	96		54.0
344	9	Si4b2	B4b1	312	313	1	4	625	99	96		54.2
345	9	La4	A4	305	305	1	8	312	95	96		54.3
346	9	Sol4	G4	296	296	1	8	312	99	96	nu	54.4
347	9	La4	A4	305	305	1	8	312	95	96		54.5
348	9	La4	A4	305	305	5	8	1562	95	96	sun  	55.0
