Sira	Kod	Nota53	NotaAE	Koma53	KomaAE	Pay	Payda	Ms	LNS	Bas	Soz1	Offset
1	51			0	0	4	4	0	6	0	Sofyan	0.0
2	9	Es	Es	-1	-1	1	8	278	100	0	MÜZİK (YÜRÜK)	0.125
3	9	Mi5	E5	336	336	1	8	278	95	96		0.25
4	9	La4	A4	305	305	1	8	278	95	96		0.375
5	9	Mi5	E5	336	336	1	8	278	95	96	.	0.5
6	9	La4	A4	305	305	1	8	278	95	96	.	0.625
7	9	Mi5	E5	336	336	1	8	278	95	96	.	0.75
8	9	La4	A4	305	305	1	8	278	95	96	.	0.875
9	9	Mi5	E5	336	336	1	8	278	95	96	.	1.0
10	9	Es	Es	-1	-1	1	8	278	100	0	.	1.125
11	9	La4	A4	305	305	1	8	278	95	96	.	1.25
12	9	Si4b2	B4b1	312	313	1	8	278	95	96	.	1.375
13	9	Do5	C5	318	318	1	8	278	95	96	.	1.5
14	9	Re5	D5	327	327	1	8	278	95	96	.	1.625
15	9	Mi5	E5	336	336	1	8	278	95	96	.	1.75
16	9	Fa5	F5	340	340	1	16	139	95	96	.	1.8125
17	9	Mi5	E5	336	336	1	16	139	95	96	.	1.875
18	9	Re5	D5	327	327	1	16	139	95	96	.	1.9375
19	9	Fa5	F5	340	340	1	16	139	95	96	.	2.0
20	9	Mi5	E5	336	336	1	1	2222	95	96	.	3.0
21	9	Es	Es	-1	-1	1	8	278	100	0	.	3.125
22	9	La4	A4	305	305	1	8	278	95	96	.	3.25
23	9	Si4b2	B4b1	312	313	1	8	278	95	96	.	3.375
24	9	Do5	C5	318	318	1	8	278	95	96	.	3.5
25	9	Re5	D5	327	327	1	8	278	95	96	.	3.625
26	9	Mi5	E5	336	336	1	8	278	95	96	.	3.75
27	9	Fa5	F5	340	340	1	16	139	95	96	.	3.8125
28	9	Mi5	E5	336	336	1	16	139	95	96	.	3.875
29	9	Re5	D5	327	327	1	16	139	95	96	.	3.9375
30	9	Mi5	E5	336	336	1	16	139	95	96	.	4.0
31	9	Re5	D5	327	327	5	8	1389	95	96	.	4.625
32	9	Es	Es	-1	-1	1	8	278	100	0	.	4.75
33	9	Re5	D5	327	327	1	16	139	95	96	.	4.8125
34	9	Mi5	E5	336	336	1	16	139	95	96	.	4.875
35	9	Re5	D5	327	327	1	16	139	95	96	.	4.9375
36	9	Mi5	E5	336	336	1	16	139	95	96	.	5.0
37	9	Do5	C5	318	318	3	4	1667	95	96	.	5.75
38	9	Do5	C5	318	318	1	16	139	95	96	.	5.8125
39	9	Si4b2	B4b1	312	313	1	16	139	95	96	.	5.875
40	9	Do5	C5	318	318	1	16	139	95	96	.	5.9375
41	9	Re5	D5	327	327	1	16	139	95	96	.	6.0
42	9	Si4b2	B4b1	312	313	1	8	278	95	96	.	6.125
43	9	Fa5	F5	340	340	1	8	278	95	96	.	6.25
44	9	Mi5	E5	336	336	1	8	278	95	96	.	6.375
45	9	Re5	D5	327	327	1	8	278	95	96	.	6.5
46	9	Do5	C5	318	318	1	8	278	95	96	.	6.625
47	9	Si4b2	B4b1	312	313	1	8	278	95	96	.	6.75
48	9	La4	A4	305	305	1	8	278	95	96	.	6.875
49	9	Sol4	G4	296	296	1	8	278	95	96	.	7.0
50	9	Es	Es	-1	-1	1	8	278	100	0	.	7.125
51	9	Do5	C5	318	318	1	8	278	95	96	.	7.25
52	9	Si4b2	B4b1	312	313	1	8	278	95	96	.	7.375
53	9	Re5	D5	327	327	1	8	278	95	96	.	7.5
54	9	Do5	C5	318	318	1	8	278	95	96	.	7.625
55	9	Si4b2	B4b1	312	313	1	8	278	95	96	.	7.75
56	9	Si4b2	B4b1	312	313	1	8	278	95	96	.	7.875
57	9	La4	A4	305	305	1	8	278	95	96	.	8.0
58	9	La4	A4	305	305	1	4	556	95	96	AĞIR	8.25
59	9	Re4	D4	274	274	1	8	278	95	96	.	8.375
60	9	Mi4	E4	283	283	1	8	278	95	96	.	8.5
61	9	Fa4#3	F4#4	290	291	1	8	278	95	96	.	8.625
62	9	Sol4	G4	296	296	1	8	278	95	96	.	8.75
63	9	La4	A4	305	305	1	4	556	95	96	.	9.0
64	9	Fa4#3	F4#4	290	291	1	8	278	95	96	.	9.125
65	9	Sol4	G4	296	296	1	8	278	95	96	.	9.25
66	9	Fa4#3	F4#4	290	291	1	8	278	95	96	.	9.375
67	9	Sol4	G4	296	296	1	8	278	95	96	.	9.5
68	9	La4	A4	305	305	1	2	1111	95	96	.	10.0
69	9	Es	Es	-1	-1	1	4	556	100	0	.	10.25
70	9	Re4	D4	274	274	1	8	278	95	96	.	10.375
71	9	Mi4	E4	283	283	1	8	278	95	96	.	10.5
72	9	Fa4#3	F4#4	290	291	1	8	278	95	96	.	10.625
73	9	Sol4	G4	296	296	1	8	278	95	96	.	10.75
74	9	La4	A4	305	305	1	4	556	95	96	.	11.0
75	9	Fa4#3	F4#4	290	291	1	8	278	95	96	.	11.125
76	9	Sol4	G4	296	296	1	8	278	95	96	.	11.25
77	9	Fa4#3	F4#4	290	291	1	8	278	95	96	.	11.375
78	9	Sol4	G4	296	296	1	8	278	95	96	.	11.5
79	9	La4	A4	305	305	1	2	1111	95	96	.	12.0
80	9	Re5	D5	327	327	1	1	2222	100	96	Ah 	13.0
81	9	Re5	D5	327	327	1	1	2222	100	96		14.0
82	9	Re5	D5	327	327	1	1	2222	99	96		15.0
83	9	Re5	D5	327	327	3	4	1667	95	96		15.75
84	9	Es	Es	-1	-1	1	4	556	100	0		16.0
85	9	Es	Es	-1	-1	1	4	556	100	0		16.25
86	9	Re5	D5	327	327	1	2	1111	99	96	söy	16.75
87	9	Re5	D5	327	327	1	8	278	95	96		16.875
88	9	Do5	C5	318	318	1	8	278	95	96	le 	17.0
89	9	Re5	D5	327	327	1	8	278	99	96	sev	17.125
90	9	Do5	C5	318	318	1	8	278	99	96		17.25
91	9	Si4b2	B4b1	312	313	1	2	1111	95	96		17.75
92	9	Si4b2	B4b1	312	313	1	8	278	99	96	gi	17.875
93	9	La4	A4	305	305	1	8	278	95	96		18.0
94	9	La4	A4	305	305	3	4	1667	95	96	li 	18.75
95	9	Do5	C5	318	318	1	8	278	95	96	SAZ	18.875
96	9	Si4b2	B4b1	312	313	1	8	278	95	96	.	19.0
97	9	La4	A4	305	305	1	4	556	95	96	.	19.25
98	9	Do5	C5	318	318	1	8	278	95	96	.	19.375
99	9	Si4b2	B4b1	312	313	1	8	278	95	96	.	19.5
100	9	La4	A4	305	305	1	2	1111	95	96	.	20.0
101	9	Es	Es	-1	-1	1	4	556	100	0		20.25
102	9	Do5	C5	318	318	1	4	556	99	96	sev	20.5
103	9	Si4b2	B4b1	312	313	1	4	556	95	96		20.75
104	9	La4	A4	305	305	1	4	556	95	96	gi	21.0
105	9	Si4b2	B4b1	312	313	1	4	556	95	96	li 	21.25
106	9	Do5	C5	318	318	1	2	1111	99	96	söy	21.75
107	9	Re5	D5	327	327	1	4	556	95	96		22.0
108	9	Re5	D5	327	327	1	1	2222	95	96	le  	23.0
109	9	Fa5	F5	340	340	1	8	278	95	96	SAZ	23.125
110	9	Mi5	E5	336	336	1	8	278	95	96	.	23.25
111	9	Re5	D5	327	327	1	8	278	95	96	.	23.375
112	9	Mi5	E5	336	336	1	8	278	95	96	.	23.5
113	9	Re5	D5	327	327	1	2	1111	95	96	.	24.0
114	9	Es	Es	-1	-1	1	4	556	100	0		24.25
115	9	Mi5	E5	336	336	1	2	1111	99	96	Söy	24.75
116	9	Mi5	E5	336	336	1	8	278	95	96		24.875
117	9	Re5	D5	327	327	1	8	278	95	96	le 	25.0
118	9	Re5	D5	327	327	1	4	556	99	96	ba	25.25
119	9	Re5	D5	327	327	1	8	278	95	96		25.375
120	9	Do5	C5	318	318	1	8	278	99	96	na 	25.5
121	9	Do5	C5	318	318	1	4	556	95	96		25.75
122	9	Es	Es	-1	-1	1	4	556	100	0		26.0
123	9	Es	Es	-1	-1	1	4	556	100	0		26.25
124	9	Mi5	E5	336	336	1	2	1111	99	96	göz	26.75
125	9	Mi5	E5	336	336	1	8	278	95	96		26.875
126	9	Re5	D5	327	327	1	8	278	95	96	be	27.0
127	9	Re5	D5	327	327	1	4	556	95	96	be	27.25
128	9	Re5	D5	327	327	1	8	278	99	96	ğim 	27.375
129	9	Do5	C5	318	318	1	8	278	99	96		27.5
130	9	Do5	C5	318	318	1	4	556	95	96		27.75
131	9	Es	Es	-1	-1	1	4	556	100	0		28.0
132	9	Re5	D5	327	327	1	8	278	99	96	da	28.125
133	9	Mi5	E5	336	336	1	8	278	95	96		28.25
134	9	Re5	D5	327	327	1	4	556	95	96	lım 	28.5
135	9	Es	Es	-1	-1	1	2	1111	100	0		29.0
136	9	Re5	D5	327	327	1	2	1111	95	96	yap	29.5
137	10	Do5	C5	318	318	3	8	833	99	96	ra	29.875
138	8	La4	A4	305	305	0	0	0	95	96		29.875
139	9	Si4b2	B4b1	312	313	1	8	278	100	96		30.0
140	9	Es	Es	-1	-1	1	4	556	100	0		30.25
141	9	Do5	C5	318	318	1	2	1111	95	96	ğım 	30.75
142	9	Re5	D5	327	327	1	4	556	95	96	çi	31.0
143	9	Do5	C5	318	318	1	8	278	99	96	çe	31.125
144	9	Do5	C5	318	318	1	8	278	99	96		31.25
145	9	Si4b2	B4b1	312	313	1	8	278	99	96		31.375
146	9	La4	A4	305	305	1	8	278	95	96		31.5
147	9	Si4b2	B4b1	312	313	1	2	1111	95	96	ğim  	32.0
148	9	Es	Es	-1	-1	1	2	1111	100	0		32.5
149	9	Si4b2	B4b1	312	313	1	4	556	95	96	Se	32.75
150	9	Do5	C5	318	318	1	4	556	95	96	nin 	33.0
151	9	Do5	C5	318	318	1	8	278	99	96	aş	33.125
152	9	Si4b2	B4b1	312	313	1	8	278	99	96		33.25
153	9	Si4b2	B4b1	312	313	1	8	278	99	96		33.375
154	9	La4	A4	305	305	1	8	278	95	96		33.5
155	9	La4	A4	305	305	1	2	1111	95	96	kın	34.0
156	9	Es	Es	-1	-1	1	4	556	100	0		34.25
157	9	Si4b2	B4b1	312	313	1	2	1111	95	96	dır 	34.75
158	9	Do5	C5	318	318	1	4	556	95	96	di	35.0
159	9	Do5	C5	318	318	1	8	278	99	96	le	35.125
160	9	Si4b2	B4b1	312	313	1	8	278	99	96		35.25
161	9	Si4b2	B4b1	312	313	1	8	278	99	96		35.375
162	9	La4	A4	305	305	1	8	278	95	96		35.5
163	9	Si4b2	B4b1	312	313	1	2	1111	95	96	ğim 	36.0
164	9	Es	Es	-1	-1	1	2	1111	100	0		36.5
165	9	Do5	C5	318	318	1	4	556	95	96	Se	36.75
166	9	Re5	D5	327	327	1	4	556	95	96	vi	37.0
167	9	Re5	D5	327	327	1	4	556	95	96	yo	37.25
168	9	Re5	D5	327	327	3	4	1667	100	96	rum 	38.0
169	9	Re5	D5	327	327	1	1	2222	99	96		39.0
170	9	Re5	D5	327	327	1	2	1111	99	96		39.5
171	10	Do5	C5	318	318	3	8	833	99	96		39.875
172	8	La4	A4	305	305	0	0	0	99	96		39.875
173	9	Si4b2	B4b1	312	313	1	8	278	95	96		40.0
174	9	Es	Es	-1	-1	1	4	556	100	0		40.25
175	9	Do5	C5	318	318	1	2	1111	95	96	se	40.75
176	9	Re5	D5	327	327	1	4	556	95	96	ve	41.0
177	9	Re5	D5	327	327	1	4	556	95	96	ce	41.25
178	9	Re5	D5	327	327	3	4	1667	95	96	ğim  	42.0
179	9	Es	Es	-1	-1	1	8	278	100	0		42.125
180	9	Fa5	F5	340	340	1	8	278	95	96	SAZ	42.25
181	9	Mi5	E5	336	336	1	8	278	95	96	.	42.375
182	9	Re5	D5	327	327	1	8	278	95	96	.	42.5
183	9	Es	Es	-1	-1	1	8	278	100	0	.	42.625
184	9	Mi5	E5	336	336	1	8	278	95	96	.	42.75
185	9	Re5	D5	327	327	1	8	278	95	96	.	42.875
186	9	Do5	C5	318	318	1	8	278	95	96	.	43.0
187	9	Es	Es	-1	-1	1	8	278	100	0	.	43.125
188	9	Re5	D5	327	327	1	8	278	95	96	.	43.25
189	9	Do5	C5	318	318	1	8	278	95	96	.	43.375
190	9	Si4b2	B4b1	312	313	1	8	278	95	96	.	43.5
191	9	Do5	C5	318	318	1	8	278	95	96	.	43.625
192	9	Do5	C5	318	318	1	8	278	95	96	.	43.75
193	9	Si4b2	B4b1	312	313	1	8	278	95	96	.	43.875
194	9	La4	A4	305	305	1	8	278	95	96	.	44.0
195	9	Sol4	G4	296	296	1	4	556	95	96	.	44.25
196	9	Es	Es	-1	-1	1	4	556	100	0		44.5
197	9	Fa5	F5	340	340	1	4	556	95	96	Ne 	44.75
198	9	Fa5	F5	340	340	1	8	278	99	96	fü	44.875
199	9	Mi5	E5	336	336	1	8	278	95	96		45.0
200	9	Mi5	E5	336	336	3	8	833	99	96	sun 	45.375
201	9	Re5	D5	327	327	1	8	278	95	96		45.5
202	9	Re5	D5	327	327	1	4	556	99	96	et	45.75
203	8	Fa5	F5	340	340	0	0	0	99	96		45.75
204	9	Mi5	E5	336	336	3	16	417	99	96		45.9375
205	9	Re5	D5	327	327	1	16	139	95	96		46.0
206	9	Re5	D5	327	327	1	1	2222	100	96	tin 	47.0
207	9	Re5	D5	327	327	1	2	1111	99	96		47.5
208	9	Re5	D5	327	327	3	8	833	99	96		47.875
209	9	Do5	C5	318	318	1	8	278	95	96		48.0
210	9	Es	Es	-1	-1	1	4	556	100	0		48.25
211	9	Mi5	E5	336	336	1	4	556	99	96	ru	48.5
212	9	Re5	D5	327	327	1	4	556	95	96		48.75
213	9	Mi5	E5	336	336	1	4	556	95	96	hu	49.0
214	9	Re5	D5	327	327	1	4	556	99	96	ma 	49.25
215	9	Do5	C5	318	318	1	2	1111	95	96		49.75
216	9	Si4b2	B4b1	312	313	1	4	556	95	96	böy	50.0
217	9	Do5	C5	318	318	1	2	1111	95	96	le  	50.5
218	9	Es	Es	-1	-1	1	4	556	100	0		50.75
219	9	Mi5	E5	336	336	1	8	278	95	96	SAZ	50.875
220	9	Fa5	F5	340	340	1	8	278	95	96	.	51.0
221	9	Mi5	E5	336	336	1	8	278	95	96	.	51.125
222	9	Re5	D5	327	327	1	8	278	95	96	.	51.25
223	9	Do5	C5	318	318	1	8	278	95	96	.	51.375
224	9	Si4b2	B4b1	312	313	1	8	278	95	96	.	51.5
225	9	Do5	C5	318	318	1	2	1111	95	96	.	52.0
226	9	Es	Es	-1	-1	1	4	556	100	0		52.25
227	9	Re5	D5	327	327	1	4	556	99	96	Söy	52.5
228	9	Do5	C5	318	318	1	4	556	95	96		52.75
229	9	Re5	D5	327	327	1	4	556	95	96	le 	53.0
230	9	Do5	C5	318	318	1	4	556	99	96	sev	53.25
231	9	Si4b2	B4b1	312	313	1	2	1111	95	96		53.75
232	9	Si4b2	B4b1	312	313	1	8	278	99	96	gi	53.875
233	9	La4	A4	305	305	1	8	278	95	96		54.0
234	9	La4	A4	305	305	1	1	2222	99	96	li 	55.0
235	9	Do5	C5	318	318	1	8	278	99	96		55.125
236	9	Do5	C5	318	318	1	8	278	99	96		55.25
237	9	Si4b2	B4b1	312	313	1	8	278	99	96		55.375
238	9	La4	A4	305	305	1	8	278	99	96		55.5
239	9	Si4b2	B4b1	312	313	1	2	1111	95	96		56.0
240	9	Es	Es	-1	-1	1	4	556	100	0		56.25
241	9	Do5	C5	318	318	1	4	556	99	96	sev	56.5
242	9	Si4b2	B4b1	312	313	1	4	556	95	96		56.75
243	9	La4	A4	305	305	1	4	556	95	96	gi	57.0
244	9	Si4b2	B4b1	312	313	1	4	556	95	96	li 	57.25
245	9	Do5	C5	318	318	1	2	1111	99	96	söy	57.75
246	9	Re5	D5	327	327	1	4	556	95	96		58.0
247	9	Re5	D5	327	327	1	4	556	95	96	le 	58.25
248	9	Do5	C5	318	318	1	4	556	99	96	sev	58.5
249	9	Si4b2	B4b1	312	313	1	4	556	95	96		58.75
250	9	Re5	D5	327	327	1	4	556	95	96	gi	59.0
251	9	Do5	C5	318	318	1	8	278	99	96	li 	59.125
252	9	Si4b2	B4b1	312	313	1	8	278	99	96		59.25
253	9	La4	A4	305	305	1	8	278	99	96		59.375
254	9	Re5	D5	327	327	1	8	278	95	96		59.5
255	9	Do5	C5	318	318	1	8	278	99	96	söy	59.625
256	9	Si4b2	B4b1	312	313	1	8	278	99	96		59.75
257	9	Si4b2	B4b1	312	313	1	8	278	99	96		59.875
258	9	La4	A4	305	305	1	8	278	95	96		60.0
259	9	La4	A4	305	305	1	1	2222	95	96	le 	61.0
260	9	Do5	C5	318	318	1	8	278	95	96	SAZ	61.125
261	9	Si4b2	B4b1	312	313	1	8	278	95	96	.	61.25
262	9	La4	A4	305	305	1	8	278	95	96	.	61.375
263	9	Si4b2	B4b1	312	313	1	8	278	95	96	.	61.5
264	9	La4	A4	305	305	1	2	1111	95	96	.	62.0
265	9	Es	Es	-1	-1	1	8	278	100	0	.	62.125
266	9	Do5	C5	318	318	1	8	278	95	96	.	62.25
267	9	Re5	D5	327	327	1	8	278	95	96	.	62.375
268	9	Mi5	E5	336	336	1	8	278	95	96	.	62.5
269	9	Fa5	F5	340	340	1	2	1111	95	96	.	63.0
270	9	Es	Es	-1	-1	1	8	278	100	0	.	63.125
271	9	Mi5	E5	336	336	1	16	139	95	96	.	63.1875
272	9	Fa5	F5	340	340	1	16	139	95	96	.	63.25
273	9	Sol5	G5	349	349	1	16	139	95	96	.	63.3125
274	9	Fa5	F5	340	340	1	16	139	95	96	.	63.375
275	9	Mi5	E5	336	336	1	16	139	95	96	.	63.4375
276	9	Re5	D5	327	327	1	16	139	95	96	.	63.5
277	9	Mi5	E5	336	336	1	2	1111	100	96	.	64.0
278	9	Mi5	E5	336	336	1	8	278	95	96	.	64.125
279	9	Re5	D5	327	327	1	16	139	95	96	.	64.1875
280	9	Mi5	E5	336	336	1	16	139	95	96	.	64.25
281	9	Fa5	F5	340	340	1	16	139	95	96	.	64.3125
282	9	Mi5	E5	336	336	1	16	139	95	96	.	64.375
283	9	Re5	D5	327	327	1	16	139	95	96	.	64.4375
284	9	Do5	C5	318	318	1	16	139	95	96	.	64.5
285	9	Re5	D5	327	327	1	8	278	95	96	.	64.625
286	9	Do5	C5	318	318	1	16	139	95	96	.	64.6875
287	9	Re5	D5	327	327	1	16	139	95	96	.	64.75
288	9	Mi5	E5	336	336	1	16	139	95	96	.	64.8125
289	9	Re5	D5	327	327	1	16	139	95	96	.	64.875
290	9	Do5	C5	318	318	1	16	139	95	96	.	64.9375
291	9	Si4b2	B4b1	312	313	1	16	139	95	96	.	65.0
292	9	Do5	C5	318	318	1	16	139	95	96	.	65.0625
293	9	Si4b2	B4b1	312	313	1	16	139	95	96	.	65.125
294	9	Do5	C5	318	318	1	8	278	95	96	.	65.25
295	9	Re5	D5	327	327	1	16	139	95	96	.	65.3125
296	9	Do5	C5	318	318	1	16	139	95	96	.	65.375
297	9	Si4b2	B4b1	312	313	1	16	139	95	96	.	65.4375
298	9	Do5	C5	318	318	1	16	139	95	96	.	65.5
299	9	La4	A4	305	305	3	8	833	95	96	.	65.875
300	9	La5	A5	358	358	1	16	139	95	96	.	65.9375
301	9	Sol5	G5	349	349	1	16	139	95	96	.	66.0
302	9	Sol5	G5	349	349	1	16	139	95	96	.	66.0625
303	9	Fa5	F5	340	340	1	16	139	95	96	.	66.125
304	9	Fa5	F5	340	340	1	16	139	95	96	.	66.1875
305	9	Mi5	E5	336	336	1	16	139	95	96	.	66.25
306	9	Fa5	F5	340	340	1	4	556	95	96	.	66.5
307	9	Fa5	F5	340	340	1	2	1111	99	96	Ah 	67.0
308	9	Fa5	F5	340	340	1	2	1111	95	96		67.5
309	9	Fa5	F5	340	340	3	8	833	95	96	söy	67.875
310	9	Fa5	F5	340	340	1	8	278	95	96	le 	68.0
311	9	Fa5	F5	340	340	1	2	1111	95	96	bül	68.5
312	9	Fa5	F5	340	340	1	2	1111	99	96	bül 	69.0
313	9	Fa5	F5	340	340	1	2	1111	95	96		69.5
314	9	Fa5	F5	340	340	3	8	833	95	96	gül 	69.875
315	9	Fa5	F5	340	340	1	8	278	95	96	di	70.0
316	9	Fa5	F5	340	340	1	2	1111	95	96	lin	70.5
317	9	Fa5	F5	340	340	1	2	1111	99	96	den 	71.0
318	9	Fa5	F5	340	340	1	2	1111	95	96		71.5
319	9	Sol5	G5	349	349	3	8	833	95	96	tut 	71.875
320	9	La5b1	A5b1	357	357	1	8	278	95	96	ge	72.0
321	9	Sol5	G5	349	349	1	2	1111	95	96	tir 	72.5
322	9	La5	A5	358	358	1	2	1111	99	96	yâ	73.0
323	9	La5	A5	358	358	1	2	1111	95	96		73.5
324	9	Sol5	G5	349	349	3	8	833	95	96	ri 	73.875
325	9	Si5b5	B5b5	362	362	1	8	278	95	96	e	74.0
326	9	La5	A5	358	358	1	4	556	99	96	lin	74.25
327	9	Sol5	G5	349	349	1	4	556	95	96		74.5
328	9	Fa5	F5	340	340	1	2	1111	99	96	den  	75.0
329	9	Fa5	F5	340	340	1	2	1111	95	96		75.5
330	9	Fa5	F5	340	340	1	8	278	95	96	Dal_	75.625
331	9	Fa5	F5	340	340	3	8	833	95	96	ay	76.0
332	9	Fa5	F5	340	340	1	4	556	99	96	rı	76.25
333	9	Mi5	E5	336	336	1	4	556	95	96		76.5
334	9	Mi5	E5	336	336	1	2	1111	99	96	lır 	77.0
335	9	Mi5	E5	336	336	1	4	556	99	96		77.25
336	9	Re5	D5	327	327	1	4	556	95	96		77.5
337	9	Re5	D5	327	327	3	8	833	95	96	mı 	77.875
338	9	Mi5	E5	336	336	1	8	278	95	96	gü	78.0
339	9	Re5	D5	327	327	1	4	556	99	96	lün	78.25
340	9	Do5	C5	318	318	1	8	278	99	96		78.375
341	9	Si4b2	B4b1	312	313	1	8	278	95	96		78.5
342	9	Do5	C5	318	318	1	2	1111	99	96	den 	79.0
343	9	Do5	C5	318	318	1	4	556	95	96		79.25
344	9	Es	Es	-1	-1	1	4	556	100	0		79.5
345	9	Do5	C5	318	318	3	8	833	95	96	Ay	79.875
346	9	Re5	D5	327	327	1	8	278	95	96	rı	80.0
347	9	Re5	D5	327	327	1	2	1111	95	96	lır	80.5
348	9	Re5	D5	327	327	1	4	556	95	96	sam 	80.75
349	9	Do5	C5	318	318	1	4	556	99	96		81.0
350	9	Do5	C5	318	318	1	4	556	99	96		81.25
351	8	La4	A4	305	305	0	0	0	99	96		81.25
352	9	Si4b2	B4b1	312	313	1	4	556	95	96		81.5
353	9	Es	Es	-1	-1	1	4	556	100	0		81.75
354	9	Do5	C5	318	318	1	4	556	99	96	ö	82.0
355	9	Do5	C5	318	318	1	4	556	95	96		82.25
356	9	Re5	D5	327	327	1	4	556	95	96	le	82.5
357	9	Re5	D5	327	327	1	4	556	95	96	ce	82.75
358	9	Re5	D5	327	327	1	4	556	99	96	ğim  	83.0
359	9	Re5	D5	327	327	1	2	1111	95	96		83.5
360	9	Es	Es	-1	-1	1	2	1111	100	0		84.0
361	9	Fa5	F5	340	340	1	8	278	95	96	SAZ	84.125
362	9	Mi5	E5	336	336	1	8	278	95	96	.	84.25
363	9	Re5	D5	327	327	1	8	278	95	96	.	84.375
364	9	Es	Es	-1	-1	1	8	278	100	0	.	84.5
365	9	Mi5	E5	336	336	1	8	278	95	96	.	84.625
366	9	Re5	D5	327	327	1	8	278	95	96	.	84.75
367	9	Do5	C5	318	318	1	8	278	95	96	.	84.875
368	9	Es	Es	-1	-1	1	8	278	100	0	.	85.0
369	9	Re5	D5	327	327	1	8	278	95	96	.	85.125
370	9	Do5	C5	318	318	1	8	278	95	96	.	85.25
371	9	Si4b2	B4b1	312	313	1	8	278	95	96	.	85.375
372	9	Do5	C5	318	318	1	8	278	95	96	.	85.5
373	9	Do5	C5	318	318	1	8	278	95	96	.	85.625
374	9	Si4b2	B4b1	312	313	1	8	278	95	96	.	85.75
375	9	La4	A4	305	305	1	8	278	95	96	.	85.875
376	9	Sol4	G4	296	296	1	8	278	95	96	.	86.0
377	9	Es	Es	-1	-1	1	4	556	100	0		86.25
378	9	Fa5	F5	340	340	1	4	556	95	96	Ne 	86.5
379	9	Fa5	F5	340	340	1	8	278	99	96	fü	86.625
380	9	Mi5	E5	336	336	1	8	278	95	96		86.75
381	9	Mi5	E5	336	336	1	4	556	99	96	sun 	87.0
382	9	Re5	D5	327	327	1	8	278	95	96		87.125
383	9	Re5	D5	327	327	1	4	556	99	96	et	87.375
384	8	Fa5	F5	340	340	0	0	0	99	96		87.375
385	9	Mi5	E5	336	336	1	8	278	99	96		87.5
386	9	Re5	D5	327	327	1	8	278	95	96		87.625
387	9	Re5	D5	327	327	3	8	833	99	96	tin 	88.0
388	9	Re5	D5	327	327	1	2	1111	99	96		88.5
389	9	Re5	D5	327	327	3	8	833	99	96		88.875
390	9	Do5	C5	318	318	1	8	278	95	96		89.0
391	9	Es	Es	-1	-1	1	4	556	100	0		89.25
392	9	Mi5	E5	336	336	1	4	556	99	96	ru	89.5
393	9	Re5	D5	327	327	1	4	556	95	96		89.75
394	9	Mi5	E5	336	336	1	4	556	95	96	hu	90.0
395	9	Re5	D5	327	327	1	4	556	99	96	ma 	90.25
396	9	Do5	C5	318	318	1	2	1111	95	96		90.75
397	9	Si4b2	B4b1	312	313	1	4	556	95	96	böy	91.0
398	9	Do5	C5	318	318	1	2	1111	95	96	le  	91.5
399	9	Es	Es	-1	-1	1	4	556	100	0		91.75
400	9	Mi5	E5	336	336	1	8	278	95	96	SAZ	91.875
401	9	Fa5	F5	340	340	1	8	278	95	96	.	92.0
402	9	Mi5	E5	336	336	1	8	278	95	96	.	92.125
403	9	Re5	D5	327	327	1	8	278	95	96	.	92.25
404	9	Do5	C5	318	318	1	8	278	95	96	.	92.375
405	9	Si4b2	B4b1	312	313	1	8	278	95	96	.	92.5
406	9	Do5	C5	318	318	1	2	1111	95	96	.	93.0
407	9	Es	Es	-1	-1	1	4	556	100	0		93.25
408	9	Re5	D5	327	327	1	4	556	99	96	Söy	93.5
409	9	Do5	C5	318	318	1	4	556	95	96		93.75
410	9	Re5	D5	327	327	1	4	556	95	96	le 	94.0
411	9	Do5	C5	318	318	1	4	556	99	96	sev	94.25
412	9	Si4b2	B4b1	312	313	1	2	1111	95	96		94.75
413	9	Si4b2	B4b1	312	313	1	8	278	99	96	gi	94.875
414	9	La4	A4	305	305	1	8	278	95	96		95.0
415	9	La4	A4	305	305	1	1	2222	99	96	li 	96.0
416	9	Do5	C5	318	318	1	8	278	99	96		96.125
417	9	Do5	C5	318	318	1	8	278	99	96		96.25
418	9	Si4b2	B4b1	312	313	1	8	278	99	96		96.375
419	9	La4	A4	305	305	1	8	278	99	96		96.5
420	9	Si4b2	B4b1	312	313	1	2	1111	95	96		97.0
421	9	Es	Es	-1	-1	1	4	556	100	0		97.25
422	9	Do5	C5	318	318	1	4	556	99	96	sev	97.5
423	9	Si4b2	B4b1	312	313	1	4	556	95	96		97.75
424	9	La4	A4	305	305	1	4	556	95	96	gi	98.0
425	9	Si4b2	B4b1	312	313	1	4	556	95	96	li 	98.25
426	9	Do5	C5	318	318	1	2	1111	99	96	söy	98.75
427	9	Re5	D5	327	327	1	4	556	95	96		99.0
428	9	Re5	D5	327	327	1	4	556	95	96	le 	99.25
429	9	Do5	C5	318	318	1	4	556	99	96	sev	99.5
430	9	Si4b2	B4b1	312	313	1	4	556	95	96		99.75
431	9	Re5	D5	327	327	1	4	556	95	96	gi	100.0
432	9	Do5	C5	318	318	1	8	278	99	96	li 	100.125
433	9	Si4b2	B4b1	312	313	1	8	278	99	96		100.25
434	9	La4	A4	305	305	1	8	278	99	96		100.375
435	9	Re5	D5	327	327	1	8	278	95	96		100.5
436	9	Do5	C5	318	318	1	8	278	99	96	söy	100.625
437	9	Si4b2	B4b1	312	313	1	8	278	99	96		100.75
438	9	Si4b2	B4b1	312	313	1	8	278	99	96		100.875
439	9	La4	A4	305	305	1	8	278	95	96		101.0
440	9	La4	A4	305	305	1	1	2222	95	96	le 	102.0
