Sira	Kod	Nota53	NotaAE	Koma53	KomaAE	Pay	Payda	Ms	LNS	Bas	Soz1	Offset
1	51			0	0	4	4	0	6	0	Sofyan	0.0
2	9	Re5	D5	327	327	1	4	714	95	96	ARANAĞME	0.25
3	9	Re5	D5	327	327	1	8	357	95	96	.	0.375
4	9	Mi5	E5	336	336	1	8	357	95	96	.	0.5
5	9	Re5	D5	327	327	1	8	357	95	96	.	0.625
6	9	Do5	C5	318	318	1	8	357	95	96	.	0.75
7	9	Si4b2	B4b1	312	313	1	4	714	95	96	.	1.0
8	9	Do5	C5	318	318	1	8	357	95	96	.	1.125
9	9	Do5	C5	318	318	1	4	714	95	96	.	1.375
10	9	Re5	D5	327	327	1	8	357	95	96	.	1.5
11	9	Do5	C5	318	318	1	8	357	95	96	.	1.625
12	9	Si4b2	B4b1	312	313	1	8	357	95	96	.	1.75
13	9	La4	A4	305	305	1	4	714	95	96	.	2.0
14	9	Si4b2	B4b1	312	313	1	8	357	95	96	.	2.125
15	9	Si4b2	B4b1	312	313	1	8	357	95	96	.	2.25
16	9	Si4b2	B4b1	312	313	1	8	357	95	96	.	2.375
17	9	Do5	C5	318	318	1	8	357	95	96	.	2.5
18	9	Si4b2	B4b1	312	313	1	8	357	95	96	.	2.625
19	9	La4	A4	305	305	1	8	357	95	96	.	2.75
20	9	Sol4	G4	296	296	1	8	357	95	96	.	2.875
21	9	Si4b2	B4b1	312	313	1	8	357	95	96	.	3.0
22	9	La4	A4	305	305	1	4	714	95	96	.	3.25
23	9	La4	A4	305	305	1	8	357	95	96	.	3.375
24	9	Do5	C5	318	318	1	8	357	95	96		3.5
25	9	Si4b2	B4b1	312	313	1	8	357	95	96	.	3.625
26	9	Do5	C5	318	318	1	8	357	95	96	.	3.75
27	9	Re5	D5	327	327	1	4	714	95	96	.	4.0
28	9	Re5	D5	327	327	1	4	714	95	96	ARANAĞME	4.25
29	9	Re5	D5	327	327	1	8	357	95	96	.	4.375
30	9	Mi5	E5	336	336	1	8	357	95	96	.	4.5
31	9	Re5	D5	327	327	1	8	357	95	96	.	4.625
32	9	Do5	C5	318	318	1	8	357	95	96	.	4.75
33	9	Si4b2	B4b1	312	313	1	4	714	95	96	.	5.0
34	9	Do5	C5	318	318	1	8	357	95	96	.	5.125
35	9	Do5	C5	318	318	1	4	714	95	96	.	5.375
36	9	Re5	D5	327	327	1	8	357	95	96	.	5.5
37	9	Do5	C5	318	318	1	8	357	95	96	.	5.625
38	9	Si4b2	B4b1	312	313	1	8	357	95	96	.	5.75
39	9	La4	A4	305	305	1	4	714	95	96	.	6.0
40	9	Si4b2	B4b1	312	313	1	8	357	95	96	.	6.125
41	9	Si4b2	B4b1	312	313	1	8	357	95	96	.	6.25
42	9	Si4b2	B4b1	312	313	1	8	357	95	96	.	6.375
43	9	Do5	C5	318	318	1	8	357	95	96	.	6.5
44	9	Si4b2	B4b1	312	313	1	8	357	95	96	.	6.625
45	9	La4	A4	305	305	1	8	357	95	96	.	6.75
46	9	Sol4	G4	296	296	1	8	357	95	96	.	6.875
47	9	Si4b2	B4b1	312	313	1	8	357	95	96	.	7.0
48	9	La4	A4	305	305	3	8	1071	95	96	.	7.375
49	9	Sol4	G4	296	296	1	8	357	95	96	.	7.5
50	9	Fa4#3	F4#4	290	291	1	8	357	95	96	.	7.625
51	9	Sol4	G4	296	296	1	8	357	95	96	.	7.75
52	9	La4	A4	305	305	1	4	714	95	96	.	8.0
53	9	Sol4	G4	296	296	1	4	714	95	84	Bir 	8.25
54	9	La4	A4	305	305	1	8	357	95	84	pe	8.375
55	9	Si4b2	B4b1	312	313	1	8	357	95	84	ri	8.5
56	9	Do5	C5	318	318	1	8	357	95	84	kı	8.625
57	9	Do5	C5	318	318	1	4	714	95	84	zı 	8.875
58	9	Es	Es	-1	-1	1	8	357	100	0		9.0
59	9	Re5	D5	327	327	1	8	357	95	96	ba	9.125
60	9	Re5	D5	327	327	1	4	714	95	96	na 	9.375
61	9	Es	Es	-1	-1	1	8	357	100	0		9.5
62	9	Mi5	E5	336	336	3	8	1071	95	96	dün 	9.875
63	9	Es	Es	-1	-1	1	8	357	100	0		10.0
64	9	Re5	D5	327	327	3	8	1071	99	96	em 	10.375
65	9	Mi5	E5	336	336	1	8	357	99	96		10.5
66	9	Re5	D5	327	327	3	16	536	99	96		10.6875
67	9	Do5	C5	318	318	1	16	179	99	96		10.75
68	9	Si4b2	B4b1	312	313	1	4	714	99	96		11.0
69	9	Do5	C5	318	318	1	8	357	99	96		11.125
70	9	Do5	C5	318	318	1	4	714	99	96		11.375
71	9	Re5	D5	327	327	1	8	357	99	96		11.5
72	9	Do5	C5	318	318	3	16	536	99	96		11.6875
73	9	Si4b2	B4b1	312	313	1	16	179	99	96		11.75
74	9	La4	A4	305	305	1	4	714	99	96		12.0
75	9	Si4b2	B4b1	312	313	1	8	357	99	96		12.125
76	9	Si4b2	B4b1	312	313	1	8	357	99	96		12.25
77	9	Si4b2	B4b1	312	313	1	8	357	99	96		12.375
78	9	Do5	C5	318	318	1	8	357	99	96		12.5
79	9	Si4b2	B4b1	312	313	1	8	357	99	96		12.625
80	9	La4	A4	305	305	1	8	357	95	96		12.75
81	9	Sol4	G4	296	296	1	8	357	99	96	sun	12.875
82	9	Si4b2	B4b1	312	313	1	8	357	95	96		13.0
83	9	La4	A4	305	305	3	8	1071	95	96	du  	13.375
84	9	Sol4	G4	296	296	1	8	357	95	96	SAZ	13.5
85	9	Fa4#3	F4#4	290	291	1	8	357	95	96	.	13.625
86	9	Sol4	G4	296	296	1	8	357	95	96	.	13.75
87	9	La4	A4	305	305	1	4	714	95	96	.	14.0
88	9	Sol4	G4	296	296	1	4	714	95	84	Bir 	14.25
89	9	La4	A4	305	305	1	8	357	95	84	pe	14.375
90	9	Si4b2	B4b1	312	313	1	8	357	95	84	ri	14.5
91	9	Do5	C5	318	318	1	8	357	95	84	kı	14.625
92	9	Do5	C5	318	318	1	4	714	95	84	zı 	14.875
93	9	Es	Es	-1	-1	1	8	357	100	0		15.0
94	9	Re5	D5	327	327	1	8	357	95	96	ba	15.125
95	9	Re5	D5	327	327	1	4	714	95	96	na 	15.375
96	9	Es	Es	-1	-1	1	8	357	100	0		15.5
97	9	Mi5	E5	336	336	3	8	1071	95	96	dün 	15.875
98	9	Es	Es	-1	-1	1	8	357	100	0		16.0
99	9	Re5	D5	327	327	3	8	1071	99	96	em 	16.375
100	9	Mi5	E5	336	336	1	8	357	99	96		16.5
101	9	Re5	D5	327	327	3	16	536	99	96		16.6875
102	9	Do5	C5	318	318	1	16	179	99	96		16.75
103	9	Si4b2	B4b1	312	313	1	4	714	99	96		17.0
104	9	Do5	C5	318	318	1	8	357	99	96		17.125
105	9	Do5	C5	318	318	1	4	714	99	96		17.375
106	9	Re5	D5	327	327	1	8	357	99	96		17.5
107	9	Do5	C5	318	318	3	16	536	99	96		17.6875
108	9	Si4b2	B4b1	312	313	1	16	179	99	96		17.75
109	9	La4	A4	305	305	1	4	714	99	96		18.0
110	9	Si4b2	B4b1	312	313	1	8	357	99	96		18.125
111	9	Si4b2	B4b1	312	313	1	8	357	99	96		18.25
112	9	Si4b2	B4b1	312	313	1	8	357	99	96		18.375
113	9	Do5	C5	318	318	1	8	357	99	96		18.5
114	9	Si4b2	B4b1	312	313	1	8	357	99	96		18.625
115	9	La4	A4	305	305	1	8	357	95	96		18.75
116	9	Sol4	G4	296	296	1	8	357	99	96	sun	18.875
117	9	Si4b2	B4b1	312	313	1	8	357	95	96		19.0
118	9	La4	A4	305	305	1	4	714	95	96	du  	19.25
119	9	La4	A4	305	305	1	8	357	95	96	SAZ	19.375
120	9	Do5	C5	318	318	1	8	357	95	96	.	19.5
121	9	Si4b2	B4b1	312	313	1	8	357	95	96	.	19.625
122	9	Do5	C5	318	318	1	8	357	95	96	.	19.75
123	9	Re5	D5	327	327	1	4	714	95	96	.	20.0
124	9	Do5	C5	318	318	3	8	1071	95	96	Can	20.375
125	9	Re5	D5	327	327	1	8	357	95	96	lı	20.5
126	9	Mi5	E5	336	336	3	16	536	99	96	lar 	20.6875
127	9	Re5	D5	327	327	1	16	179	99	96		20.75
128	9	Do5	C5	318	318	1	4	714	95	96		21.0
129	9	Do5	C5	318	318	3	8	1071	99	96	pür	21.375
130	9	Re5	D5	327	327	1	8	357	95	96		21.5
131	9	Do5	C5	318	318	3	16	536	99	96	dik	21.6875
132	9	Si4b2	B4b1	312	313	1	16	179	95	96		21.75
133	9	La4	A4	305	305	1	4	714	50	96	kat 	22.0
134	9	Si4b2	B4b1	312	313	1	4	714	95	96	rüz	22.25
135	9	Do5	C5	318	318	1	4	714	95	96	gâr 	22.5
136	9	Si4b2	B4b1	312	313	1	8	357	99	96	sus	22.625
137	9	La4	A4	305	305	1	8	357	95	96		22.75
138	9	Sol4	G4	296	296	1	8	357	99	96	kun	22.875
139	9	Si4b2	B4b1	312	313	1	8	357	95	96		23.0
140	9	La4	A4	305	305	1	4	714	95	96	du  	23.25
141	9	La4	A4	305	305	1	8	357	95	96	SAZ	23.375
142	9	Do5	C5	318	318	1	8	357	95	96	.	23.5
143	9	Si4b2	B4b1	312	313	1	8	357	95	96	.	23.625
144	9	Do5	C5	318	318	1	8	357	95	96	.	23.75
145	9	Re5	D5	327	327	1	4	714	95	96	.	24.0
146	9	Do5	C5	318	318	3	8	1071	95	96	Can	24.375
147	9	Re5	D5	327	327	1	8	357	95	96	lı	24.5
148	9	Mi5	E5	336	336	3	16	536	99	96	lar 	24.6875
149	9	Re5	D5	327	327	1	16	179	99	96		24.75
150	9	Do5	C5	318	318	1	4	714	95	96		25.0
151	9	Do5	C5	318	318	3	8	1071	99	96	pür	25.375
152	9	Re5	D5	327	327	1	8	357	95	96		25.5
153	9	Do5	C5	318	318	3	16	536	99	96	dik	25.6875
154	9	Si4b2	B4b1	312	313	1	16	179	95	96		25.75
155	9	La4	A4	305	305	1	4	714	50	96	kat 	26.0
156	9	Si4b2	B4b1	312	313	1	4	714	95	96	rüz	26.25
157	9	Do5	C5	318	318	1	4	714	95	96	gâr 	26.5
158	9	Si4b2	B4b1	312	313	1	8	357	99	96	sus	26.625
159	9	La4	A4	305	305	1	8	357	95	96		26.75
160	9	Sol4	G4	296	296	1	8	357	99	96	kun	26.875
161	9	Si4b2	B4b1	312	313	1	8	357	95	96		27.0
162	9	La4	A4	305	305	3	8	1071	95	96	du  	27.375
163	9	Re5	D5	327	327	1	8	357	95	96	SAZ	27.5
164	9	Do5#4	C5#4	322	322	1	8	357	95	96	.	27.625
165	9	Re5	D5	327	327	1	8	357	95	96	.	27.75
166	9	Mi5	E5	336	336	1	4	714	95	96	.	28.0
167	9	Re5	D5	327	327	1	8	357	95	96	A	28.125
168	9	Re5	D5	327	327	1	4	714	99	96	rın	28.375
169	9	Mi5	E5	336	336	1	8	357	95	96		28.5
170	9	Mi5	E5	336	336	1	2	1429	95	96	dı 	29.0
171	9	Es	Es	-1	-1	1	4	714	100	0		29.25
172	9	Mi5	E5	336	336	1	8	357	95	96	be	29.375
173	9	Fa5	F5	340	340	1	8	357	95	96	de	29.5
174	9	Re5	D5	327	327	1	2	1429	95	96	nim 	30.0
175	9	Sol5	G5	349	349	3	8	1071	95	96	ger	30.375
176	9	Fa5#3	F5#4	343	344	1	8	357	95	96	çi 	30.5
177	9	Fa5#3	F5#4	343	344	1	8	357	99	96	mik	30.625
178	9	Mi5	E5	336	336	1	8	357	95	96		30.75
179	9	Sol5	G5	349	349	1	8	357	99	96	rop	30.875
180	9	Fa5#3	F5#4	343	344	1	16	179	99	96		30.9375
181	9	Mi5	E5	336	336	1	16	179	95	96		31.0
182	9	Mi5	E5	336	336	3	8	1071	95	96	tan  	31.375
183	9	Re5	D5	327	327	1	8	357	95	96	SAZ	31.5
184	9	Do5#4	C5#4	322	322	1	8	357	95	96	.	31.625
185	9	Re5	D5	327	327	1	8	357	95	96	.	31.75
186	9	Mi5	E5	336	336	1	4	714	95	96	.	32.0
187	9	Re5	D5	327	327	1	8	357	95	96	A	32.125
188	9	Re5	D5	327	327	1	4	714	99	96	rın	32.375
189	9	Mi5	E5	336	336	1	8	357	95	96		32.5
190	9	Mi5	E5	336	336	1	2	1429	95	96	dı 	33.0
191	9	Es	Es	-1	-1	1	4	714	100	0		33.25
192	9	Mi5	E5	336	336	1	8	357	95	96	be	33.375
193	9	Fa5	F5	340	340	1	8	357	95	96	de	33.5
194	9	Re5	D5	327	327	1	2	1429	95	96	nim 	34.0
195	9	Sol5	G5	349	349	3	8	1071	95	96	ger	34.375
196	9	Fa5#3	F5#4	343	344	1	8	357	95	96	çi 	34.5
197	9	Fa5#3	F5#4	343	344	1	8	357	99	96	mik	34.625
198	9	Mi5	E5	336	336	1	8	357	95	96		34.75
199	9	Sol5	G5	349	349	1	8	357	99	96	rop	34.875
200	9	Fa5#3	F5#4	343	344	1	16	179	99	96		34.9375
201	9	Mi5	E5	336	336	1	16	179	95	96		35.0
202	9	Mi5	E5	336	336	3	8	1071	95	96	tan  	35.375
203	9	Re5	D5	327	327	1	8	357	95	96	SAZ	35.5
204	9	Si4b2	B4b1	312	313	1	8	357	95	96	.	35.625
205	9	Do5	C5	318	318	1	8	357	95	96	.	35.75
206	9	Re5	D5	327	327	1	4	714	95	96	.	36.0
207	9	Do5	C5	318	318	3	8	1071	95	96	İl	36.375
208	9	Re5	D5	327	327	1	8	357	95	96	le 	36.5
209	9	Mi5	E5	336	336	3	16	536	99	96	ru	36.6875
210	9	Re5	D5	327	327	1	16	179	95	96		36.75
211	9	Do5	C5	318	318	1	4	714	95	96	hum 	37.0
212	9	Do5	C5	318	318	1	8	357	95	84	ı	37.125
213	9	Re5	D5	327	327	3	8	1071	95	84	lık 	37.5
214	9	Do5	C5	318	318	3	16	536	99	96	bir 	37.6875
215	9	Si4b2	B4b1	312	313	1	16	179	99	96		37.75
216	9	La4	A4	305	305	1	4	714	95	96		38.0
217	9	Si4b2	B4b1	312	313	3	8	1071	99	96	suy	38.375
218	9	Do5	C5	318	318	1	8	357	95	96		38.5
219	9	Si4b2	B4b1	312	313	1	8	357	99	96	la 	38.625
220	9	La4	A4	305	305	1	8	357	95	96		38.75
221	9	Sol4	G4	296	296	1	8	357	99	96	yun	38.875
222	9	Si4b2	B4b1	312	313	1	8	357	95	96		39.0
223	9	La4	A4	305	305	1	4	714	95	96	du  	39.25
224	9	La4	A4	305	305	1	8	357	95	96	SAZ	39.375
225	9	Do5	C5	318	318	1	8	357	95	96	.	39.5
226	9	Si4b2	B4b1	312	313	1	8	357	95	96	.	39.625
227	9	Do5	C5	318	318	1	8	357	95	96	.	39.75
228	9	Re5	D5	327	327	1	4	714	95	96	.	40.0
229	9	Do5	C5	318	318	3	8	1071	95	96	İl	40.375
230	9	Re5	D5	327	327	1	8	357	95	96	le 	40.5
231	9	Mi5	E5	336	336	3	16	536	99	96	ru	40.6875
232	9	Re5	D5	327	327	1	16	179	95	96		40.75
233	9	Do5	C5	318	318	1	4	714	95	96	hum 	41.0
234	9	Do5	C5	318	318	1	8	357	95	84	ı	41.125
235	9	Re5	D5	327	327	3	8	1071	95	84	lık 	41.5
236	9	Do5	C5	318	318	3	16	536	99	96	bir 	41.6875
237	9	Si4b2	B4b1	312	313	1	16	179	99	96		41.75
238	9	La4	A4	305	305	1	4	714	95	96		42.0
239	9	Si4b2	B4b1	312	313	3	8	1071	99	96	suy	42.375
240	9	Do5	C5	318	318	1	8	357	95	96		42.5
241	9	Si4b2	B4b1	312	313	1	8	357	99	96	la 	42.625
242	9	La4	A4	305	305	1	8	357	95	96		42.75
243	9	Sol4	G4	296	296	1	8	357	99	96	yun	42.875
244	9	Si4b2	B4b1	312	313	1	8	357	95	96		43.0
245	9	La4	A4	305	305	1	2	1429	95	96	du  	43.5
246	9	Es	Es	-1	-1	1	2	1429	100	0		44.0
