Sira	Kod	Nota53	NotaAE	Koma53	KomaAE	Pay	Payda	Ms	LNS	Bas	Soz1	Offset
1	9	Es	Es	-1	-1	1	8	500	100	0	ARANAĞME	0.125
2	9	Do5	C5	318	318	1	16	250	95	96		0.1875
3	9	Re5	D5	327	327	1	16	250	95	96	.	0.25
4	9	Mi5	E5	336	336	1	8	500	95	96	.	0.375
5	9	Mi5	E5	336	336	1	16	250	95	96	.	0.4375
6	9	Re5	D5	327	327	1	16	250	95	96	.	0.5
7	9	Sol5	G5	349	349	1	16	250	95	96	.	0.5625
8	9	Fa5	F5	340	340	1	16	250	95	96	.	0.625
9	9	Mi5	E5	336	336	1	16	250	95	96	.	0.6875
10	9	Re5	D5	327	327	1	16	250	95	96	.	0.75
11	9	Do5	C5	318	318	1	8	500	95	96	.	0.875
12	9	Si4b2	B4b1	312	313	1	16	250	95	96	.	0.9375
13	9	La4	A4	305	305	1	16	250	95	96	.	1.0
14	9	La4	A4	305	305	1	16	250	95	96	.	1.0625
15	9	Si4b1	B4b1	313	313	1	16	250	95	96	.	1.125
16	9	Do5	C5	318	318	1	16	250	95	96	.	1.1875
17	9	Re5	D5	327	327	1	16	250	95	96	.	1.25
18	9	Do5	C5	318	318	1	16	250	95	96	.	1.3125
19	9	Si4b2	B4b1	312	313	1	16	250	95	96	.	1.375
20	9	La4	A4	305	305	1	16	250	95	96	.	1.4375
21	9	Sol4	G4	296	296	1	16	250	95	96	.	1.5
22	9	Re5	D5	327	327	3	16	750	95	96	.	1.6875
23	9	Re5	D5	327	327	1	16	250	95	96	.	1.75
24	9	Re5	D5	327	327	1	8	500	95	96	.	1.875
25	9	Re5	D5	327	327	1	8	500	95	96	.	2.0
26	9	Es	Es	-1	-1	1	8	500	100	0	.	2.125
27	9	Do5	C5	318	318	1	16	250	95	96	.	2.1875
28	9	Re5	D5	327	327	1	16	250	95	96	.	2.25
29	9	Mi5	E5	336	336	1	8	500	95	96	.	2.375
30	9	Mi5	E5	336	336	1	16	250	95	96	.	2.4375
31	9	Re5	D5	327	327	1	16	250	95	96	.	2.5
32	9	Sol5	G5	349	349	1	16	250	95	96	.	2.5625
33	9	Fa5	F5	340	340	1	16	250	95	96	.	2.625
34	9	Mi5	E5	336	336	1	16	250	95	96	.	2.6875
35	9	Re5	D5	327	327	1	16	250	95	96	.	2.75
36	9	Do5	C5	318	318	1	8	500	95	96	.	2.875
37	9	Si4b2	B4b1	312	313	1	16	250	95	96	.	2.9375
38	9	La4	A4	305	305	1	16	250	95	96	.	3.0
39	9	La4	A4	305	305	1	16	250	95	96	.	3.0625
40	9	Si4b1	B4b1	313	313	1	16	250	95	96	.	3.125
41	9	Do5	C5	318	318	1	16	250	95	96	.	3.1875
42	9	Re5	D5	327	327	1	16	250	95	96	.	3.25
43	9	Do5	C5	318	318	1	16	250	95	96	.	3.3125
44	9	Si4b2	B4b1	312	313	1	16	250	95	96	.	3.375
45	9	La4	A4	305	305	1	16	250	95	96	.	3.4375
46	9	Sol4	G4	296	296	1	16	250	95	96	.	3.5
47	9	La4	A4	305	305	3	16	750	95	96	.	3.6875
48	9	La4	A4	305	305	1	16	250	95	96	.	3.75
49	9	La4	A4	305	305	1	8	500	95	96	.	3.875
50	9	La4	A4	305	305	1	8	500	95	96	.	4.0
51	9	Es	Es	-1	-1	1	8	500	100	0	ARANAĞME	4.125
52	9	Do5	C5	318	318	1	16	250	95	96		4.1875
53	9	Re5	D5	327	327	1	16	250	95	96	.	4.25
54	9	Mi5	E5	336	336	1	8	500	95	96	.	4.375
55	9	Mi5	E5	336	336	1	16	250	95	96	.	4.4375
56	9	Re5	D5	327	327	1	16	250	95	96	.	4.5
57	9	Sol5	G5	349	349	1	16	250	95	96	.	4.5625
58	9	Fa5	F5	340	340	1	16	250	95	96	.	4.625
59	9	Mi5	E5	336	336	1	16	250	95	96	.	4.6875
60	9	Re5	D5	327	327	1	16	250	95	96	.	4.75
61	9	Do5	C5	318	318	1	8	500	95	96	.	4.875
62	9	Si4b2	B4b1	312	313	1	16	250	95	96	.	4.9375
63	9	La4	A4	305	305	1	16	250	95	96	.	5.0
64	9	La4	A4	305	305	1	16	250	95	96	.	5.0625
65	9	Si4b1	B4b1	313	313	1	16	250	95	96	.	5.125
66	9	Do5	C5	318	318	1	16	250	95	96	.	5.1875
67	9	Re5	D5	327	327	1	16	250	95	96	.	5.25
68	9	Do5	C5	318	318	1	16	250	95	96	.	5.3125
69	9	Si4b2	B4b1	312	313	1	16	250	95	96	.	5.375
70	9	La4	A4	305	305	1	16	250	95	96	.	5.4375
71	9	Sol4	G4	296	296	1	16	250	95	96	.	5.5
72	9	Re5	D5	327	327	3	16	750	95	96	.	5.6875
73	9	Re5	D5	327	327	1	16	250	95	96	.	5.75
74	9	Re5	D5	327	327	1	8	500	95	96	.	5.875
75	9	Re5	D5	327	327	1	8	500	95	96	.	6.0
76	9	Es	Es	-1	-1	1	8	500	100	0	.	6.125
77	9	Do5	C5	318	318	1	16	250	95	96	.	6.1875
78	9	Re5	D5	327	327	1	16	250	95	96	.	6.25
79	9	Mi5	E5	336	336	1	8	500	95	96	.	6.375
80	9	Mi5	E5	336	336	1	16	250	95	96	.	6.4375
81	9	Re5	D5	327	327	1	16	250	95	96	.	6.5
82	9	Sol5	G5	349	349	1	16	250	95	96	.	6.5625
83	9	Fa5	F5	340	340	1	16	250	95	96	.	6.625
84	9	Mi5	E5	336	336	1	16	250	95	96	.	6.6875
85	9	Re5	D5	327	327	1	16	250	95	96	.	6.75
86	9	Do5	C5	318	318	1	8	500	95	96	.	6.875
87	9	Si4b2	B4b1	312	313	1	16	250	95	96	.	6.9375
88	9	La4	A4	305	305	1	16	250	95	96	.	7.0
89	9	La4	A4	305	305	1	16	250	95	96	.	7.0625
90	9	Si4b1	B4b1	313	313	1	16	250	95	96	.	7.125
91	9	Do5	C5	318	318	1	16	250	95	96	.	7.1875
92	9	Re5	D5	327	327	1	16	250	95	96	.	7.25
93	9	Do5	C5	318	318	1	16	250	95	96	.	7.3125
94	9	Si4b2	B4b1	312	313	1	16	250	95	96	.	7.375
95	9	La4	A4	305	305	1	16	250	95	96	.	7.4375
96	9	Sol4	G4	296	296	1	16	250	95	96	.	7.5
97	9	La4	A4	305	305	3	16	750	95	96	.	7.6875
98	9	Sol4	G4	296	296	1	16	250	95	96	.	7.75
99	9	Fa4#4	F4#4	291	291	1	16	250	95	96	.	7.8125
100	9	Sol4	G4	296	296	1	16	250	95	96	.	7.875
101	9	La4	A4	305	305	1	8	500	95	96	.	8.0
102	9	Es	Es	-1	-1	1	8	500	100	0		8.125
103	9	Fa4#4	F4#4	291	291	1	16	250	95	96	Bah	8.1875
104	9	Sol4	G4	296	296	1	16	250	95	96	çe	8.25
105	9	La4	A4	305	305	1	8	500	95	96	ye 	8.375
106	9	La4	A4	305	305	1	8	500	95	96	in	8.5
107	9	La4	A4	305	305	1	4	1000	95	96	dim 	8.75
108	9	La4	A4	305	305	1	4	1000	95	96	ki 	9.0
109	9	Sol4	G4	296	296	1	8	500	95	96	gül	9.125
110	9	Sol4	G4	296	296	1	8	500	95	96	le	9.25
111	9	Do5	C5	318	318	1	8	500	95	96	ri 	9.375
112	9	Si4b2	B4b1	312	313	1	16	250	99	96	de	9.4375
113	9	La4	A4	305	305	1	16	250	95	96		9.5
114	9	La4	A4	305	305	3	16	750	99	96	rem  	9.6875
115	9	Sol4	G4	296	296	1	16	250	95	96		9.75
116	9	Fa4#4	F4#4	291	291	1	16	250	95	96	SAZ	9.8125
117	9	Mi4	E4	283	283	1	16	250	95	96	.	9.875
118	9	Re4	D4	274	274	1	8	500	95	96	.	10.0
119	9	Es	Es	-1	-1	1	8	500	100	0		10.125
120	9	Fa4#4	F4#4	291	291	1	16	250	95	96	Gü	10.1875
121	9	Sol4	G4	296	296	1	16	250	95	96	lün 	10.25
122	9	La4	A4	305	305	1	8	500	95	96	ba	10.375
123	9	La4	A4	305	305	1	8	500	95	96	ha	10.5
124	9	La4	A4	305	305	1	8	500	95	96	ne	10.625
125	9	La4	A4	305	305	1	8	500	95	96	siy	10.75
126	9	La4	A4	305	305	1	4	1000	95	96	le 	11.0
127	9	Sol4	G4	296	296	1	8	500	95	96	yâ	11.125
128	9	Sol4	G4	296	296	1	8	500	95	96	ri	11.25
129	9	Do5	C5	318	318	1	8	500	95	96	mi 	11.375
130	9	Si4b2	B4b1	312	313	1	16	250	99	96	gö	11.4375
131	9	La4	A4	305	305	1	16	250	95	96		11.5
132	9	La4	A4	305	305	3	16	750	99	96	rem  	11.6875
133	9	Re5	D5	327	327	1	16	250	95	96		11.75
134	9	Do5	C5	318	318	1	16	250	95	96	SAZ	11.8125
135	9	Re5	D5	327	327	1	16	250	95	96	.	11.875
136	9	Mi5	E5	336	336	1	8	500	95	96	.	12.0
137	9	Es	Es	-1	-1	1	8	500	100	0		12.125
138	9	Do5	C5	318	318	1	16	250	95	96	Ö	12.1875
139	9	Re5	D5	327	327	1	16	250	95	96	lüm_	12.25
140	9	Mi5	E5	336	336	1	8	500	95	96	u	12.375
141	9	Mi5	E5	336	336	1	8	500	95	96	cuz 	12.5
142	9	Mi5	E5	336	336	1	16	250	95	96	di	12.5625
143	9	Mi5	E5	336	336	3	16	750	95	96	yor	12.75
144	9	Mi5	E5	336	336	1	4	1000	95	96	lar 	13.0
145	9	Mi5	E5	336	336	1	8	500	95	96	kor	13.125
146	9	Mi5	E5	336	336	1	16	250	99	96	ka	13.1875
147	9	Re5	D5	327	327	1	16	250	95	96		13.25
148	9	Sol5	G5	349	349	1	16	250	99	96	rım_	13.3125
149	9	Fa5	F5	340	340	1	16	250	95	96		13.375
150	9	Mi5	E5	336	336	1	16	250	99	96	ö	13.4375
151	9	Re5	D5	327	327	1	16	250	95	96		13.5
152	9	Re5	D5	327	327	3	8	1500	95	96	lem  	13.875
153	9	Es	Es	-1	-1	1	8	500	100	0		14.0
154	9	Fa5	F5	340	340	7	8	3500	95	96	Ah 	14.875
155	9	Es	Es	-1	-1	1	8	500	100	0		15.0
156	9	Fa5	F5	340	340	1	16	250	99	96	ah 	15.0625
157	9	Mi5	E5	336	336	1	16	250	99	96		15.125
158	9	Fa5	F5	340	340	1	16	250	99	96		15.1875
159	9	Sol5	G5	349	349	1	16	250	99	96		15.25
160	9	Sol5	G5	349	349	1	16	250	99	96		15.3125
161	9	Fa5	F5	340	340	1	16	250	99	96		15.375
162	9	Mi5	E5	336	336	1	16	250	99	96		15.4375
163	9	Re5	D5	327	327	1	16	250	99	96		15.5
164	9	Mi5	E5	336	336	1	16	250	99	96		15.5625
165	9	Re5	D5	327	327	1	16	250	99	96		15.625
166	9	Mi5	E5	336	336	1	16	250	99	96		15.6875
167	9	Fa5	F5	340	340	1	16	250	99	96		15.75
168	9	Fa5	F5	340	340	1	16	250	99	96		15.8125
169	9	Mi5	E5	336	336	1	16	250	99	96		15.875
170	9	Re5	D5	327	327	1	16	250	99	96		15.9375
171	9	Do5	C5	318	318	1	16	250	99	96		16.0
172	9	Re5	D5	327	327	1	16	250	99	96		16.0625
173	9	Do5	C5	318	318	1	16	250	99	96		16.125
174	9	Re5	D5	327	327	1	16	250	99	96		16.1875
175	9	Mi5	E5	336	336	1	16	250	99	96		16.25
176	9	Mi5	E5	336	336	1	16	250	99	96		16.3125
177	9	Re5	D5	327	327	1	16	250	99	96		16.375
178	9	Do5	C5	318	318	1	16	250	99	96		16.4375
179	9	Si4b1	B4b1	313	313	1	16	250	99	96		16.5
180	9	Do5	C5	318	318	1	16	250	99	96		16.5625
181	9	Si4b1	B4b1	313	313	1	16	250	99	96		16.625
182	9	Do5	C5	318	318	1	16	250	99	96		16.6875
183	9	Re5	D5	327	327	1	16	250	99	96		16.75
184	9	Re5	D5	327	327	1	16	250	99	96		16.8125
185	9	Do5	C5	318	318	1	16	250	99	96		16.875
186	9	Si4b2	B4b1	312	313	1	16	250	99	96		16.9375
187	9	La4	A4	305	305	1	16	250	95	96		17.0
188	9	Sol4	G4	296	296	1	8	500	95	96	kor	17.125
189	9	Sol4	G4	296	296	1	8	500	95	96	ka	17.25
190	9	Do5	C5	318	318	1	8	500	95	96	rım_	17.375
191	9	Si4b2	B4b1	312	313	1	16	250	99	96	ö	17.4375
192	9	La4	A4	305	305	1	16	250	95	96		17.5
193	9	La4	A4	305	305	1	2	2000	95	96	lem  	18.0
194	9	Es	Es	-1	-1	1	8	500	100	0		18.125
195	9	Do5	C5	318	318	1	16	250	95	96	Öl	18.1875
196	9	Re5	D5	327	327	1	16	250	95	96	me	18.25
197	9	Mi5	E5	336	336	1	8	500	95	96	den 	18.375
198	9	Mi5	E5	336	336	1	16	250	99	96	yâ	18.4375
199	9	Re5	D5	327	327	1	16	250	95	96		18.5
200	9	Sol5	G5	349	349	1	16	250	99	96	ri	18.5625
201	9	Fa5	F5	340	340	1	16	250	99	96		18.625
202	9	Mi5	E5	336	336	1	16	250	99	96		18.6875
203	9	Re5	D5	327	327	1	16	250	95	96		18.75
204	9	Do5	C5	318	318	1	8	500	99	96	mi 	18.875
205	9	Si4b2	B4b1	312	313	1	16	250	99	96		18.9375
206	9	La4	A4	305	305	1	16	250	95	96		19.0
207	9	Sol4	G4	296	296	1	8	500	95	96	bir 	19.125
208	9	Sol4	G4	296	296	1	8	500	95	96	da	19.25
209	9	Do5	C5	318	318	1	8	500	95	96	ha 	19.375
210	9	Si4b2	B4b1	312	313	1	16	250	99	96	gö	19.4375
211	9	La4	A4	305	305	1	16	250	95	96		19.5
212	9	La4	A4	305	305	1	2	2000	95	96	rem  	20.0
213	9	Es	Es	-1	-1	1	8	500	100	0		20.125
214	9	Do5	C5	318	318	1	16	250	95	96	Öl	20.1875
215	9	Re5	D5	327	327	1	16	250	95	96	me	20.25
216	9	Mi5	E5	336	336	1	8	500	95	96	den 	20.375
217	9	Mi5	E5	336	336	1	16	250	99	96	yâ	20.4375
218	9	Re5	D5	327	327	1	16	250	95	96		20.5
219	9	Sol5	G5	349	349	1	16	250	99	96	ri	20.5625
220	9	Fa5	F5	340	340	1	16	250	99	96		20.625
221	9	Mi5	E5	336	336	1	16	250	99	96		20.6875
222	9	Re5	D5	327	327	1	16	250	95	96		20.75
223	9	Do5	C5	318	318	1	8	500	99	96	mi 	20.875
224	9	Si4b2	B4b1	312	313	1	16	250	99	96		20.9375
225	9	La4	A4	305	305	1	16	250	95	96		21.0
226	9	Sol4	G4	296	296	1	8	500	95	96	bir 	21.125
227	9	Sol4	G4	296	296	1	8	500	95	96	da	21.25
228	9	Do5	C5	318	318	1	8	500	95	96	ha 	21.375
229	9	Si4b2	B4b1	312	313	1	16	250	99	96	gö	21.4375
230	9	La4	A4	305	305	1	16	250	95	96		21.5
231	9	La4	A4	305	305	1	2	2000	95	96	rem  	22.0
232	9	Es	Es	-1	-1	1	8	500	100	0	ARANAĞME	22.125
233	9	Do5	C5	318	318	1	16	250	95	96		22.1875
234	9	Re5	D5	327	327	1	16	250	95	96	.	22.25
235	9	Mi5	E5	336	336	1	8	500	95	96	.	22.375
236	9	Mi5	E5	336	336	1	16	250	95	96	.	22.4375
237	9	Re5	D5	327	327	1	16	250	95	96	.	22.5
238	9	Sol5	G5	349	349	1	16	250	95	96	.	22.5625
239	9	Fa5	F5	340	340	1	16	250	95	96	.	22.625
240	9	Mi5	E5	336	336	1	16	250	95	96	.	22.6875
241	9	Re5	D5	327	327	1	16	250	95	96	.	22.75
242	9	Do5	C5	318	318	1	8	500	95	96	.	22.875
243	9	Si4b2	B4b1	312	313	1	16	250	95	96	.	22.9375
244	9	La4	A4	305	305	1	16	250	95	96	.	23.0
245	9	La4	A4	305	305	1	16	250	95	96	.	23.0625
246	9	Si4b1	B4b1	313	313	1	16	250	95	96	.	23.125
247	9	Do5	C5	318	318	1	16	250	95	96	.	23.1875
248	9	Re5	D5	327	327	1	16	250	95	96	.	23.25
249	9	Do5	C5	318	318	1	16	250	95	96	.	23.3125
250	9	Si4b2	B4b1	312	313	1	16	250	95	96	.	23.375
251	9	La4	A4	305	305	1	16	250	95	96	.	23.4375
252	9	Sol4	G4	296	296	1	16	250	95	96	.	23.5
253	9	Re5	D5	327	327	3	16	750	95	96	.	23.6875
254	9	Re5	D5	327	327	1	16	250	95	96	.	23.75
255	9	Re5	D5	327	327	1	8	500	95	96	.	23.875
256	9	Re5	D5	327	327	1	8	500	95	96	.	24.0
257	9	Es	Es	-1	-1	1	8	500	100	0	.	24.125
258	9	Do5	C5	318	318	1	16	250	95	96	.	24.1875
259	9	Re5	D5	327	327	1	16	250	95	96	.	24.25
260	9	Mi5	E5	336	336	1	8	500	95	96	.	24.375
261	9	Mi5	E5	336	336	1	16	250	95	96	.	24.4375
262	9	Re5	D5	327	327	1	16	250	95	96	.	24.5
263	9	Sol5	G5	349	349	1	16	250	95	96	.	24.5625
264	9	Fa5	F5	340	340	1	16	250	95	96	.	24.625
265	9	Mi5	E5	336	336	1	16	250	95	96	.	24.6875
266	9	Re5	D5	327	327	1	16	250	95	96	.	24.75
267	9	Do5	C5	318	318	1	8	500	95	96	.	24.875
268	9	Si4b2	B4b1	312	313	1	16	250	95	96	.	24.9375
269	9	La4	A4	305	305	1	16	250	95	96	.	25.0
270	9	La4	A4	305	305	1	16	250	95	96	.	25.0625
271	9	Si4b1	B4b1	313	313	1	16	250	95	96	.	25.125
272	9	Do5	C5	318	318	1	16	250	95	96	.	25.1875
273	9	Re5	D5	327	327	1	16	250	95	96	.	25.25
274	9	Do5	C5	318	318	1	16	250	95	96	.	25.3125
275	9	Si4b2	B4b1	312	313	1	16	250	95	96	.	25.375
276	9	La4	A4	305	305	1	16	250	95	96	.	25.4375
277	9	Sol4	G4	296	296	1	16	250	95	96	.	25.5
278	9	La4	A4	305	305	3	16	750	95	96	.	25.6875
279	9	La4	A4	305	305	1	16	250	95	96	.	25.75
280	9	La4	A4	305	305	1	8	500	95	96	.	25.875
281	9	La4	A4	305	305	1	8	500	95	96	.	26.0
282	9	Es	Es	-1	-1	1	8	500	100	0	ARANAĞME	26.125
283	9	Do5	C5	318	318	1	16	250	95	96		26.1875
284	9	Re5	D5	327	327	1	16	250	95	96	.	26.25
285	9	Mi5	E5	336	336	1	8	500	95	96	.	26.375
286	9	Mi5	E5	336	336	1	16	250	95	96	.	26.4375
287	9	Re5	D5	327	327	1	16	250	95	96	.	26.5
288	9	Sol5	G5	349	349	1	16	250	95	96	.	26.5625
289	9	Fa5	F5	340	340	1	16	250	95	96	.	26.625
290	9	Mi5	E5	336	336	1	16	250	95	96	.	26.6875
291	9	Re5	D5	327	327	1	16	250	95	96	.	26.75
292	9	Do5	C5	318	318	1	8	500	95	96	.	26.875
293	9	Si4b2	B4b1	312	313	1	16	250	95	96	.	26.9375
294	9	La4	A4	305	305	1	16	250	95	96	.	27.0
295	9	La4	A4	305	305	1	16	250	95	96	.	27.0625
296	9	Si4b1	B4b1	313	313	1	16	250	95	96	.	27.125
297	9	Do5	C5	318	318	1	16	250	95	96	.	27.1875
298	9	Re5	D5	327	327	1	16	250	95	96	.	27.25
299	9	Do5	C5	318	318	1	16	250	95	96	.	27.3125
300	9	Si4b2	B4b1	312	313	1	16	250	95	96	.	27.375
301	9	La4	A4	305	305	1	16	250	95	96	.	27.4375
302	9	Sol4	G4	296	296	1	16	250	95	96	.	27.5
303	9	Re5	D5	327	327	3	16	750	95	96	.	27.6875
304	9	Re5	D5	327	327	1	16	250	95	96	.	27.75
305	9	Re5	D5	327	327	1	8	500	95	96	.	27.875
306	9	Re5	D5	327	327	1	8	500	95	96	.	28.0
307	9	Es	Es	-1	-1	1	8	500	100	0	.	28.125
308	9	Do5	C5	318	318	1	16	250	95	96	.	28.1875
309	9	Re5	D5	327	327	1	16	250	95	96	.	28.25
310	9	Mi5	E5	336	336	1	8	500	95	96	.	28.375
311	9	Mi5	E5	336	336	1	16	250	95	96	.	28.4375
312	9	Re5	D5	327	327	1	16	250	95	96	.	28.5
313	9	Sol5	G5	349	349	1	16	250	95	96	.	28.5625
314	9	Fa5	F5	340	340	1	16	250	95	96	.	28.625
315	9	Mi5	E5	336	336	1	16	250	95	96	.	28.6875
316	9	Re5	D5	327	327	1	16	250	95	96	.	28.75
317	9	Do5	C5	318	318	1	8	500	95	96	.	28.875
318	9	Si4b2	B4b1	312	313	1	16	250	95	96	.	28.9375
319	9	La4	A4	305	305	1	16	250	95	96	.	29.0
320	9	La4	A4	305	305	1	16	250	95	96	.	29.0625
321	9	Si4b1	B4b1	313	313	1	16	250	95	96	.	29.125
322	9	Do5	C5	318	318	1	16	250	95	96	.	29.1875
323	9	Re5	D5	327	327	1	16	250	95	96	.	29.25
324	9	Do5	C5	318	318	1	16	250	95	96	.	29.3125
325	9	Si4b2	B4b1	312	313	1	16	250	95	96	.	29.375
326	9	La4	A4	305	305	1	16	250	95	96	.	29.4375
327	9	Sol4	G4	296	296	1	16	250	95	96	.	29.5
328	9	La4	A4	305	305	3	16	750	95	96	.	29.6875
329	9	Sol4	G4	296	296	1	16	250	95	96	.	29.75
330	9	Fa4#4	F4#4	291	291	1	16	250	95	96	.	29.8125
331	9	Sol4	G4	296	296	1	16	250	95	96	.	29.875
332	9	La4	A4	305	305	1	8	500	95	96	.	30.0
333	9	Es	Es	-1	-1	1	8	500	100	0		30.125
334	9	Fa4#4	F4#4	291	291	1	16	250	95	96	Bah	30.1875
335	9	Sol4	G4	296	296	1	16	250	95	96	çe	30.25
336	9	La4	A4	305	305	1	8	500	95	96	ye 	30.375
337	9	La4	A4	305	305	1	8	500	95	96	in	30.5
338	9	La4	A4	305	305	1	4	1000	95	96	dim 	30.75
339	9	La4	A4	305	305	1	4	1000	95	96	ki 	31.0
340	9	Sol4	G4	296	296	1	8	500	95	96	gül	31.125
341	9	Sol4	G4	296	296	1	8	500	95	96	le	31.25
342	9	Do5	C5	318	318	1	8	500	95	96	ri 	31.375
343	9	Si4b2	B4b1	312	313	1	16	250	99	96	de	31.4375
344	9	La4	A4	305	305	1	16	250	95	96		31.5
345	9	La4	A4	305	305	3	16	750	99	96	rem  	31.6875
346	9	Sol4	G4	296	296	1	16	250	95	96		31.75
347	9	Fa4#4	F4#4	291	291	1	16	250	95	96	SAZ	31.8125
348	9	Mi4	E4	283	283	1	16	250	95	96	.	31.875
349	9	Re4	D4	274	274	1	8	500	95	96	.	32.0
350	9	Es	Es	-1	-1	1	8	500	100	0		32.125
351	9	Fa4#4	F4#4	291	291	1	16	250	95	96	Gü	32.1875
352	9	Sol4	G4	296	296	1	16	250	95	96	lün 	32.25
353	9	La4	A4	305	305	1	8	500	95	96	ba	32.375
354	9	La4	A4	305	305	1	8	500	95	96	ha	32.5
355	9	La4	A4	305	305	1	8	500	95	96	ne	32.625
356	9	La4	A4	305	305	1	8	500	95	96	siy	32.75
357	9	La4	A4	305	305	1	4	1000	95	96	le 	33.0
358	9	Sol4	G4	296	296	1	8	500	95	96	yâ	33.125
359	9	Sol4	G4	296	296	1	8	500	95	96	ri	33.25
360	9	Do5	C5	318	318	1	8	500	95	96	mi 	33.375
361	9	Si4b2	B4b1	312	313	1	16	250	99	96	gö	33.4375
362	9	La4	A4	305	305	1	16	250	95	96		33.5
363	9	La4	A4	305	305	3	16	750	99	96	rem  	33.6875
364	9	Re5	D5	327	327	1	16	250	95	96		33.75
365	9	Do5	C5	318	318	1	16	250	95	96	SAZ	33.8125
366	9	Re5	D5	327	327	1	16	250	95	96	.	33.875
367	9	Mi5	E5	336	336	1	8	500	95	96	.	34.0
368	9	Es	Es	-1	-1	1	8	500	100	0		34.125
369	9	Do5	C5	318	318	1	16	250	95	96	Ö	34.1875
370	9	Re5	D5	327	327	1	16	250	95	96	lüm_	34.25
371	9	Mi5	E5	336	336	1	8	500	95	96	u	34.375
372	9	Mi5	E5	336	336	1	8	500	95	96	cuz 	34.5
373	9	Mi5	E5	336	336	1	16	250	95	96	di	34.5625
374	9	Mi5	E5	336	336	3	16	750	95	96	yor	34.75
375	9	Mi5	E5	336	336	1	4	1000	95	96	lar 	35.0
376	9	Mi5	E5	336	336	1	8	500	95	96	kor	35.125
377	9	Mi5	E5	336	336	1	16	250	99	96	ka	35.1875
378	9	Re5	D5	327	327	1	16	250	95	96		35.25
379	9	Sol5	G5	349	349	1	16	250	99	96	rım_	35.3125
380	9	Fa5	F5	340	340	1	16	250	95	96		35.375
381	9	Mi5	E5	336	336	1	16	250	99	96	ö	35.4375
382	9	Re5	D5	327	327	1	16	250	95	96		35.5
383	9	Re5	D5	327	327	3	8	1500	95	96	lem  	35.875
384	9	Es	Es	-1	-1	1	8	500	100	0		36.0
385	9	Fa5	F5	340	340	7	8	3500	95	96	Ah 	36.875
386	9	Es	Es	-1	-1	1	8	500	100	0		37.0
387	9	Fa5	F5	340	340	1	16	250	99	96	ah 	37.0625
388	9	Mi5	E5	336	336	1	16	250	99	96		37.125
389	9	Fa5	F5	340	340	1	16	250	99	96		37.1875
390	9	Sol5	G5	349	349	1	16	250	99	96		37.25
391	9	Sol5	G5	349	349	1	16	250	99	96		37.3125
392	9	Fa5	F5	340	340	1	16	250	99	96		37.375
393	9	Mi5	E5	336	336	1	16	250	99	96		37.4375
394	9	Re5	D5	327	327	1	16	250	99	96		37.5
395	9	Mi5	E5	336	336	1	16	250	99	96		37.5625
396	9	Re5	D5	327	327	1	16	250	99	96		37.625
397	9	Mi5	E5	336	336	1	16	250	99	96		37.6875
398	9	Fa5	F5	340	340	1	16	250	99	96		37.75
399	9	Fa5	F5	340	340	1	16	250	99	96		37.8125
400	9	Mi5	E5	336	336	1	16	250	99	96		37.875
401	9	Re5	D5	327	327	1	16	250	99	96		37.9375
402	9	Do5	C5	318	318	1	16	250	99	96		38.0
403	9	Re5	D5	327	327	1	16	250	99	96		38.0625
404	9	Do5	C5	318	318	1	16	250	99	96		38.125
405	9	Re5	D5	327	327	1	16	250	99	96		38.1875
406	9	Mi5	E5	336	336	1	16	250	99	96		38.25
407	9	Mi5	E5	336	336	1	16	250	99	96		38.3125
408	9	Re5	D5	327	327	1	16	250	99	96		38.375
409	9	Do5	C5	318	318	1	16	250	99	96		38.4375
410	9	Si4b1	B4b1	313	313	1	16	250	99	96		38.5
411	9	Do5	C5	318	318	1	16	250	99	96		38.5625
412	9	Si4b1	B4b1	313	313	1	16	250	99	96		38.625
413	9	Do5	C5	318	318	1	16	250	99	96		38.6875
414	9	Re5	D5	327	327	1	16	250	99	96		38.75
415	9	Re5	D5	327	327	1	16	250	99	96		38.8125
416	9	Do5	C5	318	318	1	16	250	99	96		38.875
417	9	Si4b2	B4b1	312	313	1	16	250	99	96		38.9375
418	9	La4	A4	305	305	1	16	250	95	96		39.0
419	9	Sol4	G4	296	296	1	8	500	95	96	kor	39.125
420	9	Sol4	G4	296	296	1	8	500	95	96	ka	39.25
421	9	Do5	C5	318	318	1	8	500	95	96	rım_	39.375
422	9	Si4b2	B4b1	312	313	1	16	250	99	96	ö	39.4375
423	9	La4	A4	305	305	1	16	250	95	96		39.5
424	9	La4	A4	305	305	1	2	2000	95	96	lem  	40.0
425	9	Es	Es	-1	-1	1	8	500	100	0		40.125
426	9	Do5	C5	318	318	1	16	250	95	96	Öl	40.1875
427	9	Re5	D5	327	327	1	16	250	95	96	me	40.25
428	9	Mi5	E5	336	336	1	8	500	95	96	den 	40.375
429	9	Mi5	E5	336	336	1	16	250	99	96	yâ	40.4375
430	9	Re5	D5	327	327	1	16	250	95	96		40.5
431	9	Sol5	G5	349	349	1	16	250	99	96	ri	40.5625
432	9	Fa5	F5	340	340	1	16	250	99	96		40.625
433	9	Mi5	E5	336	336	1	16	250	99	96		40.6875
434	9	Re5	D5	327	327	1	16	250	95	96		40.75
435	9	Do5	C5	318	318	1	8	500	99	96	mi 	40.875
436	9	Si4b2	B4b1	312	313	1	16	250	99	96		40.9375
437	9	La4	A4	305	305	1	16	250	95	96		41.0
438	9	Sol4	G4	296	296	1	8	500	95	96	bir 	41.125
439	9	Sol4	G4	296	296	1	8	500	95	96	da	41.25
440	9	Do5	C5	318	318	1	8	500	95	96	ha 	41.375
441	9	Si4b2	B4b1	312	313	1	16	250	99	96	gö	41.4375
442	9	La4	A4	305	305	1	16	250	95	96		41.5
443	9	La4	A4	305	305	1	2	2000	95	96	rem  	42.0
444	9	Es	Es	-1	-1	1	8	500	100	0		42.125
445	9	Do5	C5	318	318	1	16	250	95	96	Öl	42.1875
446	9	Re5	D5	327	327	1	16	250	95	96	me	42.25
447	9	Mi5	E5	336	336	1	8	500	95	96	den 	42.375
448	9	Mi5	E5	336	336	1	16	250	99	96	yâ	42.4375
449	9	Re5	D5	327	327	1	16	250	95	96		42.5
450	9	Sol5	G5	349	349	1	16	250	99	96	ri	42.5625
451	9	Fa5	F5	340	340	1	16	250	99	96		42.625
452	9	Mi5	E5	336	336	1	16	250	99	96		42.6875
453	9	Re5	D5	327	327	1	16	250	95	96		42.75
454	9	Do5	C5	318	318	1	8	500	99	96	mi 	42.875
455	9	Si4b2	B4b1	312	313	1	16	250	99	96		42.9375
456	9	La4	A4	305	305	1	16	250	95	96		43.0
457	9	Sol4	G4	296	296	1	8	500	95	96	bir 	43.125
458	9	Sol4	G4	296	296	1	8	500	95	96	da	43.25
459	9	Do5	C5	318	318	1	8	500	95	96	ha 	43.375
460	9	Si4b2	B4b1	312	313	1	16	250	99	96	gö	43.4375
461	9	La4	A4	305	305	1	16	250	95	96		43.5
462	9	La4	A4	305	305	1	2	2000	95	96	rem  	44.0
