Sýra	Kod	Nota53	NotaAE	Koma53	KomaAE	Pay	Payda	Ms	LNS	VelOn	Söz-1
1	9	Sol4	G4	296	296	1	4	556	95	96	Fýn
2	9	La4	A4	305	305	1	8	278	99	96	dýk
3	9	Si4b2	B4b1	312	313	1	8	278	95	96	
4	9	Do5	C5	318	318	1	8	278	99	96	lý 
5	9	Re5	D5	327	327	1	8	278	99	96	
6	9	Do5	C5	318	318	1	4	556	99	96	
7	9	Si4b2	B4b1	312	313	1	8	278	95	96	
8	9	Re5	D5	327	327	1	8	278	95	96	bi
9	9	Re5	D5	327	327	1	4	556	95	96	zim 
10	9	Re5	D5	327	327	1	8	278	95	96	de 
11	9	Re5	D5	327	327	1	8	278	99	96	yo
12	9	Re5	D5	327	327	1	8	278	95	96	
13	9	Do5	C5	318	318	1	4	556	95	96	lu
14	9	Si4b2	B4b1	312	313	1	8	278	95	96	muz_
15	9	Do5	C5	318	318	3	16	417	95	96	e
16	9	Do5	C5	318	318	1	16	139	95	96	þim_
17	9	Do5	C5	318	318	1	8	278	95	96	a
18	9	Si4b2	B4b1	312	313	1	8	278	95	96	man_
19	9	Si4b2	B4b1	312	313	1	8	278	99	96	am
20	9	La4	A4	305	305	1	8	278	95	96	
21	9	La4	A4	305	305	3	8	834	95	96	man  
22	9	Sol4	G4	296	296	1	4	556	95	96	Fýn
23	9	La4	A4	305	305	1	8	278	99	96	dýk
24	9	Si4b2	B4b1	312	313	1	8	278	95	96	
25	9	Do5	C5	318	318	1	8	278	99	96	lý 
26	9	Re5	D5	327	327	1	8	278	99	96	
27	9	Do5	C5	318	318	1	4	556	99	96	
28	9	Si4b2	B4b1	312	313	1	8	278	95	96	
29	9	Re5	D5	327	327	1	8	278	95	96	bi
30	9	Re5	D5	327	327	1	4	556	95	96	zim 
31	9	Re5	D5	327	327	1	8	278	95	96	de 
32	9	Re5	D5	327	327	1	8	278	99	96	yo
33	9	Re5	D5	327	327	1	8	278	95	96	
34	9	Do5	C5	318	318	1	4	556	95	96	lu
35	9	Si4b2	B4b1	312	313	1	8	278	95	96	muz_
36	9	Do5	C5	318	318	3	16	417	95	96	e
37	9	Do5	C5	318	318	1	16	139	95	96	þim_
38	9	Do5	C5	318	318	1	8	278	95	96	a
39	9	Si4b2	B4b1	312	313	1	8	278	95	96	man_
40	9	Si4b2	B4b1	312	313	1	8	278	99	96	am
41	9	La4	A4	305	305	1	8	278	95	96	
42	9	La4	A4	305	305	3	8	834	95	96	man  
43	9	Sol4	G4	296	296	1	8	278	95	96	Ho
44	9	Sol4	G4	296	296	1	4	556	99	96	var
45	9	Do5	C5	318	318	1	8	278	95	96	
46	9	Do5	C5	318	318	1	8	278	99	96	da 
47	9	Si4b2	B4b1	312	313	1	16	139	99	96	
48	9	La4	A4	305	305	1	16	139	99	96	
49	9	Si4b2	B4b1	312	313	3	8	834	95	96	
50	9	Sol4	G4	296	296	1	8	278	95	96	ho
51	9	Sol4	G4	296	296	1	4	556	99	96	var
52	9	Do5	C5	318	318	1	8	278	95	96	
53	9	Do5	C5	318	318	1	8	278	99	96	da 
54	9	Si4b2	B4b1	312	313	1	16	139	99	96	
55	9	La4	A4	305	305	1	16	139	99	96	
56	9	Si4b2	B4b1	312	313	1	4	556	99	96	
57	9	Re5	D5	327	327	1	8	278	95	96	
58	9	Re5	D5	327	327	3	16	417	99	96	çýk
59	9	Do5	C5	318	318	1	16	139	95	96	
60	9	Do5	C5	318	318	1	8	278	95	96	tý 
61	9	Re5	D5	327	327	1	8	278	95	96	da 
62	9	Do5	C5	318	318	1	8	278	99	96	so
63	9	Si4b2	B4b1	312	313	1	8	278	95	96	
64	9	La4	A4	305	305	1	4	556	99	96	yu
65	9	Si4b2	B4b1	312	313	1	8	278	95	96	
66	10	Do5	C5	318	318	7	32	486	99	96	muz  
67	8	Re5	D5	327	327	1	32	69	99	96	
68	9	Do5	C5	318	318	1	8	278	99	96	
69	9	Re5	D5	327	327	1	8	278	99	96	
70	9	Do5	C5	318	318	1	8	278	99	96	
71	9	Re5	D5	327	327	1	8	278	99	96	
72	12	Mi5	E5	336	336	1	4	556	99	96	
73	9	Re5	D5	327	327	1	8	278	95	96	
74	9	Re5	D5	327	327	1	8	278	95	96	Ho
75	9	Do5	C5	318	318	1	4	556	99	96	var
76	9	Re5	D5	327	327	1	8	278	95	96	
77	9	Do5	C5	318	318	1	12	185	99	96	da 
78	9	Si4b2	B4b1	312	313	1	12	185	99	96	
79	9	La4	A4	305	305	1	12	185	99	96	
80	9	Si4b2	B4b1	312	313	3	8	833	95	96	
81	9	Re5	D5	327	327	1	8	278	95	96	ho
82	9	Do5	C5	318	318	1	4	556	99	96	var
83	9	Re5	D5	327	327	1	8	278	95	96	
84	9	Do5	C5	318	318	1	12	185	99	96	da 
85	9	Si4b2	B4b1	312	313	1	12	185	99	96	
86	9	La4	A4	305	305	1	12	185	99	96	
87	9	Si4b2	B4b1	312	313	1	4	556	99	96	
88	9	Re5	D5	327	327	1	8	278	95	96	
89	9	Re5	D5	327	327	3	16	417	99	96	çýk
90	9	Do5	C5	318	318	1	16	139	95	96	
91	9	Do5	C5	318	318	1	8	278	95	96	tý 
92	9	Re5	D5	327	327	1	8	278	95	96	
93	9	Do5	C5	318	318	1	8	278	99	96	so
94	9	Si4b2	B4b1	312	313	1	8	278	95	96	
95	9	Si4b2	B4b1	312	313	1	4	556	99	96	yu
96	9	La4	A4	305	305	1	8	278	95	96	
97	9	La4	A4	305	305	1	2	1111	95	96	muz  
98	9	La4	A4	305	305	1	16	139	95	96	SAZ
99	9	Sol5	G5	349	349	1	16	139	95	96	.
100	9	Fa5#3	F5#4	343	344	1	16	139	95	96	.
101	9	Sol5	G5	349	349	1	16	139	95	96	.
102	9	Mi5	E5	336	336	3	8	833	95	96	.
103	10	Sol5	G5	349	349	7	32	486	95	96	Bu 
104	8	La5	A5	358	358	1	32	69	95	96	
105	10	Sol5	G5	349	349	7	64	243	99	96	bi
106	8	La5	A5	358	358	1	64	35	95	96	
107	9	Fa5#3	F5#4	343	344	1	8	278	95	96	
108	10	Mi5	E5	336	336	7	32	486	99	96	zim 
109	8	Fa5	F5	340	340	1	32	69	99	96	
110	12	Mi5	E5	336	336	1	4	556	99	96	
111	9	Re5	D5	327	327	1	8	278	95	96	
112	9	Re5	D5	327	327	1	4	556	95	96	es
113	9	Re5	D5	327	327	1	8	278	95	96	ki 
114	9	Re5	D5	327	327	1	8	278	95	96	de 
115	9	Do5	C5	318	318	1	8	278	99	96	hu
116	9	Re5	D5	327	327	1	8	278	95	96	
117	7	Do5	C5	318	318	1	4	556	95	96	yu
118	9	Si4b2	B4b1	312	313	1	8	278	95	96	muz 
119	9	Do5	C5	318	318	3	16	417	95	96	be
120	9	Do5	C5	318	318	1	16	139	95	96	yim_
121	9	Do5	C5	318	318	1	8	278	95	96	a
122	9	Si4b2	B4b1	312	313	1	8	278	95	96	man_
123	9	Si4b2	B4b1	312	313	1	4	556	95	96	am
124	9	La4	A4	305	305	3	8	834	95	96	man  
125	9	Sol4	G4	296	296	1	4	556	95	96	Bu 
126	9	La4	A4	305	305	1	8	278	99	96	bi
127	9	Si4b2	B4b1	312	313	1	8	278	95	96	
128	9	Do5	C5	318	318	1	8	278	99	96	zim 
129	9	Re5	D5	327	327	1	8	278	99	96	
130	12	Do5	C5	318	318	1	4	556	99	96	
131	9	Si4b2	B4b1	312	313	1	8	278	95	96	
132	9	Re5	D5	327	327	1	4	556	95	96	es
133	9	Re5	D5	327	327	1	8	278	95	96	ki 
134	9	Re5	D5	327	327	1	8	278	95	96	de 
135	9	Re5	D5	327	327	1	8	278	95	96	hu
136	9	Re5	D5	327	327	1	8	278	95	96	yu
137	9	Do5	C5	318	318	1	4	556	99	96	muz 
138	9	Si4b2	B4b1	312	313	1	8	278	95	96	
139	9	Do5	C5	318	318	3	16	417	95	96	be
140	9	Do5	C5	318	318	1	16	139	95	96	yim_
141	9	Do5	C5	318	318	1	8	278	95	96	a
142	9	Si4b2	B4b1	312	313	1	8	278	95	96	man_
143	9	Si4b2	B4b1	312	313	1	4	556	95	96	am
144	9	La4	A4	305	305	3	8	834	95	96	man  
145	9	Sol4	G4	296	296	1	4	556	95	96	Sen 
146	9	Sol4	G4	296	296	1	8	278	99	96	han
147	9	Do5	C5	318	318	1	8	278	95	96	
148	10	Si4b2	B4b1	312	313	7	64	243	99	96	cý 
149	8	Do5	C5	318	318	1	64	35	99	96	
150	9	Si4b2	B4b1	312	313	1	16	139	99	96	
151	9	La4	A4	305	305	1	16	139	99	96	
152	9	Si4b2	B4b1	312	313	3	8	833	95	96	
153	9	Sol4	G4	296	296	1	4	556	95	96	ben 
154	9	Sol4	G4	296	296	1	8	278	99	96	yol
155	9	Do5	C5	318	318	1	8	278	95	96	
156	10	Si4b2	B4b1	312	313	7	64	243	99	96	cu 
157	8	Do5	C5	318	318	1	64	35	99	96	
158	9	Si4b2	B4b1	312	313	1	16	139	99	96	
159	9	La4	A4	305	305	1	16	139	99	96	
160	9	Si4b2	B4b1	312	313	1	4	556	99	96	
161	9	Re5	D5	327	327	1	8	278	95	96	
162	9	Re5	D5	327	327	3	16	417	99	96	çat
163	9	Do5	C5	318	318	1	16	139	95	96	
164	9	Do5	C5	318	318	1	8	278	95	96	ma 
165	9	Re5	D5	327	327	1	8	278	95	96	da 
166	9	Do5	C5	318	318	1	8	278	99	96	kaþ
167	9	Si4b2	B4b1	312	313	1	8	278	95	96	
168	9	La4	A4	305	305	1	4	556	99	96	la
169	9	Si4b2	B4b1	312	313	1	8	278	95	96	
170	9	Do5	C5	318	318	3	16	417	99	96	rýn  
171	9	Re5	D5	327	327	1	16	139	99	96	
172	9	Do5	C5	318	318	1	8	278	99	96	
173	9	Re5	D5	327	327	1	8	278	99	96	
174	9	Do5	C5	318	318	1	8	278	99	96	
175	9	Re5	D5	327	327	1	8	278	99	96	
176	12	Mi5	E5	336	336	1	4	556	99	96	
177	9	Re5	D5	327	327	1	8	278	95	96	
178	9	Re5	D5	327	327	3	16	417	99	96	Sar 
179	9	Do5	C5	318	318	1	16	139	95	96	
180	9	Do5	C5	318	318	1	8	278	95	96	do
181	9	Re5	D5	327	327	1	8	278	95	96	la 
182	9	Do5	C5	318	318	1	8	278	99	96	boy
183	9	Si4b2	B4b1	312	313	1	16	139	99	96	
184	9	La4	A4	305	305	1	16	139	99	96	
185	9	Si4b2	B4b1	312	313	1	4	556	99	96	
186	9	La4	A4	305	305	1	8	278	95	96	
187	9	Re5	D5	327	327	3	16	417	99	96	nu
188	10	Do5	C5	318	318	7	128	122	99	96	
189	8	Re5	D5	327	327	1	128	17	99	96	
190	9	Do5	C5	318	318	1	8	278	95	96	
191	9	Re5	D5	327	327	1	8	278	95	96	ma 
192	9	Do5	C5	318	318	1	8	278	99	96	kol
193	9	Si4b2	B4b1	312	313	1	8	278	95	96	
194	9	Si4b2	B4b1	312	313	1	4	556	99	96	la
195	10	La4	A4	305	305	7	64	243	95	96	
196	8	Si4b2	B4b1	312	313	1	64	35	95	96	
197	9	La4	A4	305	305	9	8	2500	95	96	rýn  
198	9	Sol4	G4	296	296	1	4	556	95	96	Fýn
199	9	La4	A4	305	305	1	8	278	99	96	dýk
200	9	Si4b2	B4b1	312	313	1	8	278	95	96	
201	9	Do5	C5	318	318	1	8	278	99	96	lý 
202	9	Re5	D5	327	327	1	8	278	99	96	
203	9	Do5	C5	318	318	1	4	556	99	96	
204	9	Si4b2	B4b1	312	313	1	8	278	95	96	
205	9	Re5	D5	327	327	1	8	278	95	96	bi
206	9	Re5	D5	327	327	1	4	556	95	96	zim 
207	9	Re5	D5	327	327	1	8	278	95	96	de 
208	9	Re5	D5	327	327	1	8	278	99	96	yo
209	9	Re5	D5	327	327	1	8	278	95	96	
210	9	Do5	C5	318	318	1	4	556	95	96	lu
211	9	Si4b2	B4b1	312	313	1	8	278	95	96	muz_
212	9	Do5	C5	318	318	3	16	417	95	96	e
213	9	Do5	C5	318	318	1	16	139	95	96	þim_
214	9	Do5	C5	318	318	1	8	278	95	96	a
215	9	Si4b2	B4b1	312	313	1	8	278	95	96	man_
216	9	Si4b2	B4b1	312	313	1	8	278	99	96	am
217	9	La4	A4	305	305	1	8	278	95	96	
218	9	La4	A4	305	305	3	8	834	95	96	man  
219	9	Sol4	G4	296	296	1	4	556	95	96	Fýn
220	9	La4	A4	305	305	1	8	278	99	96	dýk
221	9	Si4b2	B4b1	312	313	1	8	278	95	96	
222	9	Do5	C5	318	318	1	8	278	99	96	lý 
223	9	Re5	D5	327	327	1	8	278	99	96	
224	9	Do5	C5	318	318	1	4	556	99	96	
225	9	Si4b2	B4b1	312	313	1	8	278	95	96	
226	9	Re5	D5	327	327	1	8	278	95	96	bi
227	9	Re5	D5	327	327	1	4	556	95	96	zim 
228	9	Re5	D5	327	327	1	8	278	95	96	de 
229	9	Re5	D5	327	327	1	8	278	99	96	yo
230	9	Re5	D5	327	327	1	8	278	95	96	
231	9	Do5	C5	318	318	1	4	556	95	96	lu
232	9	Si4b2	B4b1	312	313	1	8	278	95	96	muz_
233	9	Do5	C5	318	318	3	16	417	95	96	e
234	9	Do5	C5	318	318	1	16	139	95	96	þim_
235	9	Do5	C5	318	318	1	8	278	95	96	a
236	9	Si4b2	B4b1	312	313	1	8	278	95	96	man_
237	9	Si4b2	B4b1	312	313	1	8	278	99	96	am
238	9	La4	A4	305	305	1	8	278	95	96	
239	9	La4	A4	305	305	3	8	834	95	96	man  
240	9	Sol4	G4	296	296	1	8	278	95	96	Ho
241	9	Sol4	G4	296	296	1	4	556	99	96	var
242	9	Do5	C5	318	318	1	8	278	95	96	
243	9	Do5	C5	318	318	1	8	278	99	96	da 
244	9	Si4b2	B4b1	312	313	1	16	139	99	96	
245	9	La4	A4	305	305	1	16	139	99	96	
246	9	Si4b2	B4b1	312	313	3	8	834	95	96	
247	9	Sol4	G4	296	296	1	8	278	95	96	ho
248	9	Sol4	G4	296	296	1	4	556	99	96	var
249	9	Do5	C5	318	318	1	8	278	95	96	
250	9	Do5	C5	318	318	1	8	278	99	96	da 
251	9	Si4b2	B4b1	312	313	1	16	139	99	96	
252	9	La4	A4	305	305	1	16	139	99	96	
253	9	Si4b2	B4b1	312	313	1	4	556	99	96	
254	9	Re5	D5	327	327	1	8	278	95	96	
255	9	Re5	D5	327	327	3	16	417	99	96	çýk
256	9	Do5	C5	318	318	1	16	139	95	96	
257	9	Do5	C5	318	318	1	8	278	95	96	tý 
258	9	Re5	D5	327	327	1	8	278	95	96	da 
259	9	Do5	C5	318	318	1	8	278	99	96	so
260	9	Si4b2	B4b1	312	313	1	8	278	95	96	
261	9	La4	A4	305	305	1	4	556	99	96	yu
262	9	Si4b2	B4b1	312	313	1	8	278	95	96	
263	10	Do5	C5	318	318	7	32	486	99	96	muz  
264	8	Re5	D5	327	327	1	32	69	99	96	
265	9	Do5	C5	318	318	1	8	278	99	96	
266	9	Re5	D5	327	327	1	8	278	99	96	
267	9	Do5	C5	318	318	1	8	278	99	96	
268	9	Re5	D5	327	327	1	8	278	99	96	
269	12	Mi5	E5	336	336	1	4	556	99	96	
270	9	Re5	D5	327	327	1	8	278	95	96	
271	9	Re5	D5	327	327	1	8	278	95	96	Ho
272	9	Do5	C5	318	318	1	4	556	99	96	var
273	9	Re5	D5	327	327	1	8	278	95	96	
274	9	Do5	C5	318	318	1	12	185	99	96	da 
275	9	Si4b2	B4b1	312	313	1	12	185	99	96	
276	9	La4	A4	305	305	1	12	185	99	96	
277	9	Si4b2	B4b1	312	313	3	8	833	95	96	
278	9	Re5	D5	327	327	1	8	278	95	96	ho
279	9	Do5	C5	318	318	1	4	556	99	96	var
280	9	Re5	D5	327	327	1	8	278	95	96	
281	9	Do5	C5	318	318	1	12	185	99	96	da 
282	9	Si4b2	B4b1	312	313	1	12	185	99	96	
283	9	La4	A4	305	305	1	12	185	99	96	
284	9	Si4b2	B4b1	312	313	1	4	556	99	96	
285	9	Re5	D5	327	327	1	8	278	95	96	
286	9	Re5	D5	327	327	3	16	417	99	96	çýk
287	9	Do5	C5	318	318	1	16	139	95	96	
288	9	Do5	C5	318	318	1	8	278	95	96	tý 
289	9	Re5	D5	327	327	1	8	278	95	96	
290	9	Do5	C5	318	318	1	8	278	99	96	so
291	9	Si4b2	B4b1	312	313	1	8	278	95	96	
292	9	Si4b2	B4b1	312	313	1	4	556	99	96	yu
293	9	La4	A4	305	305	1	8	278	95	96	
294	9	La4	A4	305	305	1	2	1111	95	96	muz  
295	9	La4	A4	305	305	1	16	139	95	96	SAZ
296	9	Sol5	G5	349	349	1	16	139	95	96	.
297	9	Fa5#3	F5#4	343	344	1	16	139	95	96	.
298	9	Sol5	G5	349	349	1	16	139	95	96	.
299	9	Mi5	E5	336	336	3	8	833	95	96	.
300	10	Sol5	G5	349	349	7	32	486	95	96	Bu 
301	8	La5	A5	358	358	1	32	69	95	96	
302	10	Sol5	G5	349	349	7	64	243	99	96	bi
303	8	La5	A5	358	358	1	64	35	95	96	
304	9	Fa5#3	F5#4	343	344	1	8	278	95	96	
305	10	Mi5	E5	336	336	7	32	486	99	96	zim 
306	8	Fa5	F5	340	340	1	32	69	99	96	
307	12	Mi5	E5	336	336	1	4	556	99	96	
308	9	Re5	D5	327	327	1	8	278	95	96	
309	9	Re5	D5	327	327	1	4	556	95	96	es
310	9	Re5	D5	327	327	1	8	278	95	96	ki 
311	9	Re5	D5	327	327	1	8	278	95	96	de 
312	9	Do5	C5	318	318	1	8	278	99	96	hu
313	9	Re5	D5	327	327	1	8	278	95	96	
314	7	Do5	C5	318	318	1	4	556	95	96	yu
315	9	Si4b2	B4b1	312	313	1	8	278	95	96	muz 
316	9	Do5	C5	318	318	3	16	417	95	96	be
317	9	Do5	C5	318	318	1	16	139	95	96	yim_
318	9	Do5	C5	318	318	1	8	278	95	96	a
319	9	Si4b2	B4b1	312	313	1	8	278	95	96	man_
320	9	Si4b2	B4b1	312	313	1	4	556	95	96	am
321	9	La4	A4	305	305	3	8	834	95	96	man  
322	9	Sol4	G4	296	296	1	4	556	95	96	Bu 
323	9	La4	A4	305	305	1	8	278	99	96	bi
324	9	Si4b2	B4b1	312	313	1	8	278	95	96	
325	9	Do5	C5	318	318	1	8	278	99	96	zim 
326	9	Re5	D5	327	327	1	8	278	99	96	
327	12	Do5	C5	318	318	1	4	556	99	96	
328	9	Si4b2	B4b1	312	313	1	8	278	95	96	
329	9	Re5	D5	327	327	1	4	556	95	96	es
330	9	Re5	D5	327	327	1	8	278	95	96	ki 
331	9	Re5	D5	327	327	1	8	278	95	96	de 
332	9	Re5	D5	327	327	1	8	278	95	96	hu
333	9	Re5	D5	327	327	1	8	278	95	96	yu
334	9	Do5	C5	318	318	1	4	556	99	96	muz 
335	9	Si4b2	B4b1	312	313	1	8	278	95	96	
336	9	Do5	C5	318	318	3	16	417	95	96	be
337	9	Do5	C5	318	318	1	16	139	95	96	yim_
338	9	Do5	C5	318	318	1	8	278	95	96	a
339	9	Si4b2	B4b1	312	313	1	8	278	95	96	man_
340	9	Si4b2	B4b1	312	313	1	4	556	95	96	am
341	9	La4	A4	305	305	3	8	834	95	96	man  
342	9	Sol4	G4	296	296	1	4	556	95	96	Sen 
343	9	Sol4	G4	296	296	1	8	278	99	96	han
344	9	Do5	C5	318	318	1	8	278	95	96	
345	10	Si4b2	B4b1	312	313	7	64	243	99	96	cý 
346	8	Do5	C5	318	318	1	64	35	99	96	
347	9	Si4b2	B4b1	312	313	1	16	139	99	96	
348	9	La4	A4	305	305	1	16	139	99	96	
349	9	Si4b2	B4b1	312	313	3	8	833	95	96	
350	9	Sol4	G4	296	296	1	4	556	95	96	ben 
351	9	Sol4	G4	296	296	1	8	278	99	96	yol
352	9	Do5	C5	318	318	1	8	278	95	96	
353	10	Si4b2	B4b1	312	313	7	64	243	99	96	cu 
354	8	Do5	C5	318	318	1	64	35	99	96	
355	9	Si4b2	B4b1	312	313	1	16	139	99	96	
356	9	La4	A4	305	305	1	16	139	99	96	
357	9	Si4b2	B4b1	312	313	1	4	556	99	96	
358	9	Re5	D5	327	327	1	8	278	95	96	
359	9	Re5	D5	327	327	3	16	417	99	96	çat
360	9	Do5	C5	318	318	1	16	139	95	96	
361	9	Do5	C5	318	318	1	8	278	95	96	ma 
362	9	Re5	D5	327	327	1	8	278	95	96	da 
363	9	Do5	C5	318	318	1	8	278	99	96	kaþ
364	9	Si4b2	B4b1	312	313	1	8	278	95	96	
365	9	La4	A4	305	305	1	4	556	99	96	la
366	9	Si4b2	B4b1	312	313	1	8	278	95	96	
367	9	Do5	C5	318	318	3	16	417	99	96	rýn  
368	9	Re5	D5	327	327	1	16	139	99	96	
369	9	Do5	C5	318	318	1	8	278	99	96	
370	9	Re5	D5	327	327	1	8	278	99	96	
371	9	Do5	C5	318	318	1	8	278	99	96	
372	9	Re5	D5	327	327	1	8	278	99	96	
373	12	Mi5	E5	336	336	1	4	556	99	96	
374	9	Re5	D5	327	327	1	8	278	95	96	
375	9	Re5	D5	327	327	3	16	417	99	96	Sar 
376	9	Do5	C5	318	318	1	16	139	95	96	
377	9	Do5	C5	318	318	1	8	278	95	96	do
378	9	Re5	D5	327	327	1	8	278	95	96	la 
379	9	Do5	C5	318	318	1	8	278	99	96	boy
380	9	Si4b2	B4b1	312	313	1	16	139	99	96	
381	9	La4	A4	305	305	1	16	139	99	96	
382	9	Si4b2	B4b1	312	313	1	4	556	99	96	
383	9	La4	A4	305	305	1	8	278	95	96	
384	9	Re5	D5	327	327	3	16	417	99	96	nu
385	10	Do5	C5	318	318	7	128	122	99	96	
386	8	Re5	D5	327	327	1	128	17	99	96	
387	9	Do5	C5	318	318	1	8	278	95	96	
388	9	Re5	D5	327	327	1	8	278	95	96	ma 
389	9	Do5	C5	318	318	1	8	278	99	96	kol
390	9	Si4b2	B4b1	312	313	1	8	278	95	96	
391	9	Si4b2	B4b1	312	313	1	4	556	99	96	la
392	10	La4	A4	305	305	7	64	243	95	96	
393	8	Si4b2	B4b1	312	313	1	64	35	95	96	
394	9	La4	A4	305	305	9	8	2500	95	96	rýn  
