Sira	Kod	Nota53	NotaAE	Koma53	KomaAE	Pay	Payda	Ms	LNS	Bas	Soz1	Offset
1	9	Es	Es	-1	-1	1	4	1000	100	0		0.222222222222
2	9	Sol4	G4	296	296	3	16	750	95	96	Bir 	0.388888888889
3	9	La4	A4	305	305	1	16	250	95	96	me	0.444444444444
4	9	La4	A4	305	305	1	4	1000	95	96	lek 	0.666666666667
5	9	Do5	C5	318	318	1	4	1000	99	96	sî	0.888888888889
6	9	Do5	C5	318	318	1	16	250	99	96		0.944444444444
7	9	Si4b2	B4b1	312	313	1	16	250	95	96		1.0
8	9	Si4b2	B4b1	312	313	3	32	375	99	96	mâ 	1.08333333333
9	9	La4	A4	305	305	1	32	125	99	96		1.11111111111
10	9	Sol4	G4	296	296	1	16	250	99	96		1.16666666667
11	9	La4	A4	305	305	1	16	250	99	96		1.22222222222
12	9	Si4b2	B4b1	312	313	1	16	250	99	96		1.27777777778
13	9	La4	A4	305	305	1	16	250	95	96		1.33333333333
14	9	Re5	D5	327	327	1	16	250	99	96	pe	1.38888888889
15	9	Do5	C5	318	318	1	16	250	95	96		1.44444444444
16	9	Do5	C5	318	318	1	16	250	99	96	ri 	1.5
17	9	Si4b2	B4b1	312	313	1	16	250	99	96		1.55555555556
18	9	Si4b2	B4b1	312	313	1	16	250	99	96		1.61111111111
19	9	La4	A4	305	305	1	16	250	95	96		1.66666666667
20	9	La4	A4	305	305	1	8	500	99	96	gör	1.77777777778
21	9	Sol4	G4	296	296	1	8	500	99	96		1.88888888889
22	9	Si4b2	B4b1	312	313	1	16	250	99	96		1.94444444444
23	9	La4	A4	305	305	1	16	250	99	96		2.0
24	9	La4	A4	305	305	1	4	1000	95	96		2.22222222222
25	9	La4	A4	305	305	3	16	750	95	96	düm 	2.38888888889
26	9	Fa5	F5	340	340	1	16	250	95	96	der_	2.44444444444
27	9	Mi5	E5	336	336	1	16	250	99	96	i 	2.5
28	9	Re5	D5	327	327	1	16	250	99	96		2.55555555556
29	9	Re5	D5	327	327	1	16	250	99	96		2.61111111111
30	9	Do5	C5	318	318	1	16	250	95	96		2.66666666667
31	9	Re5	D5	327	327	3	8	1500	95	96	mey	3.0
32	9	Re5	D5	327	327	1	8	500	99	96	hâ	3.11111111111
33	9	Mi5	E5	336	336	1	16	250	99	96		3.16666666667
34	9	Fa5#3	F5#4	343	344	1	16	250	99	96		3.22222222222
35	9	Sol5	G5	349	349	1	8	500	99	96		3.33333333333
36	9	Fa5#3	F5#4	343	344	1	16	250	99	96		3.38888888889
37	9	Mi5	E5	336	336	1	16	250	99	96		3.44444444444
38	9	La5	A5	358	358	1	8	500	99	96		3.55555555556
39	9	Sol5	G5	349	349	1	16	250	99	96		3.61111111111
40	9	Fa5	F5	340	340	1	16	250	99	96		3.66666666667
41	9	Mi5	E5	336	336	1	16	250	99	96		3.72222222222
42	9	Re5	D5	327	327	1	16	250	99	96		3.77777777778
43	9	Re5	D5	327	327	1	16	250	99	96		3.83333333333
44	9	Do5	C5	318	318	1	16	250	95	96		3.88888888889
45	9	Mi5	E5	336	336	1	16	250	99	96	ne	3.94444444444
46	9	Re5	D5	327	327	1	16	250	95	96		4.0
47	9	Re5	D5	327	327	3	8	1500	95	96	de  	4.33333333333
48	9	Mi5	E5	336	336	1	16	250	95	96	SAZ	4.38888888889
49	9	Fa5	F5	340	340	1	16	250	95	96	.	4.44444444444
50	9	Mi5	E5	336	336	1	16	250	95	96	.	4.5
51	9	Re5	D5	327	327	1	16	250	95	96	.	4.55555555556
52	9	Do5	C5	318	318	1	16	250	95	96	.	4.61111111111
53	9	Si4b2	B4b1	312	313	1	16	250	95	96	.	4.66666666667
54	9	La4	A4	305	305	3	8	1500	95	96	.	5.0
55	9	Es	Es	-1	-1	1	4	1000	100	0		5.22222222222
56	9	Sol4	G4	296	296	3	16	750	95	96	Bir 	5.38888888889
57	9	La4	A4	305	305	1	16	250	95	96	me	5.44444444444
58	9	La4	A4	305	305	1	4	1000	95	96	lek 	5.66666666667
59	9	Do5	C5	318	318	1	4	1000	99	96	sî	5.88888888889
60	9	Do5	C5	318	318	1	16	250	99	96		5.94444444444
61	9	Si4b2	B4b1	312	313	1	16	250	95	96		6.0
62	9	Si4b2	B4b1	312	313	3	32	375	99	96	mâ 	6.08333333333
63	9	La4	A4	305	305	1	32	125	99	96		6.11111111111
64	9	Sol4	G4	296	296	1	16	250	99	96		6.16666666667
65	9	La4	A4	305	305	1	16	250	99	96		6.22222222222
66	9	Si4b2	B4b1	312	313	1	16	250	99	96		6.27777777778
67	9	La4	A4	305	305	1	16	250	95	96		6.33333333333
68	9	Re5	D5	327	327	1	16	250	99	96	pe	6.38888888889
69	9	Do5	C5	318	318	1	16	250	95	96		6.44444444444
70	9	Do5	C5	318	318	1	16	250	99	96	ri 	6.5
71	9	Si4b2	B4b1	312	313	1	16	250	99	96		6.55555555556
72	9	Si4b2	B4b1	312	313	1	16	250	99	96		6.61111111111
73	9	La4	A4	305	305	1	16	250	95	96		6.66666666667
74	9	La4	A4	305	305	1	8	500	99	96	gör	6.77777777778
75	9	Sol4	G4	296	296	1	8	500	99	96		6.88888888889
76	9	Si4b2	B4b1	312	313	1	16	250	99	96		6.94444444444
77	9	La4	A4	305	305	1	16	250	99	96		7.0
78	9	La4	A4	305	305	1	4	1000	95	96		7.22222222222
79	9	La4	A4	305	305	3	16	750	95	96	düm 	7.38888888889
80	9	Fa5	F5	340	340	1	16	250	95	96	der_	7.44444444444
81	9	Mi5	E5	336	336	1	16	250	99	96	i 	7.5
82	9	Re5	D5	327	327	1	16	250	99	96		7.55555555556
83	9	Re5	D5	327	327	1	16	250	99	96		7.61111111111
84	9	Do5	C5	318	318	1	16	250	95	96		7.66666666667
85	9	Re5	D5	327	327	3	8	1500	95	96	mey	8.0
86	9	Re5	D5	327	327	1	8	500	99	96	hâ	8.11111111111
87	9	Mi5	E5	336	336	1	16	250	99	96		8.16666666667
88	9	Fa5#3	F5#4	343	344	1	16	250	99	96		8.22222222222
89	9	Sol5	G5	349	349	1	8	500	99	96		8.33333333333
90	9	Fa5#3	F5#4	343	344	1	16	250	99	96		8.38888888889
91	9	Mi5	E5	336	336	1	16	250	99	96		8.44444444444
92	9	La5	A5	358	358	1	8	500	99	96		8.55555555556
93	9	Sol5	G5	349	349	1	16	250	99	96		8.61111111111
94	9	Fa5	F5	340	340	1	16	250	99	96		8.66666666667
95	9	Mi5	E5	336	336	1	16	250	99	96		8.72222222222
96	9	Re5	D5	327	327	1	16	250	99	96		8.77777777778
97	9	Re5	D5	327	327	1	16	250	99	96		8.83333333333
98	9	Do5	C5	318	318	1	16	250	95	96		8.88888888889
99	9	Mi5	E5	336	336	1	16	250	99	96	ne	8.94444444444
100	9	Re5	D5	327	327	1	16	250	95	96		9.0
101	9	Re5	D5	327	327	3	8	1500	95	96	de  	9.33333333333
102	9	Mi5	E5	336	336	1	16	250	95	96	SAZ	9.38888888889
103	9	Fa5	F5	340	340	1	16	250	95	96	.	9.44444444444
104	9	Mi5	E5	336	336	1	16	250	95	96	.	9.5
105	9	Re5	D5	327	327	1	16	250	95	96	.	9.55555555556
106	9	Re5	D5	327	327	1	16	250	95	96	.	9.61111111111
107	9	Do5	C5	318	318	1	16	250	95	96	.	9.66666666667
108	9	Re5	D5	327	327	3	8	1500	95	96	.	10.0
109	9	Es	Es	-1	-1	1	4	1000	100	0		10.2222222222
110	9	Do5	C5	318	318	3	16	750	95	96	Kal	10.3888888889
111	9	Re5	D5	327	327	1	16	250	95	96	ma	10.4444444444
112	9	Mi5	E5	336	336	1	16	250	99	96	dı 	10.5
113	9	Fa5	F5	340	340	1	16	250	99	96		10.5555555556
114	9	Mi5	E5	336	336	1	16	250	99	96		10.6111111111
115	9	Fa5	F5	340	340	1	16	250	95	96		10.6666666667
116	9	La5	A5	358	358	1	16	250	99	96	gam	10.7222222222
117	9	Sol5	G5	349	349	1	16	250	99	96		10.7777777778
118	9	Fa5	F5	340	340	1	16	250	99	96		10.8333333333
119	9	Mi5	E5	336	336	1	16	250	99	96		10.8888888889
120	9	Re5	D5	327	327	1	8	500	95	96		11.0
121	9	Fa5	F5	340	340	3	32	375	99	96	dan 	11.0833333333
122	9	Mi5	E5	336	336	1	32	125	99	96		11.1111111111
123	9	Fa5	F5	340	340	1	16	250	99	96		11.1666666667
124	9	Sol5	G5	349	349	1	16	250	95	96		11.2222222222
125	9	Mi5	E5	336	336	3	16	750	99	96	e	11.3888888889
126	9	Re5	D5	327	327	1	16	250	95	96		11.4444444444
127	9	Re5	D5	327	327	1	24	167	99	96	ser 	11.4814814815
128	9	Do5	C5	318	318	1	24	167	99	96		11.5185185185
129	9	Re5	D5	327	327	1	24	167	99	96		11.5555555556
130	9	Mi5	E5	336	336	3	32	375	99	96		11.6388888889
131	9	Re5	D5	327	327	1	32	125	95	96		11.6666666667
132	9	Re5	D5	327	327	3	8	1500	100	96	as	12.0
133	9	Re5	D5	327	327	1	8	500	95	96		12.1111111111
134	9	Do5	C5	318	318	1	16	250	99	99	lâ 	12.1666666667
135	9	Re5	D5	327	327	1	16	250	99	96		12.2222222222
136	9	Do5	C5	318	318	1	8	500	95	96		12.3333333333
137	9	Re5	D5	327	327	1	16	250	99	96	dil_	12.3888888889
138	9	Mi5	E5	336	336	1	16	250	95	96		12.4444444444
139	9	Re5	D5	327	327	3	32	375	99	96	i 	12.5277777778
140	9	Do5	C5	318	318	1	32	125	99	96		12.5555555556
141	9	Si4b2	B4b1	312	313	1	16	250	99	96		12.6111111111
142	9	Re5	D5	327	327	1	16	250	95	96		12.6666666667
143	9	Do5	C5	318	318	1	4	1000	99	96	dî	12.8888888889
144	9	Do5	C5	318	318	1	16	250	99	96		12.9444444444
145	9	Si4b2	B4b1	312	313	1	16	250	95	96		13.0
146	9	Si4b2	B4b1	312	313	3	32	375	99	96	vâ	13.0833333333
147	9	La4	A4	305	305	1	32	125	99	96		13.1111111111
148	9	Sol4	G4	296	296	1	16	250	99	96		13.1666666667
149	9	La4	A4	305	305	1	16	250	99	96		13.2222222222
150	9	Si4b2	B4b1	312	313	1	16	250	99	96		13.2777777778
151	9	La4	A4	305	305	1	16	250	99	96		13.3333333333
152	9	Re5	D5	327	327	1	16	250	99	96		13.3888888889
153	9	Do5	C5	318	318	1	16	250	99	96		13.4444444444
154	9	Do5	C5	318	318	1	16	250	99	96		13.5
155	9	Si4b2	B4b1	312	313	1	16	250	99	96		13.5555555556
156	9	Si4b2	B4b1	312	313	1	16	250	99	96		13.6111111111
157	9	La4	A4	305	305	1	16	250	99	96		13.6666666667
158	9	La4	A4	305	305	1	8	500	99	96		13.7777777778
159	9	Sol4	G4	296	296	1	8	500	95	96		13.8888888889
160	9	Si4b2	B4b1	312	313	1	16	250	99	96	ne	13.9444444444
161	9	La4	A4	305	305	1	16	250	95	96		14.0
162	9	La4	A4	305	305	3	8	1500	95	96	de  	14.3333333333
163	9	Mi5	E5	336	336	1	16	250	95	96	SAZ	14.3888888889
164	9	Fa5	F5	340	340	1	16	250	95	96	.	14.4444444444
165	9	Mi5	E5	336	336	1	16	250	95	96	.	14.5
166	9	Re5	D5	327	327	1	16	250	95	96	.	14.5555555556
167	9	Re5	D5	327	327	1	16	250	95	96	.	14.6111111111
168	9	Do5	C5	318	318	1	16	250	95	96	.	14.6666666667
169	9	Re5	D5	327	327	3	8	1500	95	96	.	15.0
170	9	Es	Es	-1	-1	1	4	1000	100	0		15.2222222222
171	9	Do5	C5	318	318	3	16	750	95	96	Kal	15.3888888889
172	9	Re5	D5	327	327	1	16	250	95	96	ma	15.4444444444
173	9	Mi5	E5	336	336	1	16	250	99	96	dı 	15.5
174	9	Fa5	F5	340	340	1	16	250	99	96		15.5555555556
175	9	Mi5	E5	336	336	1	16	250	99	96		15.6111111111
176	9	Fa5	F5	340	340	1	16	250	95	96		15.6666666667
177	9	La5	A5	358	358	1	16	250	99	96	gam	15.7222222222
178	9	Sol5	G5	349	349	1	16	250	99	96		15.7777777778
179	9	Fa5	F5	340	340	1	16	250	99	96		15.8333333333
180	9	Mi5	E5	336	336	1	16	250	99	96		15.8888888889
181	9	Re5	D5	327	327	1	8	500	95	96		16.0
182	9	Fa5	F5	340	340	3	32	375	99	96	dan 	16.0833333333
183	9	Mi5	E5	336	336	1	32	125	99	96		16.1111111111
184	9	Fa5	F5	340	340	1	16	250	99	96		16.1666666667
185	9	Sol5	G5	349	349	1	16	250	95	96		16.2222222222
186	9	Mi5	E5	336	336	3	16	750	99	96	e	16.3888888889
187	9	Re5	D5	327	327	1	16	250	95	96		16.4444444444
188	9	Re5	D5	327	327	1	24	167	99	96	ser 	16.4814814815
189	9	Do5	C5	318	318	1	24	167	99	96		16.5185185185
190	9	Re5	D5	327	327	1	24	167	99	96		16.5555555556
191	9	Mi5	E5	336	336	3	32	375	99	96		16.6388888889
192	9	Re5	D5	327	327	1	32	125	95	96		16.6666666667
193	9	Re5	D5	327	327	3	8	1500	100	96	as	17.0
194	9	Re5	D5	327	327	1	8	500	95	96		17.1111111111
195	9	Do5	C5	318	318	1	16	250	99	99	lâ 	17.1666666667
196	9	Re5	D5	327	327	1	16	250	99	96		17.2222222222
197	9	Do5	C5	318	318	1	8	500	95	96		17.3333333333
198	9	Re5	D5	327	327	1	16	250	99	96	dil_	17.3888888889
199	9	Mi5	E5	336	336	1	16	250	95	96		17.4444444444
200	9	Re5	D5	327	327	3	32	375	99	96	i 	17.5277777778
201	9	Do5	C5	318	318	1	32	125	99	96		17.5555555556
202	9	Si4b2	B4b1	312	313	1	16	250	99	96		17.6111111111
203	9	Re5	D5	327	327	1	16	250	95	96		17.6666666667
204	9	Do5	C5	318	318	1	4	1000	99	96	dî	17.8888888889
205	9	Do5	C5	318	318	1	16	250	99	96		17.9444444444
206	9	Si4b2	B4b1	312	313	1	16	250	95	96		18.0
207	9	Si4b2	B4b1	312	313	3	32	375	99	96	vâ	18.0833333333
208	9	La4	A4	305	305	1	32	125	99	96		18.1111111111
209	9	Sol4	G4	296	296	1	16	250	99	96		18.1666666667
210	9	La4	A4	305	305	1	16	250	99	96		18.2222222222
211	9	Si4b2	B4b1	312	313	1	16	250	99	96		18.2777777778
212	9	La4	A4	305	305	1	16	250	99	96		18.3333333333
213	9	Re5	D5	327	327	1	16	250	99	96		18.3888888889
214	9	Do5	C5	318	318	1	16	250	99	96		18.4444444444
215	9	Do5	C5	318	318	1	16	250	99	96		18.5
216	9	Si4b2	B4b1	312	313	1	16	250	99	96		18.5555555556
217	9	Si4b2	B4b1	312	313	1	16	250	99	96		18.6111111111
218	9	La4	A4	305	305	1	16	250	99	96		18.6666666667
219	9	La4	A4	305	305	1	8	500	99	96		18.7777777778
220	9	Sol4	G4	296	296	1	8	500	95	96		18.8888888889
221	9	Si4b2	B4b1	312	313	1	16	250	99	96	ne	18.9444444444
222	9	La4	A4	305	305	1	16	250	95	96		19.0
223	9	La4	A4	305	305	3	8	1500	95	96	de  	19.3333333333
224	9	Sol5	G5	349	349	1	8	500	95	96	SAZ	19.4444444444
225	9	Sol5	G5	349	349	3	32	375	95	96	.	19.5277777778
226	9	Fa5#3	F5#4	343	344	1	32	125	95	99	.	19.5555555556
227	9	Mi5	E5	336	336	1	16	250	95	96	.	19.6111111111
228	9	Fa5#3	F5#4	343	344	1	16	250	95	96	.	19.6666666667
229	9	Sol5	G5	349	349	3	8	1500	95	96	.	20.0
230	9	Es	Es	-1	-1	1	4	1000	100	0		20.2222222222
231	9	Sol5	G5	349	349	3	32	375	99	96	Var_	20.3055555556
232	9	Fa5#3	F5#4	343	344	1	32	125	99	96		20.3333333333
233	9	Mi5	E5	336	336	1	16	250	95	96		20.3888888889
234	9	Fa5#3	F5#4	343	344	1	16	250	95	96	i	20.4444444444
235	9	Sol5	G5	349	349	1	8	500	99	96	miş 	20.5555555556
236	9	La5	A5	358	358	1	16	250	99	96		20.6111111111
237	9	Sol5	G5	349	349	1	16	250	95	96		20.6666666667
238	9	Sol5	G5	349	349	1	4	1000	99	96	bir 	20.8888888889
239	9	Fa5#3	F5#4	343	344	1	16	250	99	96		20.9444444444
240	9	Mi5	E5	336	336	1	16	250	95	96		21.0
241	11	Re5	D5	327	327	1	8	500	99	96	baş	21.1111111111
242	9	Re5	D5	327	327	1	16	250	99	96		21.1666666667
243	9	Do5	C5	318	318	1	16	250	95	96		21.2222222222
244	11	Do5	C5	318	318	1	8	500	99	96	ka 	21.3333333333
245	9	Do5	C5	318	318	1	16	250	99	96		21.3888888889
246	9	Si4b2	B4b1	312	313	1	16	250	95	96		21.4444444444
247	9	Si4b2	B4b1	312	313	1	16	250	99	96	hâ	21.5
248	9	La4	A4	305	305	1	16	250	99	96		21.5555555556
249	9	Si4b2	B4b1	312	313	1	16	250	99	96		21.6111111111
250	9	La4	A4	305	305	1	16	250	95	96		21.6666666667
251	9	La4	A4	305	305	3	8	1500	95	96	let 	22.0
252	9	Es	Es	-1	-1	1	4	1000	100	0		22.2222222222
253	9	Sol5	G5	349	349	3	32	375	99	96	soh	22.3055555556
254	9	Fa5#3	F5#4	343	344	1	32	125	99	96		22.3333333333
255	9	Mi5	E5	336	336	1	16	250	95	96		22.3888888889
256	9	Fa5#3	F5#4	343	344	1	16	250	95	96	bet_	22.4444444444
257	9	Sol5	G5	349	349	1	8	500	99	96	i 	22.5555555556
258	9	La5	A5	358	358	1	16	250	99	96		22.6111111111
259	9	Sol5	G5	349	349	1	16	250	95	96		22.6666666667
260	9	Sol5	G5	349	349	3	8	1500	95	96	mes	23.0
261	9	Sol5	G5	349	349	1	8	500	99	96	tâ	23.1111111111
262	9	Do6	C6	371	371	1	16	250	99	96		23.1666666667
263	9	Si5b2	B5b1	365	366	1	16	250	99	96		23.2222222222
264	9	La5	A5	358	358	1	8	500	99	96		23.3333333333
265	9	Si5b2	B5b1	365	366	1	16	250	99	96		23.3888888889
266	9	La5	A5	358	358	1	16	250	99	96		23.4444444444
267	9	Sol5	G5	349	349	1	8	500	99	96		23.5555555556
268	9	La5	A5	358	358	1	16	250	99	96		23.6111111111
269	9	Sol5	G5	349	349	1	16	250	99	96		23.6666666667
270	9	Fa5#3	F5#4	343	344	3	32	375	99	96		23.75
271	9	Mi5	E5	336	336	1	32	125	99	96		23.7777777778
272	9	Re5	D5	327	327	1	8	500	95	96		23.8888888889
273	9	Mi5	E5	336	336	1	16	250	99	96	ne	23.9444444444
274	9	Fa5#3	F5#4	343	344	1	16	250	95	96		24.0
275	9	Sol5	G5	349	349	3	8	1500	95	96	de  	24.3333333333
276	9	Fa5	F5	340	340	1	16	250	95	96	SAZ	24.3888888889
277	9	Mi5	E5	336	336	1	16	250	95	96	.	24.4444444444
278	9	Mi5	E5	336	336	1	16	250	95	96	.	24.5
279	9	Re5	D5	327	327	1	16	250	95	96	.	24.5555555556
280	9	Re5	D5	327	327	1	16	250	95	96	.	24.6111111111
281	9	Do5	C5	318	318	1	16	250	95	96	.	24.6666666667
282	9	Re5	D5	327	327	3	8	1500	95	96	.	25.0
283	9	Es	Es	-1	-1	1	4	1000	100	0		25.2222222222
284	9	Do5	C5	318	318	3	16	750	95	96	Kal	25.3888888889
285	9	Re5	D5	327	327	1	16	250	95	96	ma	25.4444444444
286	9	Mi5	E5	336	336	1	16	250	99	96	dı 	25.5
287	9	Fa5	F5	340	340	1	16	250	99	96		25.5555555556
288	9	Mi5	E5	336	336	1	16	250	99	96		25.6111111111
289	9	Fa5	F5	340	340	1	16	250	95	96		25.6666666667
290	9	La5	A5	358	358	1	16	250	99	96	gam	25.7222222222
291	9	Sol5	G5	349	349	1	16	250	99	96		25.7777777778
292	9	Fa5	F5	340	340	1	16	250	99	96		25.8333333333
293	9	Mi5	E5	336	336	1	16	250	99	96		25.8888888889
294	9	Re5	D5	327	327	1	8	500	95	96		26.0
295	9	Fa5	F5	340	340	3	32	375	99	96	dan 	26.0833333333
296	9	Mi5	E5	336	336	1	32	125	99	96		26.1111111111
297	9	Fa5	F5	340	340	1	16	250	99	96		26.1666666667
298	9	Sol5	G5	349	349	1	16	250	95	96		26.2222222222
299	9	Mi5	E5	336	336	3	16	750	99	96	e	26.3888888889
300	9	Re5	D5	327	327	1	16	250	95	96		26.4444444444
301	9	Re5	D5	327	327	1	24	167	99	96	ser 	26.4814814815
302	9	Do5	C5	318	318	1	24	167	99	96		26.5185185185
303	9	Re5	D5	327	327	1	24	167	99	96		26.5555555556
304	9	Mi5	E5	336	336	3	32	375	99	96		26.6388888889
305	9	Re5	D5	327	327	1	32	125	95	96		26.6666666667
306	9	Re5	D5	327	327	3	8	1500	100	96	as	27.0
307	9	Re5	D5	327	327	1	8	500	95	96		27.1111111111
308	9	Do5	C5	318	318	1	16	250	99	99	lâ 	27.1666666667
309	9	Re5	D5	327	327	1	16	250	99	96		27.2222222222
310	9	Do5	C5	318	318	1	8	500	95	96		27.3333333333
311	9	Re5	D5	327	327	1	16	250	99	96	dil_	27.3888888889
312	9	Mi5	E5	336	336	1	16	250	95	96		27.4444444444
313	9	Re5	D5	327	327	3	32	375	99	96	i 	27.5277777778
314	9	Do5	C5	318	318	1	32	125	99	96		27.5555555556
315	9	Si4b2	B4b1	312	313	1	16	250	99	96		27.6111111111
316	9	Re5	D5	327	327	1	16	250	95	96		27.6666666667
317	9	Do5	C5	318	318	1	4	1000	99	96	dî	27.8888888889
318	9	Do5	C5	318	318	1	16	250	99	96		27.9444444444
319	9	Si4b2	B4b1	312	313	1	16	250	95	96		28.0
320	9	Si4b2	B4b1	312	313	3	32	375	99	96	vâ	28.0833333333
321	9	La4	A4	305	305	1	32	125	99	96		28.1111111111
322	9	Sol4	G4	296	296	1	16	250	99	96		28.1666666667
323	9	La4	A4	305	305	1	16	250	99	96		28.2222222222
324	9	Si4b2	B4b1	312	313	1	16	250	99	96		28.2777777778
325	9	La4	A4	305	305	1	16	250	99	96		28.3333333333
326	9	Re5	D5	327	327	1	16	250	99	96		28.3888888889
327	9	Do5	C5	318	318	1	16	250	99	96		28.4444444444
328	9	Do5	C5	318	318	1	16	250	99	96		28.5
329	9	Si4b2	B4b1	312	313	1	16	250	99	96		28.5555555556
330	9	Si4b2	B4b1	312	313	1	16	250	99	96		28.6111111111
331	9	La4	A4	305	305	1	16	250	99	96		28.6666666667
332	9	La4	A4	305	305	1	8	500	99	96		28.7777777778
333	9	Sol4	G4	296	296	1	8	500	95	96		28.8888888889
334	9	Si4b2	B4b1	312	313	1	16	250	99	96	ne	28.9444444444
335	9	La4	A4	305	305	1	16	250	95	96		29.0
336	9	La4	A4	305	305	3	8	1500	95	96	de  	29.3333333333
337	9	Mi5	E5	336	336	1	16	250	95	96	SAZ	29.3888888889
338	9	Fa5	F5	340	340	1	16	250	95	96	.	29.4444444444
339	9	Mi5	E5	336	336	1	16	250	95	96	.	29.5
340	9	Re5	D5	327	327	1	16	250	95	96	.	29.5555555556
341	9	Re5	D5	327	327	1	16	250	95	96	.	29.6111111111
342	9	Do5	C5	318	318	1	16	250	95	96	.	29.6666666667
343	9	Re5	D5	327	327	3	8	1500	95	96	.	30.0
344	9	Es	Es	-1	-1	1	4	1000	100	0		30.2222222222
345	9	Do5	C5	318	318	3	16	750	95	96	Kal	30.3888888889
346	9	Re5	D5	327	327	1	16	250	95	96	ma	30.4444444444
347	9	Mi5	E5	336	336	1	16	250	99	96	dı 	30.5
348	9	Fa5	F5	340	340	1	16	250	99	96		30.5555555556
349	9	Mi5	E5	336	336	1	16	250	99	96		30.6111111111
350	9	Fa5	F5	340	340	1	16	250	95	96		30.6666666667
351	9	La5	A5	358	358	1	16	250	99	96	gam	30.7222222222
352	9	Sol5	G5	349	349	1	16	250	99	96		30.7777777778
353	9	Fa5	F5	340	340	1	16	250	99	96		30.8333333333
354	9	Mi5	E5	336	336	1	16	250	99	96		30.8888888889
355	9	Re5	D5	327	327	1	8	500	95	96		31.0
356	9	Fa5	F5	340	340	3	32	375	99	96	dan 	31.0833333333
357	9	Mi5	E5	336	336	1	32	125	99	96		31.1111111111
358	9	Fa5	F5	340	340	1	16	250	99	96		31.1666666667
359	9	Sol5	G5	349	349	1	16	250	95	96		31.2222222222
360	9	Mi5	E5	336	336	3	16	750	99	96	e	31.3888888889
361	9	Re5	D5	327	327	1	16	250	95	96		31.4444444444
362	9	Re5	D5	327	327	1	24	167	99	96	ser 	31.4814814815
363	9	Do5	C5	318	318	1	24	167	99	96		31.5185185185
364	9	Re5	D5	327	327	1	24	167	99	96		31.5555555556
365	9	Mi5	E5	336	336	3	32	375	99	96		31.6388888889
366	9	Re5	D5	327	327	1	32	125	95	96		31.6666666667
367	9	Re5	D5	327	327	3	8	1500	100	96	as	32.0
368	9	Re5	D5	327	327	1	8	500	95	96		32.1111111111
369	9	Do5	C5	318	318	1	16	250	99	99	lâ 	32.1666666667
370	9	Re5	D5	327	327	1	16	250	99	96		32.2222222222
371	9	Do5	C5	318	318	1	8	500	95	96		32.3333333333
372	9	Re5	D5	327	327	1	16	250	99	96	dil_	32.3888888889
373	9	Mi5	E5	336	336	1	16	250	95	96		32.4444444444
374	9	Re5	D5	327	327	3	32	375	99	96	i 	32.5277777778
375	9	Do5	C5	318	318	1	32	125	99	96		32.5555555556
376	9	Si4b2	B4b1	312	313	1	16	250	99	96		32.6111111111
377	9	Re5	D5	327	327	1	16	250	95	96		32.6666666667
378	9	Do5	C5	318	318	1	4	1000	99	96	dî	32.8888888889
379	9	Do5	C5	318	318	1	16	250	99	96		32.9444444444
380	9	Si4b2	B4b1	312	313	1	16	250	95	96		33.0
381	9	Si4b2	B4b1	312	313	3	32	375	99	96	vâ	33.0833333333
382	9	La4	A4	305	305	1	32	125	99	96		33.1111111111
383	9	Sol4	G4	296	296	1	16	250	99	96		33.1666666667
384	9	La4	A4	305	305	1	16	250	99	96		33.2222222222
385	9	Si4b2	B4b1	312	313	1	16	250	99	96		33.2777777778
386	9	La4	A4	305	305	1	16	250	99	96		33.3333333333
387	9	Re5	D5	327	327	1	16	250	99	96		33.3888888889
388	9	Do5	C5	318	318	1	16	250	99	96		33.4444444444
389	9	Do5	C5	318	318	1	16	250	99	96		33.5
390	9	Si4b2	B4b1	312	313	1	16	250	99	96		33.5555555556
391	9	Si4b2	B4b1	312	313	1	16	250	99	96		33.6111111111
392	9	La4	A4	305	305	1	16	250	99	96		33.6666666667
393	9	La4	A4	305	305	1	8	500	99	96		33.7777777778
394	9	Sol4	G4	296	296	1	8	500	95	96		33.8888888889
395	9	Si4b2	B4b1	312	313	1	16	250	99	96	ne	33.9444444444
396	9	La4	A4	305	305	1	16	250	95	96		34.0
397	9	La4	A4	305	305	3	8	1500	95	96	de  	34.3333333333
