Sira	Kod	Nota53	NotaAE	Koma53	KomaAE	Pay	Payda	Ms	LNS	Bas	Soz1	Offset
1	51			0	0	3	4	0	4	0	Semâî	0.0
2	9	La4	A4	305	305	1	4	476	95	96	ARANAĞME	0.333333333333
3	9	Si4b2	B4b1	312	313	1	4	476	95	96	.	0.666666666667
4	9	Do5	C5	318	318	1	4	476	95	96	.	1.0
5	9	Re5	D5	327	327	1	4	476	95	96	.	1.33333333333
6	9	Re5	D5	327	327	1	4	476	95	96	.	1.66666666667
7	9	Es	Es	-1	-1	1	4	476	100	0	.	2.0
8	9	Fa5	F5	340	340	1	8	238	95	96	.	2.16666666667
9	9	Mi5	E5	336	336	1	8	238	95	96	.	2.33333333333
10	9	Re5	D5	327	327	1	8	238	95	96	.	2.5
11	9	Do5	C5	318	318	1	8	238	95	96	.	2.66666666667
12	9	Re5	D5	327	327	1	8	238	95	96	.	2.83333333333
13	9	Mi5	E5	336	336	1	8	238	95	96	.	3.0
14	9	Mi5	E5	336	336	1	4	476	95	96	.	3.33333333333
15	9	Mi5	E5	336	336	1	4	476	95	96	.	3.66666666667
16	9	Es	Es	-1	-1	1	4	476	100	0	.	4.0
17	9	La4	A4	305	305	1	4	476	95	96	.	4.33333333333
18	9	Si4b2	B4b1	312	313	1	4	476	95	96	.	4.66666666667
19	9	Do5	C5	318	318	1	4	476	95	96	.	5.0
20	9	Re5	D5	327	327	1	4	476	95	96	.	5.33333333333
21	9	Re5	D5	327	327	1	4	476	95	96	.	5.66666666667
22	9	Es	Es	-1	-1	1	4	476	100	0	.	6.0
23	9	Do5	C5	318	318	1	8	238	95	96	.	6.16666666667
24	9	Re5	D5	327	327	1	8	238	95	96	.	6.33333333333
25	9	Mi5	E5	336	336	1	8	238	95	96	.	6.5
26	9	Re5	D5	327	327	1	8	238	95	96	.	6.66666666667
27	9	Do5	C5	318	318	1	8	238	95	96	.	6.83333333333
28	9	Si4b2	B4b1	312	313	1	8	238	95	96	.	7.0
29	9	Do5	C5	318	318	1	8	238	95	96	.	7.16666666667
30	9	Si4b2	B4b1	312	313	1	8	238	95	96	.	7.33333333333
31	9	La4	A4	305	305	1	8	238	95	96	.	7.5
32	9	Sol4	G4	296	296	1	8	238	95	96	.	7.66666666667
33	9	Fa4#4	F4#4	291	291	1	8	238	95	96	.	7.83333333333
34	9	Sol4	G4	296	296	1	8	238	95	96	.	8.0
35	9	La4	A4	305	305	1	4	476	95	96	ARANAĞME	8.33333333333
36	9	Si4b2	B4b1	312	313	1	4	476	95	96	.	8.66666666667
37	9	Do5	C5	318	318	1	4	476	95	96	.	9.0
38	9	Re5	D5	327	327	1	4	476	95	96	.	9.33333333333
39	9	Re5	D5	327	327	1	4	476	95	96	.	9.66666666667
40	9	Es	Es	-1	-1	1	4	476	100	0	.	10.0
41	9	Fa5	F5	340	340	1	8	238	95	96	.	10.1666666667
42	9	Mi5	E5	336	336	1	8	238	95	96	.	10.3333333333
43	9	Re5	D5	327	327	1	8	238	95	96	.	10.5
44	9	Do5	C5	318	318	1	8	238	95	96	.	10.6666666667
45	9	Re5	D5	327	327	1	8	238	95	96	.	10.8333333333
46	9	Mi5	E5	336	336	1	8	238	95	96	.	11.0
47	9	Mi5	E5	336	336	1	4	476	95	96	.	11.3333333333
48	9	Mi5	E5	336	336	1	4	476	95	96	.	11.6666666667
49	9	Es	Es	-1	-1	1	4	476	100	0	.	12.0
50	9	La4	A4	305	305	1	4	476	95	96	.	12.3333333333
51	9	Si4b2	B4b1	312	313	1	4	476	95	96	.	12.6666666667
52	9	Do5	C5	318	318	1	4	476	95	96	.	13.0
53	9	Re5	D5	327	327	1	4	476	95	96	.	13.3333333333
54	9	Re5	D5	327	327	1	4	476	95	96	.	13.6666666667
55	9	Es	Es	-1	-1	1	4	476	100	0	.	14.0
56	9	Do5	C5	318	318	1	8	238	95	96	.	14.1666666667
57	9	Re5	D5	327	327	1	8	238	95	96	.	14.3333333333
58	9	Mi5	E5	336	336	1	8	238	95	96	.	14.5
59	9	Re5	D5	327	327	1	8	238	95	96	.	14.6666666667
60	9	Do5	C5	318	318	1	8	238	95	96	.	14.8333333333
61	9	Si4b2	B4b1	312	313	1	8	238	95	96	.	15.0
62	9	Do5	C5	318	318	1	8	238	95	96	.	15.1666666667
63	9	Re5	D5	327	327	1	8	238	95	96	.	15.3333333333
64	9	Do5	C5	318	318	1	8	238	95	96	.	15.5
65	9	Si4b2	B4b1	312	313	1	8	238	95	96	.	15.6666666667
66	9	La4	A4	305	305	1	4	476	95	96	.	16.0
67	9	La4	A4	305	305	1	4	476	95	96	Gü	16.3333333333
68	9	La4	A4	305	305	1	4	476	95	96	ne	16.6666666667
69	9	Sol4	G4	296	296	1	4	476	95	96	şin	17.0
70	9	Do5	C5	318	318	1	2	952	95	96	le 	17.6666666667
71	9	Es	Es	-1	-1	1	4	476	100	0		18.0
72	9	Do5	C5	318	318	1	8	238	95	96	ı	18.1666666667
73	9	Mi5	E5	336	336	3	8	714	95	96	şık 	18.6666666667
74	9	Mi5	E5	336	336	1	8	238	99	96	yak	18.8333333333
75	9	Re5	D5	327	327	1	8	238	95	96		19.0
76	9	Re5	D5	327	327	1	2	952	95	96	tın  	19.6666666667
77	9	Es	Es	-1	-1	1	4	476	100	0		20.0
78	9	Mi5	E5	336	336	1	8	238	99	96	Sev	20.1666666667
79	9	Fa5	F5	340	340	1	8	238	95	96		20.3333333333
80	9	Mi5	E5	336	336	1	8	238	99	96	da 	20.5
81	9	Re5	D5	327	327	1	8	238	99	96		20.6666666667
82	9	Re5	D5	327	327	1	8	238	99	96		20.8333333333
83	9	Do5	C5	318	318	1	8	238	95	96		21.0
84	9	Re5	D5	327	327	1	8	238	99	96	do	21.1666666667
85	9	Mi5	E5	336	336	1	8	238	95	96		21.3333333333
86	9	Re5	D5	327	327	1	8	238	99	96	lu 	21.5
87	9	Do5	C5	318	318	1	8	238	99	96		21.6666666667
88	9	Do5	C5	318	318	1	8	238	99	96		21.8333333333
89	9	Si4b2	B4b1	312	313	1	8	238	95	96		22.0
90	9	Do5	C5	318	318	1	8	238	95	96	u	22.1666666667
91	9	Re5	D5	327	327	1	8	238	99	96	fuk	22.3333333333
92	9	Do5	C5	318	318	1	8	238	99	96		22.5
93	9	Si4b2	B4b1	312	313	1	8	238	95	96		22.6666666667
94	9	Si4b2	B4b1	312	313	1	8	238	99	96	la	22.8333333333
95	9	La4	A4	305	305	1	8	238	95	96		23.0
96	9	La4	A4	305	305	1	2	952	95	96	ra  	23.6666666667
97	9	Es	Es	-1	-1	1	4	476	100	0		24.0
98	9	La4	A4	305	305	1	4	476	95	96	Gü	24.3333333333
99	9	La4	A4	305	305	1	4	476	95	96	ne	24.6666666667
100	9	Sol4	G4	296	296	1	4	476	95	96	şin	25.0
101	9	Do5	C5	318	318	1	2	952	95	96	le 	25.6666666667
102	9	Es	Es	-1	-1	1	4	476	100	0		26.0
103	9	Do5	C5	318	318	1	8	238	95	96	ı	26.1666666667
104	9	Mi5	E5	336	336	3	8	714	95	96	şık 	26.6666666667
105	9	Mi5	E5	336	336	1	8	238	99	96	yak	26.8333333333
106	9	Re5	D5	327	327	1	8	238	95	96		27.0
107	9	Re5	D5	327	327	1	2	952	95	96	tın  	27.6666666667
108	9	Es	Es	-1	-1	1	4	476	100	0		28.0
109	9	Mi5	E5	336	336	1	8	238	99	96	Sev	28.1666666667
110	9	Fa5	F5	340	340	1	8	238	95	96		28.3333333333
111	9	Mi5	E5	336	336	1	8	238	99	96	da 	28.5
112	9	Re5	D5	327	327	1	8	238	99	96		28.6666666667
113	9	Re5	D5	327	327	1	8	238	99	96		28.8333333333
114	9	Do5	C5	318	318	1	8	238	95	96		29.0
115	9	Re5	D5	327	327	1	8	238	99	96	do	29.1666666667
116	9	Mi5	E5	336	336	1	8	238	95	96		29.3333333333
117	9	Re5	D5	327	327	1	8	238	99	96	lu 	29.5
118	9	Do5	C5	318	318	1	8	238	99	96		29.6666666667
119	9	Do5	C5	318	318	1	8	238	99	96		29.8333333333
120	9	Si4b2	B4b1	312	313	1	8	238	95	96		30.0
121	9	Do5	C5	318	318	1	8	238	95	96	u	30.1666666667
122	9	Re5	D5	327	327	1	8	238	99	96	fuk	30.3333333333
123	9	Mi5	E5	336	336	1	8	238	99	96		30.5
124	9	Fa5	F5	340	340	1	8	238	95	96		30.6666666667
125	9	Mi5	E5	336	336	1	8	238	99	96	la	30.8333333333
126	9	Re5	D5	327	327	1	8	238	95	96		31.0
127	9	Re5	D5	327	327	1	2	952	95	96	ra  	31.6666666667
128	9	Es	Es	-1	-1	1	4	476	100	0		32.0
129	9	Do5	C5	318	318	1	4	476	95	96	Ge	32.3333333333
130	9	Re5	D5	327	327	1	4	476	95	96	ce	32.6666666667
131	9	Mi5	E5	336	336	1	4	476	95	96	ler	33.0
132	9	Fa5#4	F5#4	344	344	1	4	476	99	96	den 	33.3333333333
133	9	Sol5	G5	349	349	1	4	476	99	96		33.6666666667
134	9	La5	A5	358	358	1	4	476	95	96		34.0
135	9	Sol5	G5	349	349	1	4	476	95	96	yıl	34.3333333333
136	9	La5	A5	358	358	1	8	238	99	96	dız 	34.5
137	9	Sol5	G5	349	349	1	8	238	95	96		34.6666666667
138	9	Fa5	F5	340	340	1	8	238	99	96	tak	34.8333333333
139	9	Mi5	E5	336	336	1	8	238	95	96		35.0
140	9	Re5	D5	327	327	1	8	238	99	96	tım  	35.1666666667
141	9	Do5	C5	318	318	1	8	238	99	96		35.3333333333
142	9	Re5	D5	327	327	3	8	714	95	96		35.8333333333
143	9	Es	Es	-1	-1	1	8	238	100	0		36.0
144	9	Do5	C5	318	318	1	4	476	95	96	Mız	36.3333333333
145	9	Si4b2	B4b1	312	313	1	8	238	99	96	ra	36.5
146	9	La4	A4	305	305	1	8	238	99	96		36.6666666667
147	9	Sol4	G4	296	296	1	4	476	95	96		37.0
148	9	Fa5	F5	340	340	1	4	476	99	96	bım	37.3333333333
149	9	Mi5	E5	336	336	1	4	476	95	96		37.6666666667
150	9	Re5	D5	327	327	1	8	238	99	96	la 	37.8333333333
151	9	Do5	C5	318	318	1	8	238	95	96		38.0
152	9	Re5	D5	327	327	1	4	476	95	96	şar	38.3333333333
153	9	Do5	C5	318	318	1	8	238	99	96	kı	38.5
154	9	Si4b2	B4b1	312	313	1	8	238	95	96		38.6666666667
155	9	La4	A4	305	305	1	8	238	99	96	la	38.8333333333
156	9	Sol4	G4	296	296	1	8	238	95	96		39.0
157	9	La4	A4	305	305	1	2	952	95	96	ra  	39.6666666667
158	9	Es	Es	-1	-1	1	4	476	100	0		40.0
159	9	La4	A4	305	305	1	4	476	95	96	ARANAĞME	40.3333333333
160	9	Si4b2	B4b1	312	313	1	4	476	95	96	.	40.6666666667
161	9	Do5	C5	318	318	1	4	476	95	96	.	41.0
162	9	Re5	D5	327	327	1	4	476	95	96	.	41.3333333333
163	9	Re5	D5	327	327	1	4	476	95	96	.	41.6666666667
164	9	Es	Es	-1	-1	1	4	476	100	0	.	42.0
165	9	Fa5	F5	340	340	1	8	238	95	96	.	42.1666666667
166	9	Mi5	E5	336	336	1	8	238	95	96	.	42.3333333333
167	9	Re5	D5	327	327	1	8	238	95	96	.	42.5
168	9	Do5	C5	318	318	1	8	238	95	96	.	42.6666666667
169	9	Re5	D5	327	327	1	8	238	95	96	.	42.8333333333
170	9	Mi5	E5	336	336	1	8	238	95	96	.	43.0
171	9	Mi5	E5	336	336	1	4	476	95	96	.	43.3333333333
172	9	Mi5	E5	336	336	1	4	476	95	96	.	43.6666666667
173	9	Es	Es	-1	-1	1	4	476	100	0	.	44.0
174	9	La4	A4	305	305	1	4	476	95	96	.	44.3333333333
175	9	Si4b2	B4b1	312	313	1	4	476	95	96	.	44.6666666667
176	9	Do5	C5	318	318	1	4	476	95	96	.	45.0
177	9	Re5	D5	327	327	1	4	476	95	96	.	45.3333333333
178	9	Re5	D5	327	327	1	4	476	95	96	.	45.6666666667
179	9	Es	Es	-1	-1	1	4	476	100	0	.	46.0
180	9	Do5	C5	318	318	1	8	238	95	96	.	46.1666666667
181	9	Re5	D5	327	327	1	8	238	95	96	.	46.3333333333
182	9	Mi5	E5	336	336	1	8	238	95	96	.	46.5
183	9	Re5	D5	327	327	1	8	238	95	96	.	46.6666666667
184	9	Do5	C5	318	318	1	8	238	95	96	.	46.8333333333
185	9	Si4b2	B4b1	312	313	1	8	238	95	96	.	47.0
186	9	Do5	C5	318	318	1	8	238	95	96	.	47.1666666667
187	9	Si4b2	B4b1	312	313	1	8	238	95	96	.	47.3333333333
188	9	La4	A4	305	305	1	8	238	95	96	.	47.5
189	9	Sol4	G4	296	296	1	8	238	95	96	.	47.6666666667
190	9	Fa4#4	F4#4	291	291	1	8	238	95	96	.	47.8333333333
191	9	Sol4	G4	296	296	1	8	238	95	96	.	48.0
192	9	La4	A4	305	305	1	4	476	95	96	ARANAĞME	48.3333333333
193	9	Si4b2	B4b1	312	313	1	4	476	95	96	.	48.6666666667
194	9	Do5	C5	318	318	1	4	476	95	96	.	49.0
195	9	Re5	D5	327	327	1	4	476	95	96	.	49.3333333333
196	9	Re5	D5	327	327	1	4	476	95	96	.	49.6666666667
197	9	Es	Es	-1	-1	1	4	476	100	0	.	50.0
198	9	Fa5	F5	340	340	1	8	238	95	96	.	50.1666666667
199	9	Mi5	E5	336	336	1	8	238	95	96	.	50.3333333333
200	9	Re5	D5	327	327	1	8	238	95	96	.	50.5
201	9	Do5	C5	318	318	1	8	238	95	96	.	50.6666666667
202	9	Re5	D5	327	327	1	8	238	95	96	.	50.8333333333
203	9	Mi5	E5	336	336	1	8	238	95	96	.	51.0
204	9	Mi5	E5	336	336	1	4	476	95	96	.	51.3333333333
205	9	Mi5	E5	336	336	1	4	476	95	96	.	51.6666666667
206	9	Es	Es	-1	-1	1	4	476	100	0	.	52.0
207	9	La4	A4	305	305	1	4	476	95	96	.	52.3333333333
208	9	Si4b2	B4b1	312	313	1	4	476	95	96	.	52.6666666667
209	9	Do5	C5	318	318	1	4	476	95	96	.	53.0
210	9	Re5	D5	327	327	1	4	476	95	96	.	53.3333333333
211	9	Re5	D5	327	327	1	4	476	95	96	.	53.6666666667
212	9	Es	Es	-1	-1	1	4	476	100	0	.	54.0
213	9	Do5	C5	318	318	1	8	238	95	96	.	54.1666666667
214	9	Re5	D5	327	327	1	8	238	95	96	.	54.3333333333
215	9	Mi5	E5	336	336	1	8	238	95	96	.	54.5
216	9	Re5	D5	327	327	1	8	238	95	96	.	54.6666666667
217	9	Do5	C5	318	318	1	8	238	95	96	.	54.8333333333
218	9	Si4b2	B4b1	312	313	1	8	238	95	96	.	55.0
219	9	Do5	C5	318	318	1	8	238	95	96	.	55.1666666667
220	9	Re5	D5	327	327	1	8	238	95	96	.	55.3333333333
221	9	Do5	C5	318	318	1	8	238	95	96	.	55.5
222	9	Si4b2	B4b1	312	313	1	8	238	95	96	.	55.6666666667
223	9	La4	A4	305	305	1	4	476	95	96	.	56.0
224	9	La4	A4	305	305	1	4	476	95	96	SAZ	56.3333333333
225	9	Si4b2	B4b1	312	313	1	4	476	95	96	.	56.6666666667
226	9	Do5	C5	318	318	1	4	476	95	96	.	57.0
227	9	Re5	D5	327	327	1	4	476	95	96	.	57.3333333333
228	9	Re5	D5	327	327	1	4	476	95	96	.	57.6666666667
229	9	Es	Es	-1	-1	1	4	476	100	0	.	58.0
230	9	Fa5	F5	340	340	1	8	238	95	96	.	58.1666666667
231	9	Mi5	E5	336	336	1	8	238	95	96	.	58.3333333333
232	9	Re5	D5	327	327	1	8	238	95	96	.	58.5
233	9	Do5	C5	318	318	1	8	238	95	96	.	58.6666666667
234	9	Re5	D5	327	327	1	8	238	95	96	.	58.8333333333
235	9	Mi5	E5	336	336	1	8	238	95	96	.	59.0
236	9	Re5	D5	327	327	1	4	476	95	96	.	59.3333333333
237	9	Re5	D5	327	327	1	4	476	95	96	.	59.6666666667
238	9	Es	Es	-1	-1	1	4	476	100	0	.	60.0
239	9	La4	A4	305	305	1	4	476	95	96	.	60.3333333333
240	9	Si4b2	B4b1	312	313	1	4	476	95	96	.	60.6666666667
241	9	Do5	C5	318	318	1	4	476	95	96	.	61.0
242	9	Re5	D5	327	327	1	4	476	95	96	.	61.3333333333
243	9	Re5	D5	327	327	1	4	476	95	96	.	61.6666666667
244	9	Es	Es	-1	-1	1	4	476	100	0	.	62.0
245	9	Si4b2	B4b1	312	313	1	4	476	95	96	.	62.3333333333
246	9	Si4b2	B4b1	312	313	1	4	476	95	96	.	62.6666666667
247	9	Do5	C5	318	318	1	8	238	95	96	.	62.8333333333
248	9	Re5	D5	327	327	1	8	238	95	96	.	63.0
249	9	Si4b2	B4b1	312	313	1	2	952	95	96	.	63.6666666667
250	9	Es	Es	-1	-1	1	4	476	100	0		64.0
251	9	Si4b1	B4b1	313	313	1	4	476	95	96	Bu	64.3333333333
252	9	Do5	C5	318	318	1	4	476	95	96	gü	64.6666666667
253	9	Re5	D5	327	327	1	4	476	95	96	nü	65.0
254	9	Si4b1	B4b1	313	313	1	2	952	95	96	me 	65.6666666667
255	9	Es	Es	-1	-1	1	4	476	100	0		66.0
256	9	Do5	C5	318	318	1	4	476	95	96	ya	66.3333333333
257	9	Re5	D5	327	327	1	4	476	95	96	rı	66.6666666667
258	9	Mi5b4	E5b4	332	332	1	8	238	99	96	nı	66.8333333333
259	9	Fa5#4	F5#4	344	344	1	8	238	95	96		67.0
260	9	Re5	D5	327	327	1	2	952	95	96	ma  	67.6666666667
261	9	Es	Es	-1	-1	1	4	476	100	0		68.0
262	9	Do5	C5	318	318	1	4	476	95	96	Se	68.3333333333
263	9	Re5	D5	327	327	1	4	476	95	96	ni 	68.6666666667
264	9	Mi5b4	E5b4	332	332	1	4	476	95	96	yaz	69.0
265	9	Sol5	G5	349	349	1	4	476	99	96	dım 	69.3333333333
266	9	Fa5#4	F5#4	344	344	1	4	476	99	96		69.6666666667
267	9	Mi5b4	E5b4	332	332	1	4	476	95	96		70.0
268	9	Re5	D5	327	327	1	8	238	99	96	her 	70.1666666667
269	9	Mi5b4	E5b4	332	332	1	8	238	95	96		70.3333333333
270	9	Re5	D5	327	327	1	8	238	99	96	a	70.5
271	9	Do5	C5	318	318	1	8	238	95	96		70.6666666667
272	9	Do5	C5	318	318	1	8	238	99	96	nı	70.8333333333
273	9	Si4b1	B4b1	313	313	1	8	238	95	96		71.0
274	9	Si4b1	B4b1	313	313	1	2	952	95	96	ma  	71.6666666667
275	9	Es	Es	-1	-1	1	4	476	100	0		72.0
276	9	Si4b1	B4b1	313	313	1	4	476	95	96	Bu	72.3333333333
277	9	Do5	C5	318	318	1	4	476	95	96	gü	72.6666666667
278	9	Re5	D5	327	327	1	4	476	95	96	nü	73.0
279	9	Si4b1	B4b1	313	313	1	2	952	95	96	me 	73.6666666667
280	9	Es	Es	-1	-1	1	4	476	100	0		74.0
281	9	Do5	C5	318	318	1	4	476	95	96	ya	74.3333333333
282	9	Re5	D5	327	327	1	4	476	95	96	rı	74.6666666667
283	9	Mi5b4	E5b4	332	332	1	8	238	99	96	nı	74.8333333333
284	9	Fa5#4	F5#4	344	344	1	8	238	95	96		75.0
285	9	Re5	D5	327	327	1	2	952	95	96	ma  	75.6666666667
286	9	Es	Es	-1	-1	1	4	476	100	0		76.0
287	9	Do5	C5	318	318	1	4	476	95	96	Se	76.3333333333
288	9	Re5	D5	327	327	1	4	476	95	96	ni 	76.6666666667
289	9	Mi5b4	E5b4	332	332	1	4	476	95	96	yaz	77.0
290	9	Sol5	G5	349	349	1	4	476	99	96	dım 	77.3333333333
291	9	Fa5#4	F5#4	344	344	1	4	476	99	96		77.6666666667
292	9	Mi5b4	E5b4	332	332	1	4	476	95	96		78.0
293	9	Re5	D5	327	327	1	8	238	99	96	her 	78.1666666667
294	9	Mi5b4	E5b4	332	332	1	8	238	95	96		78.3333333333
295	9	Re5	D5	327	327	1	8	238	99	96	a	78.5
296	9	Do5	C5	318	318	1	8	238	95	96		78.6666666667
297	9	Si4b1	B4b1	313	313	1	8	238	99	96	nı	78.8333333333
298	9	Do5	C5	318	318	1	8	238	95	96		79.0
299	9	Re5	D5	327	327	1	2	952	95	96	ma  	79.6666666667
300	9	Es	Es	-1	-1	1	4	476	100	0		80.0
301	9	Re5	D5	327	327	3	8	714	95	96	Nağ	80.5
302	9	Mi5b4	E5b4	332	332	1	8	238	95	96	me	80.6666666667
303	9	Fa5#4	F5#4	344	344	1	4	476	95	96	ler	81.0
304	9	Sol5	G5	349	349	1	4	476	99	96	le 	81.3333333333
305	9	La5	A5	358	358	1	2	952	95	96		82.0
306	9	La5	A5	358	358	1	8	238	99	96	im	82.1666666667
307	9	Sol5	G5	349	349	1	8	238	95	96		82.3333333333
308	9	Fa5#4	F5#4	344	344	1	8	238	99	96	za 	82.5
309	9	Mi5b4	E5b4	332	332	1	8	238	95	96		82.6666666667
310	9	Mi5b4	E5b4	332	332	1	8	238	99	96	at	82.8333333333
311	9	Re5	D5	327	327	1	8	238	95	96		83.0
312	9	Re5	D5	327	327	1	2	952	95	96	tım  	83.6666666667
313	9	Es	Es	-1	-1	1	4	476	100	0		84.0
314	9	Do5	C5	318	318	1	4	476	95	96	Mız	84.3333333333
315	9	Si4b1	B4b1	313	313	1	8	238	99	96	ra	84.5
316	9	La4	A4	305	305	1	8	238	99	96		84.6666666667
317	9	Sol4	G4	296	296	1	4	476	95	96		85.0
318	9	Fa5	F5	340	340	1	4	476	99	96	bım	85.3333333333
319	9	Mi5	E5	336	336	1	4	476	95	96		85.6666666667
320	9	Re5	D5	327	327	1	8	238	99	96	la 	85.8333333333
321	9	Do5	C5	318	318	1	8	238	95	96		86.0
322	9	Re5	D5	327	327	1	4	476	95	96	şar	86.3333333333
323	9	Do5	C5	318	318	1	8	238	99	96	kı	86.5
324	9	Si4b1	B4b1	313	313	1	8	238	95	96		86.6666666667
325	9	Si4b1	B4b1	313	313	1	8	238	99	96	la	86.8333333333
326	9	La4	A4	305	305	1	8	238	95	96		87.0
327	9	La4	A4	305	305	1	2	952	95	96	ra  	87.6666666667
328	9	Es	Es	-1	-1	1	4	476	100	0		88.0
329	9	La4	A4	305	305	1	4	476	95	96	ARANAĞME	88.3333333333
330	9	Si4b2	B4b1	312	313	1	4	476	95	96	.	88.6666666667
331	9	Do5	C5	318	318	1	4	476	95	96	.	89.0
332	9	Re5	D5	327	327	1	4	476	95	96	.	89.3333333333
333	9	Re5	D5	327	327	1	4	476	95	96	.	89.6666666667
334	9	Es	Es	-1	-1	1	4	476	100	0	.	90.0
335	9	Fa5	F5	340	340	1	8	238	95	96	.	90.1666666667
336	9	Mi5	E5	336	336	1	8	238	95	96	.	90.3333333333
337	9	Re5	D5	327	327	1	8	238	95	96	.	90.5
338	9	Do5	C5	318	318	1	8	238	95	96	.	90.6666666667
339	9	Re5	D5	327	327	1	8	238	95	96	.	90.8333333333
340	9	Mi5	E5	336	336	1	8	238	95	96	.	91.0
341	9	Mi5	E5	336	336	1	4	476	95	96	.	91.3333333333
342	9	Mi5	E5	336	336	1	4	476	95	96	.	91.6666666667
343	9	Es	Es	-1	-1	1	4	476	100	0	.	92.0
344	9	La4	A4	305	305	1	4	476	95	96	.	92.3333333333
345	9	Si4b2	B4b1	312	313	1	4	476	95	96	.	92.6666666667
346	9	Do5	C5	318	318	1	4	476	95	96	.	93.0
347	9	Re5	D5	327	327	1	4	476	95	96	.	93.3333333333
348	9	Re5	D5	327	327	1	4	476	95	96	.	93.6666666667
349	9	Es	Es	-1	-1	1	4	476	100	0	.	94.0
350	9	Do5	C5	318	318	1	8	238	95	96	.	94.1666666667
351	9	Re5	D5	327	327	1	8	238	95	96	.	94.3333333333
352	9	Mi5	E5	336	336	1	8	238	95	96	.	94.5
353	9	Re5	D5	327	327	1	8	238	95	96	.	94.6666666667
354	9	Do5	C5	318	318	1	8	238	95	96	.	94.8333333333
355	9	Si4b2	B4b1	312	313	1	8	238	95	96	.	95.0
356	9	Do5	C5	318	318	1	8	238	95	96	.	95.1666666667
357	9	Si4b2	B4b1	312	313	1	8	238	95	96	.	95.3333333333
358	9	La4	A4	305	305	1	8	238	95	96	.	95.5
359	9	Sol4	G4	296	296	1	8	238	95	96	.	95.6666666667
360	9	Fa4#4	F4#4	291	291	1	8	238	95	96	.	95.8333333333
361	9	Sol4	G4	296	296	1	8	238	95	96	.	96.0
362	9	La4	A4	305	305	1	4	476	95	96	ARANAĞME	96.3333333333
363	9	Si4b2	B4b1	312	313	1	4	476	95	96	.	96.6666666667
364	9	Do5	C5	318	318	1	4	476	95	96	.	97.0
365	9	Re5	D5	327	327	1	4	476	95	96	.	97.3333333333
366	9	Re5	D5	327	327	1	4	476	95	96	.	97.6666666667
367	9	Es	Es	-1	-1	1	4	476	100	0	.	98.0
368	9	Fa5	F5	340	340	1	8	238	95	96	.	98.1666666667
369	9	Mi5	E5	336	336	1	8	238	95	96	.	98.3333333333
370	9	Re5	D5	327	327	1	8	238	95	96	.	98.5
371	9	Do5	C5	318	318	1	8	238	95	96	.	98.6666666667
372	9	Re5	D5	327	327	1	8	238	95	96	.	98.8333333333
373	9	Mi5	E5	336	336	1	8	238	95	96	.	99.0
374	9	Mi5	E5	336	336	1	4	476	95	96	.	99.3333333333
375	9	Mi5	E5	336	336	1	4	476	95	96	.	99.6666666667
376	9	Es	Es	-1	-1	1	4	476	100	0	.	100.0
377	9	La4	A4	305	305	1	4	476	95	96	.	100.333333333
378	9	Si4b2	B4b1	312	313	1	4	476	95	96	.	100.666666667
379	9	Do5	C5	318	318	1	4	476	95	96	.	101.0
380	9	Re5	D5	327	327	1	4	476	95	96	.	101.333333333
381	9	Re5	D5	327	327	1	4	476	95	96	.	101.666666667
382	9	Es	Es	-1	-1	1	4	476	100	0	.	102.0
383	9	Do5	C5	318	318	1	8	238	95	96	.	102.166666667
384	9	Re5	D5	327	327	1	8	238	95	96	.	102.333333333
385	9	Mi5	E5	336	336	1	8	238	95	96	.	102.5
386	9	Re5	D5	327	327	1	8	238	95	96	.	102.666666667
387	9	Do5	C5	318	318	1	8	238	95	96	.	102.833333333
388	9	Si4b2	B4b1	312	313	1	8	238	95	96	.	103.0
389	9	Do5	C5	318	318	1	8	238	95	96	.	103.166666667
390	9	Re5	D5	327	327	1	8	238	95	96	.	103.333333333
391	9	Do5	C5	318	318	1	8	238	95	96	.	103.5
392	9	Si4b2	B4b1	312	313	1	8	238	95	96	.	103.666666667
393	9	La4	A4	305	305	1	4	476	95	96	.	104.0
394	9	La4	A4	305	305	1	4	476	95	96	SAZ	104.333333333
395	9	Si4b2	B4b1	312	313	1	4	476	95	96	.	104.666666667
396	9	Do5	C5	318	318	1	4	476	95	96	.	105.0
397	9	Re5	D5	327	327	1	4	476	95	96	.	105.333333333
398	9	Re5	D5	327	327	1	4	476	95	96	.	105.666666667
399	9	Es	Es	-1	-1	1	4	476	100	0	.	106.0
400	9	Fa5	F5	340	340	1	8	238	95	96	.	106.166666667
401	9	Mi5	E5	336	336	1	8	238	95	96	.	106.333333333
402	9	Re5	D5	327	327	1	8	238	95	96	.	106.5
403	9	Do5	C5	318	318	1	8	238	95	96	.	106.666666667
404	9	Re5	D5	327	327	1	8	238	95	96	.	106.833333333
405	9	Mi5	E5	336	336	1	8	238	95	96	.	107.0
406	9	Re5	D5	327	327	1	4	476	95	96	.	107.333333333
407	9	Re5	D5	327	327	1	4	476	95	96	.	107.666666667
408	9	Es	Es	-1	-1	1	4	476	100	0	.	108.0
409	9	La4	A4	305	305	1	4	476	95	96	.	108.333333333
410	9	Si4b2	B4b1	312	313	1	4	476	95	96	.	108.666666667
411	9	Do5	C5	318	318	1	4	476	95	96	.	109.0
412	9	Re5	D5	327	327	1	4	476	95	96	.	109.333333333
413	9	Re5	D5	327	327	1	4	476	95	96	.	109.666666667
414	9	Es	Es	-1	-1	1	4	476	100	0	.	110.0
415	9	Sol4	G4	296	296	1	8	238	95	96	.	110.166666667
416	9	La4	A4	305	305	1	8	238	95	96	.	110.333333333
417	9	Si4b2	B4b1	312	313	1	8	238	95	96	.	110.5
418	9	Do5	C5	318	318	1	8	238	95	96	.	110.666666667
419	9	Si4b2	B4b1	312	313	1	8	238	95	96	.	110.833333333
420	9	La4	A4	305	305	1	8	238	95	96	.	111.0
421	9	Sol4	G4	296	296	1	4	476	95	96	.	111.333333333
422	9	Re5	D5	327	327	1	4	476	95	96	.	111.666666667
423	9	Es	Es	-1	-1	1	4	476	100	0		112.0
424	9	Re5	D5	327	327	1	4	476	95	96	Toz	112.333333333
425	9	Re5	D5	327	327	1	4	476	95	96	pem	112.666666667
426	9	Mi5	E5	336	336	1	8	238	99	96	be 	112.833333333
427	9	Fa5#5	F5#5	345	345	1	8	238	95	96		113.0
428	9	Sol5	G5	349	349	1	2	952	95	96	bir 	113.666666667
429	9	Es	Es	-1	-1	1	4	476	100	0		114.0
430	9	La5	A5	358	358	1	8	238	99	96	dü	114.166666667
431	9	Si5b1	B5b1	366	366	1	8	238	95	96		114.333333333
432	9	Do6	C6	371	371	1	4	476	95	96	şe 	114.666666667
433	9	Si5b1	B5b1	366	366	1	8	238	99	96	dal	114.833333333
434	9	La5	A5	358	358	1	8	238	95	96		115.0
435	9	La5	A5	358	358	1	2	952	95	96	dım  	115.666666667
436	9	Es	Es	-1	-1	1	4	476	100	0		116.0
437	9	Si5b1	B5b1	366	366	1	4	476	95	96	Sa	116.333333333
438	9	Si5b1	B5b1	366	366	1	4	476	95	96	rı	116.666666667
439	9	Si5b1	B5b1	366	366	1	4	476	95	96	lır	117.0
440	9	Si5b1	B5b1	366	366	1	4	476	99	96	ken 	117.333333333
441	9	La5	A5	358	358	1	4	476	99	96		117.666666667
442	9	Sol5	G5	349	349	1	4	476	95	96		118.0
443	9	La5	A5	358	358	1	4	476	95	96	u	118.333333333
444	9	Si5b1	B5b1	366	366	1	4	476	95	96	mut	118.666666667
445	9	La5	A5	358	358	1	8	238	99	96	la	118.833333333
446	9	Sol5	G5	349	349	1	8	238	95	96		119.0
447	9	Sol5	G5	349	349	1	2	952	95	96	ra  	119.666666667
448	9	Es	Es	-1	-1	1	4	476	100	0		120.0
449	9	Re5	D5	327	327	1	4	476	95	96	Toz	120.333333333
450	9	Re5	D5	327	327	1	4	476	95	96	pem	120.666666667
451	9	Mi5	E5	336	336	1	8	238	99	96	be 	120.833333333
452	9	Fa5#5	F5#5	345	345	1	8	238	95	96		121.0
453	9	Sol5	G5	349	349	1	2	952	95	96	bir 	121.666666667
454	9	Es	Es	-1	-1	1	4	476	100	0		122.0
455	9	La5	A5	358	358	1	8	238	99	96	dü	122.166666667
456	9	Si5b1	B5b1	366	366	1	8	238	95	96		122.333333333
457	9	Do6	C6	371	371	1	4	476	95	96	şe 	122.666666667
458	9	Si5b1	B5b1	366	366	1	8	238	99	96	dal	122.833333333
459	9	La5	A5	358	358	1	8	238	95	96		123.0
460	9	La5	A5	358	358	1	2	952	95	96	dım  	123.666666667
461	9	Es	Es	-1	-1	1	4	476	100	0		124.0
462	9	Si5b1	B5b1	366	366	1	4	476	95	96	Sa	124.333333333
463	9	Si5b1	B5b1	366	366	1	4	476	95	96	rı	124.666666667
464	9	La5	A5	358	358	1	4	476	95	96	lır	125.0
465	9	Sol5	G5	349	349	1	4	476	99	96	ken 	125.333333333
466	9	Fa5#5	F5#5	345	345	1	8	238	99	96		125.5
467	9	Mi5	E5	336	336	1	8	238	99	96		125.666666667
468	9	Re5	D5	327	327	1	4	476	95	96		126.0
469	9	Sol5	G5	349	349	1	4	476	95	96	u	126.333333333
470	9	Fa5#5	F5#5	345	345	1	4	476	95	96	mut	126.666666667
471	9	Mi5	E5	336	336	1	8	238	99	96	la	126.833333333
472	9	Fa5#5	F5#5	345	345	1	8	238	95	96		127.0
473	9	Re5	D5	327	327	1	2	952	95	96	ra  	127.666666667
474	9	Es	Es	-1	-1	1	4	476	100	0		128.0
475	9	Do5	C5	318	318	1	4	476	95	96	İ	128.333333333
476	9	Re5	D5	327	327	1	4	476	95	96	ki	128.666666667
477	9	Mi5	E5	336	336	1	4	476	95	96	miz	129.0
478	9	Fa5#4	F5#4	344	344	1	4	476	99	96	den 	129.333333333
479	9	Sol5	G5	349	349	1	4	476	99	96		129.666666667
480	9	La5	A5	358	358	1	4	476	95	96		130.0
481	9	Sol5	G5	349	349	1	4	476	95	96	duy	130.333333333
482	9	La5	A5	358	358	1	8	238	99	96	gu 	130.5
483	9	Sol5	G5	349	349	1	8	238	95	96		130.666666667
484	9	Fa5	F5	340	340	1	8	238	99	96	kat	130.833333333
485	9	Mi5	E5	336	336	1	8	238	95	96		131.0
486	9	Re5	D5	327	327	1	8	238	99	96	tım  	131.166666667
487	9	Do5	C5	318	318	1	8	238	99	96		131.333333333
488	9	Re5	D5	327	327	1	4	476	95	96		131.666666667
489	9	Es	Es	-1	-1	1	4	476	100	0		132.0
490	9	Do5	C5	318	318	1	4	476	95	96	Mız	132.333333333
491	9	Si4b2	B4b1	312	313	1	8	238	99	96	ra	132.5
492	9	La4	A4	305	305	1	8	238	95	96		132.666666667
493	9	Sol4	G4	296	296	1	4	476	95	96	bım	133.0
494	9	Fa5	F5	340	340	1	4	476	99	96	la 	133.333333333
495	9	Mi5	E5	336	336	1	4	476	99	96		133.666666667
496	9	Re5	D5	327	327	1	8	238	99	96		133.833333333
497	9	Do5	C5	318	318	1	8	238	95	96		134.0
498	9	Re5	D5	327	327	1	4	476	95	96	şar	134.333333333
499	9	Do5	C5	318	318	1	8	238	99	96	kı	134.5
500	9	Si4b2	B4b1	312	313	1	8	238	95	96		134.666666667
501	9	Si4b2	B4b1	312	313	1	8	238	99	96	la	134.833333333
502	9	La4	A4	305	305	1	8	238	95	96		135.0
503	9	La4	A4	305	305	1	2	952	95	96	ra  	135.666666667
504	9	Es	Es	-1	-1	1	4	476	100	0		136.0
505	9	Do5	C5	318	318	1	4	476	95	96	İ	136.333333333
506	9	Re5	D5	327	327	1	4	476	95	96	ki	136.666666667
507	9	Mi5	E5	336	336	1	4	476	95	96	miz	137.0
508	9	Fa5#4	F5#4	344	344	1	4	476	99	96	den 	137.333333333
509	9	Sol5	G5	349	349	1	4	476	99	96		137.666666667
510	9	La5	A5	358	358	1	4	476	95	96		138.0
511	9	Sol5	G5	349	349	1	4	476	95	96	duy	138.333333333
512	9	La5	A5	358	358	1	8	238	99	96	gu 	138.5
513	9	Sol5	G5	349	349	1	8	238	95	96		138.666666667
514	9	Fa5	F5	340	340	1	8	238	99	96	kat	138.833333333
515	9	Mi5	E5	336	336	1	8	238	95	96		139.0
516	9	Re5	D5	327	327	1	8	238	99	96	tım  	139.166666667
517	9	Do5	C5	318	318	1	8	238	99	96		139.333333333
518	9	Re5	D5	327	327	1	4	476	95	96		139.666666667
519	9	Es	Es	-1	-1	1	4	476	100	0		140.0
520	9	Do5	C5	318	318	1	4	476	95	96	Mız	140.333333333
521	9	Si4b2	B4b1	312	313	1	8	238	99	96	ra	140.5
522	9	La4	A4	305	305	1	8	238	95	96		140.666666667
523	9	Sol4	G4	296	296	1	4	476	95	96	bım	141.0
524	9	Fa5	F5	340	340	1	4	476	99	96	la 	141.333333333
525	9	Mi5	E5	336	336	1	4	476	99	96		141.666666667
526	9	Re5	D5	327	327	1	8	238	99	96		141.833333333
527	9	Do5	C5	318	318	1	8	238	95	96		142.0
528	9	Re5	D5	327	327	1	4	476	95	96	şar	142.333333333
529	9	Do5	C5	318	318	1	8	238	99	96	kı	142.5
530	9	Si4b2	B4b1	312	313	1	8	238	95	96		142.666666667
531	9	Si4b2	B4b1	312	313	1	8	238	99	96	la	142.833333333
532	9	La4	A4	305	305	1	8	238	95	96		143.0
533	9	La4	A4	305	305	1	2	952	95	96	ra  	143.666666667
534	9	Es	Es	-1	-1	1	4	476	100	0		144.0
