Sýra	Kod	Nota53	NotaAE	Koma53	KomaAE	Pay	Payda	Ms	LNS	VelOn	Söz-1
1	9	Si4	B4	314	314	3	8	833	95	78	Ruh
2	9	Do5#3	C5#4	321	322	1	4	556	95	114	le
3	9	Re5	D5	327	327	1	8	278	99	84	rin 
4	9	Do5#3	C5#4	321	322	1	8	278	95	96	
5	9	Re5	D5	327	327	3	8	834	95	96	ey 
6	9	Mi5	E5	336	336	3	8	833	95	78	gon
7	9	Fa5	F5	340	340	1	4	556	95	114	ca 
8	9	Mi5	E5	336	336	1	8	278	99	84	leb 
9	9	Re5	D5	327	327	1	8	278	99	96	
10	9	Do5	C5	318	318	1	4	556	99	96	
11	9	Si4b2	B4b1	312	313	1	8	278	95	96	
12	9	Do5	C5	318	318	1	4	556	99	96	verd_
13	9	Si4b2	B4b1	312	313	1	8	278	95	96	
14	12	Sol5	G5	349	349	1	4	556	95	96	i 
15	9	Sol5	G5	349	349	1	8	278	99	108	mu
16	9	Fa5#3	F5#4	343	344	1	8	278	95	96	
17	9	Fa5#3	F5#4	343	344	1	4	556	99	114	tar
18	9	Re5	D5	327	327	1	8	278	95	78	
19	9	Mi5	E5	336	336	1	4	556	99	108	râ 
20	9	Fa5	F5	340	340	1	8	278	95	96	
21	9	Mi5	E5	336	336	1	8	278	99	84	mý
22	9	Re5	D5	327	327	1	8	278	95	96	
23	9	Re5	D5	327	327	7	8	1945	95	96	dýr  
24	9	Fa5	F5	340	340	1	8	278	95	78	SAZ
25	9	Mi5	E5	336	336	1	8	278	95	85	.
26	9	Re5	D5	327	327	1	8	278	95	92	.
27	9	Do5	C5	318	318	1	8	278	95	100	.
28	9	Si4b2	B4b1	312	313	1	8	278	95	107	.
29	9	La4	A4	305	305	3	8	834	95	114	.
30	9	Si4	B4	314	314	3	8	833	95	78	Ruh
31	9	Do5#3	C5#4	321	322	1	4	556	95	114	le
32	9	Re5	D5	327	327	1	8	278	99	84	rin 
33	9	Do5#3	C5#4	321	322	1	8	278	95	96	
34	9	Re5	D5	327	327	3	8	834	95	96	ey 
35	9	Mi5	E5	336	336	3	8	833	95	78	gon
36	9	Fa5	F5	340	340	1	4	556	95	114	ca 
37	9	Mi5	E5	336	336	1	8	278	99	84	leb 
38	9	Re5	D5	327	327	1	8	278	99	96	
39	9	Do5	C5	318	318	1	4	556	99	96	
40	9	Si4b2	B4b1	312	313	1	8	278	95	96	
41	9	Do5	C5	318	318	1	4	556	99	96	verd_
42	9	Si4b2	B4b1	312	313	1	8	278	95	96	
43	12	Sol5	G5	349	349	1	4	556	95	96	i 
44	9	Sol5	G5	349	349	1	8	278	99	108	mu
45	9	Fa5#3	F5#4	343	344	1	8	278	95	96	
46	9	Fa5#3	F5#4	343	344	1	4	556	99	114	tar
47	9	Re5	D5	327	327	1	8	278	95	78	
48	9	Mi5	E5	336	336	1	4	556	99	108	râ 
49	9	Fa5	F5	340	340	1	8	278	95	96	
50	9	Mi5	E5	336	336	1	8	278	99	84	mý
51	9	Re5	D5	327	327	1	8	278	95	96	
52	9	Re5	D5	327	327	7	8	1945	95	96	dýr  
53	9	Sol5	G5	349	349	1	8	278	95	84	SAZ
54	9	Fa5#3	F5#4	343	344	1	8	278	95	96	.
55	9	Mi5	E5	336	336	1	8	278	95	78	.
56	9	Fa5#3	F5#4	343	344	1	8	278	95	90	.
57	9	Sol5	G5	349	349	1	8	278	95	102	.
58	9	La5	A5	358	358	3	8	834	95	114	.
59	9	Sol5	G5	349	349	3	8	833	95	108	Verd_
60	9	La5	A5	358	358	1	4	556	95	96	i 
61	9	La5	A5	358	358	1	4	556	95	96	mu
62	9	La5	A5	358	358	1	4	556	99	96	tar
63	9	Sol5	G5	349	349	1	8	278	95	96	
64	9	Mi5	E5	336	336	1	4	556	99	108	râ 
65	9	Fa5#3	F5#4	343	344	1	8	278	95	96	
66	9	Sol5	G5	349	349	1	4	556	95	96	a
67	9	La5	A5	358	358	1	16	139	99	96	cep 
68	9	Sol5	G5	349	349	1	16	139	99	96	
69	9	Fa5#3	F5#4	343	344	1	16	139	99	96	
70	9	Mi5	E5	336	336	1	16	139	99	96	
71	9	Re5	D5	327	327	3	8	834	95	96	
72	9	Do5	C5	318	318	1	4	556	99	96	sen 
73	9	Si4b2	B4b1	312	313	1	8	278	95	96	
74	9	Mi5	E5	336	336	1	8	278	99	96	gi
75	9	Re5	D5	327	327	1	8	278	95	96	
76	9	Re5	D5	327	327	1	8	278	99	96	bi 
77	9	Do5	C5	318	318	1	8	278	95	96	
78	9	Do5	C5	318	318	1	4	556	99	96	râ
79	9	Si4b2	B4b1	312	313	1	8	278	95	96	
80	9	Do5	C5	318	318	1	4	556	99	96	nâ 
81	9	Si4b2	B4b1	312	313	1	8	278	95	96	
82	9	Si4b2	B4b1	312	313	1	8	278	99	96	mý
83	9	La4	A4	305	305	1	8	278	95	96	
84	9	La4	A4	305	305	7	8	1945	95	96	dýr  
85	9	Fa5	F5	340	340	1	8	278	50	78	SAZ
86	9	Mi5	E5	336	336	1	8	278	50	85	.
87	9	Re5	D5	327	327	1	8	278	50	92	.
88	9	Do5	C5	318	318	1	8	278	50	100	.
89	9	Si4b2	B4b1	312	313	1	8	278	50	107	.
90	9	La4	A4	305	305	3	8	834	95	114	.
91	9	Sol4	G4	296	296	3	8	833	95	84	Verd_
92	9	La4	A4	305	305	1	4	556	95	96	i 
93	9	La4	A4	305	305	1	4	556	95	96	mu
94	9	Re5	D5	327	327	3	8	833	95	96	tar
95	9	La4	A4	305	305	3	8	833	95	96	râ 
96	9	Si4	B4	314	314	1	4	556	95	108	a
97	9	La4	A4	305	305	1	16	139	99	96	cep 
98	9	Sol4	G4	296	296	1	16	139	99	96	
99	9	Fa4#3	F4#4	290	291	1	16	139	99	96	
100	9	Mi4#3	E4#4	286	287	1	16	139	99	96	
101	9	Fa4#3	F4#4	290	291	3	8	834	95	96	
102	9	Mi4#3	E4#4	286	287	1	4	556	99	108	sen 
103	9	Fa4#3	F4#4	290	291	1	8	278	95	96	
104	9	Sol4	G4	296	296	1	4	556	95	96	gi
105	9	Sol4	G4	296	296	1	8	278	99	96	bi 
106	9	Fa4#3	F4#4	290	291	1	8	278	95	96	
107	9	Fa4#3	F4#4	290	291	1	4	556	99	96	râ
108	9	Re4	D4	274	274	1	8	278	95	96	
109	23	Mi4	E4	283	283	1	4	556	99	96	nâ 
110	9	Fa4#3	F4#4	290	291	1	8	278	95	96	
111	9	Mi4	E4	283	283	1	8	278	99	96	mý
112	9	Re4	D4	274	274	1	8	278	95	96	
113	9	Re4	D4	274	274	1	8	278	99	96	dýr  
114	9	Do4#3	C4#4	268	269	1	8	278	99	96	
115	9	Re4	D4	274	274	5	8	1389	95	96	
116	9	Do5	C5	318	318	1	8	278	95	84	SAZ
117	9	Do5	C5	318	318	1	4	556	95	96	.
118	9	Si4b2	B4b1	312	313	1	8	278	95	96	.
119	9	Re5	D5	327	327	1	8	278	95	96	.
120	9	Do5	C5	318	318	3	8	833	95	96	.
121	9	Sol4	G4	296	296	3	8	833	95	84	Bu 
122	9	Do5	C5	318	318	1	4	556	95	96	gö
123	9	Do5	C5	318	318	1	4	556	95	96	rü
124	9	Do5	C5	318	318	3	8	833	95	96	nen 
125	9	Re5	D5	327	327	3	8	833	95	108	sî
126	9	Mi5	E5	336	336	1	4	556	95	96	ne 
127	9	Mi5	E5	336	336	5	8	1390	95	96	mi 
128	9	Do5	C5	318	318	3	8	833	95	84	â
129	9	Re5	D5	327	327	1	4	556	95	96	þý
130	9	Re5	D5	327	327	1	8	278	99	96	ka 
131	9	Do5	C5	318	318	1	8	278	95	96	
132	9	Do5	C5	318	318	1	4	556	99	96	bî 
133	9	Si4b2	B4b1	312	313	1	8	278	95	96	
134	9	La4	A4	305	305	3	8	833	95	96	kî
135	9	Si4b2	B4b1	312	313	1	4	556	95	96	ne 
136	9	Do5	C5	318	318	7	8	1946	95	96	mi  
137	9	Fa5	F5	340	340	1	8	278	50	96	SAZ
138	9	Mi5	E5	336	336	1	8	278	50	96	.
139	9	Re5	D5	327	327	1	8	278	50	96	.
140	9	Do5	C5	318	318	1	8	278	50	96	.
141	9	Si4b2	B4b1	312	313	1	8	278	50	96	.
142	9	Do5	C5	318	318	3	8	834	95	96	.
143	9	Sol4	G4	296	296	3	8	833	95	96	Bu 
144	9	Do5	C5	318	318	1	4	556	95	96	gö
145	9	Do5	C5	318	318	1	4	556	95	96	rü
146	9	Do5	C5	318	318	3	8	833	95	96	nen 
147	9	Re5	D5	327	327	3	8	833	95	96	sî
148	9	Mi5	E5	336	336	1	4	556	95	96	ne 
149	9	Mi5	E5	336	336	1	4	556	99	96	mi 
150	9	La5	A5	358	358	1	4	556	99	96	
151	9	Sol5	G5	349	349	1	8	278	95	96	
152	9	Sol5	G5	349	349	1	4	556	99	96	â
153	9	Fa5#2	F5#1	342	341	1	8	278	95	96	
154	9	Fa5#2	F5#1	342	341	1	8	278	99	96	þý
155	9	Mi5	E5	336	336	1	8	278	95	96	
156	9	Mi5	E5	336	336	1	8	278	99	96	ka 
157	9	Re5	D5	327	327	1	8	278	95	96	
158	9	Re5	D5	327	327	1	4	556	99	96	bî 
159	9	Do5	C5	318	318	1	8	278	95	96	
160	9	Do5	C5	318	318	1	8	278	99	96	kî
161	9	Si4b2	B4b1	312	313	1	8	278	99	96	
162	9	La4	A4	305	305	1	8	278	95	96	
163	9	Si4b2	B4b1	312	313	1	4	556	95	96	ne 
164	9	Do5	C5	318	318	7	8	1946	95	96	mi  
165	9	Sol5	G5	349	349	1	8	278	95	96	SAZ
166	9	Fa5#3	F5#4	343	344	1	8	278	95	96	.
167	9	Mi5	E5	336	336	1	8	278	95	96	.
168	9	Fa5#3	F5#4	343	344	1	8	278	95	96	.
169	9	Sol5	G5	349	349	1	8	278	95	96	.
170	9	La5	A5	358	358	3	8	834	95	96	.
171	9	Sol5	G5	349	349	3	8	833	95	108	Verd_
172	9	La5	A5	358	358	1	4	556	95	96	i 
173	9	La5	A5	358	358	1	4	556	95	96	mu
174	9	La5	A5	358	358	1	4	556	99	96	tar
175	9	Sol5	G5	349	349	1	8	278	95	96	
176	9	Mi5	E5	336	336	1	4	556	99	108	râ 
177	9	Fa5#3	F5#4	343	344	1	8	278	95	96	
178	9	Sol5	G5	349	349	1	4	556	95	96	a
179	9	La5	A5	358	358	1	16	139	99	96	cep 
180	9	Sol5	G5	349	349	1	16	139	99	96	
181	9	Fa5#3	F5#4	343	344	1	16	139	99	96	
182	9	Mi5	E5	336	336	1	16	139	99	96	
183	9	Re5	D5	327	327	3	8	834	95	96	
184	9	Do5	C5	318	318	1	4	556	99	96	sen 
185	9	Si4b2	B4b1	312	313	1	8	278	95	96	
186	9	Mi5	E5	336	336	1	8	278	99	96	gi
187	9	Re5	D5	327	327	1	8	278	95	96	
188	9	Re5	D5	327	327	1	8	278	99	96	bi 
189	9	Do5	C5	318	318	1	8	278	95	96	
190	9	Do5	C5	318	318	1	4	556	99	96	râ
191	9	Si4b2	B4b1	312	313	1	8	278	95	96	
192	9	Do5	C5	318	318	1	4	556	99	96	nâ 
193	9	Si4b2	B4b1	312	313	1	8	278	95	96	
194	9	Si4b2	B4b1	312	313	1	8	278	99	96	mý
195	9	La4	A4	305	305	1	8	278	95	96	
196	9	La4	A4	305	305	7	8	1945	95	96	dýr  
197	9	Fa5	F5	340	340	1	8	278	50	78	SAZ
198	9	Mi5	E5	336	336	1	8	278	50	85	.
199	9	Re5	D5	327	327	1	8	278	50	92	.
200	9	Do5	C5	318	318	1	8	278	50	100	.
201	9	Si4b2	B4b1	312	313	1	8	278	50	107	.
202	9	La4	A4	305	305	3	8	834	95	114	.
203	9	Sol4	G4	296	296	3	8	833	95	84	Verd_
204	9	La4	A4	305	305	1	4	556	95	96	i 
205	9	La4	A4	305	305	1	4	556	95	96	mu
206	9	Re5	D5	327	327	3	8	833	95	96	tar
207	9	La4	A4	305	305	3	8	833	95	96	râ 
208	9	Si4	B4	314	314	1	4	556	95	108	a
209	9	La4	A4	305	305	1	16	139	99	96	cep 
210	9	Sol4	G4	296	296	1	16	139	99	96	
211	9	Fa4#3	F4#4	290	291	1	16	139	99	96	
212	9	Mi4#3	E4#4	286	287	1	16	139	99	96	
213	9	Fa4#3	F4#4	290	291	3	8	834	95	96	
214	9	Mi4#3	E4#4	286	287	1	4	556	99	108	sen 
215	9	Fa4#3	F4#4	290	291	1	8	278	95	96	
216	9	Sol4	G4	296	296	1	4	556	95	96	gi
217	9	Sol4	G4	296	296	1	8	278	99	96	bi 
218	9	Fa4#3	F4#4	290	291	1	8	278	95	96	
219	9	Fa4#3	F4#4	290	291	1	4	556	99	96	râ
220	9	Re4	D4	274	274	1	8	278	95	96	
221	23	Mi4	E4	283	283	1	4	556	99	96	nâ 
222	9	Fa4#3	F4#4	290	291	1	8	278	95	96	
223	9	Mi4	E4	283	283	1	8	278	99	96	mý
224	9	Re4	D4	274	274	1	8	278	95	96	
225	9	Re4	D4	274	274	1	8	278	99	96	dýr  
226	9	Do4#3	C4#4	268	269	1	8	278	99	96	
227	9	Re4	D4	274	274	3	8	833	95	96	
